H1_coast_noncoast_z
1.0345895
3.80051
5.43941
0.92999
0.08061975
-0.5818195
-2.826545
-1.67407
-0.591459
2.927505
-1.6322735
-0.6092115
1.3749425
-2.417115
0.790695
-1.82124
-1.647193
-0.24348395275
-0.9175445
0.6973465
0.7599
0.0702349999999999
4.32229
0.9939896
0.18491415
-0.01033
4.738735
1.1309245
0.2354897
-3.67838
1.198095
0.17001
0.25971
0.467211
1.3240845
-4.04235
0.6876745
-0.4295235
1.35580165
1.9484
0.861705
-0.8359075
-0.2351705
0.00478800000000001
-0.6602755
-0.9106195
2.17427
-4.53877
3.29663
0.4167475
-1.9031955
0.5124645
0.766334
0.4104155
0.228971
1.228035
0.0960099999999999
0.30398
-0.3207635
0.400835
-0.5633135
1.17803525
0.617815
1.365138
0.1055795
0.1545475
-1.24484525
1.0900095
-0.906203
-2.62779
2.61822
-0.0365500000000001
1.923725
0.444015
-0.7226389
2.93355
-0.69918
0.1168375
-1.318826
0.2236335
1.49194
1.611207
-3.114305
-0.89859345
1.28097
2.385908
-0.311787
2.259485
-0.4802135
1.476216
-0.7834555
-3.586425
-2.71759
0.654089
-0.059343
-0.912106
0.81630585
-0.5707085
0.103738
0.109415
0.6701285
3.416045
1.1720805
0.13742
0.4388255
-1.5261825
0.566552
1.32136
0.115204
0.7769545
0.340478
-1.579458
0.901004
1.0478435
0.34323
4.44344
2.28797
0.387228
-2.55794
-3.377765
-4.128345
-0.112468
0.3810765
0.7472315
1.839465
0.9336575
1.810885
1.325788
-0.153197
-0.52173
-0.6900865
6.354085
4.585775
0.740915
0.0545605
3.938985
0.5204365
2.204985
3.241615
2.66237
3.401489
0.619936
1.902675
7.283375
2.19653
-1.022043
-0.860835
1.6162514
-2.191355
0.857405
1.148667
1.512157
0.436815
5.549005
-1.2319074
-0.762983
0.8459115
-0.8026785
1.324984
2.986636
-0.8502545
0.910472
1.2462465
-4.018165
0.41136
4.258025
1.16764
0.674756
0.501875
-2.56393
2.301385
-1.414395
-1.06027
-0.07617645
-1.5196605
-1.1996740785
-0.32124
1.331564
-1.1544485
-0.054713
-3.90738
3.876005
2.921035
1.33228
0.5192225
0.830928
2.616115
1.5119105
1.013133
-0.4056175
0.557139
0.384258
2.89735
1.191109
2.0084255
0.541335
0.0119365
-1.013961
1.561807
-0.807895
2.19372
3.71994
0.6840315
-0.17588515
-2.0762415
-3.51366
1.036213
0.752974
0.685277
-2.61998
-1.7059025
0.5164915
2.04394
-0.419355
0.782245
1.9584655
3.60681
0.6717895
-0.5187425
-0.216437
6.65619
1.964627
1.3197685
0.1366
1.50379075
-0.39425
-0.03219085
1.5422905
-2.68123
1.533775
1.774785
1.76941
-1.0244965
-1.66719
-2.28348
-2.34896
-2.07748
-2.749745
0.8064565
0.082187
-0.52309
-3.11879
-2.11329
0.999675
-0.35157
2.54563
0.821065
-0.9166555
-0.49952
0.9460845
-0.5380585
4.698745
-0.862691
-2.152077
2.952725
-1.52717
3.794495
-0.0709595
-0.928895
-2.090125
0.11784
0.6726935
-0.6009925
1.453052
0.1522155
1.01229
-0.4568675
1.91744
2.607955
3.586865
2.72458
2.196365
-0.0772050000000001
-1.0449755
-2.05749
-1.600347
-0.612581
-4.724265
-1.076295
-2.80775
-0.308084
1.82783
3.724725
-0.18302975
0.8869995
2.48941
-1.1326585
1.040259
-5.2747
1.179575
2.687115
-4.633345
0.460132
0.8156155
-0.14443
1.059675
-2.016607
-0.443018
0.673885
1.839625
0.072386
-2.87802
-0.6220905
2.50004
-0.3826995
1.0978786145
1.0666415
0.934364
2.705256
3.59851
-0.1497145
1.445325
0.6851375
1.3575725
-0.292595
-0.070857
2.35117
-0.0738347
0.5338525
1.382259
0.228748
0.43814
2.73139
0.16259
2.94395
1.0709385
-3.13338
0.113505
0.9202915
0.467382
0.58022
1.7563735
0.051154835
2.247715
0.3793345
1.38999245
0.108355
-0.1501715
1.9633675
0.410285
3.512475
-1.5845
1.139805
1.676725
4.024055
0.5447308
-0.923093
1.771275
2.193495
-1.63902
0.319255
1.596326
-1.0956975
0.8969785
2.977625
-4.133045
-0.8786545
0.265202
-0.5785425
-1.5971875
-0.7831775
-1.7614215
-0.222272
1.19789
0.51195395
-0.698896085
-0.601965
2.1312975
1.8626445
-1.8730815
-2.273855
-0.628083
-0.9263625
-2.0691565
-0.9167945
-0.7925
1.0286745
-0.6012035
-1.210405
3.45298
1.1297065
1.85986
1.4821105
1.85972
1.463285
1.188479085
-2.192155
0.418404
-1.759925
-2.023355
-1.5738565
-1.12349
-1.71185
0.944852
-1.813325
4.277265
0.459293
-0.4716895
1.1297855
0.749239
0.79784
3.223715
-2.204725
0.4447175
0.0292699999999999
-3.28479
-1.4116415
0.40165005
0.3243965
8.376205
-2.007385
-2.662235
0.740411
-3.838905
0.1971915
-1.983344
0.6277015
-0.33422
2.182195
-0.0324835
2.19607
-1.0599935
0.0448700000000001
-2.96196
-0.6377325
0.28047
1.078231
-0.9795895
-0.382784
-0.6601024
-2.1773495
0.7998845
0.9409815
0.0720402
0.773885
-0.17861
0.7186555
-0.4285245
1.502816
0.157998
0.400281
-3.460345
0.3029399
0.63307
-0.290913
-0.13222565
-0.5576075
-2.177478
1.58332
-1.63527
4.07355
-0.926896
-1.9750585
0.314585
0.508985
0.291735
-1.21504065
1.3961385
-0.17658
0.580365
4.468255
3.90952
-3.7873
-0.3382
1.85118
2.49319
-0.2713695
0.8071195
2.2904325
-1.003035426
0.0518895
3.2747
1.251816
1.291956
1.93757
0.8188405
1.5602565
-3.10854
3.45589
2.862705
1.56222
-0.345959
4.23845
3.201115
-0.106161
0.916825
3.802545
-0.4989475
-1.096199
-0.227643
-0.73556
1.492465
-0.0637735
1.159315
-1.5405505
0.314275
-0.4441235
-0.190955
-0.623714
0.8376025
0.99653
0.728235
0.2779175
2.67115
0.9623195
3.80851
-0.645248
-0.00151000000000001
0.410371
3.234625
2.6944145
-1.388135
-0.649239
2.91873
0.566301
1.531957
-6.3104
-3.38287
3.584155
0.939665
3.141965
0.2822025
1.1549065
0.2384565
-3.91765
1.025115
0.377825
-3.61817
1.3260135
-1.7317
-0.171277
-1.0312525
1.4122865
0.101413
-1.45168325
2.64004
0.00116999999999989
-1.3035425
1.18889615
-0.5033625
0.729977
0.955087
0.7428445
-0.8707335
2.32698
3.817755
5.37006
1.13794
2.7344915
0.1369315
0.569425
-2.355885
0.028375
0.7317485
-0.0477565
2.69902
-1.880672
2.132654
0.657443
6.47876
0.6894328
1.65372
-0.1297673
0.3287985
-1.020895
0.0954735
1.8719491
3.529105
3.421085
3.840265
3.884415
1.1567035
4.584395
2.72233
-0.8409505
-2.819075
0.477623
-0.8228775
2.21516
0.3908675
-4.340815
0.284306
1.78098
0.2276945
0.2333945
1.2669165
-3.10707
-1.6301305
0.034376
-0.4880215
0.350395
-0.7939065
-4.715345
-6.248635
0.308722
3.71452
-0.395473
-0.3844223
-2.19469162
-0.605652
1.2871575
-0.19519
1.128293
2.0600935
-2.959685
0.44786485
3.371555
0.924075
2.7509
0.827343
-0.8623225
1.359745
0.438179
-0.627776515
0.422145
2.41165
-1.3251525
1.5643475
3.544785
2.368585
-0.8284375
-1.3939445
4.14645
2.05644
-0.44400135
-1.3037415
1.190705
-0.7071265
2.5924485
0.276216
0.397235
-1.60045
-0.769735
-0.845387
0.20737
-0.248495
-1.328701
-0.463875
0.907581
-0.172235
-0.54477
-4.40353
0.326085
0.176005
0.1296465
-3.62463
0.2140985
0.7741065
0.2898332
0.1244375
-0.679065
2.6305772
0.1551395
2.575375
0.5065585
0.1194065
2.901825
1.3190435
1.0518675
1.8581015
-0.7490955
-2.0922035
-0.52045
-0.901331
1.545163
-1.0518732
2.98495
0.061046
1.1620775
0.5694145
2.19188
-0.5333114
1.0349995
1.30651
-0.695766
1.694635
-2.649925
-2.0752625
-0.661555
3.168395
-0.678896245
5.37038
5.67502
5.188975
5.57178
2.4040425
-3.2792225
1.9129525
-4.378325
0.29398
-2.29158
0.12073
-1.349665
0.040271
-1.910805
-3.723755
-0.186915
-3.567915
0.697608
1.6476545
-1.5183575
2.968645
-1.688491
-3.003135
-0.302381
-0.578938
-0.283765
2.35419
1.951236
-1.73199355
3.0596605
1.314422
1.245545
3.69935
2.706324
-3.30619
-0.273491
-0.1955015
0.8746565
-2.11867
0.000282999999999978
0.3377125
-0.205758
-1.5639335
-0.774165
1.60361
0.785385
-1.9364305
-1.62966
-0.537313
1.75880755
2.423095
0.9878135
-0.7904823
-3.469295
0.476915
-0.5999515
2.32385
1.779665
-0.9397705
0.793569
2.122
0.26825
-0.0368725
-0.993936
0.849477
0.2346665
2.62561
-0.141435665
-2.281205
3.45355
2.39728
-1.4139195
3.198165
4.724605
-1.254235
3.379965
0.4658895
5.00328
0.807315
2.08428
1.358218
-0.067576
-3.048555
0.427692
0.9812475
0.3982745
-2.388305
-2.2828375
3.439205
2.68457
-0.8022686
1.424448
0.7331465
0.9611
-2.103175
0.9452263
-0.8232055
0.2295415
0.535235
0.263898
2.0949765
-0.926613
3.41647
1.6439635
-1.775795
3.23158
2.896535
-1.606908
2.24894
2.00121
1.2114235
-0.738605
2.118698
-0.2055053
3.441485
-0.5463235
1.9331885
3.07357
-0.0584409
-2.64199
-1.3527935
-1.73356
-1.0177835
-1.03448545
-1.6142605
-0.48053105
5.83323
4.68396
5.564465
1.75054
3.4887
0.0210245
0.9248865
1.2996565
1.3323
0.852149415
1.00293795
-0.560866
0.279796
0.376145
0.3173325
1.713545
-0.0653705
-1.9201
-1.06947
0.7597155
-0.78617295
0.6218115
0.399749
0.9519805
0.245536
-0.56297
-0.59387735
-2.52389
-0.901094
-3.1072
-2.5909
-2.65619
1.79479
-0.0393399999999999
-0.462005
-0.648461
-0.007185
-0.611994
5.36928
0.700365
-1.3033865
0.846634
-0.4245715
1.893785
1.806628
-1.4675795
1.927165
-0.6515795
-1.286715
-0.07411
0.8095425
2.64155
-2.203268
0.2746049
1.320286
1.329761
1.074285
2.998415
0.9981145
1.3187815
1.41463
0.732576
1.35094
3.450545
1.0849215
2.20821855
-1.87203
0.06727475
0.28846
-0.485256
1.173565
1.764209
-1.9341865
-0.6910665
-0.46911665
-1.454835
3.40994
2.331755
4.749095
5.577585
5.493755
-0.925759
-0.4254745
-1.1316386
2.132065
1.0447285
-2.4952085
2.220685
-2.023805
-1.719935
-2.08689
3.27842
1.938532
-3.127465
-2.2633155
0.5662044
-3.247895
-0.8334835
-1.361835
-0.57501
-2.428225
4.33843
-0.788749
-1.250104
-0.7076655
0.897765
2.250055
1.001303
4.10833
1.271447
-0.15864
0.366568
-0.677795
-0.7010505
-1.44315
-1.1134355
6.49321
1.6768185
0.336431
0.2820365
2.44303
-4.89198
3.99752
2.30362
-0.4582
0.0961778
2.28777
-0.7602915
-2.648145
2.600927
-3.01827
-0.9051875
-0.59101535
-0.611196
0.18343435
1.0245445
0.6114935
1.746995
0.83821425
1.0250162
1.5243
1.003928
-2.1167
0.110397
1.186635
1.783958
-0.3644355
-0.184886
-1.838248
-0.1559655
-1.319841
-0.217551
2.00698
-0.453335
-0.386796
0.16275
-2.158215
1.095732
2.966535
-0.12285195
-3.17846
-0.675555
2.72236
0.8828155
0.1339775
2.712435
-0.290652
0.984519
-0.7059235
2.406665
1.2010355
1.05708315
1.192905
0.00829649999999998
-1.535975
-0.432037
2.342765
-0.0955822
0.1447605
-0.4247195
-0.270704
0.595737
-1.080431
0.2100365
-0.3561405
1.42092
-0.5026455
-0.5333125
2.316375
1.05664885
-1.0052075
1.51311
0.521421
2.25382
0.172335
1.3853476
0.6312575
1.1371245
0.56906
0.183321
1.446435
5.43124
-0.571505
2.529965
-1.454285
-0.712573
-1.78835
-2.45807
-0.6820805
-0.8947225
0.3064035
1.43208
-1.0287005
-1.766145
0.9337895
-1.3729105
3.06806
3.080175
1.4056745
0.71679505
0.684896
2.1856
1.94959165
-0.14954
0.025065
3.94782
0.4849
0.3618711
2.5478505
-0.591776
-1.976201
-0.9516935
3.50904
-1.272325
0.8734205
-1.674268
0.2687175
-3.054515
-1.086511
4.882095
0.033324
2.716625
0.45785
-0.0215095
2.078249
1.93827
3.50834
1.591866
-3.50163
-1.106825
-3.526455
4.277465
-0.366562
2.44171
-0.906002
0.20402
1.2949535
1.8947805
0.130306
-0.672845
-1.567688
2.538278
1.73372
-0.8508085
0.1038165
1.0135725
0.5704175
-0.410645
-0.3225475
1.74418
1.571275
2.07086
-0.451996
0.667965
-0.9408965
-2.951865
0.8075415
-1.562104
-0.73710015
-1.06210125
2.0511485
1.9031405
0.0348399
-0.11466
0.446798
1.3876485
0.639035
0.890445
-1.217335
0.8657195
1.8359315
0.8305415
2.862821
1.265435
1.0248215
0.856385
1.4671975
2.923935
2.179485
0.453336
-0.65695
0.45190885
-1.62111595
1.626464
0.2841405
0.748962
-0.317763
-3.521555
2.4617147
1.3958035
-0.0144515
0.0902584
2.235275
-1.16637
-2.56622
0.0172751
-1.247468
-1.42168
-0.124235
0.6268035
2.842945
-1.75186
-0.229286
-0.9926895
-0.02668
4.423525
3.024215
-1.552435
-0.2809155
4.24392
3.24672
2.755715
-0.2062269
2.755635
-2.635675
-1.1512095
1.406257
6.693745
1.9447205
0.8238285
0.20875
-0.256172
-0.5129075
-0.1159195
3.6508
-0.1842
-1.948331
2.32945
1.820155
0.273405
-2.5423005
-4.44311
-1.06893645
-0.206398
0.4045005
0.147937
1.7882955
3.023975
1.689819
3.421095
-1.814525
2.312935
2.980005
2.601515
0.108994
-6.91621
1.1812645
-2.227175
0.231655
1.387312
-1.726635
0.4191
1.2441005
1.096759
0.4757945
0.697595
1.447093
0.926267
-0.0231399999999999
0.0601835
-0.316345
1.2608695
0.086982
0.51529815
2.146965
2.49395
1.76362
3.78613
1.4740915
1.80065
0.11085
1.738451
2.553865
0.3736095
-1.175818
-2.0537695
0.63374
1.5107956
2.19579
0.6159695
2.221325
1.5342975
-2.329315
1.10731
-1.855625
-0.8927985
-0.132583
0.31788825
-0.2276271
2.1595655
1.8579855
-3.09794
3.663065
0.10606
2.14689
-0.38739
-0.6844695
-1.607595
1.270125
3.088965
2.417625
-1.070617
0.431789
-0.6589855
-1.259755
0.582753
0.087885
-1.776984
1.04914205
-0.6131255
0.6562085
4.971335
-0.18560316
0.371235
-0.6420115
-0.0750355
0.3181625
0.4990445
1.241502
-1.61452
1.958705
0.943763
0.128959
-0.474335
0.162735
-0.1032485
0.892647
6.19483
-1.2968575
-1.3118105
-0.5347565
2.4791205
0.06074325
4.95958
-1.729003
-0.1500775
0.7467635
-0.300295
-2.2771405
-0.377225
1.4116745
-0.1754255
-1.38759
-0.333279
-4.234095
-0.466985
-0.242085
0.6074375
4.665015
3.932155
3.454725
-0.2616665
0.50246
0.32413
0.77002
-0.1930535
-0.212426
4.05946
-4.28319
-0.3127
2.208985
0.4426035
-0.3965753
2.85757
2.2914
0.5917685
2.351115
-1.88683
2.704475
0.3167077
-0.938641
0.9307465
1.0316515
-0.76785
0.9377705
-0.918289
-1.4081503
-0.0446605
0.4731925
0.635469
-0.560836
0.551642
2.609475
1.1023415
1.3617175
1.0658765
-0.041515
0.024844
-0.6325605
0.81416
6.653825
-2.30143
1.77732
1.621775
-0.4794129
1.028718
0.55484
0.7823295
0.990867
-1.386965
1.2078
1.935865
1.2443065
0.891051
-1.7857905
0.638089
2.0597
-2.402635
7.32736
3.179995
0.817379
-1.098572
-1.729015
-1.518951
1.2560735
1.60049
-1.5070205
-0.552831
1.963376
0.33153
5.82448
-0.015458
-0.6428215
-0.72682
2.17783
-1.261468
2.946185
-0.6901485
-1.06852
-3.44238875
1.654972
3.652065
-0.1965555
-0.2618035
-0.6863766
0.5143205
1.446979
0.52357
0.6146455
0.6055925
1.2603455
3.076795
0.497245
1.539935
-0.3523034
0.21578
-1.3003195
0.8991365
1.8542855
0.9394662
1.0331725
0.26554715
1.50494
-0.256462
1.1743685
-0.439568
1.0011173
0.9666755
0.9822145
0.950823
0.320952
0.05477605
-0.9364326
-1.74155
1.0493065
-2.385615
3.6515
0.552843
0.2438775
-1.9671
1.944218
0.1781685
0.1408705
1.94762
-1.59665295
-0.2090595
0.480137
-0.3071545
-0.801439
-2.519655
1.97276
-2.969245
1.1597695
-0.774292
-0.08074
1.47981
-0.57162515
-1.7268105
0.2298095
3.15022
1.6207025
3.51442
-0.806944
-0.7791375
0.4928095
0.4912795
-0.536877
0.8166765
4.30001
2.80223
-1.1911565
-2.027315
1.0082615
1.0800485
3.29457
2.462445
1.1837005
2.3096475
2.66119
4.00786
0.520357
0.7698725
0.3800675
1.8380445
1.232027
-0.3586975
-1.571693
0.725484
1.61995
-0.7812706
-2.69459
-1.767735
-2.077625
0.734743
0.705695
-1.6272675
-0.3604217
-1.2844965
1.51716
-3.202325
1.5057715
0.182895
3.7677
2.80037
-0.196584
1.95952
0.076795
-3.14944
1.3612305
-1.1734975
-0.0665565
-0.8203653
-2.319936
-2.0643165
0.04482
-1.78373
0.318089
0.084926
-1.772086
-0.2845458
0.1347865
1.2980035
0.096455
0.685963
1.41160425
-0.190066
-0.614055
-0.955807
0.3521105
1.673546
1.413217
-2.420325
-0.3698835
3.90606
-0.937434
-0.1309165
0.27227
-0.889001
1.362274
0.277707
-0.43991
1.63285
-0.73028675
-3.207365
0.8621465
3.004395
-0.900554
0.6111095
4.19276
-0.295449
-1.361731
0.97735045
3.55576975
0.7679405
3.08366
-1.39623115
6.439865
-1.266809
-2.73717
-1.21894
-1.787602
-0.977898
-1.830055
-1.125841
-1.85607
-3.638905
1.874335
2.7666065
-0.325437
-2.375355
2.866265
1.85093
1.099091
2.246175
-1.211147
0.672763
0.2788205
0.34678
-0.00652249999999999
-3.308725
-0.43857
1.4935175
2.71467755
-2.346165
3.249365
1.050309
1.285413
-1.883535
-3.498581
-0.9378235
0.2543021
1.0926145
-2.09882
3.19317
1.623305
0.7817415
-1.2108175
-2.24195
-2.946564
-1.3568015
2.02567
0.04816
0.424485
-1.220945
-1.53029305
2.23396
-5.16206
-4.09836
1.4124325
-4.44801
-0.276514
1.070509
-3.876
2.344205
-0.4027845
-1.3515475
2.78605
0.519296
-0.5918415
0.9554485
2.67589
4.285725
1.299245
4.459695
2.008821
-0.0678646
-0.385955
-0.4103545
1.22416
0.78652
0.3802325
0.381999
0.4222955
0.928293
2.246373
-1.902595
-0.933606
-0.75161
-2.33889
-1.779605
1.0962015
0.4877104
-2.01371
-0.328345
-0.3511095
-0.5983775
3.65302
4.235775
0.4900695
-1.5417735
-3.18712
-1.993192
-4.566535
6.274465
8.39077
-4.73541
1.000202
0.204948
3.94094
-2.567755
-1.112635
-1.2518645
1.383094
1.43979035
-1.32808
0.872908
1.55646
1.941255
-1.192261
0.9628805
0.2196
0.8540735
2.572495
2.238895
1.686153
0.90305
1.69708
3.273945
-2.60664
2.60654
0.721962
1.911482
0.417314
-0.2162
-0.08714
3.167125
2.334375
-1.008185
-2.0835155
-5.76407
0.34621
-0.2869985
-0.426525
-4.549465
0.728567
-0.71062685
-0.4606495
0.891752
0.2903225
1.4573
-0.8019645
1.2121145
0.15639
4.78051
1.4229015
0.633055
0.95548
3.989115
1.973427
1.2157425
1.6024765
1.1441385
0.4152435
2.51899
0.440389
-0.637668
2.1278465
-1.108377
2.321885
0.7321335
2.36748
1.11893805
-0.0150250000000001
1.7568915
1.2608045
0.6702735
1.6281635
-0.2320885
3.28362
2.783025
1.8584365
-0.225415
0.484281
-0.31069
1.654462
2.45217
0.506585
1.9246495
-0.5049113
2.233715
-0.11968325
-0.499069
0.4930365
-0.096078
-2.17109
4.563515
-2.49556
-0.6157175
-1.92193
4.68333
1.206038
1.1420235
-0.671468
0.38134
3.20773
0.74497271
-0.2249965
0.670659
0.755355
-0.6814925
-0.51785
-0.311848
1.368851
-0.256876
1.591565
0.5555845
5.38665
5.182325
0.996058
0.8830655
0.1914875
0.8391007
0.13869
1.371815
-1.64272
0.617585
-0.52814
-0.8435045
-1.7229
1.291366
-0.20566645
2.087445
1.088565
-1.653957
1.5559545
-0.0775718
-1.9456872
2.186745
2.478175
0.482583
0.912014
-0.5022123
2.307285
2.019775
-1.055477
1.372705
0.8698835
1.637606
1.399995
-0.8801235
-0.362885
2.66106
0.222355
-0.117795
1.1870015
-1.3373585
1.7206755
0.6785155
1.5387995
1.0519235
-0.9696055
0.315245
-1.14416
4.801585
0.762385
-0.110781
-0.64424976
0.827525
0.3067845
0.5818025
0.19288815
2.02519155
0.365765
-0.729366
-1.355686
3.82667
1.800645
0.5311285
0.900681
1.305112
-0.7592039
-0.357418
-0.187585
-2.155655
0.946355
1.29144
2.650085
-1.73047
2.690195
-3.85831
3.023105
-0.158493
0.669305
-0.8972425
-0.74369
-1.134365
1.2646655
3.62818
-1.224065
2.66255
-0.3822215
-0.113231
0.912632
-2.665145
1.191715
0.679997
-1.77394
-0.9190775
-1.572415
5.036655
1.1375045
-1.51096
1.56653
0.80048025
1.206369
0.8506015
-0.1731415
-1.709835
-1.050947
1.1689876
0.0764400000000001
1.4021525
2.283455
2.3346255
-2.970035
-1.100062
-0.4666135
-0.0753215
1.1856145
-0.0451
1.354225
1.5076955
0.624695
0.359708
0.4583315
2.193455
1.0384465
0.7977405
0.712014
-0.447413
2.465
1.6818705
0.1717715
1.1242
0.0517705000000001
0.593182
-2.72111
-0.912519
0.6341255
0.4927105
3.812775
4.20331
-0.3362715
0.236611
0.3131225
-1.553405
4.45212
1.384075
-1.8648355
1.6737585
1.5177545
-0.4185035
0.884574
-0.2837535
-0.698825
-0.966809425
0.2282063
-1.0505685
-0.48680625
2.12079
-1.4501605
1.2132665
-0.666801
0.203541
-0.471692
-0.0471501
1.532362
0.4153095
0.488516
2.085925
1.127029
2.500385
-3.681835
1.6279915
-1.123156
0.361705
1.5745745
1.150713
1.0027883
3.69993
1.8842
3.588845
1.053156
-0.259644
0.005853
0.44406
1.276859
-0.7673205
-2.226865
0.1339265
-1.0415225
-1.377685
3.48432
1.56352
-2.36531
0.231299
-0.847475
0.857889
1.3145965
-0.4148304
-1.0675365
2.27972
0.39809
0.5891565
0.961679
1.92
0.0713225
0.0283599999999999
0.830073
0.627627
1.4724085
0.5112025
0.7862225
0.17462
-0.54827
0.292857
1.904265
0.7944895
-0.17817
1.1339845
0.0333345
0.790524
0.79937245
1.68694
-0.30341
3.20802
0.6644935
-0.724331
-2.3519655
0.2926195
1.6900153
-0.4718155
2.72774
0.999613
0.5723645
1.3552019
1.940673
0.6769555
-2.071065
0.746333
0.1401685
0.599785
-0.025663
5.633805
2.05949
0.567421
2.65055
-0.6684817
1.5066535
1.67597
2.463
2.099335
0.180363
5.226955
1.35174
-0.919143
1.496545
-1.9248145
-2.872805
-0.9238885
0.0850650000000001
-0.8359005
-2.588906
2.255002
-0.609156
-2.53906
1.807617
-1.55867
-0.62666
2.92436
-2.425665
2.631985
0.8797675
0.81038589
1.613605
2.46159
0.5619925
-1.8388515
-3.036891
1.2937445
0.1243217
0.1358645
0.0208615
0.6371855
0.276237
-2.4517635
1.721045
0.0550675
1.4551015
-0.5587755
-1.804605
1.035783
-0.7016975
-0.207019565
-2.438105
-1.693968
-1.489282
0.764267
-0.011602
1.226425
0.2593795
-1.60759
0.69716
1.346567
1.627067
1.856145
-0.4187005
1.1017786
0.137133
1.914485
0.37610085
2.356655
0.1098235
0.437986
-2.0376547
1.7734865
3.000045
0.658188
1.167825
3.488705
0.17490235
-0.7524805
1.2330505
-0.2453315
3.29496
0.8725
2.5840933
-1.61949
2.515256
3.0681065
0.5956415
-0.7997705
-0.316736
-2.409095
-0.6866685
1.040801
-1.564365
2.22793
-2.196275
0.741067
0.398985
2.138425
-2.0849375
-1.22889
-1.08214604
1.7384015
-0.7851145
2.077845
0.22901
2.16186
2.0900235
-0.526535
3.592505
2.32528
-0.678625
0.3527415
-2.194015
-4.73417
-0.03077
4.50146
-1.784305
-0.67922
1.115157
1.4329325
-0.6639965
-2.88041
2.567575
1.66438665
2.709325
2.62215
0.05145
-0.0143535
0.14551
-0.171035
-0.533316
-0.9983715
-0.426985
-0.0435249999999999
-1.48589
0.828458
-0.8101412
-0.0212945
-3.38806
-0.721126
-0.1985715
0.27287
0.94485
0.31965
-0.6311556
2.361305
-2.3777215
0.9180985
1.820418
-1.0899175
-0.870976
0.6907659
3.55025
2.7722715
2.092721
2.895795
-1.13531875
0.32303
-5.60862
1.0715525
1.6885645
-0.7811641
2.844115
4.84809
-2.05711
-2.36027
-1.5690285
3.22938
0.6788575
2.43022
1.984518
-0.992467
1.980852
1.497858
-0.16375
-1.489372
1.1853115
-1.47582
0.3818635
-1.963035
0.513256
0.6594365
2.0791435
1.4680395
1.400926
0.60316245
-2.33538
-0.1407095
-1.1762735
2.81085
0.5640815
-0.7217675
-0.6151105
-0.9641435
1.078159
-0.2962285
1.011482
4.10654
-0.6144275
0.077935
0.14338
0.4949025
1.5006075
0.052682
1.354225
-3.8031665
0.452376
4.41539
-3.78296
6.91991
0.0587505
3.206415
-2.09038
2.1301995
3.975795
1.91356
1.1417225
0.353499
-0.569901
-2.08555
-1.4123315
0.2215445
0.5989565
0.741119
1.0787275
0.7678225
0.802564
1.0991935
0.95976
-1.305214
-2.23152
3.275515
3.62628
-0.9141
-2.601754
-0.6296765
-0.8633165
-1.520593
3.136985
3.267875
0.489245
0.4236451
2.079285
1.3665065
-1.6608612
2.106875
1.683435
2.62024
2.5941735
1.88855
1.0882165
2.64648
0.7247005
1.074517751
0.2444365
0.6716685
-0.849764
0.23843
3.212035
-1.3918895
2.0549715
0.8632445
0.215474
0.65323
3.10874
-1.387166
-2.39836855
-0.909954
0.367159
-0.77097965
1.847955
3.72198
-1.51487
3.86023
-0.20522
0.23772
0.7397105
-0.5795025
-0.815104
1.0386165
1.362939
1.8767235
1.488776
1.12261
0.9434375
-1.712306
0.91679
0.3463115
2.67896
0.485924
1.1074595
-0.342385
1.20880295
-0.1831435
-0.6691215
0.23481
1.087951
-0.2695605
4.381325
2.96353
-1.657049
-4.2293
-1.78636
4.059945
4.87567
-0.140935
2.75199
-1.570373
-0.8778265
1.41309
0.4267905
1.11669
-0.6772485
0.706725
-1.51518
-1.728765825
-0.87199795
0.4167225
2.07151
0.639875
2.128739
-0.137153
-0.4131715
-3.251805
-0.461299
2.50511
1.450335
-5.775325
0.097305
0.2393
-2.815205
-1.2578
0.705855
-0.70534
-0.3925415
-2.2069
-0.65987
-0.0426800000000001
0.38833
1.050385
1.46792
-0.279717
1.98689
3.124545
0.41547
1.0691615
2.1118305
-0.8017411
-0.598945
0.407022
1.9295105
0.695727
0.7302185
-1.1924615
2.0592
-2.265548
-2.60402
-0.247945
0.986874
1.77037
1.280018
-0.6246115
-0.610455
0.1268835
-0.581464
-2.546305
0.50749
4.94136
1.100216
1.50784
0.03293085
-0.370782
0.0627985
0.98003
1.4945075
1.73717
3.2711
-0.629891
0.5305045
0.369356
2.41767
2.2257745
5.27757
2.176555
-2.70557
0.569794
1.85572
0.586447
-2.81723
-0.8732768
-1.077138
0.276764
0.9970975
2.2321065
1.2547225
0.66851
3.258835
-0.7960895
0.47503
-0.1795785
1.9561475
0.0308935
3.87682
1.2501186
0.474875
0.583992
-0.31036915
1.812474
0.1938445
-0.26181
1.072801
-0.8655405
0.224095
0.8237295
-0.5849175
-0.2218385
0.9179995
-1.60229
-1.4040955
0.5682255
-0.469905
-0.7974925
-1.420341
0.203435
1.2422025
0.824999
0.801186
1.07389
1.113316
0.9517905
0.380813
4.376195
0.423562
-1.4208485
-0.4560355
3.741585
0.1528745
-0.365427
0.3631175
-0.231185
1.8317425
1.4679655
5.5834
2.30241
-3.73482
0.5167765
-1.8869455
0.401841
-0.031726
0.2049045
-0.134325
-0.9276835
-3.696325
-2.6990425
1.515419
0.41432
-0.4827725
1.477005
0.0886195
-0.277056
-3.195315
2.2176315
-0.539842
2.507795
0.2962255
0.344835
0.1131
0.68926995
0.9966925
0.826418
-0.8049225
-0.8009505
4.61042
-2.319145
0.8751735
1.247976
0.7922545
-5.556145
-6.688585
-1.69213
0.313177
2.93137
-2.286225
-2.13796
2.8065
-1.72566
-0.31842675
3.67769
0.0742455
2.200905
0.1890365
0.19411
1.2129435
-3.05641
1.59479
-2.640475
0.180985
-0.3441185
0.4446245
0.8904405
1.401985
0.4111415
-4.083455
0.463572
0.2366835
2.0552077
-1.58332
0.6624395
-0.236193
-1.6715125
-1.0728295
-1.98658
-0.595182
-0.3228618
1.5082605
1.19861
1.3384485
0.10222
1.1238975
-2.437615
-0.773443
-0.5308245
-1.0823105
-2.117515
2.444285
1.25922
-4.690105
-0.9963615
-2.39086
-0.8937325
3.45561
1.0560975
-0.054382
1.3285125
1.083172
-1.352795
2.29054
1.157219
-2.2247
0.225209
0.154414
-0.312041
-0.793345
-0.0612595
1.542999
0.493085
1.4208335
-1.116962
-1.169692
0.8373905
-0.531462
1.6193585
0.4975785
0.7248965
-2.45087
2.74699
1.79458
3.3985
-2.63229
-0.5504775
0.464564
-1.008994
0.244526
2.389815
-0.892286
-0.992151
-1.635805
-0.82757
2.47005
-0.8376395
-1.887425
1.022585
0.9579495
-0.6325975
-1.827952
0.288965
0.1733515
2.074235
1.1847465
0.3417455
-0.700035
-1.068228
-0.523596
-0.2702645
0.957128
-0.0559100000000001
0.9397285
0.40967515
1.0818305
-0.78654
-0.12044
0.8228555
1.246655
0.8676445
-0.18088
-0.440865
0.189515
3.71159
3.641955
-0.384712
0.5335095
2.251935
-2.167075
0.561345
-0.09995
1.232778
2.368445
1.429365
-1.658025
-3.169765
-0.413355
1.6223195
-0.73556
1.5675845
0.176756
-0.1942895
-2.3799395
-1.0475195
-0.443049
0.6313985
0.59619
-0.7163615
-0.299612
1.2786475
0.616556
-1.76509
-1.4430045
-0.406569
1.0404335
1.455471
1.073209
-0.19595
1.216346
-0.6419565
1.288005
1.702735
4.027505
0.075286
0.055125
-1.71836
5.248745
-0.5105465
1.603421
1.8818285
0.056354
1.298701
-0.939906
0.46201975
-1.769085
-0.0377033
-0.0108475
1.355845
1.80148255
-0.994518
-1.66941
0.3435095
0.54671
-3.427875
1.254191
-0.195364
-0.5684705
-1.010609
-0.0224095
-0.845705
3.244915
0.7858445
3.179505
1.9985055
1.2180305
-1.552195
-0.28257
2.22661
0.8856605
0.50149
1.1924005
1.962544
3.1645355
4.96807
2.0163985
3.029445
-0.3572775
0.045328
-0.63991
0.823171
0.2828695
0.7257845
0.345674
2.4534875
0.5392795
-0.1223378
-0.447346
0.248865
1.9771
2.631875
3.230055
-0.045519
1.1497295
-0.340571
5.339905
-0.6300565
-1.812575
4.2748
3.013125
-3.764775
0.2321125
3.41838
-0.4590535
-4.48538
-0.8882585
3.32526
2.22293
2.27842
-0.0988085
2.368345
0.06449
1.585794
2.1870785
-1.398635
0.7431855
-0.5068505
0.26599
0.7693695
2.037293
0.09373
-1.063368
0.255965
1.228393325
0.6619595
-0.370445
0.9720615
0.8893215
0.73592
1.80051
-5.424015
0.486369
-0.3978957
-3.00064
0.2296107
0.6189665
1.4834865
-0.809535
-0.9892995
-1.269665
0.530686
-0.544278
0.4002306
0.178115
0.8596805
-0.337463
0.916193
-0.174284
3.062815
2.7576
1.2178385
-1.45353
1.186194
0.312571
0.971873
-1.54402
-0.078108
-1.0826165
0.1951945
2.89215
2.3487585
-1.87071
3.65321
0.422835
-0.8494275
0.67260885
-0.329845
0.52223015
2.123301
1.4599415
2.404535
-0.37699145
0.7644995
1.2918055
0.301513
0.21777
0.2193225
-0.860671
1.2948275
0.7263055
2.15026
0.3528085
0.2640435
-1.3143975
-0.53014015
-0.099294
-1.2005215
1.3397635
3.913635
0.839701
-0.1273295
3.998265
2.2635308
0.208693
-1.5093745
-1.15525
-0.68494
-1.129787
0.6434855
0.9831485
-2.676985
-0.5512375
-2.51234
0.4184051
1.72909
-2.18442285
0.8772385
-1.9490605
0.9594825
0.748200565
3.799025
-0.04625
2.429915
1.170014
-0.3508995
2.8410645
0.69703395
0.5424665
0.232235
0.226635
1.096974
0.2110061
0.0617285
0.8464135
0.4201715
1.823755
1.033595
3.5528725
0.379245
-1.802305
0.2912475
-2.572045
-0.6021365
-1.37237
-1.593369
-2.532855
0.553317
0.9534265
1.2403235
-0.655892
0.1736915
-0.852449
-1.0704206
-0.534274
1.89549
0.660645
0.292548
-0.040976
0.1684
2.1966035
-0.652765
5.318015
0.7446245
-4.371605
-1.22047
-1.58909
-0.85988
-1.522515
-1.4783165
2.0939845
0.1741
-1.3093845
1.374778095
-1.072787
-0.909379
0.6159802
-0.32784
-0.545784
-0.7721825
2.650095
3.997835
0.760375
2.934645
0.9270331
1.2534055
2.166775
2.92443
1.505288
0.36762
0.480398
2.5473545
-0.194726
-0.058208
-2.02757
-3.12678
-1.983319
-1.94078653
-1.82511
1.4972695
2.187616
-1.76854
-0.4840825
3.32665
0.4987355
1.0611445
0.5631805
0.4616535
0.889266
-1.0921905
0.8724215
1.4035505
0.658113
0.286979055
0.5111775
2.50946
2.1320445
3.795345
2.38402
-0.236763
1.2043035
0.5431525
0.606886
1.3752
1.9694895
-1.2925855
-1.171501
-0.5441285
0.68256145
0.882039
0.728001
-0.968338
-3.0316745
1.19476
-5.79602
-0.742543
-5.66468
2.026615
0.15228
1.527525
2.6912
0.354504
0.854755
1.6698178
2.699682
-0.5593928
-0.093528
3.285505
0.702244
2.075515
0.757629
0.5496355
-0.526252
-0.651135
0.7131251
0.2227331
0.8738885
2.424245
1.001375
-1.33232
-1.485831
-0.24928565
1.258001
1.473505
4.98897
0.158202
1.3988635
0.2804065
1.1571385
-0.913341
-0.1202895
0.73747105
2.02498
1.035627
-2.022625
-1.2110515
1.4181265
0.395133
-0.179495
-3.50977
-2.716895
-0.669045
1.2520895
0.6997875
-1.390005
-0.037285
0.577107
-0.247019
0.04382
-1.6828645
-3.26337
0.16507
2.293001
1.27739
2.334135
-0.02993308
-3.060535
3.32805
1.54847
1.97141
3.370775
1.072624
-0.4338867
0.75862
0.205275
3.37925
0.572408
-0.2070865
0.19787
-1.14456
0.592862
4.690255
2.15769
-0.163557
-1.989135
0.165885
3.86255
-0.3822365
-0.000944499999999987
-0.7888115
2.07778
1.7382405
4.562375
-0.343526
0.8446645
0.9809925
-3.283865
-3.1776
-0.118069
-0.7936045
-1.011811
2.6202445
1.9471075
0.205738
-0.97981075
3.31036
3.25544
-2.06408495
0.5685395
0.1589205
-0.0715305
0.5133835
1.053244
-0.503365
2.344758
1.7420365
0.536835
0.878869
-0.25081075
-1.79251
-0.976995
-1.39907
1.11044365
-1.371416
2.33786
3.922245
-0.506453
1.72782
1.6785525
2.375465
0.457537
-2.559515
1.3115495
1.147985
0.293495
0.2133545
-0.6638625
-1.1400625
-0.3805315
1.0816925
-0.8774515
-0.750639
-0.455868
-2.1068815
0.958839
1.140437
1.560086
2.86434
0.3248505
-1.005854
-0.7443485
-0.741662
-0.043142
1.2047625
0.21583
0.0718335
3.317285
0.9889695
-1.2507985
-1.092496
1.298649
-1.06795
-0.8457355
-1.0512355
-0.166315
1.4542875
3.68327
-1.410085
-0.280773
-1.2988895
0.775357
-0.6
-1.434669
2.75301
1.89078185
0.66946969
-0.186063
1.44474
1.99623
1.870461
-2.959205
-1.382025
0.1688505
1.736922
0.693526
-0.79541
4.65756
-2.053455
-1.0227335
0.111817
1.055155
2.378475
-0.2811265
-0.791117
-2.066566
-0.6502995
-3.19004
1.49555
1.360889
-0.439672
0.0747175
0.7195657
1.478675
-0.433771
0.1092355
-0.76979
-0.326215
-2.56056
-0.136365
1.351405
1.54466
1.084887
0.785208
-0.5893375
2.445115
3.071565
1.3876535
4.34749
-0.5014955
-0.158461
0.1657915
-1.044482
-1.080566
-1.704345
-1.49409
0.30094
-0.2743536
1.128754
-1.91144415
3.3944615
-0.148255
-1.444175
-3.0897
1.76576
-2.56632
-0.955047
-0.30747415
-1.340815
0.1568205
0.5060385
-0.5822225
1.0731795
0.33948
-2.142595
0.6424965
0.7464845
-0.191993
1.26139
1.9013
1.71033
1.934714
1.3313275
-8.07682
-3.0139
0.000244999999999829
-0.7183925
2.942415
-0.42532
2.9954945
-0.7214025
-2.73941
0.239165
-1.067469
1.591244
-0.62593479
-1.40735
-0.2749835
-0.160733
1.5262665
3.015725
0.042513
0.893471
-0.3743715
1.3721855
-1.490345
-0.68676315
4.717245
1.0326628
2.4443
2.35188
0.0494055
0.5201835
0.561895
0.43631
-1.729866
0.994275
-2.369605
-1.194933
-0.758835
1.612365
-0.8924715
-0.7726895
-0.10158
2.960435
0.59635845
1.0670225
-0.213495
1.187825
-1.3571005
0.9105355
1.940385
1.0321745
-2.474865
-0.05061
-0.12236695
1.7263395
2.025865
1.445165
1.020784
0.6361535
0.167815
0.428447
-1.82983
-0.75113
-1.154418
0.9348835
-0.0330135
-0.364325
1.1415045
-2.004425
-1.9713805
2.412915
-0.933145
0.841674
-1.781185
-0.306541
-0.0295955
-1.303595
0.945073
-0.403984
0.4408
-0.2725
2.3787
-5.03529
-2.7723025
-3.33408
2.317871
2.064185
-2.719535
1.124408
0.7674805
-0.42166
0.838935
-0.6739115
0.9083275
1.715545
-1.3893605
1.540801
-0.5440875
1.559795
-1.1622457
-0.3331505
0.025795
3.972645
4.717275
0.441337
1.2596274
-0.597455
3.68941
1.047058
-1.9826095
0.1396
-0.4455425
4.21792
0.2806523
0.998915
0.32396
3.54125
3.529845
0.6003115
1.9424
1.628405
-2.07112
-0.52851
-0.362939
1.8313125
-0.740446
0.3167
-2.1482825
-0.7860745
2.72507
1.218284
0.0652595
-0.686385
2.92576
1.39443
4.004955
-0.485174
-1.7602135
-0.27765135
0.0378105
0.0303900000000001
1.156006
0.923897
1.005712
3.91878
-0.24037
-1.297061
-0.773622
2.287885
-1.9339705
0.44638
-1.47728
0.921444
-1.5972015
-2.82953
-0.383012
0.250555
-0.469234
-0.583339
3.38084
5.23896
0.450417
-0.10523
-0.14233
-0.10378
-2.53537
-3.27223
2.105455
2.206925
-1.171233
1.3562415
-0.9451905
-0.24885
0.35983
0.410745
1.391995
1.2960225
1.068498
0.3317875
0.785387
-0.920863
-0.217864
0.5579445
1.488657
2.687735
3.530655
-1.3251555
-1.7958155
-0.265262
3.235035
-0.116131965
0.0652765
-3.57001
0.1653145
2.1132865
-0.080014
2.189785
0.4461685
1.286675
-0.8348528
0.939247
1.744045
2.747495
1.3862615
1.468935
-1.66286
-0.1587776
0.619412
0.4949105
0.849714
2.1114845
0.400035
2.159335
1.21444185
-2.4729695
-2.20705
0.3380335
0.1026045
0.290674
0.7776895
0.730735
0.878631
-2.124984
-1.7454985
-1.851592
1.7209885
3.980535
2.5624
0.056315
0.434524
2.715615
2.72871
1.8546855
2.57006
2.087515
-1.294963
-0.1797415
-1.3129785
0.161413
0.4306185
2.134436
0.5872665
3.71697
1.928359
-2.08581
1.148783
0.3108315
1.379345
1.64849
3.17632
-0.0871904
4.65783
-0.3912225
4.18668
1.52101
-3.219075
-0.251546
-0.4347385
0.17451
0.612425
-0.052356
0.35005575
0.6702845
-2.1385375
-1.64705
0.747265
1.51844
2.673595
-1.48269
-0.4556295
-0.6892705
1.0756325
-0.95372
1.720445
0.017759
-2.205735
0.268083
-0.28886215
1.0700465
-0.129445
0.411752
1.7678885
1.15969
1.238471
0.291145
5.450785
1.40460625
0.97209245
-1.3003478
1.461639
0.749685
0.404762
2.094215
-0.0977326
-1.763286865
2.325125
1.60103
0.18638
1.0174425
-0.214615
2.10256
-3.1831645
1.502778
0.15169575
-0.218505
3.67199
0.900458
-1.586245
-2.046288
-0.84618095
2.970085
3.03272
-1.295133
0.2852615
1.335883
0.403128
-3.207085
2.527755
0.7599415
1.99754
1.0597975
-1.1855736
0.042
5.242335
1.7368593
6.166435
3.408985
2.096285
3.408445
1.110447
2.8946485
-1.1510745
-0.57874385
1.60088
0.954876
4.413365
0.0274995
0.00268000000000002
-4.442285
1.30601
1.6688775
-0.336534
1.6663725
0.3947815
-1.9667855
-1.43563
1.35041
0.7424325
2.739355
0.8867275
0.3192785
-0.2827745
1.3015135
-1.75298
0.51242
0.3067565
0.28554
-0.7979405
-1.63515
-0.5911235
1.893865
1.73292
-1.29901
3.8543
-0.0142655
-2.849355
1.264055
-1.624755
-1.2438535
-0.9054715
-0.158395
2.43761
-3.591295
0.809342
1.834587
1.302026
0.3877705
1.4418905
0.9626545
0.1750495
-2.743358
0.24636
0.8223055
-1.7644488
-1.5429615
-0.165545
-0.276364
-1.92886
-4.339785
4.16912
-1.3095915
3.33629
0.367664
0.012885
0.729375
0.3195
1.1533845
0.203675
-2.1569
-0.1115455
-1.77111
-1.91134
-0.9712605
1.665633
-0.4157835
-1.75796
1.055971
2.105525
2.428692
0.87027
1.7143695
0.801995
1.217074
1.057356
-1.6301115
0.29571
0.317843
2.546675
1.4220525
2.85516
-0.663156
3.162765
-0.663535
2.124065
0.254247
0.919212
0.3081105
-0.0666525
1.505373
0.513957
2.224015
-1.67725
2.81104
3.46035
3.3051
-0.6493455
3.31223
0.152595
0.314854
0.161405
2.423285
-0.188471
1.33542
1.41454
-1.3514
-1.4450515
-0.139185
-0.594304
-0.40182
0.07204
-0.757076
0.9203435
0.052364
0.56051
1.9325551
0.090905
-1.435575
3.222423
1.045964
0.372767
1.545674
0.8806045
-0.0647865
1.373069
0.9595765
-2.43366
0.6364975
-0.4964165
0.045715
0.119135
-0.495678
-1.1878645
-0.8076255
-0.23639614
-0.354895
-0.042775
0.81943
-1.14528
1.145607
0.8519405
0.0172895
0.507719
2.534295
-1.047205
0.300625
0.6279495
1.996282
0.3608335
1.56351
-1.5925545
2.06029
0.21806
1.965115
0.07444885
-0.5525745
0.33745665
0.48671295
0.0739595
1.6684435
-1.758165
0.691597
1.2659504
3.707135
2.655895
2.78837
-1.6632018
-0.7783208
-2.160745
-2.2009425
-1.2511975
1.333945
-2.44286
0.24474
1.8242075
-0.9222445
1.548799
-0.767455
0.8807145
0.5943655
1.859765
0.6292355
0.2025665
-0.58184
0.13306
-0.52927
-2.23103392
-3.0093455
-3.37003
-1.4622295
0.2665865
1.9087785
0.17347045
-1.3325905
0.955109
1.026095
0.00165199999999999
0.366773
0.7558
1.3298175
1.968885
-0.5712445
-1.0916175
1.65539
0.3813895
1.2682925
2.125065
1.24978
-0.79065
0.3933605
1.111549
-1.2383495
0.6270295
1.1960055
0.7050465
1.875025
-0.071768
1.0007385
0.43542
0.46826535
2.36703
3.648175
-0.035905
-0.1765415
0.400238
0.5124663
0.520373
0.7123345
-1.66117
-0.5955385
-1.198156
0.3657275
-0.5826485
0.6965125
-0.72810555
0.4118955
-3.12085
1.620535
1.1231645
-0.3493335
1.025741
0.917486
0.639734
-1.238062
1.656035
2.159085
0.712615
-2.29157
-1.0515
-0.072025
-1.1310825
-0.062798
0.610154
0.07629
-0.706926
1.29419655
1.736025
-0.90639
-0.0820469
-1.413017
2.16553
-0.17053
-0.3846425
1.861899
-0.37092
-2.70813
-0.9834685
-0.454145
1.341309
-0.540565
-0.162092
0.7832195
-0.53376
2.89114
1.043188
1.338557
2.660135
-1.78031
1.94564
2.2905285
3.715525
0.853159
0.1340805
-1.092824
-1.01475
1.974963
0.983257
1.42854
0.085309
-0.48192315
0.139616
-3.13175
2.323491
-1.57828255
0.532671
0.33247
2.36767
-0.663882
-0.11885
0.8197315
0.108525
1.945525
0.0311100000000001
0.5813195
2.080605
0.0788775
2.1149425
0.754647
-3.39719
0.175075
1.020276
-0.0362535
1.936435
3.496505
3.49817
0.299731
0.11087
1.0184985
-0.1225485
4.06595
-1.63933
-3.27188
0.91920205
1.1820515
2.69654
-2.1526805
-0.04843
-0.6981695
-0.666628
-0.2843115
2.226765
2.4047395
-0.0909143
0.123654
1.007487
5.93843
-0.20547225
2.00543
2.73389
0.9259165
2.010683
-1.297085
2.112515
0.9048195
-1.6812675
0.007799
-1.0677455
3.061557
-1.145526
0.774474
0.112465
1.305805
0.0871900000000001
0.253077
1.8236795
1.217495
-0.422452
1.31251
-0.52687
4.595285
-1.676054
3.190775
0.4021175
5.333935
1.91984
-1.5502195
4.181205
-0.6846995
0.889174
3.410785
1.63442
0.822688
0.5687535
0.4555655
-1.67365
-0.339049
7.850875
1.4732235
0.7564501
-1.28082045
-0.078487
-1.727905
3.805935
0.148575
-3.081778
4.47778
-1.5449132
1.4348665
-0.3108
-1.668055
3.239825
-0.234365
-0.173535
-2.181225
0.4956235
-1.324823
2.9566375
-1.15395
-1.309018
-0.4419295
-0.263925
0.7043395
-0.9809695
2.04687
-0.4150689
-0.0947885
0.972804
0.444969
-0.225156685
0.0652335
2.586181
0.418048
0.080952
0.1263505
-0.677589
0.5875905
-0.52816
2.05732
2.21387
-1.576805
0.7882395
-0.1755035
-1.247124
-1.754854
0.898195
0.701462
1.662285
-0.9465895
0.4022035
-1.800525
0.8317082
0.798895
0.686685
0.382781
0.97933585
0.0090015
-0.923927
0.765673
0.6027885
0.76058
1.0729535
-1.397615
1.62699
0.7047665
1.2929965
-0.7514045
-2.0986615
1.1521535
0.4212901
1.3889745
0.071735
1.093211
1.962939
2.034367
-1.029657
1.76065
-0.070968
-0.932351
1.400582
0.1143075
1.543714
-0.9984035
-2.405755
0.383678
2.04864
2.1456695
-1.1625655
-1.048898
1.2126185
1.036414
3.909
3.366415
-0.3033657
1.0120435
0.5693905
-0.2701675
2.31054
1.4803805
-0.4220435
-4.305005
-0.11061995
0.848138
-0.386815
-0.3367385
2.64197
1.829398
-2.24575
1.53267315
2.811935
-0.487055
0.574349
0.192593
0.124196
-0.4648255
-0.60609245
-0.380436195
-0.350554
0.6893865
2.24401
1.509035
5.81168
1.171536
0.758664
2.496445
2.0562
-0.232143
1.584882443
-1.5445745
0.614102
-1.6014165
-0.525927
2.0695
2.30422
-2.621525
-1.43404
2.14551
1.595035
0.321587
1.2014725
3.247205
-0.966043
-1.329538
-0.170665
0.0105649999999999
1.1766395
1.64164
2.15798
0.174116
0.636814
-0.3738185
4.51864
5.19153
-0.036128
-0.072401
-2.57202
-0.86113655
3.175775
3.42532
0.5794617
1.8433425
0.371671
0.6247865
0.4059845
-1.076894
1.0118995
-0.3948155
0.6541932
2.79084
1.14272
1.0339115
-2.335915
-2.92885
-1.601115
-0.6902141
-3.030235
-0.815989
1.163506
0.095991
2.224915
0.6734955
-1.3103815
-3.923865
4.635855
2.87185
-0.8449835
1.2771735
0.246014
-0.422088
-0.010865
-0.18605
0.6612545
2.40878
0.719856
1.924305
3.78367
1.995645
1.448015
0.145011
1.5985485
3.260205
1.757635
-3.702575
3.239415
-0.1127215
-0.64481
-0.921051
-0.5777435
1.4606645
-1.1481385
2.364735
0.442028
-0.1245765
1.477351
-0.926644
-0.6665863
-1.33207
-0.3235825
6.27598
-0.17687
0.496968
-1.044395
-0.5941905
4.18569745
0.0321795
-1.888035
-1.4089555
-2.543015
-1.033735
-0.439182
-1.630131
-1.7173555
-3.24211
-3.959465
-3.89067
-0.017625
0.1444465
3.47249
3.17035
2.0856215
1.1581887
-0.570525
1.6498535
-0.922102
2.354995
1.6522115
3.4179205
4.39219
2.134955
-2.4487535
-2.096245
-2.373593
-0.68466
-0.24796
0.5225515
-1.0990115
0.7773385
-3.1189
0.807425
1.165078
-1.016915
1.751996
-0.710112
-0.228048
-0.634537
0.00822075
-0.426798
-0.019188
-1.40721015
-1.59537585
-1.0586885
0.6081165
1.2369267
-0.1436955
1.6466
-0.690267
-0.4940448
0.45582544
-0.72953105
0.320289165
3.01946
0.7855265
-0.402797
-0.311922
-2.335295
-0.8198405
-0.973487
2.64134
-1.67592
2.002855
-0.939285
-5.3421
-1.1718155
0.22526
-1.038595
0.4720975
0.359957
-0.6901995
0.213945
-0.00855500000000009
1.617594
0.791859
-1.121085
-0.9208495
1.0712855
3.404915
-1.94198
-0.00551999999999997
-2.568625
-1.5415315
1.090211
-1.0412865
2.8529
0.7245485
0.5641185
-0.1901743
-4.1706865
1.48931
0.94118385
-0.21298
1.3556115
-3.229105
-0.4364236
0.78968
2.235905
0.2624913
0.00457000000000007
2.806925
0.7982015
3.765315
2.85135
1.438702
-2.93153
1.5321285
-0.193459
-0.047553
-6.74071
0.00432499999999991
-0.6403375
1.2036545
2.2322835
0.665189
0.213705
-1.0401215
-0.9322615
-0.268685
-4.493725
-4.42471
-6.00678
-6.42131
0.720035
1.53005
2.906435
1.049695
2.703115
0.48382
-1.226415
-3.317555
1.417785
1.17083
0.7792325
1.23231
0.977642
0.5215735
-1.020704
2.37512
5.392955
-1.1865735
0.220485
1.51574
0.9535075
-2.0844685
1.8081392
0.311038
-0.09058685
-0.018389
-0.0720805
0.4115765
-0.7410665
1.545457
2.4329365
0.4524215
-1.1955955
3.474075
5.51257
0.121912
-0.189585
-0.751768
-1.683785
-0.5799759
-0.225402
-0.755992
-0.610785
-0.041408
3.172505
2.298825
-1.04906
-1.47583
-0.91527705
-0.573176
2.2792175
0.565975
-1.82237
-1.667595
-0.21201
3.975915
3.94601
1.877925
-1.149655
4.19281
-0.1987625
-0.934094
1.8506535
-0.116682
1.123099775
2.13811
0.202253
2.289885
-1.3118975
-2.385505
1.847945
0.320265
-0.9908135
2.345098
-0.0617300000000001
8.552895
-2.13081
-0.9135595
-2.459325
0.990482
0.449062
0.254283
-1.327025
0.8940995
3.006075
4.07532
1.673355
1.1715485
0.04225
1.502977
1.226648
5.0239
0.701265
2.1712625
1.66977
-1.161037
1.9214565
2.746745
0.417485
-0.1856
0.67867
-0.5463045
0.6181055
0.335463
1.04514195
2.76615
-3.14781
-0.716919
0.386594
0.1242619
2.026587
2.22433
1.280655
3.537713
2.55188
3.626285
0.33117
-0.274305
-2.818145
0.11838
0.758575
2.02531
-0.19592
2.74756
3.99884
4.117005
5.865375
2.67127
0.8193285
4.139585
0.3874145
1.88371
0.376645
-3.03155
-5.18806
1.74624
3.761845
0.4869585
2.3592235
0.3847498
2.01577
0.386221
-0.6218313
-0.1977925
0.68092625
-0.860433
0.7247815
1.696853
0.8622945
1.4392355
-0.8906485
-2.94693
-2.810515
-2.679015
-1.8754482
-2.251235
-2.45322
-0.258926
-0.939057
-0.98038
-0.900245
1.738895
1.3433165
-0.116862
-2.50333
0.70163
1.0294525
2.713635
0.506491
-1.50275
0.5391075
2.121778
1.4564635
1.028247
-2.048375
-0.4258295
2.07083
5.79673
1.105285
2.44205
0.6199855
0.07019
3.01932
1.35128
0.56423365
0.4859395
0.624916
0.88116205
1.827015
1.5529905
0.469475
0.661641
0.78918
1.312248
-2.167105
-0.3743265
2.35979
0.2054655
-0.744889
-0.604977
-3.00014
1.44582
-4.14936
0.239695
1.1049775
-0.930278
1.063385
-2.77564
0.386196
3.155455
-2.09976
-2.791155
3.41082
-2.92762
1.387779
1.332795
-0.12336165
-1.618781
-0.3721855
3.117485
0.081334
-0.171585
-1.758865
2.2083755
2.90898
-0.82233
2.808985
-3.36783
2.50576
0.13474
1.1500065
0.8430545
1.28469
0.3031395
-5.15072
-2.965965
1.6412135
-0.828015
1.62222
2.04294
-0.6284395
1.2937205
1.24479
3.52293
2.5042835
0.991344
1.764985
1.51687
-1.9297065
-0.143695
-0.303072
2.037225
1.618897
-1.934075
-0.2338925
0.753875
0.9908375
-2.289565
1.0355415
-1.9791185
-0.96353
0.592825
-0.0132135
4.20644
4.11639
-0.1568725
-3.222925
-3.83553
-5.40053
-1.896115
-2.190575
0.1898465
2.251885
0.1375355
-2.627454
-1.809545
-2.5048615
1.1716968
-0.2012955
-1.3103305
-0.4271095
-1.6258
0.460759
1.7104905
3.2982515
0.6451255
0.9574445
0.13086
1.10741
-0.6362485
-0.3323095
-2.98932
2.040147
4.5066
-1.6212755
0.292706
-1.0608915
-1.1687755
0.713401
0.260915
-0.3765915
-2.839435
0.216933
5.257425
1.441458
-1.802873
-0.501697
-1.3497765
-0.432654
0.277902
-0.963512
1.17208
3.29605
3.62518
1.0501665
-1.33787
0.536892
0.064181
3.102225
2.461845
3.89927
1.83427
-0.9980665
1.76527
-0.628222
-2.491175
2.0362745
-0.9528585
2.9740185
0.4445
-0.499818
-2.504425
0.963865
2.1410695
-1.17251425
2.29473
-0.2838705
0.213155
-2.308005
2.0299
-0.1716375
1.207428
-1.2381665
2.252724
-0.293795
-5.122765
1.6239705
-1.08443065
4.12553
-0.8962875
-1.6911635
3.76331
-1.38314
3.162745
-0.970137
-1.38904906
1.586545
-0.4048715
-1.49313
-0.7488365
-2.928845
5.986215
-1.757375
-2.10147
0.250707
0.3545655
-0.314465
0.0473115000000001
2.487595
2.24377
0.316493
2.08102
0.47227355
-0.0518504
1.50323
1.61312
-1.112744
-0.9522
-0.55128
-2.64548
-2.211365
-0.07901
0.946035
-0.156855
1.3484425
0.583877
1.4401955
0.9235765
-2.59614
0.444865
1.24052
-0.3396065
-1.860125
-0.8961305
-0.4852285
-0.621823
1.880285
-1.5041335
2.87113
1.1700275
0.714477
-3.03079
0.239295
7.056865
4.270965
2.98765
1.597189
-0.348696
3.68693
2.62127
-0.349458
-0.976401
5.563055
2.69918
2.38282
0.6465165
5.547285
3.6902305
-1.196687
1.85518
-2.79476
-0.598099
0.590272
-1.0685725
4.421355
2.51673
-1.0810677
-0.243759
-1.4436
-0.231401
-0.9538945
-1.483155
-1.990065
1.640835
1.5627505
2.6556495
6.723895
6.14376
-0.006185
0.4194475
0.267734
-1.1251085
1.4163528
0.3606035
-0.3264452
0.077545
0.0604345
1.6305289
1.8024067
0.4208129
-1.58207795
1.547707
-0.606963
0.041052
3.952215
-0.027855
-0.34682
-1.034429
-1.8471235
1.016333
3.074015
2.006431
2.20812
1.0033491
3.290335
-1.042499
0.8110345
1.1274665
-0.5934955
-0.412307
0.076428
7.19464
6.016305
0.622574
0.331023
-0.16006
0.871689
3.836615
0.00655349999999999
1.7546545
0.5949345
1.42331
3.05887
-1.24413
-2.11877
4.21049
0.9565685
2.925815
1.636305
0.36977025
2.951152
-0.802418
0.2536555
-2.193275
0.10702
0.1705415
1.1011865
-0.714555
-1.394655
1.2538775
1.1477845
5.029595
2.823915
-0.2663785
2.373935
-0.8666605
-0.411471
-0.8957232
1.8771905
0.909538
0.648185
1.323435
2.0116565
2.418516
0.561665
1.9041255
-0.0585385
2.5143275
-0.804685
2.03193
2.30402
-0.931888
-2.094625
-1.456525
-2.417545
-2.041355
-1.3980535
2.677015
-1.51256
1.1267215
1.8894955
1.181837
0.403943
-0.22729
-1.71833
0.1635
-0.4182904
4.789545
1.0798365
0.7180815
-1.053128
1.716259
-1.421068
2.79995
-1.54056
-0.7026215
-1.77244
0.60498
-1.231503
1.643209
0.342402
-0.318641
-2.09952
-1.97074
-0.8573265
0.451086
-1.11191
-1.357697
4.107755
-2.054927
1.4117935
-0.4606727
-0.9606095
1.672594
2.139805
0.865363
-0.7814245
2.98963
1.0386445
0.8579584
5.30741
3.57253
4.307365
-1.98319
0.3163785
-0.4667665
1.6863915
1.619532
1.5539385
0.8124365
0.6596735
1.9007655
0.65259555
-1.0782445
-0.4700945
1.070105
-1.52897
-0.488159
1.812317
1.92188
3.72088
5.29507
2.0638255
0.6458965
0.354305
6.611975
-0.894033
-1.359465
1.2564915
1.402855
-1.744625
4.444305
0.238993
1.152765
-1.065565
3.332686
1.4622155
0.6989155
0.7568315
-0.523625
-0.3116825
1.6417625
0.1647035
0.73534
1.7774665
2.164505
0.84940775
1.3126855
1.3923215
0.6963785
-2.17205
0.434798
0.1607685
-0.20755005
1.5829
1.20631
0.7814765
1.6181795
-2.1173075
4.467955
3.395905
0.34909
0.6254625
0.946152
-1.4129405
0.67236625
3.48484
2.247662
4.367155
0.0813874999999999
1.262019
0.2715067
0.992362
-0.952705
0.200876
3.278185
0.227725
-1.161255
0.065958
-0.0882665
0.184447
-0.801023
2.845025
1.878485
-2.384335
0.089498
0.424908
1.5436685
-0.2836544
1.985315
-1.368995
-1.893046
2.939955
-0.4332405
-1.68759
-2.766235
-0.257481
-3.05125
1.23903
3.770665
-0.110872
-1.27589
3.759725
2.0067855
-1.521585
-2.54512
-0.2838875
-1.5301
0.8385935
-1.496135
1.266857
3.24306
3.207465
0.8702845
1.39475
0.1377735
-0.2642245
-0.142481
-2.053015
0.189745
3.170105
-0.775315
-0.0689949999999999
0.8842835
0.94145
-0.6719875
1.8897635
0.201775
-0.1267585
-3.3995
2.4869
0.258367
2.09834
3.4574
2.909235
-1.659285
0.6302235
0.11034885
2.57685
0.47089
-2.0866715
0.4167005
1.3947795
1.167865
-0.12483025
0.816311
1.736245
3.22515
0.10569
-2.89683
1.0702194
-1.677238
-0.107374
1.188757
0.0485718
-1.486425
-0.112982
-1.945535
-1.757465
-0.4614615
-0.4242565
-0.109566
-0.414992
-0.931751
-2.739031
0.74359
3.66228
-1.4078165
-0.5749845
3.9451
-1.952415
0.066816
-0.8942325
1.1854115
1.90357
2.4371
-1.596045
-0.049775
2.06194
0.1699896
2.70802
2.33017
-0.62073
-1.383242
-0.1272735
-1.4577735
0.295495
0.399516
-1.54996
-2.64925
-4.12558
-0.5255125
0.0851855
-0.1609815
-0.195806
-1.0803725
1.0400125
0.0522
1.2205465
-0.1764425
-1.5734775
-0.0165999999999999
-3.80625
0.968608
-1.886275
4.116015
0.23640335
0.805237
1.712235
1.757753
-1.6771875
-1.123941
-0.9694865
0.52429
1.956685
-0.66612615
2.14365
-0.29816525
1.99964
2.3093445
1.304809
-0.021627
1.644975
-0.348249
-1.4279125
0.213321
0.3730325
0.6067735
1.3671145
0.5516745
2.86258
0.046385
1.342985
1.92774
-1.27254
-1.90697
-0.443476
-0.1399545
-1.0039045
-0.2774975
2.572765
0.096319
-0.5473165
-1.198498
-0.62952495
2.6546885
2.19199
1.116469
1.40583
-2.955385
2.99278
1.5690155
0.4275335
-1.28545
-2.63177
3.800605
0.979653
2.520995
1.127519
4.47469
-0.136005
-0.4979355
0.54784
1.4975
5.053875
1.660198
0.5888125
0.63046
-1.03435
-0.41536995
-0.349768
1.429493
-0.6898055
-0.51511
1.2068025
1.125145
1.773507
0.3311963
0.6245725
0.853792
-2.634815
1.67319
0.3767535
-3.1892
1.0721645
-2.2460405
0.0122499999999999
0.11458
1.040058
1.284847
-0.362763
1.68515
0.2795665
2.134235
-0.77981
-0.8827875
-0.913275
-0.71991
1.5268825
1.96678
-0.7667605
-0.271555
0.390415
0.868671
1.2917
-0.58747
0.4186855
3.47383
0.0746455
-0.5292485
-0.64755
0.476126
0.967364
1.4005
1.9285495
0.754746
-5.64824
-0.911515
-1.86564
-0.79079991
1.736359
-0.05876
-0.2719355
-2.039545
1.156092
-1.75353
-1.3453495
0.3551195
5.252945
0.834157
-1.42144
3.30631
2.07929
0.963216
-3.0463
-0.8269365
1.93184
-2.619715
-1.3209965
1.172609
-0.141271
2.132444
-4.30046
2.79885
-0.7436885
0.69047
0.3302628
1.175476
0.592873
-0.3297605
0.05319
2.53128
0.084292
0.7656165
1.14552
-0.1851755
-3.6718
-1.9728815
1.1834025
5.978185
1.662665
4.052625
-0.977857
0.1220935
0.499148
0.4391915
-0.10718855
-0.893754
1.017763
0.63919
-4.01991
1.653689445
1.748893
0.4234415
1.295824
1.0977175
1.3424075
-2.571618
1.02643525
1.3168605
2.5031
1.058686
3.967585
4.109415
1.959095
3.08594
2.193575
0.6802982
-0.801474
6.55699
0.5906025
1.752217
1.1954835
1.812305
-0.374715
2.35133
0.9061995
1.7236015
1.374345
-1.7207395
0.2407745
-0.25008
-0.40468
1.6013532
0.4862694
1.89461
0.35245
0.365968
5.16111
-4.44935
1.6893665
-2.34043
0.2579335
0.4433095
0.984664
1.9119825
0.960169
-0.038026
1.221737
1.2499485
-0.0879084
-1.522846
2.4174307
-1.11833695
2.285719
-1.129885
-1.83214
0.7611055
4.03278
0.9552865
-0.531678
1.035305
1.000789
-1.1788555
-0.5137935
1.212413
0.8479405
-0.477291
2.1613085
3.015965
1.7469045
0.240655
0.097606
2.834969
0.8884665
-0.671674
0.4761105
0.347787
1.151676
0.5162755
-1.2821465
1.4523055
0.7616915
-3.21391
2.584375
7.30091
4.205015
-0.228265
1.60499
2.937365
-1.0363565
0.6787275
1.4497685
3.02941
-1.409162
0.4383871
-0.9882575
0.911877
-2.76145
1.7236605
1.0226
0.789598
0.146795
1.512015
1.85106
5.4956
3.427945
5.77718
0.3315812
1.08666445
0.1123425
-0.83632
-0.7106925
0.3184705
6.74253
1.21762923
0.2786415
-0.444527
-1.17777
1.7116495
-3.21631
0.932325
1.4509645
-1.074795
2.38479
3.88304
0.0247350000000001
2.93766
0.161005
0.570413
-0.643882
0.8709795
-0.608313
1.4717
-2.39833
1.744165
0.313217
2.448
2.11178
0.755641
0.32226
1.212275
-1.79107
-2.099315
-1.871075
1.926098
-1.030715
1.0380635
0.90566
0.3149975
-1.295138
2.65848
1.57061
-0.0849635
2.236236
-0.185615
3.239225
4.32594
0.49076
2.42956
2.22706
1.8647105
1.572355
0.4692965
1.1082085
2.917695
0.6532565
1.279654
-0.8444765
0.031865
1.778345
0.5946264
0.09351
0.6555375
-1.716058
0.0541235
0.8143795
1.57482
1.761745
-0.053398
-1.017015
-1.5749755
1.23173
-1.447315
-0.879078
3.00943
5.325165
4.304665
4.159685
0.35796
1.2152055
-1.486825
-0.393524
0.8440332
1.8952484
0.8096455
0.84053576
-0.5285485
0.700421
-0.085864
0.00796150000000001
-2.287195
-0.877302
-0.783698
-0.160665
-0.480061
-0.128675
2.393525
1.238242
1.038029
-0.8458995
0.8161255
0.7878265
-1.6481915
-0.906359
-1.593349
-0.836171
-2.15629
-0.6776084
3.8621545
-0.758245
-0.318095
-2.01184
2.704715
3.327995
-3.58505
-0.250276
-2.071835
-0.8796675
-0.8287345
0.021573
0.92161655
2.23675
1.702495
-1.23929
0.9955815
0.4294185
0.074867
-0.1363745
1.302713
0.52652745
-0.7731605
0.5431365
3.61176
-1.706285
-0.258402
2.024339
2.032958
0.220195
0.6450915
0.969768
-1.679818
0.8423625
-1.337045
-1.927635
-0.4219025
-2.274325
1.772735
1.766665
-1.0566185
-0.33885
0.363006
-0.073855
-1.7948613
-1.876005
-0.2147595
1.0538
0.14132755
0.2812355
0.74347
-0.3615565
-0.1569625
1.66455
1.8624255
2.5916205
0.318677
2.540414
-2.335
0.72782
1.59295
0.936156
0.3803715
-0.2210812
-1.02623
0.580343
-0.844273
-0.0304837
-1.241776
-0.6251185
1.6852005
1.694955
1.495665
2.257655
-0.621203
-1.1480555
1.589285
0.321332
3.37408
0.524898
-0.5004445
2.41771
1.1439315
-1.764995
-0.757729
2.5573
0.17687
0.5756705
-2.23123
0.2039945
-0.46215
-1.5898035
-0.080086
-0.889712
1.0103615
-2.263091
-0.021221
1.435935
-0.230073
2.31005
2.171125
-0.381098
2.027905
1.1758255
0.1910565
1.82368335
0.3844095
-1.43944955
-2.40902
-1.8698745
0.80892645
1.863775
0.957358
1.0877795
2.068485
2.21209
3.013775
1.0771845
1.342729
1.1949055
2.164386
1.80583
1.6162085
2.712515
0.700125
1.11715
0.7228069
1.819097
-0.00900449999999997
-0.111271595
-0.47289
3.128515
0.3717825
-0.2171695
2.368515
1.48738
0.570972
1.335745
0.011665
0.9978075
0.22406425
-0.30686
-0.619206
-0.5761345
2.998585
1.408495
2.205665
1.215961
0.46293
-2.835805
0.059173
-0.169337
-2.46658
-0.155965
-1.4556593
2.73888
1.2136065
-0.9201435
1.76502
0.34396764
0.285728
-1.5874615
0.79520505
-0.6013535
-0.1483705
-3.17258
2.70333
-0.5269185
-1.326435
-1.86954
3.32442
0.564413
-0.0492685
-1.0836765
0.803053
-0.7715298
2.797715
1.0682825
-0.03176
-2.552375
-0.88814408
0.795373
4.44922
-0.3939745
1.191215
1.32661525
0.598981
0.71297
2.903045
3.09901
0.00583249999999999
0.7645905
-0.5433
0.31639395
1.9605715
0.4651385
1.087854
1.480209
-0.5348075
-1.171405
0.2037035
-0.6182815
-0.26413
-0.052265
2.629765
1.85884
0.8117665
0.3464055
0.313363
1.72525
3.12566
3.81974
2.882615
-2.44029
1.6883475
1.740769
0.535791
1.3492895
-2.255815
-1.98636
-1.338655
4.03107
1.130005
-0.9020815
-0.5460865
2.881995
2.978325
0.9570815
1.7670385
0.8932205
1.811895
0.783452
-0.968272
0.781705
0.175292
1.54889
2.40882
-0.0458157
-2.275705
-1.0304661
3.60712
-0.5006425
