H1_coast_noncoast_z
2.9789356797581
11.1436694292802
8.58863000136219
2.32982576805127
3.30689152863824
5.02247673295008
4.06994046755067
5.86847789969435
4.89012225787088
3.95410548207052
6.48205982853047
0.250979160698092
4.84624055477906
4.92524679040883
4.07753337432967
2.92521469178447
7.84869691254825
3.88061464098641
3.87994405116972
2.51792453718298
3.21313407108244
3.9185702477999
6.529079069069
4.67179054769033
3.9012346598704
3.74494846447748
9.90443894085124
2.69890187543805
3.87071881191626
4.04498852680418
3.79224624177159
7.17751000722668
2.33516598327347
4.16090560281059
7.22851926786258
1.85039552475263
3.09265827811344
6.25562185498657
3.99956714142808
6.04559911536528
3.36340456621089
4.37532065263023
4.65282964646723
5.09926068787028
3.69733183772512
3.02514453670808
3.23486966049968
2.58746125996583
4.46064403477653
3.03482348476794
3.39133429470441
5.38518191108838
6.9026599371589
3.05122478707481
2.11873809468779
3.34007004418489
3.69350260415314
2.14933404215165
5.83774926216106
3.35985759635967
5.28660192839698
4.18735876537515
2.55288778026354
7.06075086066398
6.37557648924794
5.15054143009436
4.48036572790564
4.31190900481369
1.38258574812922
5.54167504981448
6.33845856646531
4.81240979912669
2.94420053490789
3.66531275093097
2.40376417470046
7.06209090978707
4.05067753606869
3.37504782101985
2.70356136858861
2.57766382170389
3.88569733302541
3.90932310704479
2.92286218733781
3.34601563134463
2.6620434187176
4.65358555429683
4.82886486925151
5.88573090841042
8.7940046777028
3.18281290460188
2.85897151401481
2.32145446033134
4.40786715571936
4.69124832930278
4.62850256231199
5.02881273618502
2.04810334137692
2.67277362565657
3.57696582174698
1.33897567116891
3.97342566360986
3.99841819709861
4.75926069587982
5.39303407872742
2.61363266444771
4.33924560758185
4.97433003341962
7.43482249881628
1.94650875172974
2.90859731616887
3.62820240225189
2.83365896987478
3.682583460091
2.55675039270429
4.489785082748
3.68200334027649
2.91355292691114
3.16308571022542
2.96347906514085
2.72099896689348
6.07962071515132
3.94947150990958
1.49708920047642
1.71481671938602
1.06092469411593
3.43866399689607
1.59964521873191
3.18527890088661
2.14052624264385
3.87454908942924
1.54960099160478
2.65671299041647
4.73918627530858
4.30647156863157
2.78442271967358
5.95201940004707
2.12194387297824
4.24385484114512
6.99220192165039
3.93962661223152
7.69723428463104
2.33288074905687
5.0247090700796
8.8519238869011
4.15387438969921
4.108044668352
2.49259388216632
3.34274358819863
4.30230516629563
3.4046976898343
0.00177491252069629
4.3559711091234
3.69113924015521
8.08533783971109
4.85713190717685
5.63176988070885
7.60073353445578
6.70481322876951
3.11900745874407
9.98951322340469
8.15762166475521
5.69765198188289
2.10285696116935
6.08868468855046
7.4730199584595
9.77378905865942
7.74622106920508
3.29849673388949
3.17142496942816
3.9924937637844
5.69301742516515
4.30569483775887
4.14147512957752
2.70217205105598
3.4278489668354
2.89749020598554
3.26141414959867
3.34858944149357
4.48725153444016
6.08557692129025
3.5189959912953
3.60511638334643
5.38049335055513
4.863072457807
2.90613255169122
2.33816348394617
2.57482564223104
4.86097795283678
6.47370919242137
5.106104759602
2.94530210829615
7.61566977460471
7.34900115369325
7.07835897555524
5.41512532305425
3.28671146980551
6.2320966930467
5.27465471436383
5.63147002506722
7.10032751087228
4.04358222339304
4.26231336169362
5.42512338646719
5.0711547914896
3.20021584080193
5.57952241294348
4.3821620441678
3.42360896185897
6.77748666139936
5.38628645794643
2.08968971805399
4.40603875212344
4.80504256355375
10.1896040847221
4.13390492344374
2.32427432073524
2.39782783053356
2.29450829154672
4.22897478654911
3.35219286496707
7.2884945970028
4.28881538468116
2.46213057385677
5.3279926370948
4.43827789858017
4.37460443747768
2.68318782591883
3.51712495672703
5.23382909092792
2.35136968823605
4.34405533511395
3.55673507239327
4.0625805339198
3.05244951963507
6.24166405423366
2.20432687289163
6.60968447882501
3.88879657020037
4.23558089222295
4.60920821943268
5.74964783241774
4.64597370120313
4.68686462866715
1.64358425892563
2.8056962768191
4.80959086857753
4.71232090220357
2.12844980339167
1.03965633793713
3.46052565770665
3.35053641448874
7.44885581779652
4.58002241335177
2.29926792114733
4.06223680091485
3.92616605443069
6.08541617073531
3.19206254001137
5.63484043935178
3.8342887488137
4.16639279132972
4.21463489331915
6.84025340581044
5.89337451737928
0.846507439117054
2.89037967315482
3.5943523722797
1.82449291551341
1.60092855275426
1.483522889935
4.44756617249886
1.87408057069721
5.63445377401683
4.05209862565847
2.53477487492079
4.48656692093155
6.45700186195776
3.25522797248455
3.97657820218751
3.61805525251568
4.25955441252788
5.67969054039614
6.10405872694409
3.59879497541351
1.75743588685411
2.90133258457882
2.18074759852203
2.98913092850075
5.34663888872304
4.0415863733952
7.66009781002233
3.47669749943834
3.04460231793442
3.22784129935957
5.75883960666211
2.17931735749501
1.20841986578286
2.28347156974943
1.91888729025789
4.01146317732314
3.12206335635584
3.76070106365464
3.27433624695906
6.00207512683371
3.16098644601644
4.59130665456196
6.08802823937849
3.70677920133211
5.67003470338452
5.13484918031004
3.0659764323066
4.28440541647762
3.93882524303567
2.84144612624592
0.250979160698092
5.22329478569036
3.79587842039615
2.42704854831824
3.74201281803696
3.45241179141226
3.23530284215067
3.75614932782736
0.955727197001612
4.60370162370446
4.305206803931
5.42994834976806
3.69900063208757
6.51896498564416
4.02159722312838
2.80737133260394
3.63158327280985
2.00269127564729
3.38388907531478
2.6346995290796
4.58829581754179
4.79228191449292
3.68361667520532
2.21718620945209
4.79665032391777
4.11639396831453
3.82537584036614
3.23665989210188
4.53177085804328
7.82504447190987
2.5118798583367
2.72413017003845
3.29032409915466
4.07123793290193
4.47952698932654
3.23451086130292
4.27561516307008
4.03550585058978
4.99725225309133
7.62093767529693
5.72093134453001
0.963992843601466
4.27809985013458
0.250979160698092
3.98697979073769
3.14397649937238
2.38211865918157
6.21177469580729
4.61100073538341
5.08627431975901
6.48172106897694
8.60776331661875
3.35892411163197
4.66544925077609
5.90387712354406
3.7171518140447
3.92938688181514
4.08197827554065
3.94334382451348
1.74857142457875
4.06074547857289
5.14566325991557
4.23952037711589
2.75303461584109
2.9953936794375
6.53108396319188
0.613460647084617
1.13917756924081
1.10718623437035
1.01709417584402
0.39854322008951
0.882974295963652
1.33605859456184
3.81401028850763
1.40815300178457
6.63124268479597
2.9020059663245
3.31144292582872
1.63581116394985
4.53192032507103
2.15970944575406
5.71465298436862
3.41369055796828
4.54723474132432
2.56075574731713
3.09526180299771
8.40682382639376
13.0316786600514
4.13275525922806
2.2884346639185
4.0101834887692
6.64891166283278
2.73506069037083
2.63075072752475
2.62175246416469
6.8395176870141
3.04893615509632
2.04729707372972
4.7607468781903
8.44984508654957
3.37066760380297
6.05183579332427
2.23954728914239
3.95586868222541
4.57255744351127
5.44049349831669
0.944982752151524
1.86705870552585
2.41751611937381
4.17958102990738
5.98609291611496
3.29901257690728
5.12736754089477
1.91987912196343
4.05426183345368
3.6846618271353
9.95629269891542
1.93964499537203
3.4096451359065
6.03607399958357
1.86869198779111
8.25010765861356
2.2177744514393
2.06247567130758
6.24606893089749
6.85457118937996
7.53576971974485
6.49054272662226
1.63492056670143
4.850833796817
2.94409490278829
4.81425823470508
2.86445810839324
4.57979578026714
3.36460536241818
4.73967876965372
5.26261467004714
7.90784307434971
2.91135016920618
2.03644146543791
4.21634376996834
4.2160921758987
2.56242770409945
5.75468824275847
3.51845226784038
6.97901974521993
5.5350449959949
9.6166185395174
5.22694525162185
5.3487025589417
2.08813399510535
2.77132178302008
4.76833730899652
3.73250171185059
0.570068353010389
0.312496007122497
3.69272151872542
5.12983641385784
1.61079496697094
0.628754034310542
3.35657756962788
0.797707033925937
1.73026228132338
4.53283976925397
3.10592851087583
5.7837834162928
3.8402012050598
3.18416165080624
5.83061747919758
2.64191301091698
4.52359131565196
4.56693116007423
8.62221285710106
4.04691494274237
0.00177491252069629
0.421064712209165
0.427360888157972
0.00177491252069629
0.091165438860179
4.16677871558859
3.07473061368047
3.87142418371037
2.98870277272002
4.69399636677763
2.45727380821182
2.37293272058746
1.36147360786566
3.24059900776213
8.51922117183909
6.24945872098358
1.99710606600075
4.7285936869426
5.97208023911974
4.53392070820289
3.72713787065841
6.26193396627571
5.01554694707158
2.30298127761155
5.00852685080597
5.88246559050899
3.71524271172982
1.94537708872543
5.00379589703261
1.59645294884473
8.06665777314308
4.0955801770396
1.60773883406753
2.43722810713732
2.12670368100181
4.11894096324717
5.52435195930841
8.72840668639399
2.49585218192873
2.94187875484988
2.8510349057297
3.45751680308969
5.64817065975355
1.72310975923567
6.55931113394795
3.92696551137426
1.8344653997219
8.28457867964421
3.29724249519456
5.1331476083515
2.86933653512832
3.35080375215776
5.04924108757774
2.53620670937233
4.94268859808069
2.51804254924703
5.15467110201935
3.29298167572012
5.2912027986718
3.00228961423746
3.26340386261913
6.96317274567437
7.38380680542966
2.10344358808961
4.52515376393473
3.44873434087418
4.17126718071667
3.38719026387859
5.70223102314175
6.69030547660319
3.54109858431388
6.55486338624071
5.22345234881072
1.50018653731992
3.58410137353547
6.92688362947329
3.56991955538294
5.46759328401136
2.68157515042143
5.09429464063602
2.24681034781184
5.51077119496467
3.75845007908986
3.40730179217833
3.78114711983916
3.63646005396869
4.70499427776612
2.62620487021531
2.48187356636651
4.13431253762664
6.37134469983913
5.04170305662505
7.56967908058197
2.14511416808765
4.06536665503486
4.27953285193096
6.07059816888434
7.08912971766655
3.22593344496115
3.3466522267473
3.43268449477932
3.37931537098643
2.28767406308789
2.16304084040794
5.10734313970468
7.9499283564992
2.99174200836815
13.2405811902847
2.77914606378036
4.17886223547134
4.2042375092158
3.61795249710383
6.12183966828368
3.86853410987201
4.46326946227927
4.31119099940035
4.50498899000241
3.4501103646155
7.04534368664866
3.64645292587837
7.05728420464614
2.16159239561619
1.33865663579214
5.17123891145159
6.82738831220036
5.07094011314608
4.13954029787539
7.11939753738339
7.44166697062916
3.35508578151108
4.77125479269541
3.753271872834
2.69022112495923
3.43249718222813
2.07854909297348
3.65613125820852
3.52763926396651
1.91833407269985
4.37859123005989
5.41886486082617
8.91743128281117
2.36304084004546
4.42854696128693
4.80889638965782
1.92083856400102
3.76328420574334
3.35840081702583
3.07704415590484
0.733308666198046
5.04001947507189
8.13367460873034
6.95100397071174
5.20550335826736
4.67203464293724
0.820221958072842
2.9352121295558
5.30246714694047
4.99244085391672
4.13290210031799
4.15329868384431
3.79277986934532
3.95774310293892
7.69200971332068
5.95365844331123
7.94599376323631
5.55215415005927
2.53083752887469
2.92300333905586
3.07654308015341
4.40333341487295
2.12225386979872
2.77326723773644
4.63738177661944
3.31233411953184
5.99537177999988
3.80150575993172
5.26944250055537
9.39649214579348
4.30736021645984
2.51113237891129
3.06845499475354
3.69277019990615
4.25570683000328
4.02638140866068
2.80725949084862
1.96658609364592
2.13332365981851
5.85269827100655
3.93659016474929
3.15153902161163
5.26786885879411
8.87747779385056
2.3129837662295
4.51562953274627
5.99005879705981
4.30437402095118
2.51005274132525
3.31353151300033
4.21625925503233
3.68368251884695
3.96213529539313
7.27225058734108
3.31018951878835
10.8139941242868
9.37578971056118
2.16902074925911
5.18228821836232
4.1705894580529
2.95218515842455
3.44089902910558
2.64490975621563
5.56145923057922
3.78423808626981
5.98289856269369
3.29811342202404
3.84563701828578
4.11504402648905
4.07157489024819
4.34180104320599
4.3197296707129
2.60196052528596
2.44569798995289
2.03665986056027
3.42877255337969
5.29914804032923
6.47173099482088
7.36125866213408
2.89896389198262
3.16321346629987
2.27829750224775
3.4689910190298
7.59651761404082
2.10749003656518
3.03137254757836
3.51236265639316
1.77637966734798
4.77598666178436
4.03009088531381
8.57920095300686
4.94215923932974
3.71084897508502
2.51758344470329
4.70807386885283
9.33705855251533
3.28023469631942
3.01868662160557
5.23656046663525
4.12892111078681
5.76718007329434
4.35400503509959
5.42374659988355
6.32122819178691
3.58698752619311
3.91003099954597
4.07169028115954
6.90683912675863
7.1202477146878
5.27441679515698
2.05790246537709
5.0906791759269
3.92282699370714
2.93346986830678
5.13283425293446
2.66425705054402
3.0153030162721
6.75045542219485
3.76616103869144
3.6282932175907
5.59847558238249
1.9019586813717
2.86866490392697
3.91940986650276
4.86878418677762
3.47594373382285
2.67177207454235
9.7293590829403
4.21251190603468
4.59090911155929
8.15935427379617
4.16901439541411
3.90162799279555
5.46428079566485
4.71942411890161
3.30305448853173
4.69285702367176
1.44889908807836
3.23940818867088
3.56322578372671
3.97711781512736
8.2783306004888
10.2060213376706
5.76416956860366
4.18650834775336
4.16566709152802
1.24965017820495
1.13000837597354
4.87365518736389
2.12694225622307
7.90656475593664
1.13825157237267
3.27908901678278
1.7130537638152
0.863429852251039
5.5620352447676
2.74503345146121
1.68841202587477
2.26757392342497
6.5829088386925
7.90297052214946
7.00238468629313
4.56622066065721
5.01313859735804
5.45552146056207
3.29736425792069
3.74471328428661
5.17510516019604
3.1467782523996
4.682275029151
4.37722841072577
10.4852422244883
8.29307668599322
8.3660960959552
3.47942302335576
4.82953110879122
5.86095206193104
5.29658261717371
2.44864915319403
3.28910153363998
6.40715037616547
4.60170892756908
2.61891749972548
4.74565690348737
4.03664626766191
3.99110553603624
3.4288696816661
1.95894831879139
5.60319265869574
7.90250312834994
3.52108553304152
4.5305941176547
1.43031553775269
2.31489190610994
4.44176698938813
6.60060173036782
4.07983097261828
3.01798930299047
2.85751239967014
3.1543461631593
7.05820394368555
2.5873991414749
3.86821963234865
8.76752823391625
7.35821882954435
5.23612056569267
6.81801923057363
3.50784620819526
7.43518796094187
5.27536767976058
5.63126258839139
4.90149850595944
3.02872722325944
4.04291552280455
2.45856867079625
3.27820072589831
3.64721718059171
5.05955278340274
4.97530791917764
2.79087728560454
8.53090537479238
2.30651585467643
4.67076433561115
1.6360361637808
5.14661553309709
2.75042399683284
5.16602326767094
1.93243755851079
3.59954034377639
2.24534451773126
4.43603035033655
2.16400736436766
2.68957904171035
2.93550873041369
5.29493313142883
1.39504224684424
2.71208898803331
2.50897464667566
3.56786933627922
2.43420428421002
1.53527157000823
6.76434264248819
8.31712827611021
2.1108920255285
4.66516656743943
3.99674916087434
4.52870248719671
9.12434152936503
2.42509250770853
4.20340238659396
5.06355008415432
4.9990576678478
4.89003089594203
4.77375839311108
3.58116383549919
3.33039755449258
3.62203365210498
3.25096387662817
6.51784804140909
8.07659461322179
2.42983211285881
5.80832311126241
4.93314745621737
5.06239021027001
0.695381707955387
4.1405251252573
2.63326036589174
1.97798401028843
4.08728098131447
2.09573059097207
5.73145246412919
4.22226347271467
4.93495862201956
3.26727723689719
3.84395457559582
4.52343243449414
2.52638305538426
2.8483940638681
1.22475451561419
2.84156507239651
1.65900543760728
3.35444700126593
1.93674060294829
3.87915334652294
3.02177614135747
2.09943932959446
4.99832769416225
8.38161254548262
1.97648396748154
4.82984034029019
4.92444501612888
4.52183989490332
4.12677038126439
7.43980432562038
5.01811230415402
3.75356828841698
3.41415439541266
3.37981690736917
2.02184342794171
5.28193895951354
12.4373928809164
3.65472217946119
4.09450143001439
2.46720635114479
3.56799383812218
3.13628115080898
6.24661477677868
1.75007465877347
3.28263327133796
3.04373837714333
4.66272674796413
2.45216681528991
7.06967650526638
5.96100565397937
2.76186334880999
1.99286101804111
2.34394108544296
2.38593083076905
4.67556794517187
2.61289112759669
2.1041295633561
5.42502349936639
3.46866063727796
4.89387625910399
2.79155407561331
2.51051079216026
2.11609095491459
5.11721261689404
2.04888726600687
4.35930736018652
0.250979160698092
5.63198256186469
3.20913686673619
4.25003025455372
3.47119327634649
6.67517442708589
3.26606786342087
2.84382589581287
3.82712712098292
3.81426531602638
0.914909642596008
5.59447875423921
6.75891573926158
1.67812195409412
3.04508529740031
2.69464461853481
3.40929658943682
3.54012246849434
4.27069456010361
4.8386426353231
2.60368278432872
2.45896636412838
3.05901205956371
3.16616198069013
4.60183221768176
3.95096344156847
9.21574896399903
4.1936965359801
7.07993637000016
2.15569499907489
4.94613465580791
4.69560616574891
4.84393705217328
2.73475510531736
6.29936281826546
5.36039605434228
0.937025888862896
4.33740989945377
4.84567642092353
2.74365923627772
7.40304871398872
1.57351346438759
5.35057474114214
7.9214107276118
5.77180210936456
4.52847597843253
3.38480029406355
2.74135985821585
3.32483530622492
4.27409618682754
4.09870415995579
5.59272726593241
2.58155209493814
3.39233898664336
5.4425523294036
2.42132082428054
5.18181461674378
3.66512728725708
3.60097120835125
4.80637668963125
4.78364659398406
4.38687131360759
4.62040836452848
5.59306259196764
2.87981885862405
7.72597066414772
8.03765318251414
2.27734906708113
2.02928791975824
4.84629224548377
1.94762942459399
5.44738012088783
1.5570177710971
8.20756627018325
1.91276673116687
5.32663077008605
4.60056039956868
3.7527575859521
3.53540931216523
1.45639011427728
4.30845323901036
4.12015633480512
3.6213341811906
3.18193588110534
4.09277082225451
6.13913016898211
1.87713902261455
3.95752725772407
3.92453565389024
3.07621625998694
3.96600754612832
5.62641568670331
7.24569093697743
3.7596367385388
5.27188313833253
2.49331951033127
4.92550859970091
5.33748569050391
3.29458057592956
4.73535820430891
7.64957960341511
4.90858778062607
2.63949526139801
5.36155406337484
1.26356775317828
4.27303774005024
2.54697930680051
5.0468646483811
0.996984279739194
7.19164498524104
4.4797621668829
2.29644888822763
6.28102610840227
4.97147679964623
5.77310365700046
3.60691604591359
1.9763027841507
4.92364727827754
3.07408071167543
0.946413026421539
8.84332169860697
4.08694709502732
3.28562124332004
3.42867906258415
7.2766794834196
4.13153586809743
3.66938443056276
3.1444663180505
7.74377169613316
4.5648909831615
6.00600359348175
2.64112213483115
3.43724940209279
3.57131054757711
6.01695737223791
4.24960053006988
4.74052537734839
6.37223224640033
1.68631153002045
2.65490631020296
2.51903127616802
3.45843850489829
2.99321886783822
6.31828623106517
4.33698785677932
2.46818442159799
6.6632420003555
5.65602825800948
4.25605402750756
3.46524097987872
4.72525399522062
4.91494933752455
6.12437695654934
2.20234343914719
3.75699921865377
3.683290560953
2.47284553261743
2.23411901625512
7.09307909943273
6.52930305111019
6.76568079079113
6.48673239413686
3.32812217868409
2.45206639255417
3.61852227904381
6.19372505654749
4.78484816129342
6.94364462349888
3.38327107309452
4.41205164663413
7.81325701775868
3.05918671563562
4.71078427610205
1.98760846238678
3.80468116074409
6.21757250990337
4.25233951154649
1.38229479660534
7.8408319933437
6.49423626140383
3.78199165923659
3.50502371078921
3.3787785097541
7.207126586311
3.73260250722152
6.52087242452579
2.96873745690429
3.05840392997554
4.43320579120789
7.01255802378557
4.65253163299557
2.41787886517956
6.37016098093921
2.17983917890109
3.47078909536415
2.58918331514149
2.36859390733721
2.10177943117142
6.20532100010129
4.17182869411642
3.12742123423976
4.22367910075346
4.0830777148153
3.11110021536437
8.86011118172074
6.25212540606629
4.38746712600404
5.99596831643774
2.78064811704601
4.61796792766885
4.07231888713349
3.51875353417748
4.46111785967251
2.73520480686226
3.67061300147792
4.3566812967688
5.10350032342818
6.09834469652781
5.24588197200341
2.93811452953924
4.14096218120936
3.92129089548212
5.10650790290936
2.34747492558206
1.56552310612213
4.96836404285078
2.94441952721652
7.45345195225942
1.81541986319839
4.01202603991844
3.42901985651681
7.4937819101402
4.8111963371965
4.39804484437252
1.94546387275475
4.75274902284711
3.8644626083231
5.05956268655874
6.94724074547569
4.82113102162676
3.9237158182014
7.32412706273982
2.71693828952663
4.23521285772612
3.25787031041567
2.60722828508867
4.97953267705941
4.53928867842678
3.36378527824889
2.63291482790097
4.29131852410728
6.63294292005769
5.87650957756612
6.09237682189471
2.15090013227874
3.82559917508614
2.32742734937871
3.13327136853114
3.41073180217676
5.56180262259383
9.12889378556674
8.51731612497728
3.25349466604703
6.57780180126075
1.50954942338366
1.59351228986353
7.40562257723039
6.40446777972895
2.19364024717927
5.80819236367364
4.47656396192466
5.47067599801346
5.61999600862341
1.58747655118501
3.42930500389121
5.26170158390961
2.83128716873991
3.02409106626916
4.02004141313103
2.56865362593724
4.11089959407394
5.37289781606145
4.00867171807307
2.5712821638674
2.12513078621648
2.90872513860092
7.87483504742203
3.83012678156764
6.68133973794801
3.14018841484715
5.29204196145356
4.04325077378517
5.0256733774248
3.44959548168424
2.95017335932511
2.885750942061
1.04856433263957
7.95574167098636
5.13578186072297
4.55472806795097
2.48097703531176
8.37352656238713
5.94904559271808
3.65288323273052
3.4757402332327
5.80203674134848
5.12826775581165
6.61132476780787
4.03155760786544
5.42709010908271
10.0255299151332
3.54725604056393
1.64044853561323
0.250979160698092
3.51263199057802
7.50473829724139
2.94903044751206
7.19024420378167
4.27793142304487
6.88351756591784
9.60216377404404
5.34878799237961
4.60637625472404
2.18023842004958
6.28805121567073
6.42553534233906
5.50670104181355
6.72636116477819
4.10137572760961
3.51598068219637
3.16988039940457
1.96090852614725
2.94890445683208
3.07091101596049
6.55862009831744
4.7921141809508
5.49550494941356
6.55912722692156
3.74170097840348
3.61804467902967
2.77109695508806
3.39788728350459
2.75969046228091
4.85221213184945
4.32981620424869
6.25303966131548
5.23221145940923
2.18650861533665
4.40710747750249
3.60315989047622
2.03491865395444
4.2039491777869
3.44306455221655
2.95183741190756
3.7327311165124
4.7242856676339
1.63030668572398
6.64343871495641
2.36521725419241
4.42824914061123
2.96531754345745
2.1704252552724
1.89729589580532
4.18132405990843
4.07027249640139
7.21643042908752
2.82361537033561
5.7331515603771
1.75886346934403
4.39317335718173
8.87376352065469
2.7183173260121
3.74885366262687
3.7956721593138
7.12802994802604
4.17095981213481
7.40161384556054
2.77202875986744
4.12239034511456
4.56635189076489
4.18148122739687
5.43295196953683
2.3363477892826
5.84700179834591
3.32302313808875
2.89187167191397
2.0196676000417
4.2905360190609
6.53150133605856
8.16037180060522
3.78502408147257
4.55867287731999
5.15275077610528
5.67688528376398
1.46116044658275
4.86049609486874
3.05302227532107
6.0366027375238
3.71618594306422
3.16390147903884
1.2036366029664
3.16384030274219
4.09070207085546
5.80655389930555
3.85208815393861
5.22216495433915
1.43552950809633
4.77875671894121
3.50757704497397
2.52102557323774
1.95416973221889
6.101848579517
4.09897769435708
4.69365783908891
5.5011133885672
4.63804908142632
4.46096824594664
4.3553803536923
3.46128191786803
3.71225442726319
4.74610609646003
6.53638819712905
5.32833389083737
2.71634826663312
1.10086698240473
3.98220263712748
4.21085861858523
4.43449251557801
3.87597341058194
5.85857937992101
7.67501897812076
2.86138397309713
4.83506279204376
2.96999165956134
2.44960777401299
3.9223309058813
3.05356015811539
2.44798090061284
3.95373373908222
5.54125039412447
5.44808505472516
6.110188652976
6.22471739977546
5.91990488991321
7.30745694594612
1.97006262444868
6.1067256230914
2.10363711897362
1.81882636138168
6.21983588913843
5.75435446736272
3.71807948364315
6.00893652274315
2.01274711595766
2.97606464030174
7.66205510470437
2.80489353854184
3.48748179175218
6.33657094003767
3.04123227584243
2.9697690875145
4.77665494448099
3.95934090670042
7.73817773075308
1.69026481768274
3.55868879070905
2.60762926524163
1.22000887640352
2.82918339660062
8.11945529588814
7.28910707990811
4.71489880428722
3.36336975319677
4.63857184547168
10.006794817571
2.72972071511218
3.40018854016153
2.78292819597628
3.50387263922998
2.87078669590954
5.3812650229282
7.17423610995566
1.23400931689793
5.69252217724634
4.02752203696481
6.83091184840574
6.17616559478124
2.64399570162988
1.83208329366829
2.54619052832143
6.28177176256326
3.77966720372509
2.43769453922556
4.3585799854523
6.17861706379669
5.059588767914
2.86545395851443
5.62026842339275
5.34017967127182
2.85879193886296
9.70855818718078
8.70565920145918
2.60328380325889
4.3884095212953
3.91038564932046
1.28315277365624
3.60555755254433
1.56821703188345
2.4251206192355
4.56049188863571
8.69761060524564
3.85304369348567
2.31381934219047
5.57002827638116
6.31648282132722
4.84064103680582
4.23148372790912
5.1653130534981
4.67499958984512
1.75711932943672
6.21787113403981
3.45761395618486
3.35446701044367
3.02870465896113
7.0549245370367
1.39675818268976
2.37482360037753
3.63845609685547
3.48708334545879
3.00251329061933
3.87756246324425
5.37040622028293
2.35297387330374
5.94739503469445
6.87891506642411
4.38964608652704
4.42610624605631
2.09900483396924
2.00248892556259
5.80236688878256
3.06895301872247
7.69735172255577
4.94880210147809
9.41360894274992
3.05446022376717
6.30317320263634
3.90965763104999
5.52006755259243
5.89949011516786
3.52186930745561
3.36340421033785
3.65689212932835
2.19365043125952
3.3355029444599
2.67585876248246
2.12529785894738
2.21743985722787
4.11932485674076
6.99743327851951
2.74598571962936
6.5696424765398
4.81820184027035
3.32998730299311
2.49979951434423
3.62166018676967
1.19263368873451
2.56569563283833
4.0286307270718
2.08726279882137
5.72359150218546
3.65830912287392
1.79143543783103
4.30035921387426
3.49817932957211
5.40077205898889
3.21809890273338
4.55542674223155
2.36940516328227
1.04661020912213
5.18916818126566
2.5909531442528
3.90279343094304
2.47149668128124
4.48024233658332
2.98380020895876
4.03936656107071
5.22305504449593
3.23562872115938
3.79497439780523
6.05465025115238
2.6605757134268
1.93007163087926
2.24877023312977
4.63557328237349
2.65391285832086
2.66350936559342
5.32146616203654
2.9268824417663
4.56101361454979
3.06648113164198
3.70505531276044
2.100023027413
3.75486588799344
4.01926601120037
4.84599085548902
5.76342858708341
1.32914574452544
5.07194772963471
3.80041722913909
4.13431898121721
6.88703696429525
3.80998384862426
9.08316326582281
2.10715404046448
5.86814604198074
5.15184292411976
8.74350956202875
4.54853214906015
7.88766323325045
5.0240755777719
5.50708148131195
4.78781054730794
2.27253747943822
3.1342878077801
3.0416877015517
2.59222967957954
3.89699209690425
4.70246772889217
2.2476537792931
3.24307842896577
3.66233620968411
7.09683067602325
8.28217257191426
4.6428446395327
2.66483356636476
6.97267160368723
6.55976286973766
6.30493254298708
2.68240719092099
1.27801139190504
5.17346609680969
3.32326973968453
3.83047631772367
5.41216951627049
2.53046113417789
3.92856086156104
4.05123565810318
3.46887030571195
6.54532869457109
6.55124130228991
4.1912969205287
3.47272276637743
5.28353701553947
6.7687782722801
4.8591130150734
1.76867233902003
3.36479125133823
5.22652048730937
7.81747213077253
5.04369094446849
4.97687284928469
2.84319312966804
7.92384081748946
6.51595606012551
3.09136488319431
3.55843425450337
4.67868787369701
6.09922251427436
3.98205453728096
3.640060210538
4.48210330525518
5.71787057999986
3.61593040635623
1.44960876429984
5.55049273423172
1.31488436060363
7.78634960973835
3.66372559019008
8.31777176491547
5.93064425374679
5.23248309474967
3.12137413980179
6.44146255365177
4.62837565077629
4.91968846495303
6.60193903870344
5.1227637200194
5.7179764155579
3.22234783479165
4.39799797150604
9.10821931272462
3.80270824277978
9.02786773415813
3.52570293724173
4.85586641344385
4.49747540874121
3.99455452626871
4.92689824568095
3.23652439900083
5.26665927314857
5.32158438068173
3.48864850754953
3.93076305008298
6.12027271637799
6.22841274247782
3.84510288050465
2.50065440282237
3.78830163730125
4.72959267610403
6.41814748522285
3.61236501465629
6.7047724747199
6.64564142518403
3.75213296778457
4.57539419804125
5.44605363712315
3.99724774064225
3.74095331627043
7.84321282302246
3.41494662078388
4.76435182543104
3.52471578289443
3.87095383412538
4.95222069634059
3.33149749427813
3.24529067065867
5.20593759560747
5.48305439969659
7.28286343931828
0.867859329743846
6.14950906048648
3.38711757534322
4.8791740215091
5.03515027198659
7.44404572496236
3.04277593607051
3.20993684598597
0.98320978623186
3.5629094591411
3.28501982628191
6.27749690859601
4.33599793227456
4.53392755996259
3.65836461859983
2.0633232364546
4.35835199116795
3.45076026256347
3.54186436108551
2.75614392871648
3.00265593986682
5.16083874370241
2.96881177224825
2.51925760474083
3.45500920542768
1.83412140422432
3.61964983656115
1.90880344844343
6.13162304111919
3.44618953052182
3.47651890768244
3.75869402581409
4.3421603216586
3.67692998352504
4.0376246784579
3.72622488877477
5.30932384261621
5.59724088078298
5.46995800446742
4.30046081591068
3.62116043928326
3.83409116090384
4.2680269296696
9.45928883286939
5.71175466161465
3.9698735347975
5.10673685702787
1.82365124410508
5.45511363866283
1.98510443158075
3.97757620576219
3.29840951507872
6.65400124193724
2.85341664695761
1.90369559351015
3.77647852580643
7.4128706589748
3.05736247470949
4.09674577098752
1.18317108371885
6.64421090020228
3.31183840921255
3.31112039287643
5.68159724708095
4.8085278657342
2.23216550744831
2.63134935685232
2.28159695416453
5.16417025870959
5.12707067378334
4.53528597568214
7.53869073539575
5.13366065202911
4.83465027760226
5.43862388499893
8.65903760649151
3.95599339607831
7.43570713599997
8.98223429736538
5.17147409811367
3.33481506076054
3.18769181443422
6.68634355988644
7.19330804075242
6.33739321929535
4.70307113047937
5.99022544130959
3.49729353245949
1.6708297136855
5.0617395023895
2.24153524880561
4.45405041855653
2.38264653246996
1.43600266948171
2.66023513860391
4.99158334550233
5.84282053673783
4.23570732195865
5.76516295595315
2.36161513065468
5.29707270766542
2.09790504898674
3.54198880206844
5.80526244359179
2.87612323993787
3.53202079459449
5.46065193186955
4.63882104398963
1.51967347783408
5.32216737538886
1.15740082633843
4.58345201245022
1.77234263613878
3.27906366135216
4.52455407270958
7.85448845320634
5.67432132446443
5.01920299054602
4.59987325983288
2.6365877052643
9.24141830156187
6.95780505283907
1.57548459922121
3.13992130840948
4.77239292244662
4.59360495104308
5.17028763698208
4.30167928959011
1.34723746271935
6.76396970191383
2.79512385502055
3.97679559800419
3.13952387015998
1.07770986947798
6.03312254275124
3.83826384598345
6.47965631391836
6.62684173356903
1.52949671659014
4.6432020796725
5.23124449605187
6.32114516075983
3.71024709359289
4.60785285372897
2.58336385898478
5.71452470778996
2.77243162957918
3.42191685809791
2.79203394640484
4.07688594327377
10.6295881758429
8.59931862745558
2.5158018661683
1.9148299771447
3.28270531349879
3.5980024587245
2.20835066431008
5.3767552362223
2.73678185506685
5.63074185792958
5.92351809678154
2.86855847245598
5.20352313302344
8.33547200643875
2.37827458928868
4.0910186742792
2.13078516143705
3.47431016728073
4.63346195410829
1.079521100834
2.87284940223345
3.02903206868679
6.93858753362469
3.87638263191913
2.79357130683491
2.3276874884456
3.06589015074828
6.62291224367835
3.62854022979165
6.81492305216264
4.99099912929203
10.2295526869347
2.11130298187173
4.09149186548117
3.15937029950189
3.17565304717885
2.87252327371163
4.59888103871239
5.86882577464911
3.81132717897716
6.24446814870107
3.1333458789393
2.32360846821358
2.96341921583617
1.60756344215821
4.70229175875121
3.64009191932113
11.3368901821119
3.87903181178606
3.28802742867013
2.96683043973304
8.46555781289029
3.06358191263289
4.65483685471727
5.16960070573479
2.61980513950936
2.48864618582343
2.22301723308265
0.250979160698092
3.1903942591776
2.24793026361949
3.52335498416193
2.24961794127241
2.47472154604831
0.560952995052094
5.39312646392495
1.81881875039448
3.66623469898874
6.92917416674422
2.42851610421008
4.44856841229897
2.86414020039018
2.50769460595304
2.86380526367696
3.83925233177514
1.99175871632238
6.37540234980433
2.26224628738814
2.19638779844229
5.07488376157642
2.65687272772863
2.73321316878674
1.68572106647809
6.76778587549753
2.28918243855626
2.27383159970822
1.65763374591797
5.86326654056942
2.06716656064556
4.27220652783023
1.36720730979527
0.250979160698092
1.87520293031244
2.53685112582726
3.34791362168529
2.6746936836505
2.97523274871041
2.9613897087672
7.76540595877223
3.49091088751036
3.2890921374828
2.2994197169946
2.33467715946174
2.73673717259174
3.37822689331034
2.82514283578517
0.250979160698092
6.10041984215432
3.62005082203886
3.70343864404699
2.0503565433366
2.7169756080179
3.08354686860095
3.54825761642513
7.3655575818607
4.40368031954644
4.83449028989129
5.70673674127838
5.82327659229403
5.63051605277647
3.40694767436614
3.97510653278633
3.98700362463929
2.9108297984297
2.34254243582934
2.89280179805079
8.89286700946898
5.2572914629977
4.42861181104907
6.85599518927021
7.30326474714854
3.60487912608273
3.85966295555192
2.83446126622035
5.17578969205149
5.03555700495565
8.49117955445158
6.17837856932873
6.9997544811539
8.23230285361755
6.75168498143647
4.95153765260873
2.86253961506344
5.77430313323619
3.01458871399198
2.34443396432206
1.79301482348246
5.27781473256604
3.66516903836865
4.32173103629158
3.58464001723134
3.84257944439842
4.36603019516929
5.31315541681438
2.03469286081829
5.54971141173037
2.97274294290782
4.03130216781822
4.14072836608087
2.58063108299165
3.33508713068037
3.07587928750319
4.79191164764325
5.6210860357091
6.85324198135426
2.76086649039895
3.33889827324828
5.21544628900674
7.18410246711294
5.17193776116639
3.049498573994
4.14454836608307
4.06690823216086
4.14999318685909
3.76749849239053
2.6982534864648
3.40787127099886
2.71911534945492
2.67004295021424
3.12600861836465
4.3195367198129
1.64838957253396
4.83391963701841
4.97234816163835
3.63530894043197
3.67393861047505
8.5410167878844
1.86913367048247
4.18702324134243
2.03883864260366
2.46339489175492
1.87688556850709
4.33273421493055
2.29408236858544
3.80202944472737
1.70250742428592
4.63785628897864
4.39708151370406
8.20006239669375
7.02438986508308
3.59016848672224
5.8341980581956
4.70111598658116
6.83589838595602
3.84255339978782
7.21777978462053
2.89156883462983
5.41199186074784
3.31364237378803
4.43760050406664
3.10749238309275
4.5773342620121
6.08811644720116
4.45362366953768
2.69917956085853
4.54760420359976
2.22586561308982
3.21642798567939
3.33944913851334
5.6643707611982
4.29002058950348
7.00851312414733
3.08338780287358
2.4211776829943
4.7308627307086
3.91966389353556
5.84603588238763
3.7759958690708
3.54728395923426
9.7187938219771
4.24090839123021
3.3461855734084
4.22807393009593
1.75112026398807
2.22733518983631
2.02533033579043
4.0140490099337
6.53794067932178
4.43251489845277
3.62776085885022
4.83153014119498
6.12514350490145
3.20642073393269
2.49862021841902
7.83502232182302
3.06559676788135
5.33863329786211
3.2716285659566
3.62598155933903
5.82288139849033
2.29043711854653
4.30936081785476
3.98176788458062
5.34106369984212
2.04564765295471
4.25713183745106
3.22067587964367
3.94793201727611
3.82043780694129
6.29492907247393
2.96807404139936
6.81551235399137
4.12836204607545
4.61984362929552
5.40300161379769
3.09579769095196
2.88090494828747
4.36462302787416
3.70905716228913
5.42180664555105
2.60574962175932
4.78684693531533
3.75375831722525
2.1289225606696
4.40135273175021
3.47561228304779
3.61037043770497
1.31942290317898
8.15874485976215
4.89788437754618
3.31559379651562
3.99339168689016
2.23715974570232
2.34743399319284
2.74606215664622
4.24815499321112
3.93326426664083
2.61974335978471
5.75374390941393
4.55107866961384
4.54617108769007
5.21939248917833
6.9797382371221
4.70628158225636
2.96612765827056
3.98315573323634
2.21251868964875
2.41241005514038
2.88903709759588
5.44422331062227
5.07041972348969
3.846066373742
5.22825644597888
2.67998243951631
3.47461034011063
3.18702793116246
2.63333850813522
4.91120249563697
3.31773484200434
6.82680538583758
5.67740921717299
4.53261045045886
2.58715229589932
7.18533474894808
2.94312617222802
5.41254507977051
4.07596540442782
4.71197910349944
2.74844248067526
1.11252561620042
1.82438011538954
5.7638352997638
3.93897208205685
3.13642813959027
4.64239022051319
4.17735985896588
3.75807683569292
3.03286211000374
5.24562029572737
2.66384995723693
5.21471736662866
3.94649377088085
3.6888722842275
2.14463147807605
3.28947607924317
3.52083245760344
5.00187140239093
4.06671638390177
4.14927626386348
5.81136940991604
2.55185846962933
5.21056756340666
2.93858085033447
4.04807707953804
3.30117087000895
6.85651577766141
7.02210693693065
4.99814760440242
5.84111703268652
5.19279469976963
6.42112714735184
2.33340402407934
2.84980507433659
2.88596053649981
7.23312001998119
7.29843422287449
3.83665266924063
7.9139955145246
4.08876284396014
3.35381341853454
3.16976313609894
4.54794095293304
3.76739407094658
2.31488755329902
2.99106359465564
4.24991879482431
2.91018165823142
4.23192127137288
3.29923874210059
3.26808204087164
1.95472443246926
5.81281222929381
3.29654174200951
4.52990812936997
5.35296222805695
4.83439096200708
4.26140870284795
1.16735852570845
5.56889887933098
5.13156474476876
5.80913708014255
6.86322127108539
3.8817269144416
3.64437265591739
3.7439266723695
2.50553469370489
3.62941282914211
4.69112682650721
5.03004250012112
6.12455395179628
2.47911187806464
3.22635122785451
4.1298110329978
3.38778308946672
5.53444735898473
4.0304688025526
1.98328200908075
3.24927388536204
3.51274753612719
5.82399562416246
4.29615860680027
4.55511309840748
4.31050179729081
6.11082176031556
2.44637151938144
5.52671057550678
5.33179176247496
6.42888205693799
4.09985119288323
3.27384192164065
5.59854853134709
5.31863812874421
5.35156706443465
2.12563000595319
7.31737645945343
6.74383105366648
2.82911647192455
7.7794036861078
2.80962491587154
9.27002540283215
6.84131161826387
4.58941351641256
6.16072258152749
5.40866723676928
2.9338380927849
3.75226102638015
2.2782773268966
5.95240652952485
4.62201019892876
7.58866335619735
3.97303097349906
4.21509154169006
5.11617796952185
2.67206352167006
4.37281014716596
2.68999145122403
4.73950520921158
2.68189077800494
2.30609973621307
0.759085488412583
4.7265853814624
1.59646221999613
2.63861309761484
2.08979279314046
3.59190276029584
5.83554506601731
2.92698164379286
5.0743042071926
5.51662787124603
1.93984701338103
3.23504902366786
7.64445613981043
4.17395749512316
3.0360272572282
6.03259443949938
5.77527543247382
6.84873015843387
2.47323037236024
4.64798321250698
5.4396997013645
2.68253885005348
3.9345056416278
3.91742901971144
2.76192231391869
3.90528450755474
4.61317061396905
5.5184507951967
2.89165422415755
3.02454332363923
0.455838750853629
3.7795923640285
2.64650818986447
3.48809924371141
1.58639981198271
1.25141805824657
1.46987201199144
2.08340515517443
1.78499189668823
1.81863971990814
2.7770751995147
4.66163818073061
2.79132833656579
6.37004662055756
2.61249700599183
3.15404499513696
2.10582605503318
6.66569305775531
6.24089621327691
6.83480028584488
3.04340996506873
5.64996119824417
4.26574930528104
6.51266687437925
3.42412984086743
1.2111882878625
5.71931298670417
3.96607320585332
2.58627832621239
5.48143963005162
6.60598680562391
3.54495269773133
3.57892629677374
3.8088383126732
4.42811383846412
6.63504714018778
2.52765140765046
4.45780765326984
2.25818226142033
4.30084590265136
3.39298349040738
2.64267822113093
1.84157140893139
4.64471546323473
4.51819764342225
4.07425666317256
5.30589180995366
3.23941507847168
1.63566127174733
2.7148813230699
5.02573475921521
7.94318111700063
5.75547593993937
3.8069674020898
2.98744431892363
4.41658973340806
3.36855804312646
4.72397056161182
5.22438099978378
1.6848022925043
3.09912311861727
3.48990854985317
2.14325509246522
2.42761376864902
3.59735460299133
4.46567566970451
3.77833462098365
3.17027038628603
4.66604831744034
0.226865813152232
0.189829897686401
2.04723360558555
6.73992755460077
2.00702140878231
2.86919656821723
3.59720794609324
3.96436766929591
5.05635122309532
9.20129262445831
3.68041597312495
5.50104505627076
4.5917245186514
5.71079236898867
5.59660701348045
3.75474723983244
2.46009684127464
3.76242252839134
6.66552846400843
2.6283966127876
10.8935285693673
9.0965183142311
5.28484820024342
4.61309000057442
2.29757331039524
5.07228497218258
3.74318409935622
2.75340659533039
3.25372462497024
2.68307566765648
5.0229148748451
5.99079084359943
4.2224520680543
9.76246055999034
7.67803722991188
7.2932545639379
6.69781195636671
6.11172804476737
3.61109700977663
1.48830794126741
3.00586148589525
7.44322653056897
2.58010024015508
2.3174548913115
5.038994235611
5.14772649353836
5.42452247030766
3.09452600603811
3.70916190672778
2.35294037123136
5.97413966274529
7.61842968022012
2.35994356296253
4.30506860237018
4.28640285785317
10.0692613426402
8.08107616949163
6.78340281114865
0.250979160698092
5.64079874525154
5.84635664982849
4.82347311944517
5.90681156872506
5.56210542684688
5.53302816742934
5.75581498596544
4.19029097526074
3.74357360644908
2.28508890754359
4.03628572693821
2.65881264913629
3.23997656653741
5.43067991566971
6.55185542276413
4.61580732779268
1.141087075864
6.3459448584185
3.48184208605213
5.75024128478541
8.84791910957554
2.05405153971073
3.81903020807834
3.32264749183769
3.89742991805903
1.78764954479723
4.74190213013114
1.45581030778851
2.59185530613868
2.28177146727201
3.59933326519105
2.04892076044762
6.89501287087561
3.54686158793078
4.93556225538354
4.87644659421276
0.633333011724213
4.39565411874024
1.94048419611231
3.73028633755161
1.92161350504144
4.81961071231286
6.99451667596018
8.5553174108876
3.21140676634661
9.41777613496135
3.53711286143692
2.34007260364705
2.32973711964537
5.66636818147365
2.2068206146304
4.88338353565672
4.03419681194081
9.4701743828297
3.38095933013753
1.58277128587109
2.20327640481283
5.98675690275613
5.40279314058073
4.219768537997
4.36826255581814
5.48270701793052
5.48650886649471
2.47861563589233
3.09820190726583
3.13338941629793
4.79758281140439
4.15471090390388
3.48670024888449
1.57127436488772
1.61006689858414
8.88512322711736
2.06872235137841
5.7885166366805
4.45968252127851
5.17250085142477
2.98044806004467
1.8755746190762
1.82540141806641
5.65856350451108
2.24751605757404
6.56753490923544
4.02724765404405
2.71351244357975
5.51960913385517
2.48207012650521
6.88387320930116
5.73123016491415
1.71641080869667
1.86630989593816
3.77036586375502
5.47852636976046
1.63508772259286
2.86164694569072
2.92108511162912
2.25898678543775
4.05966759711872
3.00526042565643
5.63987365544981
6.92939627332596
4.56629694203859
8.82653252586229
6.40116091045013
5.06616065168754
2.69370925070548
2.96273731711877
4.79212734492532
2.50667212638599
6.69388630428199
2.53513397420537
3.27790055453803
3.76697207571144
6.42607831155938
5.16461221159159
3.88773303216493
5.47672889252676
5.94135183580049
6.28877253425683
3.18026072998067
3.48087500127557
5.10994680209879
6.79787023863083
5.98395085453888
4.52833368470453
3.14541885132915
3.01738335632479
3.28166328254514
3.86033670692627
4.0430412909927
3.83377950979962
2.88541335725089
5.84961232600536
6.08045256012239
3.78724092766207
5.72513976027985
4.11579414321767
3.3005416465612
1.20733953314623
2.60163606776867
2.9649735109198
1.13432410104043
3.00187403305177
6.60807695675026
2.59391583718366
5.48753570046039
2.63466631235543
2.9567663395928
5.59893913263961
2.83071363960405
3.89557987249726
4.67758484382909
4.12976616104307
3.39020690075768
2.92533065166383
6.0077242164323
9.80275317082536
3.71374290563559
3.05588053727573
3.78754636190958
4.54646696708517
0.250979160698092
7.5144017930893
5.97414832703256
1.30685929547299
3.38534761046846
2.54752938782697
3.75207562822596
6.44372055613498
4.17874830075999
5.4617396184307
2.64715094339117
6.10947882062259
8.40167851221693
2.97318570195922
4.08227777940366
5.67529641651098
4.74075564174936
3.20574355711365
2.93932979245084
6.35702343223529
2.53139522135224
2.36844330399479
3.62945844627209
5.31923732634811
2.87424686730867
4.10323788948768
7.04934528774174
2.74583212243659
3.7683103582155
1.77965309939634
1.82018696557673
3.62078163455432
6.50214020226661
1.97414292612758
2.08394667397276
6.91300959373576
7.02383308687234
1.90938204171382
2.46282760431232
2.34073788020893
5.16482306951639
3.0099174193245
3.82107823820679
3.09775516842265
1.81113654032455
4.99549503837701
7.13360701911769
4.47109535969241
1.70353827085658
4.75541263206868
3.01809526757429
6.8424541565516
2.31020252765439
7.42591368716708
2.39972975623831
3.05490798684217
3.56667986967977
6.82482161916762
4.76228405184315
2.85142335130439
7.48849515120436
3.80529099189174
8.38221565980735
4.79573931876511
5.0844554984815
3.01979725785105
8.09694086973465
3.27372342887586
6.44074146069221
5.26261883755605
5.51237703663344
3.69688035502426
5.75500172700356
5.24374016899765
1.82131708562006
4.42172934649183
3.10985587101854
3.88323361196497
4.27675851228244
3.81856331338685
3.0180617544635
5.32398333958576
3.94514960846818
1.54977252921349
2.7373200597467
4.18637487730264
2.02028178584835
2.6889492194198
1.99573386150605
4.19338523271457
5.08891675039126
5.87680746881667
5.40055394618402
5.24451548469297
4.60088405259093
2.23114432720835
2.55793385778124
11.2538495761089
2.58912391961299
1.21793101015323
4.94894939233593
5.63289911037883
4.73528796027427
4.62735986403566
4.2292636074819
5.43564899141898
3.83176231008526
3.67271134602156
1.74614712821415
5.11854305110331
4.88143793129472
3.91953161156471
3.12423020661516
5.76769015029674
4.84132824119698
5.81351465251498
2.45577173524551
2.3606761730525
5.96277913181008
4.21524034361303
4.84284312161506
4.66560574304164
3.72803109643957
4.07069394017831
7.11912450699293
2.71488128587953
4.55270023180351
2.00365133077845
4.0438526624373
2.79044351595563
5.81866279189067
5.35419302184932
5.84719449666546
1.33006480827745
3.63674314879144
3.12651275161747
1.68069613604207
2.45828446539933
3.208260556762
5.92649852643551
4.24554226448462
1.10869471726335
4.17720382972434
2.35645586419
3.24949040224508
4.12248799895651
2.65803991889252
3.29731464935167
2.27996705506297
4.31444505385222
2.22644437306047
2.9193582077651
5.35375547807829
2.59132066973062
5.81872425388682
6.87366614077513
2.52638998060652
3.89423368732672
1.79845632742513
5.64570065790391
5.96794832740224
3.9524698092722
5.02127201001086
6.80790131851299
5.8718465490365
6.61854417153158
1.99893825216221
6.3979957894371
6.13060365343328
3.73256056367627
2.91056992116167
0.911841576226877
8.18965239248586
2.11375525224512
4.93077999087685
3.51884685171597
4.03823239796458
3.75087983675361
7.07673499398619
3.50699954074351
3.9839569919389
5.06454872004316
2.02626874211142
1.82580826595419
5.31762038771427
5.05303711354278
4.42400865639431
3.03802301199329
5.01232828516289
4.87460383567645
3.36066006589408
6.88877617826885
2.13219822738253
4.14888700110236
6.18002539974247
4.41118579867336
7.48329875615003
4.20945458643281
4.94194454393373
6.46087755545108
6.60446996021074
4.12051538472124
4.65173810686931
0.986627605152557
5.24497273141354
2.41818130236081
3.21998117588897
4.06993325090905
0.376509767543262
4.97252017923001
1.48545401320475
3.24410369095502
1.98564011871888
4.3492569416833
3.59377428480894
3.38110192813397
1.32189967606691
1.97839726145501
5.47464404755679
4.33862820556602
2.67803865862354
1.53902481440249
3.03468440919511
4.04835510669736
5.91849454192051
3.51405257124816
4.45885136897423
3.0978608490675
6.78044059372658
3.57210590594007
2.83979939128968
5.2063427567495
5.04406558103906
0.00177491252069629
2.1517992784378
2.39720533394282
4.17846058278479
7.57606036290671
9.92720948663812
5.58609384477828
5.21256176332373
6.60590966281884
3.13468025437645
6.49569667143314
5.04682522627976
5.29564609922986
0.825077341282069
2.96709326251978
2.80948362377461
6.5340144009808
4.48192700955187
2.6971041685057
2.04933956933211
4.35486572992451
5.36054171738754
3.69079458491227
2.66549833081035
3.00270647417919
4.07760981487501
6.20015096548866
4.75336146810886
3.68679449060878
4.77811882772062
1.04408224275865
1.16743856347554
7.20007676395491
6.84057178287361
4.1337356806046
3.59074332698291
3.45868328559449
3.10928023683003
4.5084586714403
3.92371788926185
5.66205550673871
3.15292231326538
2.1002453492265
3.86615458521091
4.93505100815803
1.54808122184506
0.573836003201299
1.62193485360175
4.11568580304175
1.9657199667081
3.27672021898938
2.54216150463241
1.70818606046815
3.76343464138504
3.94962985605235
5.38659483148885
1.62528737399991
2.11022349137299
6.67141249602566
2.26772913833761
4.26532006446666
3.25592353886465
3.77564473273913
1.72070067405691
3.08931981171353
4.47525705215385
4.25246994045064
5.10103191700657
4.10669394036601
4.0300634036501
3.49926952574452
1.88488042011713
4.76107025574149
2.64419498117776
6.15155337449238
3.05552826942262
3.27625819641216
5.9911572287812
4.75537694059699
4.63567089727357
4.59189443026078
4.22024784699574
6.70328816709073
1.86116959471982
3.9788088910786
4.55803013641563
5.98456032410747
4.82490613913642
3.68057823007292
2.89528791436749
1.72463491155981
0.764564866152024
6.40555776120565
2.4434468021599
2.11065079959099
2.01896655721006
2.62209935710811
8.3985403688621
3.56330559377321
2.16237107062997
6.68482392569922
4.32026852888767
3.19740816974409
0.789813792408803
1.3809728346364
1.18266279165321
0.832953076016659
1.38550372405278
4.13840227695974
7.42920917580049
3.01558875618556
1.53466609537367
3.61493811920771
4.35171993298358
1.65326156891082
4.22067729564207
3.90711125369651
2.49642983924246
4.32221996608519
3.7684852782697
3.50430092350288
1.53744062241667
3.35821696109551
5.56261122734013
2.39661838975846
3.35834287225495
6.45781539124309
4.69777191777668
2.86435923965633
8.35803534740739
6.87034501525672
1.51136391280281
3.18260266696413
2.92330170590805
4.63030156737033
2.39845876715015
2.56703324800783
3.31688699561139
5.34188476849345
3.91174324153318
7.73037183388986
3.13759869263123
4.53711062319026
4.02750736555484
3.18705011424234
4.8749200321519
1.65841943783643
3.55549583046098
2.48148907343123
4.2946676182006
3.06791933410225
8.01019058556457
4.32036944886019
6.01411491660683
3.65352211261964
3.04447701440701
4.75843328367358
9.5782896360329
2.23363098760105
2.55497105553194
5.35611928424599
6.1875820609304
3.16845718354094
2.334831504308
2.04400334762027
2.76282064221478
1.56531280282664
4.45729889877245
0.00177491252069629
6.34467016570183
5.37745993664184
3.48925775382251
2.22537858756932
3.24123950904834
6.11321388102482
3.65060488878289
1.65292870347971
3.75454736789353
2.60377951869004
5.38675709980521
7.66760687729026
4.26169132999451
2.40101069302668
2.55053651507589
8.07347867221247
1.65491882830281
4.54930311680338
2.39109289262237
3.15713928108292
4.15677114857018
2.17748983901127
5.81935498909658
5.81753544363419
8.09611505386472
5.26045765551727
6.94642169315418
8.67062612882499
4.59736523671388
3.6179180388932
5.0695472919604
6.46789606874262
2.40808244606552
4.58687600939866
3.17298128314833
4.43412296224082
7.49709386196263
3.78569782070516
3.6844802783869
1.87319109024847
1.91923513367631
5.18469731706738
3.04484928896183
2.15575494193387
3.8635953023415
5.42358684097978
2.53275778352703
3.27955401823391
2.20734941868014
4.04487476442266
4.05578253265611
5.00220003188224
2.90875960321292
3.18654113724932
2.92426366528134
2.1032600671499
4.0072687138796
4.55207266288944
10.0317429309664
4.58238404269439
2.94949233107355
3.75024010298664
5.47166118899359
4.27885225805138
3.92955258044094
8.68631878201343
4.70565890045821
7.55207728655019
5.86529026882869
5.3832790756867
7.06788575715381
4.18636730146759
2.38974206453483
5.15352510746685
10.0575154613387
8.35315977998456
5.37917688512363
6.40572505178333
3.67810892810982
4.93215068588044
4.24816288604034
4.22799141705345
6.8957866016596
4.30216703193121
2.75969849460763
2.66709780640681
5.09890048214117
4.28049858446281
6.46163481486739
1.66824306752447
2.18987894705972
5.6631865616625
3.62329637043891
3.33522030319971
4.58280434722689
7.08334075658464
3.66181326630245
3.50251312040242
5.79129604983812
5.31787119812514
3.41648652437292
2.45848232063294
2.48924568191228
5.28945408816964
4.24721219998953
4.99140961596892
2.48607179098003
4.37310781032264
5.34124387033647
2.23757943835755
5.43105835283145
3.04759325397975
4.1814050843549
2.90826958561323
4.11862156055682
5.94462594895161
5.29733320912931
5.14523680327298
2.36610715752246
2.3675734862338
5.28793460724081
4.04328673752184
4.88687217389565
4.9295930444768
1.87921739586161
1.42395681315965
2.5611924191268
2.39098776003566
6.39016528885699
1.53794977733482
4.12401494922907
4.68321075920549
9.96150928022563
2.69396815383088
3.21516885207022
2.08158161817544
4.4324088221969
4.07175412916799
4.32581700669048
1.19106851552975
3.84233982775951
4.2216552878232
3.86597111281994
3.04118371645205
4.93061119941333
3.94598719166966
2.33874482647356
2.93168359302654
3.81547619709332
4.73924060524017
8.59853011296537
7.72635146360991
6.31673574077736
5.84493956364026
3.01673306183235
5.91860854917779
3.1558692483812
2.43332160630805
4.97997191194023
0.28274743296735
0.787495719790312
3.58940423191072
4.67220487862954
3.40038602609857
1.75498499088572
3.9214575273981
5.10873212337006
3.09255750311564
1.79218869034831
2.6797937475897
2.91710044617201
7.35767884717477
4.53122743006575
3.57434341798122
4.71549759314095
0.00177491252069629
4.00224610997567
4.50547931055902
3.97725423502952
2.83438465941663
3.1167971939964
4.93493294073305
3.60624953649356
5.02217976318144
4.3899768211536
5.40869813505006
5.31624279143144
3.10043530052944
4.76263988106713
5.46508590625213
5.43842849585433
2.61011971187086
3.312130279062
3.18178555941305
4.71803038046305
3.98694805235119
4.73900249797547
1.66769273515681
4.36463245499045
3.98662548961244
5.59475290418064
6.11058711188172
2.10097543472713
4.9643612512926
4.71755313588135
2.13258195731281
3.95484634954511
5.75326153524899
4.22208041649443
3.94070788300661
4.89955046803227
4.01814516887725
2.43981600210564
3.16576830211067
2.12098404198109
0.715981958902176
4.4944339065041
3.89218163289115
5.7756010970806
4.31081462482274
0.82728227826239
2.88225986575806
5.40860037543945
2.3322145328691
4.8257283514193
3.48731990523913
4.63831830684946
5.26469545925139
6.64805354204273
7.37017397169324
4.6840335559836
6.54375345600399
7.28074995267575
3.83469774345983
2.11632173412158
5.28387498751106
5.02075148909643
7.06923022257269
7.0372318187746
5.56184271109208
3.4676219576147
5.3306924365632
4.64504873565061
3.26571608080668
2.78840928523264
4.62645084133597
3.64412988129212
8.30895166479248
3.19980462283142
2.9558193691415
2.51057410882517
3.50025560675655
2.40683301243214
5.06596774790855
5.45254555975532
3.87802584022991
3.2473341182216
2.08870566238635
4.3058406354787
4.36994784827123
2.59784528975256
5.21795882942137
4.21562346945049
2.83743187094171
5.58682992046481
5.24270054785679
4.61651564421656
1.81348742973095
2.39077226028586
1.56994215247468
3.66153478669352
0.00177491252069629
0.66537296633409
5.11860910518077
5.82431890882541
4.26656405584373
4.10507884705638
3.67986756557027
3.45074422142407
4.39880908618982
4.01549228419746
2.77803616354938
5.17854448789598
2.279234130302
2.62219189473844
3.08039820226357
8.05858705168778
3.51534160114375
2.90185722818128
4.99832840694678
5.77938670498776
1.96295648642579
3.58030196134416
2.99197119090052
4.26960043437415
6.4097744746084
4.64888501968734
3.02920043039023
1.87867790420438
6.20974994586156
1.92558328444626
1.95421511203738
1.38697634685556
0.609904324113156
1.28262933639506
8.36833427578171
8.45830031630227
4.24542219280553
2.32524033179867
4.09359336282408
3.87292430159909
3.64219583134512
3.91303850198755
4.73183856527959
5.52632419511509
3.5544363081332
7.30558082304406
8.48345306611554
6.09667731023927
7.10322781517719
3.86776742557523
2.12463435985064
3.1278024936453
1.61594605560641
2.55548069534078
2.85740830697634
2.89883936869823
3.43908736256354
4.92131066392457
2.47425782193964
3.32394435391927
0.242309594964056
0.379514034652465
0.609266473372181
0.250455366662911
4.34045737087651
4.54700474497503
0.422545360432172
1.17240587642573
0.748932930462073
6.43165360553082
1.09718869714854
0.913788029536371
1.08871684145267
1.94784175121345
1.96655563550738
4.61964845214029
2.51465718291759
2.03737316105745
4.0431682768329
5.13657794865569
2.61164721802585
3.02991055161516
5.87354385437577
5.9065146259952
3.8866981165759
5.37335681707391
2.89384836517085
2.12242986372725
6.84829890341394
1.46325803219843
0.789248855472931
1.95121445607437
0.99026531260174
2.0236248103973
0.923387135212213
0.866217740474391
3.85413029196981
5.26607641472647
2.95900733669228
3.24688502201596
2.93910475745126
3.48066945496386
2.89346591222977
8.62081586534515
2.42660765606016
3.13807652954655
3.17171681820257
6.52597353476465
3.57825064638885
5.0244321790896
4.24224510502875
2.81220905055292
7.4659908329033
10.603887133602
7.982943459734
5.81942077901852
3.38004588283193
4.97948725304092
5.69857824305978
3.02892734349162
3.77318890611524
3.22182738662172
2.24854588541151
3.06206046411517
2.22780650460338
6.25578008437575
5.55225335472679
2.10816558443802
4.70273742264544
5.28052047793408
4.81744051439552
3.42565392662661
2.13687167467245
3.3792002412131
2.74832897653897
3.14883405812566
4.64304761080925
5.63823817438072
5.47928440433057
8.13882028310412
3.62989240587062
3.80741601638296
5.49065297644516
7.3556053149529
4.45493301917801
2.85461983392075
3.7938629423655
2.41147991930461
5.54751010718289
5.32157082809717
2.33116596475821
2.96993933927076
6.92642667576143
6.00000382795458
3.88303586085523
3.36268376890776
3.44470839767052
3.15045164464957
0.856250208510647
2.81910385316966
3.50101381764827
3.55476071398577
3.01461346617659
2.86646630779724
8.6778813878297
4.83099807352508
7.57817901026732
7.44242759595231
5.25242805521643
3.35200028297186
5.09854645767925
2.54656970365354
3.30526011715272
4.80985349640042
1.99951845034262
5.53029092667926
8.54550277508581
4.12275798420481
2.23045133293859
4.60777584940435
4.35899123535846
9.00078920627606
7.84819319554279
2.90873337366457
3.95512993744596
5.45450701933874
3.71315984525625
3.8202880005265
3.35432842753817
1.83978887674668
3.71263870152482
3.46606975922284
3.25424351197016
3.63303369243522
3.9403633952436
3.02619014618806
2.26223635407318
7.85362389795967
1.70825431666464
5.30818193282605
5.48722590921961
3.94180049711349
3.26032595302676
7.85330157157849
3.69060324662823
4.81583739164931
2.01424936370566
2.49072099899375
3.30835248751913
2.41252513655789
4.36998622838806
3.12528777432842
5.90254916656678
2.74457586955829
5.56746392070529
4.12439050363175
4.56269422165248
4.25664845810953
2.62256906414186
2.99713996401482
3.97781730589478
4.91189175856128
4.63697216821014
3.52979002755162
4.32564535807704
1.05374659306905
3.23240086183216
3.78687749034914
3.82798124378798
3.79719255661086
5.38302468293088
3.6909594865058
4.35073729361555
2.05864385395152
2.12144302731829
1.45153835635318
3.21622615678431
3.48382946678736
2.51912982525501
4.20350602162256
3.40632715141368
6.51517050685119
2.18532590654734
2.08196164629792
5.08392403022103
2.75402592922444
5.78732386287241
7.79777079262323
4.15250319755352
3.79062351479894
5.18685409674884
2.87648638434837
2.82772553161088
2.91632603690116
3.43133720348265
1.56454187924362
3.53605330292427
5.27790049325491
4.55060553638157
3.64585710594632
1.8028451350103
5.80760840815364
2.25534773529278
3.4090100300315
5.56890177403403
4.4607887601588
2.85610694018116
4.19282570634931
4.07982088801584
3.28575220380318
4.60683076754143
4.24187835556273
1.54349957586155
6.42398792603043
3.30283609362823
9.28089742402415
7.5420223081325
4.64005188452786
2.74569996200781
3.41413762852279
4.83337512537526
2.96953315250803
2.72443753080591
3.69758876110403
4.35465399376314
4.87104991230881
2.70930519329831
1.55109655944638
4.55697456088527
5.33151980058609
4.18953476504883
6.77094412020727
5.21144415181643
2.8710336922258
3.18424829459275
2.58865248084722
4.4381175529215
3.46827097719862
4.78940535127684
4.92948400254924
3.90060323088476
2.54963588736618
5.60299403108615
3.72093868912213
5.74419354532202
4.38207609823443
3.02465214480825
3.80254108820838
1.95705679299153
4.43474901783816
2.20921415795236
3.2082198022039
1.60039992063808
2.88537639395335
3.78118815179778
3.20886840843476
4.22627951765185
2.15755680454568
1.92259919227126
3.15983146786058
3.80116080849417
2.39733779012543
3.28065962369167
3.70833090753995
3.25073987103705
4.6805445187572
3.45038680181309
4.69110650219345
3.8098097419944
3.86523986399533
2.03340586287471
4.30801191217861
2.19320718068607
0.250979160698092
3.58929069189553
2.53400513573298
0.250979160698092
7.3780406478618
4.86392416629853
3.49911820158621
7.76153641423211
3.05738426705768
3.03064498649825
2.91378920129985
4.57012894298119
4.81648357933147
3.70295787719965
5.81086125225473
2.78228701794288
6.02893593858024
5.2391724258257
3.64442933615169
4.92865077234861
3.85618193216803
4.95455239170425
3.58416782910271
2.44998251490943
4.50268526198203
3.69290616331877
3.89870656137082
2.97164495249483
0.430706875022511
5.80404881609553
4.48616666604769
4.51033620376898
5.91062836436231
3.97575496078574
5.17417539550014
5.27941160940606
1.89688868706596
3.16650141042473
2.67504752950116
6.02685491991859
2.68636923598781
4.37170469042686
9.15414281011315
1.63898469732014
6.21559847024779
2.56516174717917
1.18797803186754
2.90513037602554
2.19555930486707
2.57713767040394
4.81515747658844
5.44110537986579
1.25888785281868
2.93336129217296
6.3179511631703
2.00383035856775
4.26449765514323
1.23376340874642
0.957121800949886
2.62367096718955
3.85714498988522
2.49363779781157
3.24348839348855
2.74816046405956
3.62686805312758
6.05375809455476
3.12887591216712
1.37828802447822
4.38372600200912
4.03016490548118
2.67935869284174
6.04039797436895
3.57402538195902
3.49470750484123
4.71328850522751
4.75304886394979
3.39237488461784
4.40153943484373
6.24274813838392
7.38401089761321
3.55892598561867
3.19078857565308
2.33110234529513
2.11221825378176
4.1852936194967
4.78076549587185
4.81349157120835
4.78580982827179
6.34093635663671
5.85598359406217
1.8557454494199
4.43092379100341
3.99571013663045
6.10567893810366
3.21132250028825
3.95018691856146
1.55948875390852
5.69391871054632
0.851288816687553
3.17391010123814
1.70557840653246
5.06659233244588
2.94858071792141
5.48981688415166
3.37540196383544
3.33183412677199
3.06940829963116
5.12170206264505
4.06000080346811
2.53893954497937
2.61968484471175
3.95980450852661
7.14770622827344
3.63755852861568
2.77014216310485
0.968960109152196
3.82892621012985
3.65683273275109
6.30248439709531
3.42165601091731
4.69898857370493
4.59617381021737
2.51946377438402
3.2548710405333
1.84068019651106
3.72494041230018
1.84852586204001
4.16782101143382
5.07296919198179
0.744335167425645
3.88827936203004
4.18072056298366
5.31632039049324
5.46532797792328
4.19095080317417
3.65568212782968
3.67567363383801
4.29132667679373
4.47306503991803
1.98266710193875
4.38549398402043
3.80490032014542
1.61550534746185
2.71527468888365
4.18401028311688
6.44351916240148
2.67399368164403
1.73829362555501
3.35328852953016
3.37510027679942
5.74106726822859
0.617379748009422
0.844937231420823
5.10576711850105
3.63119028150194
5.49103431726969
5.90862123269816
4.61684760129967
4.52905155231435
3.908717209586
4.71819577730849
3.96858633932746
1.63068975687998
5.39102054637521
3.37189922411703
2.13519578807558
8.57861870206456
4.12770798209
5.14720763307301
4.4432445647703
5.59224783641514
3.16863838294311
3.00498249842453
6.41251533861194
3.65059078108262
4.78501911200595
3.49308815928211
7.32234047990779
6.78835104802241
5.61973642882601
4.79890165757312
5.66765942890861
4.94299916747743
6.21379137335717
4.59767919583751
4.23620914884317
10.3475581394663
5.74075729996279
6.15743051691974
4.89275313779543
0.134372372293949
0.00177491252069629
1.48805038597743
6.03307932537109
2.54723385210427
3.82205014999654
3.93513320267651
1.7618129005037
3.59369638883339
3.55934479432939
6.11232107052962
4.40569450868311
3.29383702826995
5.28852091761714
3.72666368696389
3.86619442755685
2.22639699655017
0.910695801961144
0.229471841770045
7.19306151328368
5.48512487672547
6.07349394923499
6.58655210229494
3.9919397912974
1.63572783993345
0.960883867735044
5.32913650376585
3.86126215715789
2.14915413577473
2.93901125456113
4.168457070104
2.70535161052746
3.43293283537904
4.7148957132961
5.90116110479866
4.22488718029666
6.47950111825594
3.14760410116501
5.82015979656194
7.12987440354741
3.33091075832535
7.59293663973152
5.19874321533267
2.31762946350624
7.12104397714502
2.23260752220005
5.86722446394645
3.5824866627913
2.8054278760405
3.43914056941732
3.40742784133263
9.335374456488
4.08326241473634
4.73450245144171
2.21495301005232
2.70446914371177
5.42498765968516
10.7045768344178
3.67558502569088
3.59502062697713
6.19632745026838
6.99209896683049
3.81574362451876
3.99431604997851
3.26159734151227
7.12515887991819
3.74466303826246
2.37460861417963
4.37092833126389
4.05284621551628
2.86457295626157
1.7867444020984
7.02063732782456
4.96611236605275
5.85062650552504
4.02317128206683
2.27578120699143
7.7912562943487
3.59780090603206
3.03997475866205
6.63970591917752
4.32687598575644
3.22213945548456
2.7718679280093
5.1870208797297
4.34490452796386
1.71431282452415
3.19138099031134
5.32247297868697
4.68158224264418
8.86114799963225
2.13656970638132
6.33456763917731
4.439609993359
2.38090227026267
3.14002825498822
4.9642718597102
2.40254313871195
2.02902521176085
7.17290940701928
4.25875440407653
1.88206666671162
2.19593940523332
5.14098100917371
4.24903732519528
3.26767110827345
2.35990875144491
5.27929885449393
2.37487289137322
2.60073278982166
4.3080198939878
3.60648137277018
2.0982071670971
11.5417702743212
5.72252614830086
2.93194885333168
7.09025803270576
0.645181278507992
1.04273328194849
4.12659568730027
3.90389090869159
4.05968551815627
2.48105378669194
2.51397632471206
2.90723149615024
5.37308723698251
4.83266659114175
6.10967913017366
4.96010855595558
2.9444785400651
3.38354877502768
2.7937814020865
4.97389665415927
0.702924240814086
2.33483900143556
4.61791364797928
3.12836483050316
2.60717887080254
4.08142619380399
6.0184281151799
4.64172090837507
5.15887739008868
3.95132114063927
4.51104997421938
7.33734896781683
3.49708034838177
4.50510714235951
2.69457587662722
3.84815686115431
2.91900247531343
5.93230122508445
3.33739655408402
2.63597023783858
2.57237050293778
8.77475512963158
2.2850286522929
3.73070691802289
4.34794389947557
3.50694841065036
2.49676898904966
6.44376698920721
2.83325164269163
1.85028962486563
1.90885948005776
0.209194223052812
0.177125288068985
0.00177491252069629
0.00177491252069629
6.84158747972067
6.04837930685096
1.25038635629552
1.38886475000573
4.12703473061783
5.10921413601655
6.15533844317749
5.90561975732013
3.00486296112891
4.94116152816374
9.63429354920256
3.38423588011437
1.39323043284568
4.36313287098937
3.31595513710068
3.85382632353004
4.37517316886854
2.93028236108121
4.25749513653584
4.95329381315227
2.27691871120903
4.52376574108787
1.99910576037447
0.951857913523363
2.35745628250817
5.24813161930499
3.77084800444431
3.70538830759202
3.13088799957706
6.53122294364638
6.78242313435872
4.61066250183577
2.58358056550687
5.03080745179476
3.44101076594527
2.64713564076221
5.52584185004994
3.66808824960694
3.18445581915783
3.83732420059648
4.32337909851123
3.77296345705547
5.89910599751041
5.52971234101959
4.53583474401087
1.23803071291134
6.33880306210569
2.66200770843094
3.60214193609366
4.46143159614242
8.36474464875038
6.2955508704553
4.99452910104928
2.62969062837891
4.66135550000482
5.82924221517931
7.02459396686175
3.9521809705065
6.85571640903378
2.36391166239386
4.82915295508451
2.55880574184023
3.49324863681132
3.03714689676135
2.78946150149754
2.67649307270365
4.71693956608146
2.26103707685286
4.99608121055462
6.72315511543623
4.38040860754749
2.76493166174288
3.22625626520216
3.33843090987275
5.02846263634121
2.92610534686013
3.71239487707871
3.14005687194635
1.58367070957648
4.31431094520947
5.24312602862951
2.38344052991612
2.32139975963445
4.35387453524676
4.52541495131282
8.55616563582473
4.47883525754281
5.64504828908193
5.69211614795272
6.32530957605894
7.47828798726557
5.74133260666477
3.28140946147994
4.22863572913574
7.81755684082356
5.38112178245267
3.91769039796857
2.775189608613
3.4263534416425
3.588868146005
5.42059428219056
3.14207480353845
2.50960990934751
2.15540937682437
5.49106576290759
4.40504124267859
4.82720127750076
2.93630666550895
5.81746371276579
5.86598440671494
1.77487805474084
2.90787034220908
4.94083222913331
7.55077946899991
4.63403839823509
1.60449610041116
8.02376766894685
3.33854768368806
5.2633415536247
6.97288680187542
3.8736778584975
4.8383982830979
4.9119324880867
3.55515008119852
6.32645891067433
3.78285133177215
4.07828868442879
2.07367487426171
7.71274363801527
3.78291702158828
3.38920979776731
3.5297167003111
3.78387538022692
7.71783251960011
9.45052658279016
2.53871608229123
5.24058882247887
5.45361003249691
5.76254329018996
2.66833228251108
4.31521450630969
5.46249170540557
3.8673129810807
4.07251124429224
3.6961429504286
2.16768920517987
4.72019077558622
3.06238381680102
6.68945496894762
3.31469112605986
8.43587241182503
2.46567304463049
3.86731625404191
8.18914107303686
5.60776213902274
3.00016791806866
0.727448211468449
3.06087770758164
2.48255904293112
3.68590925455728
0.69737010048067
4.63170241106844
3.0916290740187
2.67829559374427
2.83733894421736
4.82337644559438
2.38085454390476
3.55217543985189
2.97345032316181
2.92601870453587
1.91244126168541
3.47886026394039
2.06625856792724
2.28299312771219
6.10071091589537
4.4470484041381
2.83270536177696
4.26200551366725
6.0520017628037
3.1403660438139
4.43381403527866
3.60608719551723
2.24470603548517
2.80191193482057
4.68829404179284
2.31751917268085
1.06722423438144
6.73607110226135
2.3383036539182
7.30453549502488
3.2112728588316
2.4937708803528
3.56326905637796
6.14689349314399
2.87284510042322
2.57650134730459
7.49565767582071
5.9196618003769
8.63477913886005
3.57681081729788
3.2498596477594
3.65868001112281
7.14235295469979
4.35048189106186
4.35690975820197
3.14303816754832
2.23837222315381
5.47060746499734
2.6332021375607
7.3610663095944
2.49519280298279
7.8032192715954
5.72433907846715
2.36437374816838
7.46338985179024
4.65082475694933
2.4500933071077
5.64710559176039
3.52927506591563
3.09924307764344
3.29712843190158
3.9527753000909
5.64627477319512
4.26951774138845
2.84814490415168
2.21012203339139
3.61184910216939
4.98222476881659
5.04305382593644
4.02315206375506
3.25437043694944
3.32873459021495
4.43188131177874
7.23061254698935
7.79154281451022
6.49079868828683
3.47078100296345
4.94200248039366
4.79536749758167
4.07836935464317
7.85440000309026
2.82378874618243
2.97173132232207
7.57987606610053
2.94856045337293
3.01854986708468
3.7818475189358
1.87088901751282
3.25137029673135
5.47567616722004
4.00599450514254
4.52036116837665
6.28954743750284
4.30538737323031
0.95077117485677
1.78022646937148
2.39566524939029
3.70979400548853
1.93602435359196
5.97229408362265
4.62768240588427
7.79110262222305
3.9215512665013
4.74321873697967
4.95035687646036
4.96361333105795
7.44349482651252
2.70227387448086
3.66473492689649
8.08682788186247
8.17709028325175
4.16502478711169
2.64440591510591
2.78488224483696
4.26128745746679
1.96776650730765
2.7459984385947
5.31039793402854
5.01684072423625
1.75359580189667
4.36102915668514
2.46445755567257
4.43332560274299
6.43270373312577
4.38977873650601
3.71027102193506
2.89049152579551
4.118894598984
9.58433598944686
8.57383774205998
3.91409034901536
8.22330772294914
5.22478498215974
11.892873933421
3.26205644409439
6.56316646725911
4.71801862925911
4.05687370229155
3.26182952442872
4.60238517933981
4.35116596395736
2.95067312038032
3.08715160410238
4.04648958834845
4.8817113250437
5.03953671216477
1.31087775978917
3.54932780819923
2.68668544716982
4.56518039129196
5.0464531013881
5.59179324503652
4.77590824494548
3.45506886509469
2.12786570835152
3.5087335789444
1.64746091759094
4.3595517851368
6.89558974316296
2.79761152644063
8.98780050572427
4.6159190434524
4.04135529685374
2.0551150624755
5.06820906171516
8.67090554688565
3.92393960092169
8.24422204106286
3.26021465562434
2.1365665715185
6.22088931319094
7.10325141946042
1.8661731971485
3.76142698322546
3.95770862186307
2.41351743383824
1.88666333996801
5.40204648499466
4.11824331330394
3.78128832235187
7.06647416809553
6.50170978217474
3.12024938267138
4.48377748661027
5.48861035628056
3.56347255399713
4.41083556722044
6.58231636717516
3.25079704110243
9.80947061544181
3.80747997488156
5.09726452097088
3.9204083527928
2.10770502996676
5.17648898927775
2.98346565058716
2.50809434959116
4.51884263354038
3.37937553525991
3.16354182686397
1.87598347610147
2.42831416883881
7.61558225377972
1.25529132674362
2.48306794325408
10.340313415102
3.31642315495387
5.11503551166625
3.25493831543841
2.84007282643607
5.4938745931108
2.37475759499094
3.47873479283588
2.86076494537915
5.25289663248271
5.79538051467664
6.27170291801235
1.96580693767263
4.20141622064829
2.90875464423041
0.970436826546886
2.54773118976509
5.29129902886883
7.18279089824097
5.45472323312903
4.70310899944143
4.18124148967555
2.72022518081296
9.36373925508795
8.30872122760662
8.92522725474951
7.26035204484714
2.60419206410329
7.73791910519529
2.00091819437116
3.21280295387407
2.34453055059705
5.15718098294451
3.23460144149593
3.17642756777253
6.23922040147641
7.26669389748764
3.2422666831684
3.31579587319787
2.33800532258848
4.83449923840599
3.10017467240725
5.66069883897581
1.56525550195497
5.9642928250711
5.17838702710296
6.57854591017558
4.31540875332483
9.51240680548761
3.16156283267508
3.91455302521671
1.50464279209979
1.69615065781331
6.86952065120828
3.80880827147782
3.54928460048863
7.73999485586009
5.71132574546048
2.09577508285046
3.08951897439733
3.04372637429786
3.54840239311414
2.09856112850111
3.92405187967391
7.83088533912308
8.04801457785934
2.51244444284325
1.4750943605535
2.32708318225712
7.59481858463233
3.47089448119444
3.25178100825553
2.97513431642793
6.70649169683688
5.13943335339782
6.55044252136315
5.21981874481829
2.39574856890359
3.58147723929216
1.94213214142906
5.65371662272733
9.54237290397815
1.61606145935364
5.4644191230155
4.469794431194
3.42999203748023
5.06502661308153
1.82367256906852
3.39479088277135
4.10359070378152
2.91434105701189
0.968539435043714
3.4455681677937
6.15161175530664
4.40952519432064
3.79118694309616
2.73312388465177
4.94545861262663
5.06366193797919
5.45871105380849
5.45709879265021
0.250979160698092
1.94537177688606
2.63775816423652
3.75945303754134
3.14257195142644
3.83395314809235
4.66978920032666
3.90346649957828
2.79775957445423
2.46460531981761
2.56956700210881
4.16026659816107
4.914553014775
3.77967893069429
3.12837758914883
4.79463017937783
6.73272241240998
3.894608093115
5.84442281143705
3.41780497062435
1.94744567434941
2.4682613576927
4.08447045290388
2.89567254927062
5.48736375560944
3.51241837191465
7.45328213457818
4.2322224577744
5.68634476227935
6.84071222057269
2.69442992531916
4.49320592256717
3.54185318908186
5.86112094649889
5.58886722531907
5.95503852648205
4.75920624990629
2.42060965272641
2.52624152219439
4.47331693970995
4.51597493391338
1.87328981055533
6.54081728946976
2.48793596561217
4.49474891126325
3.50601317721518
5.25927721851145
3.57243989837873
4.88687578320131
4.5206956462933
4.40685309544501
6.07106178901874
3.42100941522076
3.51761903657119
3.50327860346644
4.71254583216358
2.95477267638429
2.76924519232677
4.9377663462419
2.92257715524151
3.21548109005346
2.35987523654788
6.20807776749517
6.04990749382012
4.28524934812285
4.30001128822367
6.32228444165196
8.46339606650139
3.68928107582158
2.55873655566979
7.65105749505378
6.64345539702542
2.88368795029466
5.95022511134288
2.68593823799502
5.81010992006776
3.37953594860494
5.59118925095102
4.74977727921406
4.49638680246872
3.24085909389806
3.78694236515817
2.8165128809899
7.36192338551606
3.18490889604428
4.347957442127
5.54536685839184
2.51249940486346
4.69179058295987
5.36416214512384
5.65388992311191
1.34074168167275
8.85325725973168
5.45563707698734
3.57415156180312
6.58889510266817
3.00417021023472
5.23747192647051
2.71001639611687
2.90887638506019
2.45599171948665
3.91720067791801
4.53940133874686
4.15737760746599
3.37375448817183
2.08052735260969
3.30352375167924
4.62280609750209
5.21606844588569
6.2271037351924
1.77045612517919
3.43703628808112
2.65636576516103
2.73476741690694
3.15724837886892
7.97835669578932
7.40509189038009
1.87531151054458
4.68049916982488
4.99883283144962
6.03104084909859
8.65956811796142
1.97810906822585
8.44350576289139
4.2566161209083
3.99118231423421
3.24122868169969
5.3176768780659
5.7649394655076
2.98985752999439
3.14506124450866
7.07729316012994
2.72221058471361
4.88000976626759
4.68101125013147
1.30296446716494
2.3282686095036
2.45363769701909
5.3286412436652
7.42909049031346
2.11818089987767
3.12703282722326
3.34479177546242
3.49324016891818
6.99735070144211
5.65985919249672
2.51577916568085
2.61075051884657
6.24570290487558
8.36622065308414
4.43041438938175
5.2131932162653
1.26617029719651
1.58791746258205
4.45089145249147
3.85431942708896
4.9966908630098
2.30241969823979
5.3085239503052
2.95155372236255
2.1307629472688
8.25337645585966
6.72852323034046
2.05732519706905
2.53538752673767
2.98853754448145
7.00908881861834
5.30595235554567
4.11334770681156
6.77502030965017
3.9281795708503
5.27669012101211
3.87192025876361
5.18486433147873
4.07432053031929
6.16589765931732
4.54482116905486
7.03767935259596
0.6682407680939
2.67920407216428
3.43138028792477
2.72396991307719
3.60127694437751
5.01015432553784
8.10556312644973
6.56428663343012
6.39343814681739
5.95253103041288
2.66756483736588
4.5878456022622
5.71649669880835
2.92440001401451
5.7178777732821
5.46484747612126
4.85156427600457
6.22842340434219
3.63082817058471
5.14944462903627
4.66670744677973
4.61427446865302
3.1361902077775
5.47632291981182
2.57379202437124
5.47404720561528
2.43911094508397
7.46452665978958
5.67033641590808
4.54924488387297
4.39690174657657
1.03563075086143
4.11010086506205
1.67894942307259
6.24556955378194
4.88907253169484
3.24699411559857
1.42097906167599
3.68317163211548
5.47395064536847
3.02265509893737
4.35018232961041
4.5420402439892
7.72284697482093
1.62323365476431
1.85524364007501
6.1628794948124
4.21430034649081
2.83951736163945
4.97784151650992
4.89220813193727
2.38783967845224
5.65548326168552
5.63176553308702
4.27218646158175
2.95895708343103
1.05465041000493
3.61756314969668
4.20837058129368
3.99852135457405
4.83702772373862
5.61883495183816
1.41937459268797
3.00749561920051
3.58733835379747
2.65682263831896
3.1661611437362
1.9989291472426
5.44476677346638
3.06163075108737
4.61136333194496
7.18809753370476
4.75647834854178
5.7798856016585
3.83475842109511
3.40927110484799
3.10433363218072
3.17933776298843
3.22136886543964
4.20674771173727
3.82480929721766
4.1260345789139
4.1837747597042
4.4503324284249
6.25298236812396
2.12461415894253
1.85002077070771
2.88103437209392
1.74717642432628
4.557487044121
1.74872903735957
1.53573668025953
2.33977182208144
10.945443749528
3.81947776299698
2.74800079991795
3.53536816415208
5.19068021898791
4.09910529279063
7.31062815010442
4.3525487645402
4.31406250074811
6.71470053150375
5.53381034314903
3.56151564254074
8.57171800441653
7.49029135664925
3.7241953297082
5.19626963448872
4.6240554298156
0.451037201235514
4.27799006513159
4.74758920731091
3.47534224654906
1.05359006776444
4.28413115602487
5.57526394174982
5.36556576031796
1.04950415909038
2.91498044663824
5.51284172297432
5.28599515897987
8.34167541998663
5.15982336499203
5.91790647724441
2.52514954143989
2.67987978716183
5.03905666323095
5.55759278160808
5.28821411963818
5.58430886096681
2.91600283847452
2.23696057979568
3.18975959438786
3.54081584182628
4.13837257073185
5.30326669337708
3.09688048704043
5.28745809777016
4.98986890907065
4.34866635832237
6.88846806501233
5.15158669616672
3.80263220298709
6.49510626340159
3.5622574033581
8.38848404981857
7.57135073371377
7.57459926889916
3.6200418609969
6.11459513942277
2.43120340616842
7.4776979773527
1.86387794989001
2.56924612073016
3.26440598012691
1.26340027751195
2.32090710764352
1.85453079882648
3.58581440272047
3.5701003105427
6.30596227699802
3.52222996385701
3.05801125119081
4.56318770530128
2.95349904772705
3.13866331195097
2.15650291073073
2.82622084652438
5.81970715235084
2.11503512710265
5.74060469269151
4.83179673792215
5.01344239386394
3.26386752640337
3.59239919261103
2.6647287863754
3.99659835336017
4.56007423980621
9.25558647651109
9.28969404600368
5.77037369993383
8.50166942435221
4.91068001623597
4.42174139063598
5.04945196939562
3.15407913885592
6.21923823590402
4.60407575014623
3.9795239011653
3.66259333129648
5.9533037138987
4.7032827761006
7.56042178675705
5.33913444108152
3.2880016953602
6.51998654953727
5.9446016109868
3.64741649482417
4.79288838967416
3.33885603478422
1.73028328728226
1.68023425641293
5.22854906878263
4.27598650192447
2.18003021347769
4.02932899338538
2.60788138556613
4.97341345148884
3.64750104299026
5.34297328256666
3.92033803184561
11.1515978402031
3.43688682626711
3.40124537806435
5.10224979940287
6.30887964522001
1.56025729913039
8.83198878949019
4.63726936916103
5.0088994944466
2.71076025247438
4.29976710237886
4.44749392972366
3.16475226657441
2.20082163344001
3.49199723035142
4.20964940482574
6.9283721573713
7.07659579398131
1.99443228239527
5.10403882826619
1.72785612469069
5.60441519693294
3.54479784525292
3.89324701080852
2.43718145445595
5.80292580452264
4.75824795655624
3.25621944266555
4.63932153027888
4.05136792222985
6.02593088455171
4.06897047366794
5.02086553782828
5.1720428320568
7.05513432036095
5.40380265934904
3.1105057620985
4.23256118288755
1.65654298826721
0.686030123413927
6.09475077725894
2.48354159397619
8.77477957587032
2.29153730841679
3.1256557407771
2.89301360783921
2.73548640462923
5.88910507534382
5.67574960400967
7.54084028564139
2.61836227888065
2.5339821804907
12.9059864448323
4.4440893562085
3.32147716276763
1.92464732564719
5.82369157043324
8.10402115310938
4.07147262884573
2.65486751900661
6.98172045404634
4.49181601423315
7.27819685419084
1.09099072970953
1.0189011938646
6.53055879259493
2.72245508777139
5.89144802131471
3.40800483703231
6.28625195136862
6.07671220766021
3.02670600127373
5.20879420287229
5.81257133469092
5.4631739179317
2.07823320729287
6.16905620699203
3.9292095002576
3.37457600272031
5.06958277233284
4.75345962522953
1.9951191204738
3.51430078118692
9.81858781593612
5.83964438015839
2.13293447474172
4.68340664996937
1.90012380636133
6.09521430834133
2.94305708488121
3.04099658432368
5.12769483580155
2.63420107769884
4.01967255431573
6.32325505169919
0.250979160698092
2.65212752037329
6.92627144218773
3.32492739208242
4.29366760422517
3.99472838278106
2.24316488917291
3.13482395221705
2.68233589888278
3.47720287824719
5.13623843160327
3.25837273473109
4.74871860197701
5.59232488911907
3.97462109833777
1.59109349134366
3.36658510292578
3.17756227144774
1.1555149444253
4.95470859158241
5.90915994537523
4.32856800517782
4.25847983131129
3.16006430276955
6.35695354464505
5.30261602757409
2.95431340625365
1.72813750536943
2.13777606071051
3.52726936284111
3.84658353437598
2.58325466122868
2.71733856167231
4.89519615883916
3.55315913724376
5.97714842243684
1.35905010593567
4.23355085510381
3.0563873059745
3.35914211057226
4.08117919549379
4.30148847247325
7.47540460467356
5.38282074450328
3.56899392055695
5.6048570898147
3.89025952213157
7.38409093427089
4.46444207659378
2.80272922955342
3.5220642988324
3.89196323270701
1.91306074305036
4.6514763726873
2.93658219894035
1.0380226585172
5.23377414336974
4.73904069604306
3.58959589725339
7.83947016248922
3.7747821233281
3.80346246753618
2.54650432245027
2.85302936513195
2.78118576991202
4.09133220057171
3.20667951668158
3.23073009402656
3.29017755535881
2.62216154577975
5.21498879993947
3.38315807013545
2.38500585894716
7.03396794006476
4.97509141311663
5.18273963075728
2.10937736464457
6.40744218953104
2.85035428289165
5.1074701921543
2.11908655750011
1.62736540942161
2.80392211580531
5.41289754256904
2.32241420099491
5.3574495256838
4.35197907657952
3.66548082288036
5.74401207713149
4.37827988846506
2.67500719598122
2.87494302468285
3.23917327883801
4.2604103860489
5.06894516176833
3.64098123837898
3.84159385949449
4.54618775365686
2.76673841110468
4.29372014408301
3.68435345205995
5.81869214152581
3.80783411476313
7.74785008869424
4.28546516219471
3.39716491634364
2.51716956825411
4.78261527001638
5.04040528650453
3.34341358301497
5.76503761778149
1.31591872772096
6.52602602548316
7.24950214471124
2.64251301420657
3.54336078531571
1.62265544020929
2.36712297102706
2.25080077577277
4.0398467120453
6.25738731362985
5.02031811954653
0.250979160698092
2.7828459125749
4.51634001374653
2.66769818298387
2.00463003180616
7.30634148063549
2.60195517406382
3.10549582383017
2.16579041060409
5.6384836100419
2.75536788048109
0.373120327294068
1.52626518058167
2.2246225788533
5.37977405786518
3.02497576004686
4.51715076921801
6.04286948040535
4.43375679391096
6.40974385616843
0.513994643135214
1.82989455461753
3.34161373076846
5.16273757901909
3.37473519187855
4.29196665321083
2.54131760376438
2.47058972062611
3.56824199081821
2.77126870986499
2.60862992707971
3.29533462042758
1.57932446608873
2.86464022777317
5.03144125700055
2.58174621134001
4.1686234808429
6.89849631322142
4.11508522508379
3.61235669146168
6.65545919973737
4.38573610102276
4.52284805790125
7.43638258179733
6.21105399946415
5.27830861214498
7.01272343776717
5.00951287355386
3.87597106725297
7.27185996573643
7.90709583709789
3.62668249418882
2.92840726065361
8.38404096483901
3.2180259751266
4.66928840550474
6.84320890287917
4.38943548848588
3.79162758070239
2.2223324476572
3.3686470449138
6.96524319667869
4.50583985936466
1.9561722422541
8.97400915449071
1.82719439804516
5.75947941829822
1.98414318615228
5.78485982840986
2.5509566328788
4.18635229521472
3.72196203599224
3.63652820106227
1.48702502051048
6.22844744385831
6.04890617259313
4.2695896033771
1.89245372655467
3.06853617208491
1.13148110634532
3.65094454676803
4.73556578902842
2.82138602151486
3.0100371125716
3.08489643012298
6.09401049901975
4.53077954359007
3.7636006762698
1.86788201237916
4.24560514667217
6.21260629848151
4.02618765564065
4.70113468931486
2.53030858156775
5.7755421087739
5.95845910946642
4.87703420021225
2.48429436158492
5.21132176843716
3.64172276926656
3.534693791086
4.92922494653992
4.34169816620888
4.80777404365037
2.79200221228967
4.49344515156609
3.09024819307191
3.86571120627426
4.41476497895294
2.24773542396413
1.90334767075561
3.31968769779559
5.62664635070426
3.72964492378624
6.58152066002756
4.72344954116475
5.53156249023651
4.01469008504932
8.31779256148083
4.91112355050934
2.81422630048209
10.3212509408171
4.92754468586465
2.86883660734419
3.56887731784287
3.29815244077048
10.289404896499
1.58029326918798
7.58283349346425
2.89354215793294
4.77261361118083
4.80627282451222
6.12814253844593
2.07092517017255
3.23221313655337
2.7604769759141
4.76499922180538
8.09210080388526
11.0972245526349
8.44013132539054
2.82432189621655
4.91957829147603
2.90296075518952
5.32371963833825
5.5111865029182
5.19743888493242
4.29272098699119
6.56158645438991
7.17735804221889
2.45748019667059
3.31099711305221
5.13412102906762
2.62064965408642
3.90278399479448
4.38459630001157
4.24017666163396
1.97580145836879
4.85271993008825
3.57995908834076
3.71186987403615
4.18483479212217
3.42967107789899
4.56588113938063
2.31937808977124
6.28862224062648
6.63960343986293
3.24039562462606
5.25383283773716
4.85755523063832
4.25474335386602
3.2200577559969
2.99312904146077
6.90309725007641
4.94740594497212
6.53273602523125
9.35167028371924
9.27493942495865
6.25883265973961
1.94470315268931
3.95127859762496
4.08960954751242
2.54371796422569
4.74799632762608
10.3818668045315
4.44840946661142
3.4523677939613
4.11938346110485
3.03255225034632
4.83440759990837
8.46229004762757
2.94219064092931
2.03844442031717
6.13798283687126
2.44329179912496
6.02226106250808
3.59526549836074
3.48941315717262
3.23271468646353
7.63815685303431
2.82813291857114
2.1995589425259
3.68259586452897
4.80157886499718
2.41414911678983
8.02250498704031
5.85713207383657
3.90387232670262
6.38317946771759
6.83539425420267
6.52199145892823
7.71656080989871
2.73833487347815
2.417043255275
2.13308904880555
3.67018295116983
3.99935964794007
3.48025872577679
3.56600310962195
3.45097215843561
3.83089962053772
9.04601456473783
4.48458617712496
3.97713642420601
10.7148729395891
3.28769936261708
3.09085778238944
4.2922490880311
3.9355698461155
4.47213655280634
5.2967795750467
4.92590734684134
3.16663998941554
3.01677041015236
2.70383441775659
2.11290365657871
2.97124755758268
3.58037630431532
3.60400487718413
1.8354859024729
4.0889360026412
2.36992036735277
3.73037652023953
3.0621635972366
8.00264668050841
2.52991246582118
1.75973877478839
5.33423701270381
3.48943730195962
3.34632501561312
3.24635104793494
4.09587739415131
2.46461927381185
0.864760723960764
3.58259811531755
5.15710143128835
3.07544686690028
2.3641304658357
8.6589356855875
1.79717166921201
5.65147688517651
1.39659138891902
3.75364506849979
5.40654043308963
3.08701581354905
4.88293094892488
3.97747251161305
4.55560319460942
2.64586708578838
2.71319232724149
2.8037938563288
2.40480001168394
0.250979160698092
5.75024278891707
5.62564114840303
3.32432016769692
5.55768728705354
2.5191811630409
2.91124014630044
3.5208204305102
6.99420533082564
1.75041658882786
1.70604405768117
4.40471949569458
2.56984921688861
2.66165026156704
1.85316626171285
2.30909460054265
3.80728061055208
5.09824441629165
3.14214711983438
4.67429429978611
5.12967331027462
4.98972939521027
1.90901981461484
4.86209014016255
3.32722881588618
5.25849839101523
4.08476922008276
5.1253790857317
3.70943738928506
2.5835615393231
2.99077750724946
4.39788081894181
2.16364448876383
4.61228148123298
4.06311290296922
4.26402728316456
0.250979160698092
3.68871727025795
0.250979160698092
5.30472341930628
4.493688334873
5.01593841360568
2.40704492576134
5.1409310715737
4.28859878127845
3.76855104988339
3.54433943578599
3.8404070956832
2.28433628883819
2.39478308012355
3.35267437177088
5.70698518601898
2.45664877586651
2.25020283416899
3.29017687324124
3.76732212584441
5.1113240542796
3.96763319126929
4.20203011747289
2.33502189280147
3.34219374274097
4.48896451437029
6.77761107265817
3.30046993761388
7.04707418877778
5.14443754123239
6.5752827667827
4.7253706994579
1.96769509682558
3.85572297100383
3.93559491248712
6.02395774639742
4.98061352034125
5.89952017192365
4.97704244639206
7.60042441787251
4.13215113584413
4.30167912836558
2.65051562527271
5.46385077406419
4.2564469518517
2.10307505338617
4.39520182057477
2.32731901824667
3.11313001006742
2.53906916739194
3.97931731123729
2.41585260901296
3.9118229675209
2.64797562277921
1.27816002890845
1.73130957245621
3.68655019045189
2.11454921838767
4.93040961440091
1.73368029864772
3.55663840948938
2.74553591814348
0.398074550775314
3.16445919090485
2.67093768740889
0.975849112397704
3.43134612602119
4.64738283377045
3.82964587775987
3.19829123395817
2.93158107430948
8.24390427175907
6.15713737872986
2.8448159612736
2.91692900541207
1.94865563718622
5.21983882646675
4.07217510719137
3.69713770028071
3.52186247816753
5.24447995486502
4.24423494737093
3.07045745078674
2.49604619072557
2.72545742876126
3.86721299444619
5.07859807469784
4.2268685597829
5.29484294216719
5.51788952577622
3.99101436946349
4.48768810126661
3.48600843765277
5.13365552581517
3.11336855949927
3.65605771638648
3.17072255776538
4.0751965527116
6.36928188965857
3.33403654913074
3.41231495236672
1.8567353293526
6.16366546219541
4.35941569560577
2.51645977142573
3.28640152100233
2.52592696966323
4.33211439451147
2.71542867130461
6.93404460335536
4.60838385141925
4.90748086490376
5.96997696392343
4.44014348242666
0.845777617336159
1.23021106093187
4.04657743771245
3.97067382835255
2.67865385989536
1.91071106287609
6.771208485475
5.56240298475126
1.89170546295797
3.9097098580104
4.13930171576711
1.82782730354311
2.59031370597552
2.94678200601416
3.64746098574864
2.23874169721858
2.72917909590395
2.83617809251058
1.618985893588
4.579429356758
1.96198561773223
2.05019719823996
2.58015025431089
3.04612751801242
1.83165651569196
4.13037348015669
3.24273714986098
6.07232187168125
4.18191060810787
1.65611988506905
4.35421522579255
1.48726147875086
5.29340328173029
1.59241533153481
2.32077048866654
2.84316488326439
6.52081141251316
2.95544800826842
3.97486076306212
4.71615496817655
4.15825190609398
2.53750615683172
2.81930590441117
0.871140003446362
4.31633927794216
1.40833578401243
2.32190217732777
2.87629866566017
0.669861950677611
3.01080583860878
3.43670411023571
2.62015111733671
5.83855608658321
5.99618998866453
5.45988278567148
3.32153686323941
5.50670893643101
3.72877892562763
5.65256764594338
2.37490850483066
5.28251631425881
3.40727269646961
2.5916617043702
1.19829547213292
6.22777000101085
3.22813426938317
4.8802451850724
4.16092710063631
5.10574757305289
6.78276565975325
2.28231537557684
8.7041223671969
3.6943694286952
5.48338915547629
1.98132550598458
3.59020478838943
2.83189520972349
2.29352076089347
4.21082645680498
2.1821930014207
4.61994329100254
3.13499509093811
4.40466403408612
3.35503817555249
5.75349044352737
7.3439718567591
3.93186839649467
0.544441187370134
3.25919535661716
2.82556331001142
3.30739561650164
6.22274960969696
4.57828484003449
2.61944834437332
8.55516724314049
4.01032919744221
4.78344675374978
1.43119735918141
3.93281938457841
1.18091963229067
9.24637775858198
4.02981299686771
3.26737260165453
3.67032800440843
3.1717082907791
3.56574539603981
1.84367352739944
3.2381474867299
4.85974923087738
3.57298671734219
1.20321610150582
1.53583703867327
2.05062582999248
2.26141504191134
5.12947513143868
1.98208451407747
4.33354368363896
4.00467196937536
2.47219675094389
4.42205617987447
5.85774248774634
5.97739205382898
6.40470349476626
0.715270881912205
6.27629704238576
3.39864823584577
4.40147958450228
2.29611004279046
4.9776320323751
6.6312011184511
5.45857256518974
3.16209979226249
3.67201970350133
3.52907451423573
4.30204818455662
4.27374201768252
6.34701902612575
3.16746993445432
5.53733265820826
4.6282964756014
3.24430568009087
4.17741866035475
4.22457594146468
