H1_coast_noncoast_z
2.11637500839347
7.00138439370184
8.18943756439372
2.69322910777126
4.40074585719173
3.1190620773311
2.42769222655609
2.89570298678861
5.99905554827697
6.2684599069594
3.35926560431721
4.36150221054189
5.07544310502775
2.79777273854162
2.96130408727195
4.56986783139784
3.6508877119308
3.87006199605793
6.62501141401655
4.99191250697831
2.66723016594762
2.69441662170653
8.03733631966004
3.1299686377082
3.53659362387586
3.15712400501084
7.37621741736954
4.05264202222012
3.54254696777245
3.1250316398555
2.97855246058792
3.43309167431506
0.0218403405880146
1.4337214943784
4.06341665948034
5.98546554925027
10.0185360682521
5.93703978102352
4.25998342076826
4.0733574105105
7.66510517697031
2.74141973754117
7.30105932634706
4.34746241535439
3.37478383908563
4.00360901548923
4.99273729398341
6.58748265036011
7.39383151234755
2.25962539636331
3.11851627379421
4.2608486679697
6.06400999948004
2.80542468565237
2.92685927067405
3.98911630457087
3.30782321037695
2.59197928493478
4.7947622768695
2.64185905120098
5.74426317438512
3.4882141844102
3.81452659355569
4.18852798142107
3.93232431520757
1.53733720969067
3.51854739906619
6.11855353863115
4.97656633956639
2.73767523008317
7.75172293300648
5.46169421843005
3.97729828382757
3.71894587143955
3.15656699985357
7.21968609160802
4.07157506785328
3.27997839729169
3.95548156045932
5.38073658092921
3.37460286990093
0.824478903219026
4.84534525737665
4.586615453365
2.85722042102343
5.23043411535714
4.02723302336627
5.03554314867535
4.8660339862352
1.82518418211342
2.61445430241949
2.12089204784848
5.45934488261799
4.0143182734115
2.00094744431001
0.0218403405880146
2.75373088938166
2.57484532258977
1.43409344604565
0.0218403405880146
3.10895828028352
1.52876278690214
7.02992000098003
1.88679915282766
2.29858413730632
2.23183985497305
4.98286296356036
2.69897541297375
0.0218403405880146
3.45797571253279
3.6208073790911
2.8057628545418
7.50373104830085
4.88835511159578
3.08148260618126
4.06869242109354
3.200347048518
4.20509383602132
3.54561664241465
7.85317866382629
3.93562478565341
3.81827520392801
3.70440463087598
3.59850733296932
2.66293824574803
1.1740455370243
2.19632656793628
2.37326458102969
1.41047188529474
4.21578446417238
3.49692275153807
4.35795382791455
6.18504602027802
4.97811647691771
2.66761394474751
4.51106119216968
2.1433993205905
6.25550701809975
4.44160941488846
7.27156678193318
2.9234282304287
1.76878515516418
2.12823945005266
5.39604163046486
6.76390833428412
3.17348599805209
3.27615075468453
2.46187193912851
7.76850710699079
2.85742878607958
0.0218403405880146
3.94682758713922
5.11230251210608
8.42769002682179
5.55172661803937
2.38203827432113
4.82549834879666
9.39942596045424
3.43720351274664
5.20173480473782
2.15326431884631
5.18179989555899
3.37660822245646
5.67800103595179
4.24889880321899
9.69659690496592
6.48746616650675
4.87890638904962
5.24678054562942
5.28374616519478
3.71024640884839
2.91216557257654
3.2073485449182
2.42523493209237
4.61486660258681
4.09802203983295
3.13540867767549
2.13749771105315
3.57663302425708
5.3629459736481
3.55085240102224
3.13180909030462
7.17945193227225
3.52127407522122
5.0485021900841
4.66463261295079
2.31689069506504
4.75242221058505
5.94538225701329
4.91270742624544
3.62135724896959
1.91246068964419
8.7501216589034
2.05952371801928
7.24838691916197
3.43498324153618
3.44773552678806
5.22267160537169
4.20236677055061
4.43048147205541
2.89734875720665
5.88690206744436
3.17657400683223
4.15173468351507
5.40433795523948
5.47811002767109
5.60018500073311
3.02757140886756
3.65040044946905
4.29000408576043
5.87876707040514
4.14780563128613
2.62826846338797
4.43475225832189
8.19721048362934
5.20504786719983
7.26132138613529
3.04524363024884
4.60035456423542
3.15232767992912
6.25546807890869
5.14525367305004
4.38131330492503
9.28782982435222
2.4176200325788
4.72327910069314
0.0218403405880146
5.46918468879319
2.1770982321944
2.89791506000552
8.79133125114246
6.49968160921815
4.20625594051179
6.40477228624555
4.63207778702831
5.33967553667908
3.4837440149527
3.92399638016487
3.09338729876972
2.69344642959277
7.17180387610282
2.22128993176855
10.4158399016087
3.92048693495268
3.99155492591824
2.25219166455465
6.12499785281646
2.70016404618669
2.79806090767752
5.35524334523336
3.4785184653561
2.08883567964115
4.23126367883223
4.34943493532556
5.51195048639963
1.83830055788741
7.11766564957696
3.33409647674692
6.18126429639998
6.03509255381329
3.0476318103695
6.86584564600281
3.62129962942618
6.5648499792839
4.26934452688947
2.14967203729951
7.14608292049747
1.82390835705302
2.20904938858488
4.16497705905813
5.15865925012345
2.99517934203819
2.65848394147671
7.33017811920775
3.87804397509168
2.72626725049994
4.40723798569663
4.57323050031863
3.43458879991364
1.90133731521282
2.27473295657257
2.37778726459421
7.87382109681119
2.59819565534748
3.35045065064618
3.1814525127583
4.36119460457674
3.4518860906637
7.87854596782957
2.97305270180218
4.61545474951887
5.06412488450342
1.89553105067244
3.48043092385295
5.34655815013507
5.74906968479932
1.64503697823812
4.63884769750299
3.85238493757387
4.11234046525839
3.38391882632586
6.42322232965473
5.19014257607548
1.77752489760689
3.01968097438214
5.34996551102492
6.56529808892412
2.30912197703525
2.78770243002756
6.96049398322922
2.80920454681061
3.58533376948228
3.5045011896926
4.9954754459904
3.18319379212127
2.59155554267387
3.27266554415982
3.98260065277488
6.29110595342593
2.70023588375827
4.3026107983847
3.47537683317746
3.10389384617554
4.56046673513752
7.15681986702282
4.35616438124222
2.88221467245121
6.48630531638948
3.20590385483818
4.33627629111782
0.0218403405880146
5.32125727614683
5.01702808620062
4.15721406660886
2.27448709165223
5.13957342336283
2.97593072360901
4.28003517563974
3.14982600786289
3.18082296903706
0.974352724035744
5.42842478091055
5.34939579801482
3.93624137735256
1.88014490568392
3.41337725875367
3.9462775368037
5.35481376792183
2.03882081462136
3.22167330734821
6.29313861372063
3.63981170965313
4.09996599537695
5.43156925862105
6.91901715543587
4.61693442913536
6.15495599746741
3.83696815535814
3.48273896773605
6.34499302103186
1.78417029801136
3.96064209452126
8.56942990547872
3.92726534935141
4.1709964318461
7.94712447439603
1.43501054089918
1.66371332189056
6.77689136957013
3.26460728535251
5.14890551287871
1.30606801529016
4.56561178312491
2.94662344359324
4.24243462373761
1.08998389903985
3.91770948307274
4.15036819967612
4.62417685992319
6.61003751631872
0.488364457633545
0.865795951028772
0.799164847493168
0.725053025742466
0.483391324599125
0.761626202252582
5.07949155193695
4.71403594557697
4.73950059084689
4.15168813369865
3.95249636935996
3.51066833464531
6.81503272026319
2.38713459589979
1.72991465085372
8.24086714647972
4.04650284865729
6.5876691159878
2.91928339250135
0.0218403405880146
3.54720287149978
5.60724250969824
1.80767379627253
3.67456162951317
8.16159182784744
3.88895588585821
2.93397813051998
7.08860638926731
3.51371264124989
10.0652172803932
4.51089673665139
3.36396966181278
2.97961611207344
4.39912125061465
3.56710744249233
2.63254107896874
2.60280959787845
7.64578281427523
5.1531273029285
5.09697573148878
4.79264369498152
2.63809291712261
4.48467026515552
6.68806896256147
3.50257047090193
5.59898096919557
4.25698266830024
3.1619690498784
5.84361726241998
1.71353422772168
8.37545157103623
2.05079720263671
2.62972352561589
3.5010212752178
2.41165503241162
5.66950748469138
4.67390092203153
4.26951991540309
2.27042516323538
3.50549972570987
6.12160797023503
3.2000699982455
4.16314739835046
2.90460230596843
2.99654658987256
6.36448963066829
3.99992259346077
4.68351792874198
3.0174411284825
3.47753886814339
4.00409063274201
4.51985443269529
6.31878009683578
2.6521525163788
3.93523398584562
7.01293416473562
4.38318836281506
4.76769175041108
3.89218062149693
7.30146493415936
5.82242270347488
7.11431356774921
10.8135356892771
8.30430544966324
1.41508752962826
5.02849459097356
2.252455699555
2.23788987112029
0.400830501731223
0.425437655807998
4.02797061394681
3.13714625423775
1.03579489095216
0.658645144057916
2.95784528718177
0.98536795681075
1.66603748311265
1.26053910927578
6.03758845300478
4.16241359824819
6.4727349670439
2.63757850536645
5.81476823092105
5.52122077008623
4.09579908137516
4.91748277397263
6.556593361495
3.77660314454172
0.228454826055074
0.0218403405880146
0.0218403405880146
0.0218403405880146
0.301587412724767
5.50937823170259
4.56157557247867
3.3178487552593
4.04099627450838
5.0286131723296
6.02021650085895
1.82915586369164
5.12709556252953
3.94514949963916
4.09763142551737
7.66028391062505
3.13942620435494
4.56697249692633
3.73575030723441
7.49818870012639
2.06806502535222
4.94465401237499
7.07466031329988
1.55923980048823
8.1519071696081
3.94951477369661
3.02377414668061
4.04509101683905
5.64262273298361
4.66108409347896
5.23464229705263
2.33406189092675
6.29853811994392
2.40287820785327
5.07282366322487
2.28303756254716
6.94700253332775
5.97438024707619
4.64055878760322
3.4156932172895
2.85137058815108
3.94871898877163
1.05899823072574
1.23839281502779
5.70216434469886
3.99227621322743
4.65647531243742
6.77307155313135
2.38708261062656
3.15316685884904
3.43289090693641
4.11110111384499
4.80055964595186
3.48049770877801
3.19551254738323
6.43349498296145
4.739111787571
3.62752518668705
6.89677128944442
1.73798215472953
4.03905475302155
5.83848814287648
5.96120134007964
4.16891866327256
3.33682663950571
3.20147809553866
4.25414240314731
2.13565702572955
7.21572181376228
4.17783883655695
4.60993186703884
5.49746734309349
5.0934020888196
3.23991285167494
3.92747529546569
5.80392481850769
4.62409311103258
1.74911976012076
3.63810977994982
4.35074174789998
8.66515329912075
6.06949100491577
3.56217443472048
3.89089834154926
3.66772759008636
5.69273907686753
3.21528273162825
3.10978384116801
2.60706144633675
2.59698222561186
3.25079918016977
4.64385511172158
6.35843075407662
1.66573315705735
2.88786996226733
3.10247860057544
9.37957283972794
6.7046449905963
2.90709393537727
3.27673926086706
2.54346132844558
2.99153986418458
5.26004945000256
2.92992091569566
3.5729894620253
5.24636040764832
2.54785797408572
5.93393291011276
4.69864903035648
1.92161314016665
1.36586266286484
2.37251618238918
2.16937278254185
3.68169050278873
3.89316435033254
2.67389075508222
3.08981069976117
4.51054085508207
5.52604710780154
2.0110305664578
5.8910165267031
3.61463350771825
4.23829823404848
4.68787596509453
1.55334079334275
2.44936313546135
5.16599664887
4.97407212632916
4.50972673652553
2.08851988625833
6.11229314805519
2.71690711122418
3.01839561831507
3.34918786033688
5.17642869773266
3.01067179885404
3.08339446953058
2.35737611400382
7.05462983287014
2.69951420086632
3.13539047671017
2.35564844124567
4.96853562082174
3.63705932324281
4.11432292795717
5.59371160135754
3.26224974485423
3.77470442086437
2.016073978395
5.36638228541285
7.81506572789556
8.19103613376182
4.45413644411116
4.94376087347276
4.63701532702417
3.89221391491795
3.59578894507227
2.40097182352488
8.18210540206213
5.45993687176883
6.38520304809417
1.40920126422751
6.28738066155948
2.66614445071906
4.27524360913281
10.6091521604727
3.17834567247204
2.09107275191349
4.65513812113351
3.70432577314612
4.50409354414838
3.8362946966095
6.93464718614579
3.92232932714625
5.9165107582516
6.56850578673551
8.5386651670882
5.41731973602954
5.48658166956989
2.32880462536161
2.6082281665868
6.20876936952687
2.34776827616389
4.22703549969567
3.52794197698822
2.79011342734729
5.20628532250222
4.27849852606976
2.6384903412826
4.47195546490806
4.01463778387767
7.92438901691236
3.20310077775396
2.4940144853998
1.89952071193585
2.13199648146939
5.94970639784379
4.03780951055184
4.0541573560623
4.90693117814638
5.17148707129382
3.13830141194682
6.16048587207178
9.7727740869575
5.85492044448409
4.29316022987727
4.00564810854215
7.66755156790717
3.2181903462458
3.70076596088468
3.78917408860842
6.59257051793717
2.77287108827564
7.18498211500131
6.06418542838673
2.21223367120375
4.25976402514264
5.25081970461592
2.38104226943942
5.85991047215063
2.54084006564771
3.60063116804347
1.77067542800992
2.17598109977988
7.34525286797184
6.4386328949863
6.16772837505153
6.01937383142614
2.15818364009177
5.15000640571241
3.63494902665823
7.42845987100829
2.29620157578376
4.51629323680349
5.02857461472978
2.97199496441425
7.25956756493875
7.68947982781293
4.99552658167981
5.76760506147489
3.49270797371143
2.04379235381813
5.05953582050994
5.89049119493006
3.47384213260375
3.48794448965718
8.3463111909522
3.96771556009423
7.32340221459123
3.34194615455254
3.08922516642124
7.75379266429526
2.74712240352996
3.08655479885041
4.89425320995125
0.833177091587134
3.03874652564053
2.20943299723372
1.31696837091421
3.49701282222493
4.38546857829441
5.92846862017943
5.32929888037031
6.26737815724355
4.16149713843828
3.61596194639113
6.4834655887063
3.5437684466425
7.56719438368401
2.98336886349795
3.58307160991518
4.79105052591839
2.24898637584524
3.72306278844075
2.73765723913332
5.39148082695037
3.26964638153509
7.42719326021411
6.43753974606188
1.74363507863108
5.90862964516232
6.02254242859045
3.39013462097182
3.85597409289947
4.97435531277784
3.35687603094615
4.51985463708334
5.61313175188579
2.43710204771934
5.01516627859142
4.61454877115423
6.52211970628151
4.52775371553597
4.64152257567877
2.90694345634305
3.4491467697045
4.29524472799073
4.37891562515021
5.3041909137248
0.62762170392146
4.03101953445029
0.981472990357716
0.182563438277256
1.44141079981338
1.98380142639512
4.17493430281847
3.25611440146712
5.29808449644329
7.91938220058743
4.90815089959339
3.43936302629604
5.43498837511773
3.45743556869958
2.74772082353782
1.14577146874953
5.084018556795
0.0218403405880146
2.19498166168086
2.58485665664612
5.86890136857865
7.05491586679236
10.9658987115887
2.61263422195804
4.61597337381646
6.47483456294144
3.66864592072069
2.99350016893241
4.05483124766023
4.25405030494441
4.38277957534317
1.309855294229
6.79925359939496
1.60965377664386
3.22111240487395
4.88871141107676
6.33804949526584
5.07572111484163
4.48366124926734
1.42837810696958
6.72056592429983
3.96765302014218
2.39198317130413
3.63351999628368
2.85251478060028
3.41893137993325
3.98753087253467
2.3053744581405
3.26878201420061
6.38815200477091
4.44783150515321
2.32682661776365
6.93489713088473
8.29416313802451
5.19036276922043
6.018474289966
5.41498591669561
6.61603746389452
7.09691676959872
5.62774546090515
5.34655771041194
4.06636745291223
3.31794016356536
2.92352476220321
2.61689283498505
1.35111695209938
4.99358944530909
2.57365080253177
3.6627598127495
4.90124895552274
4.37422452138537
3.25158408369559
2.62690360956126
1.68277272734236
3.58258083132627
4.43531145060549
3.64087938805424
2.6247397263346
1.9291881620526
4.13130976252461
4.05787112347387
3.71786438268145
4.94810550876983
2.19932705942127
7.20765833241069
1.29532504533036
2.32918748570123
3.03881966582186
3.81777490588309
3.78988556763279
8.71920662501153
6.2087326824155
3.94358600714201
5.14563642986418
4.66636153225025
3.27576017127232
10.0540893715465
6.24959008176471
5.50925147598117
2.83296241812238
5.66500479176064
4.67598373651882
2.88196701670355
2.51232770254617
4.62209146666535
4.9522745800048
2.75375620466905
5.28398440474401
5.82428081965591
3.9764408227431
3.14779929789138
5.74464233100894
7.02743446873314
7.87503671379806
6.57883693624482
5.2286896684457
3.08800057790534
2.98607450677437
2.03358603724951
8.2409005282338
1.7757929472122
4.88963585996486
5.24574202577734
5.42468206276161
2.76630850731362
2.63269264452604
1.86481512786509
5.35920770603921
3.3318877863625
2.13817247370343
1.91562725076957
3.54330351488484
3.00766159121106
4.90423280289929
4.32300021509842
1.42949171056334
9.01759662870763
2.84198444343692
4.27191942612827
6.33234712407478
5.61644801019975
6.7724272429001
6.62576121588436
5.34804310155795
6.5436694988014
3.79473359933182
7.66488217274053
4.11755919318854
5.10190687983097
8.66245562569357
3.8497892130156
5.39138518580522
1.78858564263489
5.44992227113817
4.9175889233907
2.07990317123359
2.88431187435732
2.35660770846088
2.67959936492693
3.71945523447979
5.81272399714631
6.53599210856794
3.92371887649918
3.11751846011902
4.54303700895701
4.03645275074661
4.40008525964818
4.99236191874948
3.55592191060308
4.32819882413546
4.89600893252186
2.27468730429243
3.49813456311741
6.68623888367754
3.9825325002202
4.36499985175524
3.60299745584625
3.3392625197669
4.88443737137506
2.58884642993597
1.82738435743496
3.79038421283639
4.05655481789493
6.34312805100987
5.24320342239228
3.3580233082898
4.62092333444964
5.81756345473317
6.98641700720263
3.37734773772206
8.35987975607677
6.51295492415289
7.77318444124342
2.75081078504068
3.64002305596795
2.95378358889559
5.77908090109687
2.01303359450364
3.88497416760211
3.1348441152822
6.81335270713243
2.92668808197065
3.1059022091745
3.42701474868626
3.91252111623135
3.36397007644937
3.66049996316438
3.32478521066868
3.55232800900911
3.72176966722736
3.42642330025365
2.10713236575071
4.23683065660928
5.53852369419075
5.0979824619196
3.10064069697865
4.75357632539475
2.98267796359533
2.5246531029218
5.61759790304517
6.52519376968367
5.25264033116767
5.03022038287633
5.3258798111734
5.53204314926281
4.24067086141894
2.86090187076915
2.90027800654204
3.18472299598697
1.82038597135714
4.68105910278538
3.85423713271883
3.14963143433489
4.60375098125504
5.30404741251801
4.01860946774477
4.9145589258969
3.92044742701725
5.08901997802618
5.97843125703785
2.84877927345252
2.046153230097
7.57971020229743
3.96511813133247
3.57563853728051
3.33433484698307
3.08967500698003
3.27994691467768
3.65547087143173
2.24459521698411
6.83244825668035
2.0109330242879
3.80203437956289
3.37437277673805
5.01383476952675
2.94918491064589
3.42183702705622
4.57709587257738
0.745210954837919
2.49837075800603
4.48408641837109
2.60606865658518
3.62589526616772
6.86169428269378
7.46128862358849
4.0902380110196
3.71748087221146
4.09640303235297
5.06283015224943
4.84945596342038
3.58106634942276
4.59876941783428
5.45125951546343
3.84887617099941
2.79206432260378
5.61599783349688
2.11810582991496
3.24095304783223
3.12483838878134
5.41112759191641
2.22426734447244
3.37828378984258
5.69883147499523
2.47616926792913
3.39492292928803
2.90633771186486
3.55155398131148
3.92208707751525
2.22489686681643
3.31287256777331
4.56131572859207
10.9482929414132
2.55286042656294
4.30608977392407
4.74529016256256
1.79887841303344
3.89239946110246
3.23473852076598
2.79436271983187
4.46508532825007
4.79997745907011
3.94768599204487
2.0408239510083
6.03963303053081
4.08573551238478
2.76112396488703
2.02142480451997
5.46462363078642
4.93000135168285
1.81793810682034
3.92521599269752
4.72534680142474
6.67253841084956
5.37682787830263
4.06899485817896
4.30533933262331
3.01909299448607
3.80866552454422
6.89783300392277
4.31302091827231
2.36490901630206
3.47413159945957
5.655099926616
3.23608951182967
7.25351163131617
4.35050102306116
5.98412321503833
5.7152740592146
2.82143495363587
3.91818434594139
3.1513053829508
4.53209734504272
2.69519777906853
3.47889355532917
2.70171118627627
2.05350242891545
5.43245154719561
5.95476896175521
7.34492759430826
8.68429012982366
5.36796038233187
4.40375578781937
4.93144608185188
3.52912722623743
4.39237013478027
5.2344674563023
3.53151500170985
6.32239227262258
3.82055750224807
3.98663288606056
3.79580320155779
5.23191722640615
2.51484387405179
2.85632794028086
5.83727119780802
6.87986100491848
2.53350328131274
9.33439076939475
6.12663163770915
2.98930845969196
5.59182146452474
4.40422282774687
4.72586236047785
3.57768789252965
5.40281498355322
3.70866836611246
2.06397219361656
2.78014195809147
4.67529761097318
2.83403948734526
5.42084081914083
5.50155123736943
3.2907134353616
4.19479896026583
3.30568942635408
6.19004425555759
0.0218403405880146
5.41088718370604
5.25661565854173
5.64106644834522
2.83114760967244
5.62287134483538
3.93133768980589
4.21217680778742
3.5049788628677
3.22160688119357
1.68689841885158
4.78441571953798
6.50819678870491
2.05761891089178
3.06491641983055
2.47785339802312
4.34313094869646
3.95833043354923
4.42896608973562
2.629025785604
3.40142639216457
4.95862682694166
3.23827388452993
4.05402223172769
4.08425365123079
3.91694726512593
2.62758917226601
3.21558409104278
5.51788680057784
4.97017673293705
4.18046482399332
5.60986540308975
3.31853627406248
4.97446587472738
4.4054721909249
3.4559614817711
5.71723412945661
1.81654122463429
2.34776203729611
5.32794765360443
5.22018595494552
5.71973619132767
3.8081811259353
2.59828427651188
4.35131921919802
4.81627929152478
3.5196835107464
3.92072047731954
2.92501658379638
3.48649017623687
2.80211859976753
3.26356956722682
3.83841369264567
6.04684073726708
5.62917898081578
2.37076428273653
3.85621300758427
4.02671182725421
5.02708810489464
2.39147495998483
4.85495236781107
3.13150886369746
6.68613907310888
6.98778614874279
4.61731913851809
2.16364609558813
6.39352622464917
1.96144233087786
6.24785420169316
4.12204058867589
4.84105622692872
3.75778789869522
3.57464179410944
5.95929953472131
6.00159857458313
5.31484814310493
3.51141097222725
4.64711796039619
3.6875487366091
5.67006486035491
5.24544714197598
2.21582424100123
6.70234213567815
2.14207530275366
5.73763425842577
6.13604424452247
4.56056844934098
2.16755403646979
3.04296988531304
8.55200217191793
6.91975352617778
4.67879465333319
1.75688910052993
6.94918115060767
4.97374359571057
6.12379370046658
2.35479337401179
2.47096088162873
2.61102392243555
3.38191293267398
5.31793622514296
2.83289848945338
3.74276338247789
7.24919125608629
6.24105254002263
5.20840379770824
3.87722855135111
3.08517848314206
5.961931873843
4.72448486013179
4.48252716849439
4.45571839548213
4.64161368957702
5.96469696353266
8.50857178762309
4.00486656349775
4.52991515381593
3.89208047959265
2.2767506781369
2.75140048515699
4.26844237464739
7.10509744585235
2.94776282171086
5.09994211121854
3.83742095602917
2.27071030920723
3.14044825015502
3.11566149335757
5.09462315372575
4.94878626748937
4.01322828170874
3.07066472625408
4.31312861942238
5.04871827190909
2.35024189227935
4.08983600068708
5.35829186048412
3.3422632308412
5.06129787675344
5.15549103191147
3.65026652518966
2.6610864390874
4.32653724201824
5.97915856315536
4.27286330763314
2.92591206231925
5.86580255838431
4.2887931494374
2.93536611324466
4.34900594251092
3.53879691151241
1.47178080943974
4.17634931570432
2.11822197724628
2.58171774261548
3.82988576547907
3.42800628073223
3.68081553216772
3.65715100544369
3.33760630168288
4.86094471745922
3.42533836868167
2.68156313795844
3.05957737898493
1.60594585884311
5.72265811414072
2.91995686751726
3.87330225635888
5.69799545116543
3.28903231751646
7.99040654624058
4.1545371673088
4.37715349364734
5.03425986243406
3.81647808134774
4.73231653868149
5.19639502098633
7.47015702600473
6.76021654468624
5.18477931398606
2.69420032642794
2.98290026783724
2.9908792228432
4.04223575102183
6.29205205391266
2.58982338800644
9.0229306549043
3.78176526456781
5.01656177638427
3.19567535652198
8.32151162183094
5.14719366820478
6.00613501549387
2.25132257883934
5.02658387380122
7.22262242292361
4.84634155523925
4.19300426532359
4.51312428683468
3.61533207119948
4.90560016125234
3.78017938254389
2.12450441291495
4.38173297906585
3.62722475431047
9.05035022507834
2.53788359112927
2.59746822188747
4.9204318052962
6.10996090132608
2.27252980731236
2.72182292490502
2.62028370054298
3.09067715567943
2.5450384562041
7.15785854690654
5.11984396635172
5.08277702502351
3.90600954878004
4.42129391568471
5.91036635910585
4.37190298034304
4.19918289224928
3.31335364711288
2.99712537931109
5.36306111659985
4.46238085236208
3.83114183741901
6.35470953657272
3.27433370933127
5.80582856735411
6.37354438281628
2.26026823866267
10.0915494785709
3.82391080464403
5.52400491088621
6.38746656763165
2.19065026547331
4.40988592323338
2.59068102534532
2.35451559172721
4.57656794610591
5.39687168826761
4.53882408198283
5.77226660363247
3.89881764604537
5.45250034233155
4.37996464741116
2.00269747723614
2.14427913256739
3.04832446860764
5.03464609856236
4.56112425580712
4.9780552980577
2.88904870526788
4.29418219161602
3.43120393067586
3.73871105751255
7.99676937146204
6.7081285850624
3.02031353682351
4.45128223757009
6.67193681219736
5.89195492854711
6.59763157184674
3.43856171555237
4.10904221545153
2.72349731160709
3.53983501086032
5.83167208531875
2.84284669810883
3.79394977513449
7.44397415418384
4.82747454522101
6.36046895842926
1.71338468520748
4.00067769584266
11.3427252178219
6.85790394077774
3.50251414681528
2.79736757089723
4.89624993287164
4.40830143864277
4.01827110756777
3.82585424969162
5.57520257219024
5.48093487929301
4.42005511802274
6.06158114962679
2.33886211684924
2.46116894764308
1.34492877997662
3.89509199069109
1.35424248486604
5.64287393646639
2.6907510626699
3.36030317113867
2.85281344288881
5.14645999465328
6.90497392699356
3.12773681949517
2.06388311165617
3.84017032271412
5.7287541637916
3.37659884992457
3.90888353422921
4.78038490863808
4.30044571976263
2.81402606338991
5.73572713901628
1.51912464727966
4.26154380690729
4.75875380686498
5.08567973653324
4.99374765964782
3.76202617608157
3.07262775109146
8.27721274787569
2.32335272827667
7.2955107093384
2.02728102668635
5.87864854077778
2.44903417555658
8.51937828571754
3.79525835216962
2.94253675774865
4.09916737244383
5.074509889748
2.13739417761073
1.12483484990329
3.57962251365072
3.43950234583144
3.33268561657051
4.1665333518479
2.00901575693063
3.06478063129561
5.99356469856638
3.41811102315721
4.37008465429701
6.79117691738137
4.17903429253052
3.75660504218989
5.58730658384028
3.52818301766256
2.5779135978796
2.30444042829454
6.2567190946952
3.4336639116923
5.53915880748418
3.37236161209296
3.48040172777222
2.43210753231476
4.81805088222074
3.71784352472102
3.95782812846099
3.43108374956679
3.14525275403643
4.67303478757149
4.69739503203859
6.15270039027537
0.0218403405880146
7.63721860295436
4.65425288789151
4.50517267830541
3.34290720473589
2.73396119748267
3.12373992846095
8.80226859170262
3.14434889001931
4.2753458807289
4.88008200154236
2.95462357872176
7.1009909053919
5.52910363031569
2.18486438747581
4.7684237983918
4.33895916402064
2.37329384196841
4.57876017785116
3.22655116105014
4.68781609492739
3.77380006067192
7.81555396123069
2.78411634551931
4.56291693480456
4.6105922387929
2.80274745237895
3.88034914813583
2.11145507436072
5.98474571479891
4.93707623228828
5.64507405036999
3.12031776331829
3.70652210328103
6.51857286239438
2.64156724985978
4.08931030570532
4.64646035493874
4.82301023034777
4.34765246918981
4.99647137358598
3.60181396060401
4.85162057183769
3.01872752357064
3.35317217889104
4.59676151395284
2.98727998225136
5.44919144832761
4.79925914068197
1.70939700136281
5.8762494719033
3.12121732322848
6.02169037833217
3.14170859272952
4.67233445579841
7.84407058644294
1.71492738603026
4.80739172590596
5.1303948425386
8.9779859990865
6.7810308448393
3.69740260393668
4.95266463535463
3.84956705946138
2.82288940107665
2.41071931380687
0.892388873367231
4.07222311452977
5.22020619476965
3.24525873061876
3.53622778083426
5.35165030728829
5.53766959519504
6.740509142603
6.00580199575088
4.7951871691209
4.13206977407361
6.02762292722965
3.24699166452933
3.59086757524052
6.0395450042758
5.28163597766277
2.91023808142738
1.55508925899999
4.4365448951514
7.93992744737612
3.98680073881718
5.26746841167756
2.0559746781062
3.14024718825871
3.87333043737236
5.43703408035855
6.75596146012884
4.6545437362824
3.4888484517444
5.73839982314047
6.07049249263966
4.91152368634343
2.0211579030529
1.41329985617429
5.9466389010057
5.65882443538335
2.9269178939704
3.49896324001895
5.87081708970305
3.50831322985263
5.94334746563405
2.85496190918977
2.24803911443104
3.75688439685627
3.61206120971919
5.58172658367968
5.25217634114777
3.72433574355317
5.34202356207161
4.31282258451804
3.37724512955557
4.26314504252515
2.16901962310964
5.77288712202909
2.34364804171159
2.96112063972775
3.93852052816852
8.55111392872251
5.23743887243381
8.00344283841787
6.42797135737919
2.85503984857255
5.26593331180926
5.24986468760415
5.22768832561023
4.52738590891637
2.76664433988355
7.21358417734714
2.81121327177885
2.23068831263686
3.21267238904562
5.63660650305339
4.10770947148591
2.25017662413315
3.79673041009498
5.70888760817606
4.84191000337457
2.96765361412573
5.67087355854072
5.41579189312259
7.9048297237427
8.99915661749998
4.14164412434563
4.47960143306169
4.51676535996996
6.65129007034394
3.29021263330675
4.51947742816855
4.61151000898348
6.10689231056838
5.44694887823607
4.05480598663293
4.67416326218682
2.76206042608186
4.648356308928
4.97546352191547
3.36214410343993
7.99891877616956
2.95566723200293
2.78453849211919
6.87687726781402
4.88196793326073
3.47094190652317
3.88482499796023
2.71611241320897
3.92527297496549
2.4368384859797
5.78701862697283
4.72684149664908
3.08555175831238
3.66745567538246
3.04572910064058
2.86413360842029
5.69455129379902
5.95607352360747
2.69184990628432
4.49169061253933
6.02901815194753
3.48089031099978
3.09017502661345
2.54825528012414
2.59372665774031
4.46869818454105
1.59827755403208
1.5190528764678
1.69125359859999
2.49525044203878
1.44449355132966
3.27264079331855
2.83606357211712
2.39966391270145
1.87263868361124
3.58150752976699
2.87101846906511
5.50197232713477
4.0144558359365
2.70920176222981
3.71136075824315
2.92310500616165
6.26078737634686
6.83274090193724
6.78407877184004
5.79607475570079
3.48630110030203
2.52583709117625
5.30993146794733
0.903216933327695
4.97313529519959
2.91678250176139
8.38687472210904
5.84537891185801
3.83113031160164
5.69239991797937
5.17330930352599
11.3952200421708
4.36164440385169
5.10326777036743
8.21566014193925
8.00064522889042
3.64852617562621
4.50687721293127
5.42899304901276
6.37908591323245
5.8840041467793
5.92797152700142
1.27211467127236
5.85352740604026
3.9373850888686
4.61381518720161
6.3360458934903
5.66762100818395
5.56996459891682
5.32944723906152
4.32967256406326
2.73385780221698
3.97098193377965
5.89712143172705
3.45423259331905
5.51688217600186
3.35036020147872
4.66701115941597
7.19739794714131
2.30789558675549
4.55245940265209
2.69148751349783
2.50821672945674
2.3458060862077
1.39391553591695
4.01437224351399
2.70148638594198
7.32160921083565
3.61775722923748
3.59094303424864
3.95647136271596
2.22383349415586
4.24335776508312
3.00951788934907
4.13642102078716
2.402202950794
5.60306093706103
1.66395660249997
4.08155191554324
5.50863821515621
4.51037807713226
2.88023624247042
3.61120202156868
4.10600056013125
2.31418494706985
4.48185156848399
5.03341192488444
3.48225472287435
4.0880093846706
5.04911537647416
3.65603802428401
4.5498429726577
3.47529139608388
2.04393041918544
5.46943168041964
6.29063821902951
4.44246028643647
5.40509072061815
5.02966023251234
3.33934026740411
7.46621050335859
2.44884345880075
4.9481118692472
9.59038220293001
8.43175351909409
3.40284304453529
3.37136485147501
5.05727524500249
5.53726612339668
4.75329193444986
6.85437974555351
3.17433022273551
2.57799105209088
6.02352297000688
3.51847181873997
4.79096656608196
1.85369108231231
3.41097700131976
5.32853094988252
4.7294610336462
3.59672292581801
2.98557212454086
6.61921860376997
5.91353187557072
5.03794831280304
3.29510709503618
5.73664692343383
4.15157024781222
4.91113029150898
1.42761958848934
4.41420451059287
2.46468941157721
2.93995210773624
4.09778145780162
6.04965838393036
3.3978823952141
4.43509913855811
3.34667723995838
3.28880830727417
3.76603565820606
6.40229263770305
4.70297419825161
3.38655539088191
3.50102243955657
2.95686896457037
6.35165861917681
6.45267078547191
5.65827940186203
1.81984240564488
3.69508592854192
1.62706695736372
2.40732349686891
3.75085709576499
3.76184389236462
3.88696068130918
8.3029460507587
2.75329907286847
3.22315574728175
3.29037983395677
2.17615254501295
3.98305292485529
3.61255808726563
5.55253213415739
3.62969947442579
5.31853483925061
2.27979206618643
3.25382352923411
2.44925417608735
1.5186167108855
2.91263274544656
4.57013400937719
5.37667471477584
5.17970813638279
4.15822270026962
3.1619027541463
5.57645664850267
4.71580807638084
2.99261542669822
2.74405383847482
4.79085625778523
2.90568153754265
4.13604786352092
2.44679892934837
5.69635437718992
6.18356543504495
3.52238958758424
6.66493045841676
4.8946063147184
7.3613131456086
2.56348106070408
3.49563163860523
3.73898808804795
2.83640286205125
4.72570198987078
2.8760613470576
3.41683155413276
5.98718984457422
4.69143598741577
7.94144357725305
4.88606018173497
2.70482698976368
2.51093488600097
2.77450896208239
3.79935968800548
6.54085695012522
2.42007241937802
4.00865908933177
6.12884180949213
0.0218403405880146
4.8731787474749
6.81564441002832
3.69707754428309
3.87920730402623
2.93694393674824
4.12117238805523
1.90013217972565
2.16195389910214
2.65453877945741
4.95006637951906
3.67821568742595
4.49507875692148
6.06461292449276
3.04062978618912
3.37996406544424
0.0218403405880146
0.0218403405880146
1.36486759448448
2.32410494236029
2.66937536755696
3.17447307570664
4.2682911416038
2.93377338976679
3.43408559520099
3.40976597987963
3.26911280838529
3.84211372820011
2.51791475242962
3.09735139912053
4.09926582438276
4.57503392572955
2.73578407044009
3.92714837791635
4.69915514460427
2.67084623800574
4.51004248935129
2.34181900133495
3.04549276211485
5.18178625650795
6.41060585292635
5.62871818514531
2.18727876869025
3.55327191632103
3.96189727071271
4.02859080358393
2.89028739025427
3.11480843390907
2.48508918417623
2.5297955938858
4.0109671781956
5.98191572565186
4.2114242818251
5.55057246013451
8.07403248516065
10.0102318648321
4.68059935412069
1.32618520261974
4.3732112511823
4.97532952325023
3.54590761663326
6.41722415052869
8.44427616368641
5.44289474606952
6.62742691156317
9.66934268631537
4.83650945354968
4.69505095982674
6.36515918625953
1.91924000201005
2.98459476835401
2.80940659379752
5.32270101196194
2.47968404267932
2.82166080790558
11.9679995946036
4.50505687023543
3.17660517746908
3.02212219253515
1.80600233101701
2.96926150147796
3.1807953821909
3.65594508639051
3.79268696218679
1.32289655642277
3.58952777495227
3.21350314266097
3.00907904085894
3.24692410116656
6.61926999845037
2.96296915787412
3.54746161252192
3.74795472890436
5.99937125529263
1.88183289834051
4.68046902640199
3.09316692982565
4.27523923428693
3.94675219211926
2.56938895083554
4.59121303497008
3.74061604176256
4.61381524424722
3.05449095597913
4.59047862346726
5.31358220498745
4.30839199671112
1.5893852072846
4.71257112484109
2.9952393889154
3.35785923630854
3.83207492022656
1.1203965156812
6.5487493855188
1.40482503100841
4.23625857829412
4.47411328827924
4.45634613306054
1.72951231871354
3.24750671144208
5.33870843104882
3.48016093872389
1.75421219228214
2.18528779969674
7.36550190601806
9.53664309943533
6.1543725850869
3.65408949108078
4.00739787837411
3.12234575458301
5.7813380505244
2.43055016637599
5.3794830207446
4.19508618040546
3.273423442347
4.4917996558231
4.82386826282814
5.34886480632029
3.73736401267384
4.52860653066387
3.26952386224537
4.21335298519164
4.83980945278618
5.36118910227278
4.36572623078515
2.72492634384595
3.93430186226996
2.31426678013778
2.04513093803202
2.76449736406637
4.90606008030805
4.77438163258872
4.80053230873554
2.5865233268955
6.61177577478592
4.00967305608204
1.40881395892188
5.95125982720377
4.66897892420976
2.28338743283359
2.27500452574132
6.56319034824542
3.99175072432882
2.62963462347135
3.08982475138156
9.04735098558029
5.10167725304121
3.21676600029975
2.20573956011326
3.2183418231472
3.24778112525397
4.17083956346138
4.75525704036067
1.28449855547127
5.47382812422565
2.55802585986678
4.32271072338748
4.34145195185766
8.11200412400204
3.43711477027392
5.30407734395249
3.66080415920682
4.42463534855029
2.86379565355291
3.11851434245483
2.58112509594669
6.08914407814927
3.76508205800328
2.6869207359612
5.52609686775813
3.68586130639966
6.562637104056
4.08736131311606
3.22798839803181
4.7116975213354
4.80696344034469
3.7042250415194
1.46195979692855
3.6208476793362
2.98795964235221
2.43268382498183
3.70124403539965
2.71580591586061
4.55603012595063
4.24279089518132
3.65185055174278
4.77351337994155
2.23334750936297
1.60149011714235
2.29909081912248
4.48189309980726
2.35385034962586
4.6938347680323
5.87768344263528
6.52911682135828
3.97791097117542
4.58036593286722
7.19421509570708
3.63590150686768
3.33315636151909
3.13971640024306
3.02437239548199
3.27005468265004
1.26042710040726
4.2983844212769
2.98497504368799
6.40788111438878
2.21090892636476
3.89090510180131
2.7768854413419
4.67415136040487
0.644926169306171
4.63012463874012
1.91259378599193
2.75352724575083
3.22513648998794
2.31469222800709
3.04104690332962
5.08878146973377
3.41418227817704
2.90815591172049
2.97202796888245
4.69837107589247
2.88722026352536
2.67208403345643
1.42310537704395
10.1623182771352
2.66093039509
4.63894966744139
3.98940692167812
8.34403026677142
2.58077257602739
3.37030480638771
2.90360379393184
8.17891161371312
3.60622293347454
6.68225623130647
4.51875762671506
2.77865421220186
0.0218403405880146
4.53941161595196
6.20279697051624
4.61336391267406
6.45883258141167
6.62860249587665
4.39389987648145
5.14444877698861
3.9295012719659
2.51459999867719
4.65750274333704
5.32722464710449
4.89649755846987
7.0831028418149
10.6801584810744
3.61389066620884
4.28540921713952
3.34499000195756
2.59308623865998
0.930859456565163
4.6877867958941
6.00815880873181
4.39416011259468
8.44618934081755
4.02842231866508
2.74327542154576
4.73197186472593
5.74852014047321
5.70862945031412
1.43794971084677
2.59532962109958
3.71248727895369
4.48877264296959
5.6245172701617
3.3472676732893
1.10285192264323
3.89255266190777
4.96240945882484
2.73599453992474
4.23320466555907
5.25240411963472
5.92732481701564
5.25923787308569
3.7089640335953
3.41855218812377
4.48541245553563
5.70176281831393
4.15897042990438
2.96585805259962
4.1983529034971
2.2474547144117
3.61007454197368
5.61498794525645
4.53789793137466
3.75667686430579
6.22798942505813
3.1811118701725
1.81230857825215
8.1154403823555
2.77008158744957
2.87854268677903
6.74425690200325
1.92052629268508
4.41865940389251
2.31466328149123
4.80247286705966
3.98351589169095
3.93221682713694
5.60809441992806
3.83364528740728
2.16008031327525
2.51051312529577
5.36773854153054
8.85679776823697
3.99387165787422
4.37285898655219
5.29584918422672
3.14122382150026
5.75632449025995
6.27181477044829
3.88089280985071
7.33794437969405
3.00391967023051
2.0857941466112
5.62531943854834
3.52545026538168
4.44254393493522
6.12519931694928
7.42405663317501
5.4988721626319
2.95550660654643
3.83979101588756
2.12380820549051
4.00407666089394
5.60680250165268
2.88746110687143
5.67681019361598
5.78598117586859
4.55376762296385
7.98417760193502
2.30039789069528
2.63292859599989
5.79660476060797
4.14254802260939
2.59694466097677
8.21397946030086
2.58382686284063
1.60613402619294
2.20121024850043
2.66451785984601
3.80864048024782
5.22850810011808
3.86868642051313
2.37056926045327
4.47036608472381
4.83205486634532
2.87373084389821
3.94322108789375
8.38460639322407
1.83275722510269
5.11952185460853
5.04646573053375
7.21529948596378
0.533343802124763
2.99426589332818
5.32875498389208
3.42628668723064
4.25503994872078
4.25357694593681
3.51841221570078
5.48577213344075
6.0492075621308
4.71339555759818
3.32578812014178
3.31451221718043
3.56017361833076
4.05615841099228
2.40890053739979
4.08789661840239
1.28535745742843
2.18180482743965
1.41184585179086
1.31743192369591
1.59934492183854
2.28483591810018
2.48524262841256
5.22633106672911
4.37610619513775
8.58300977465048
3.70572567584247
5.43478988168857
5.18315618326458
3.08695149976791
2.85134993181764
7.58647554058674
4.11561827472351
5.07805309007419
3.1333523181135
6.52292177729684
1.33431863642798
1.06614314242691
3.14412207433676
5.22809172134989
2.63784924655767
8.11478838970123
7.25657207704575
2.96033579046409
4.58538457455543
3.31120247393571
2.73499020768916
6.39486044817194
3.82986508763358
6.53287557870713
2.94398670993537
4.04761637266092
1.73503719461865
3.28341230303327
2.34338371489455
7.70276493895268
4.66832550009155
1.59170711364334
5.76076307630156
1.08139480906707
1.72794807173688
3.17507543170955
3.7683200364464
5.76142502596095
4.10224558192435
2.12094820762319
4.43435439195647
3.18026772484481
5.08898727333316
7.18146128066265
4.133939974537
4.45168112098607
2.5446727560443
2.03616856520089
2.91127074316061
3.93516036774592
3.94629315837397
4.56940209091573
3.07955688053429
2.78942183194913
3.02324623757423
0.194751998911275
0.519492684444204
2.88720686501471
5.58163739334796
3.42675201080354
1.5593538489476
2.86443758952017
5.67285874172422
4.50795263153664
4.68288443216902
2.42123749499993
3.78827953996033
1.49026264415625
5.0749088434539
5.83222875583019
3.27661566283005
1.6876155965425
4.19635865387096
3.49663362184566
2.43481863626947
7.2827362548286
3.48779896855139
4.89200441524163
4.31326862622688
3.15587395488616
3.10077101499522
3.01743345929972
3.16240517804239
1.70759506207071
3.51632944919079
8.25801000194356
4.20490724511428
6.65156975984703
9.00015213817556
5.09413667097797
9.00433371426051
4.30301906445157
6.24602650029112
2.61779614263426
2.45172364940789
3.06866155604563
5.67306645538906
2.65377952629335
2.03227960405167
5.66756660174825
5.79010659997352
5.99921088367691
5.95332497851074
2.36797322938165
3.30021928532928
2.92428821918896
6.94921781553457
2.63262729215849
3.19759942448914
4.19226474454025
8.13998448690834
9.38877895590342
5.67541627727641
2.03397136508163
3.92327914716147
2.23398997682159
2.20439176741532
5.63492977065363
1.7161397666784
4.42390297064027
5.60254416413468
5.49068700723972
5.23249805700647
2.56216975062731
4.63640851009495
4.98768473320608
6.5193734895226
5.14206104474287
7.87223934198437
3.95743176506252
3.70278026087595
7.69545441011476
1.90278281692346
3.99675400610192
8.73388197601096
2.35923200017021
2.82045830829347
3.70034522435766
5.20291302854494
3.78991252383564
4.23444779471241
6.20933110299419
3.3345396531921
4.57282795495997
4.94781115334646
1.99477682619061
6.13692694736848
3.95814753560917
3.98345443191255
8.57477158989347
2.22893527617542
2.73543008952697
3.51450485684776
3.80777498541417
4.10797293242029
5.48756529347057
6.77415628021688
5.44891723079116
3.60229435823634
5.4173332932439
3.90275652769463
2.62083427133243
3.16409021063559
1.80427718434435
1.22911269246883
5.88776228587542
9.93234273019311
11.5644996422268
3.68351567218144
2.42647745324579
3.11654459395179
4.04333200970364
5.15092657861968
2.36204786448906
3.20365716722234
6.1464716891864
3.39707672441299
3.97155096786312
4.16854526023652
5.95968966169266
3.46533377576216
5.42972874608646
4.00053666933528
2.637840552833
3.86111712732975
4.18703622816872
2.63912651549207
3.2764106629695
3.98299903215915
1.89316725063234
5.26836684804951
3.0624187592819
3.80218892770763
2.90743444983795
3.97053915941109
3.07101227680709
8.03617238635574
0.855041194827476
6.07572065483008
3.40714324018619
5.18197130672213
7.9233280317622
5.21512156645989
8.14250599362501
3.90554468306869
5.9729355476117
3.7458247107487
5.44583213917113
4.00792650163174
4.49808276694647
2.65052273501777
3.24327007703449
2.13128930551037
2.65261649095889
3.30375130277124
6.61721541781496
5.3882497904411
5.28715246685752
2.45563148300249
2.75709531938473
3.27416605709899
3.78734538919597
6.24044408800316
2.99927371527553
3.58688996701301
4.13142697639148
4.99328302464487
9.2273905526708
2.68936388949753
6.21448239634659
10.8980661005925
1.55543762832838
3.76155775805471
5.19658848825645
1.47397873192306
5.579444412335
4.66580738948249
4.51958885309511
4.39332032803341
1.81954204386934
2.3893843145345
4.64106467817608
5.55686867306664
3.79306081434942
4.30369727997401
7.1425022182575
5.82415314459799
5.37830086231613
4.89930332062085
7.74448508065635
4.16770166695318
2.57531386797613
2.48148731114549
3.08328834844781
3.19001768220212
2.65528769085821
4.62116234887448
3.82111365528031
4.26670475658535
3.75696964174774
5.51170398390448
5.82161254104527
1.80157674388649
2.08531514176998
6.40186454370107
2.98809149891689
3.74637910005714
5.5668087434211
4.12684042634452
6.47547350056003
5.50147651828232
5.13189561464289
4.69530692072185
6.29554285117361
2.70901963822316
6.38411905443271
4.71196786078665
4.42348046011213
4.58445485037251
2.89718057277702
2.94011994829548
5.3779434467286
4.31500781073136
5.61447719649596
2.4856694659635
5.42637077451604
5.67476647463706
2.68452700470009
2.48953106677216
5.21737833968942
4.59054757528902
3.47324382868131
5.44038676984814
3.97277685909039
2.92106640541014
3.63950795413958
1.5344728521114
9.71162698632802
3.80420198786823
5.2826288481849
6.83749521613291
2.74252822042734
3.60208537394424
4.45891997113275
3.00881800519011
1.72402569450114
5.30214036572612
2.34744192668685
3.19795505888883
6.72189643292396
7.93571714586117
6.10440868043939
4.50009995031445
2.83306478882645
1.99333060476493
3.465169589309
6.03228874327326
4.29608547449647
1.6873888467231
6.38013783029666
4.79580540658097
5.27475406433048
3.4730148014357
6.5772960199821
3.86824339273118
4.25601011972521
6.15435848273615
3.81601333196071
2.28913858962579
4.76605224384124
2.49640538643783
6.23305174343991
5.5349099721717
3.23208177585789
6.70400584621013
6.68976604544868
5.52553567614911
8.55448427778475
3.99910142262459
4.36078333455847
8.96697188723332
4.0618709500163
4.62665614919994
5.42281728574961
2.89781696881174
3.46906420294727
3.75327446504386
6.82182113523769
5.98144547260502
5.19233146908395
0.0218403405880146
3.47376068869218
2.19166612341524
5.25088892404421
0.877208998113561
3.32027547180786
2.6887546218224
3.33758910848753
3.90158160627352
4.1580952331476
5.58902814549289
3.7867518782324
1.07064521810376
4.70389013653584
5.38935263889022
4.45812490372578
4.38606062269598
3.59893840409674
4.48203493656946
4.15535440434067
1.94713513662897
6.17073566644496
4.16902812928734
4.07512076454797
3.21994047503096
3.99897986614024
4.13360548832741
2.64811811670101
3.33786744455949
5.05215622598796
1.14759927641601
4.33055385886603
5.56660093720976
3.27463998947472
3.88429624324229
5.2772676974179
5.58435564567055
2.71831955711601
7.6090510851988
4.03959051659361
2.05421220148476
2.4442073391817
7.71973397814317
7.55475382613503
7.05892937926089
3.96389258729925
5.3719518080443
4.01132997098744
2.29454641389455
1.87386988268194
3.09325941594383
4.16654314689501
4.25948698455714
2.34330592455533
8.35497609514496
3.55339173153371
2.69376417474509
3.67403182013575
1.26878109950567
1.90771206575619
1.69934796052988
1.55607351658541
4.18976927704814
7.31242615675627
5.26859760798482
3.16815124253231
3.97098819762993
4.21934019820788
1.98181111089152
3.96854068376383
3.34432642763198
4.39037821472913
3.85612692714384
1.96263001207433
8.64273852068146
3.06361917862643
4.4854740760353
6.04894538881777
3.93689096415088
4.29745011427289
3.24653973236747
4.67542346493945
3.63612415349563
2.21450190597996
6.09176542988282
2.69919415240919
4.3150770566742
5.00042983935122
3.98258456180872
4.20901758040409
2.87279932613773
5.56803225797017
4.77549694723191
5.42051615261391
4.1684359508204
0.984279760091892
4.53619662872176
2.49655165687263
3.02560130660262
3.12301627566578
7.56733700905256
2.59724767338027
5.03398927144623
1.40245710315881
4.02155237074699
5.36191525699383
2.38597379208947
4.73386206308162
4.08328014767699
4.37953045595866
4.93588934313971
3.52994336914736
3.54568478772054
3.81415404951952
2.26143500459177
2.53260766346441
3.07620475711135
3.96706755595187
2.85696156458889
4.78272666493776
4.91013615689599
5.13684777203503
5.91153131805009
5.78340738207863
2.60772263858448
3.58062649013378
4.84605412288703
2.52756533695104
5.2290769550671
1.94104325028386
5.34790414771234
4.62212667782542
0.200503189318586
7.80187198893782
5.33232354842608
4.24332687276139
1.73456344068
4.85301958986301
3.10945338052425
7.34534200388618
4.93028583859611
3.74643331452782
2.55151672381788
3.70618149821943
2.53468793015222
3.40750314236226
4.60830400542114
8.14345700091636
3.19630924954003
4.00346357213759
3.90125371625786
4.13066570629255
3.66852567830614
2.0588246618837
3.93220175415968
6.70890403311582
8.90520067786414
0.0218403405880146
3.05344713098729
2.70982733879253
6.00380330309256
4.92192760361105
6.0250737743622
7.18957028637401
11.5551578929407
4.84952514908087
2.99467675558218
6.18257974217749
4.30596904033759
3.99732720362108
3.19598313144657
7.04919682077706
1.56616815409905
2.67884230386533
4.58292831035716
1.65696411776948
2.82579313081563
2.59397803222606
4.43145563220008
4.66655049001083
3.86244993463013
4.54988911883429
3.94239341848013
5.84253559227794
6.13341669385241
5.24233534303369
4.98980709697888
1.09760528260432
1.61326191087305
1.65693128384184
5.24577094560652
4.67332514729571
5.18445183354583
6.06747064316354
4.1936342602106
4.42584098037842
6.34663613227124
3.0232112116015
3.28703383927907
3.42802777189917
4.02538852005339
5.8938724731703
0.562253072158074
0.775350407814581
0.668363369384163
1.76983578101998
6.41536030673118
4.55375126117747
3.74785510669938
1.93843008048552
2.64123981109707
9.62077530924255
7.44744406177767
2.43897224204384
2.28949883907521
5.76841218906617
2.48985167461553
2.43220401906283
2.0997204684928
2.27842976084908
3.31463999547007
2.70308446148287
1.90897503635858
5.42685798895691
5.4135675332691
3.82174686708111
2.79948791052698
5.95077137172804
2.42712551434089
3.3469351495974
4.03937699468309
3.89235465372542
5.70288226926344
3.84549849652796
5.53251247475817
3.47950614795114
7.2978117441943
4.62116649649678
3.34455393552415
6.43693240566751
4.46065267417597
3.91685647107206
3.68220527560229
3.77138604107406
5.97947396382151
3.27373615497815
5.97744938212527
2.5722631605894
0.484137183919178
4.22340350543545
2.92353704466694
4.67040093666586
4.51096210924556
2.89582477794276
5.6778480459792
3.67352162713229
4.07590375908265
3.2589288728216
3.90627017128615
5.46699318981256
1.94692248364927
0.748350811756807
1.44843026945374
1.89466499204162
1.41700489220206
3.74045467439428
7.97088746347476
4.96264270515768
3.46055696994995
4.98405434845141
4.14066130879293
3.73035755936373
4.71689321160745
2.52623572943064
3.66797833599422
1.82996883577679
8.82470011148644
2.96550187532976
3.30196462989878
3.63144483604074
3.99357431866268
2.20202689704168
4.02486914592265
6.49331184384715
4.705683055318
2.88553625718354
7.45905952301711
6.34683308797504
3.52169122147489
4.13599360097926
2.47534261273856
5.69950867530025
4.63452471483846
2.45340788492204
2.17175436661588
1.73039149056146
5.55885800366023
3.66953214402532
3.8382377901342
3.83875248349505
2.27594966780165
4.73717228638855
6.47070872701292
2.02275211423377
4.53876795895357
4.96913283748183
3.17681294355011
4.62395177696778
6.16830847698582
4.25594991708732
1.934478811387
2.60207762794514
6.08080874301532
2.77147673742753
5.9659463971214
4.20274521622688
1.74834674030552
2.60692615287338
4.69963336837959
3.89518149958719
3.46134788615862
1.99287519007159
4.52484120312339
3.88848377559496
2.42658065096393
0.0218403405880146
9.83963313737743
3.97391080837283
3.72385616737198
3.57632766651713
4.41473885182015
5.59507468354673
3.20599228642754
2.13788074376631
5.01418973541514
2.11065708772678
9.4359570535187
6.99507131115909
9.52877156943849
10.2016482303775
4.948467394633
6.92477401437227
4.36106112839491
4.2022152599461
2.40478558793064
5.70441334387332
2.11002071978435
3.94667765122197
4.5436199184253
7.01035928248902
5.30982783131174
4.99732602653716
2.94381378741705
13.138470563508
3.96350301267597
2.24382535737513
4.0275490774472
4.9531897613848
6.15023681573539
4.26798144800582
6.62327613469557
6.35016745145922
3.44529435176821
7.46030584903096
3.38911980378545
3.94993592134439
3.06293140526486
10.4844555932236
5.64558009786165
4.30923406778847
4.16840249622634
8.29655691520524
3.67744882946874
2.07217629154247
3.26654529684287
4.53866478705583
3.75088061695365
4.30348757269405
4.69751697537929
4.51488315625397
4.06171579027362
2.91842756698694
5.48726622867391
4.23533153509347
9.2584534048966
3.84873093705914
2.37549370423444
3.21217622941593
3.63804319992467
3.00717976615976
2.94907246950176
8.64370716404465
7.27957625060913
6.90795514684112
4.96719823894816
5.84638357762743
2.06289085331882
5.84418776313972
3.99229346028732
3.41157552728159
7.44852151641563
7.56515417941351
5.47822973069505
8.36224563646168
4.79695027616407
5.99841293231619
3.61915532586231
0.977480118569615
5.06136172289351
5.68139552893247
3.03926259344559
3.52070651028463
6.78504306977913
11.0773274154105
7.13463392007441
2.31534766175534
4.75756824914281
8.5800541652266
2.87821984546407
5.00856376879984
3.22857264312725
8.90552338535726
2.00061719684814
4.57815700589924
4.31100636762664
4.49109341404463
1.86080694038135
4.17099011974001
3.12034960924406
3.66086333698846
3.5853560020127
3.19086859818528
3.26385656558063
3.90425388044822
10.8778586540335
3.53121602352013
4.07906538642087
3.38318118648793
3.31742314346322
2.48450461987264
2.62452000825291
6.25950345250939
3.53584117444839
7.04789133519883
2.25960543179294
1.8983697169251
5.05474674252361
3.96415815233036
1.77978760760773
5.49680224853984
3.70656624992977
4.88327926637768
5.41773639917777
5.93458896790177
4.61619483027424
3.22998289424165
3.07816388641677
3.61492752249473
1.53298369174313
1.40651656647553
3.62804781926788
1.31262293524517
4.57980944046963
2.37633646105351
1.92537966031928
1.65585149134774
6.28032920780636
4.40363908468234
4.20601989416112
2.96337184154654
3.49802304417111
6.07164573897437
4.62143120353138
4.23864250290121
4.84480542738606
3.95595678275567
3.42088507661529
11.1511705361146
5.87917112841985
2.45077438906032
6.31827889500964
1.61550293105239
3.49281047306131
3.26389837928225
3.22703508917204
2.77156047308872
3.82144856327738
8.98479500085747
5.56235704000406
4.32817502517525
2.5540346408036
5.24845252545763
3.65572437278056
10.592200193667
1.30714655222815
2.14692791821729
3.5388695026708
3.59654843741019
4.99999677486466
2.23639859485556
3.26128808140353
0.0218403405880146
3.04541781753076
2.71856831193391
3.58774509084929
4.32576332179908
8.15616779732282
3.69642847267327
2.3700960285807
4.44559903365665
4.87531619682022
3.40737916777753
2.89801534548731
3.96430515342404
3.08344752647513
4.60463267396846
3.77357910053305
3.20024642265604
4.14136869818196
1.56751771017948
4.10346155583693
4.95926021190883
2.19328107149071
2.51844101760081
5.1021365248438
4.25214947081398
4.85063967252951
4.6708202330627
4.06494062853983
4.60744377841645
2.0521197479605
2.56329225450953
3.1035876634774
2.72944237321089
4.08445962676313
4.12420312599675
3.01042260737643
4.99115363524643
3.76183867744191
4.25536893159785
1.97364124728389
0.268655262841239
3.62269086328904
2.81290522905199
4.46203914515302
6.50299549643502
0.376986733974653
2.50084905142243
5.8152255738761
4.39025384187276
3.19140996693029
4.13909809038092
1.52277953124431
7.0274808909287
5.37686744389483
5.2970105755064
5.82160269922019
2.38852388423855
8.42085978915271
4.71626886585079
3.82978547467842
3.38017017839148
4.14756661624492
4.58146645883994
5.52100336783827
6.05052805763415
3.8753911601496
2.7775964222423
8.22899709461639
5.97942100983384
4.01081379887037
3.54024254197794
4.89563145546174
4.90257897019501
2.49282579542067
3.67078521949976
4.10305624058734
4.8389078937092
1.87838489207843
6.19421265805942
6.86773088269726
5.70406837978306
3.30746548794689
4.22122623855017
2.74638161661146
5.42397381961101
1.99718829268843
3.1623969068869
6.34241447991505
4.9285357345335
8.5266056506677
6.64254649636837
3.70117428049282
2.32943701451767
4.71198565577629
4.45044783026789
2.53913749743311
1.28710621119169
0.998587644610941
2.24370428988854
5.05930716276708
4.19863380005791
5.41947284543993
4.1994189386135
3.63124282662728
4.95183884751329
2.64827509689912
4.10535826615527
7.62663918406208
1.89789668504544
4.786875376554
5.65203608257003
4.54911300022008
2.97201463439437
2.71880308840036
8.0153581390529
4.86518594875658
4.1777925293555
2.19727837182071
2.71688485828711
3.91176744035994
2.69309617632305
4.5959202219701
6.38140472441445
5.1047977028556
8.82723922757912
1.82315798636982
1.66017065152717
0.926573903431682
0.596237658898283
1.66879480387619
5.34550718662594
8.38155242943946
5.93849843013877
3.95852099451917
3.37397186375885
2.00609616397415
1.96311423817642
4.59126524305487
7.61951259360382
5.13733759365915
5.47033398984773
7.91769848656525
6.77394943598356
2.95763381593052
5.1633256684353
3.51733824901346
3.16801663811659
8.56593284112158
1.45410426049187
3.09044766787719
5.82903744734098
5.0476538177918
3.45016069418771
3.41417447032542
3.93556395463274
4.35496007078101
0.633419353902496
0.401068703193376
0.880454149134975
0.732008354356031
7.34097021691434
2.8050020904173
1.2646104662463
0.673268498986022
1.12833488799682
6.48642544532616
1.20355859425919
1.38625151750149
2.17674907300261
1.77657779640142
2.39186887865813
2.44783576192385
2.23894610044801
3.64268601725156
5.60590270466796
4.45541708201091
7.57109568355555
4.82455124270912
7.45403329277278
6.93043748142701
3.35581402005819
2.60543152394462
2.97450917996571
2.58856485808443
5.9200654083771
0.915242501881215
1.17047081758188
1.53923698258006
0.481763205811969
1.31565379821169
1.51197940344455
2.19080605384209
7.48510038459122
3.89916764067989
3.19482498976899
5.74203202199372
6.6080067295734
4.97268103038699
2.24229300134403
8.82835229472761
3.80370502049525
5.52349516696503
5.77891087979455
5.15917859892672
6.68977303315857
4.17673119047294
3.73296100667449
2.48703011121172
5.08236573882428
4.01248053592315
8.10765988601486
4.12791637472059
1.55274979708749
5.82949194927742
7.0019771503265
2.30153240963677
3.73318725691865
2.36048806518211
3.11415665830672
3.33617356564596
0.0218403405880146
5.98044005253525
4.5015584026983
0.0218403405880146
2.97971357435666
5.40980623770996
6.24745181554978
3.88158756571745
1.30844991407522
3.27778342408124
2.68663571107123
3.34671038467571
3.34271108113941
8.77871407774942
5.4060927336431
7.6106048618086
7.03270542350021
2.73704535494972
8.07022079109618
7.2875796838297
5.58042046094614
3.47700440278512
5.38018477746619
3.88427369332189
3.94461621911949
1.10545024556496
1.70400834793901
2.49039422487643
5.15851835856829
4.09865392331746
4.27427145461218
4.41864695957883
1.32180819298369
3.53429140212088
0.901746608525488
3.9730035127909
8.67725111985048
3.2948156737964
3.99362272892296
2.45232883687349
6.55484994411311
2.30229836777534
4.13607392654494
1.53927188381672
6.26929870866875
1.82625019798233
3.62964784713213
6.15082505370235
3.68880733883736
2.03417973808488
3.00653713694815
8.23231752828366
5.85429307138818
3.94970259500839
2.28204429695462
7.90631314326872
12.2315705474111
4.11867366967578
9.34787362460333
1.72350403358736
5.56442437773852
2.28212034867304
8.123133830154
4.59287228238903
6.87471165207261
5.74864424328227
3.75397224395539
6.01887033589651
2.64238614420088
2.42357370514917
3.47231070285381
2.57113220846082
5.44571287515302
5.53972220302314
3.63338404275536
5.89951068684473
3.38577224567274
2.69241209165098
3.01669122407
6.17812624411158
3.43434640606592
2.10746431735421
2.15440532849389
2.62968049578432
2.86541369203842
4.1255600486091
3.89011595516239
5.05414000022038
3.09172405932157
3.95540436710857
6.81885348773532
3.59747821035363
2.45702437318903
2.98508326799479
5.36231068741405
2.36973753857592
4.70873432835247
4.39315435618975
4.2355100966468
2.83028260241039
4.82033992357332
5.82856428062025
6.00453300036645
6.46789500252493
5.47804220599921
3.17183328042552
3.05516994210893
4.05430864228037
4.48550562926927
3.775450701982
1.36321242052298
2.06215251067825
3.74770362693551
5.83570667868507
5.59719354469051
5.46255686541076
1.68044391685517
8.93874380652102
2.98878268530979
3.75327223141013
3.23404911820952
3.1038675977996
8.56710067859373
5.22982947768844
5.64380776119969
5.04862705407254
5.47782562264229
1.79615725345187
3.56063170990985
2.19103253061761
2.0583866138894
2.78828594789332
3.15080646205453
3.07399958052067
3.18536164692988
3.92131649338326
4.40669993590193
2.22741536854318
5.04965489155753
3.86790348292806
3.2536051692656
2.97905474581747
4.39660010849518
6.4552849029416
4.57617639186117
4.73860852737184
3.77453125081889
3.93802346402904
3.66485800830772
5.04341407543472
4.61500302540113
3.18768966064704
4.26423188302961
2.67782089480114
3.55974018623903
3.51531514884374
1.551522199591
2.71119991635035
3.43384078754206
0.832420941050425
4.11848300739462
4.93028786675275
6.53323228058339
4.86130376991132
4.36374687272516
7.30162311902718
2.12437121042561
4.32500086162045
2.39393623428611
3.60279580045584
2.47889261532538
2.36222950805103
6.8367903243432
1.84185014493673
2.96749537828767
4.30252578140392
1.54407455040297
5.19701394276734
5.9099991966068
4.71202155285048
4.36380780706915
3.12410892104029
3.65419745131879
3.04273731998237
2.24886686182283
2.92594100516294
2.08285519708748
4.39428887554301
0.98576693910621
5.70645603517225
5.60305316814853
3.03084911465162
2.22437159613979
3.93177820454155
2.26762951220731
3.18167710888881
3.758806899527
2.75598704562153
4.73529431131319
5.05001499314053
2.47083773951175
3.55622375528206
3.92354829560226
3.12250458147976
7.32575529282949
2.92887858540846
3.17266472867449
6.27050876230513
4.17336161521707
3.20505517460183
2.7691395963357
0.0218403405880146
5.64914820668925
5.4420395264476
3.00399776991707
3.62823896345402
7.1235836946341
0.801761717266641
3.91935145488343
2.94498261309032
2.03260143395748
4.52645340745932
5.35609801805534
3.19501411249545
5.77583224200043
6.99695158111978
1.93393243064411
2.30635304165428
4.70884432990468
2.63157461151465
3.97975842742266
2.74824244284297
3.67531702651843
3.7856129896652
3.69813002464982
4.96473099113747
3.40938625264726
3.81703448518049
5.80325191027
3.5660658251749
3.1566156236952
4.45537051005438
4.60510215019313
4.55127536237225
3.70660092055055
2.29754604030249
1.90608616382
2.74756077564747
5.22204286088989
4.06941323411915
4.67913423538853
4.13597553107563
5.37324208506615
0.806899597199723
6.02551121667152
4.23728893586269
2.48228756787008
3.43897020440922
2.85005454183368
5.43043314341045
4.23571645643637
1.71619446625138
7.45289131924502
5.51723287690467
2.50148646374818
3.45812200760191
1.50555767070044
1.07344461309757
2.35320568820234
5.042800903025
3.29582796424803
1.84602820655295
5.63845642799972
3.339111718924
7.53277657963709
7.27267752145975
3.16432807327387
2.44725107807462
7.85939581894952
1.31634206698162
5.37960791051671
3.92505937291602
3.62280263537692
4.92796647865963
1.41567101111044
2.2837722885478
4.44530939458891
6.66349402847295
6.1790778686696
6.42492591269096
4.7539987926335
4.35836811882483
1.57523391874899
2.12991721994584
5.12455336462605
3.55573013332013
2.84860007260492
4.51849591146088
6.71021671099831
4.10129163961804
5.60463445860949
3.42427562822212
2.78056742063865
4.38407431626881
3.5715528115351
5.43670208482671
4.25574435556838
0.0218403405880146
3.80568634137225
0.0218403405880146
3.73260937917101
4.48856553610743
2.46172681742508
4.09493031682201
7.37575395405124
2.224555791551
2.0840571109411
4.35191016077289
1.82228951857854
4.74914814628309
2.42939105740098
5.50573022953934
3.60898695157255
4.99416158517582
3.34842360463022
2.60532896530963
3.09763976256725
7.62756877686274
4.36662184737635
3.00717815362141
5.18738885219945
4.05173011228117
2.0775232854297
2.34771127410985
2.35847503439506
3.38944002223117
2.60675716298486
2.63810263149123
2.2327703711187
3.01239014741364
3.95799944470012
6.82828598882365
4.52322615132944
2.10901660958935
2.01341134249368
4.31746999227545
7.89989255536244
9.68358177359808
0.0218403405880146
2.22569846980275
3.2432442279637
2.36447691608864
2.61839644087051
2.54141533036357
2.93428144595136
2.04150382430643
2.51308670586366
3.55308304020677
5.07920952151379
5.86261078170081
3.0028381418329
1.30153875061666
3.81413913309392
2.46360707239486
4.34055049673372
6.48712927716183
5.8436834355808
3.60420767225791
4.63458111375361
4.7521951294063
4.75377240387937
2.34892293636145
4.98326627936145
2.51474805493353
5.02815580725199
8.57438069581683
1.47297162844657
3.59589476319334
6.74093250978719
3.12891436347766
2.33597006307702
2.47327447829906
3.86013670618551
2.44200356993595
2.35580556919769
1.96243299212986
4.44113072506745
7.83583007650232
7.3822310292657
2.84282306065607
4.23054117448914
5.2872512817137
3.88373667785311
2.78775942627828
3.44911948498102
4.05388778603026
5.63662274077125
3.00917182504172
4.47118103624138
0.0218403405880146
0.0218403405880146
4.23959214213336
3.61872665348581
3.29078318263903
5.63597339744018
4.20633371556406
3.71491927717647
6.16074510917079
3.32565085174579
4.86230067483905
2.12469501189259
6.81880935925472
3.35115193863575
4.64303084404848
4.58254836834052
1.84384288464733
1.47714575969652
0.857900094621999
4.77415860965975
6.12385495902377
5.60341421203445
7.17259823789182
2.98671753318079
2.2113574163219
2.14308301089228
2.16232685998344
3.78252601679492
2.872209979009
5.58066562269383
2.74607622456159
2.83388827585902
4.01333149728043
1.61357753529612
5.60998245353474
4.35681049272564
4.48032769820678
3.62125554132512
10.587663669982
5.07657569458387
3.78770139990336
9.02633470375662
7.15588962935481
5.42073203484203
5.40200010060718
5.40763034807625
6.88590426555523
2.58401627942412
3.46547332705602
4.29117101570351
6.36343994823606
6.30474991161755
5.35445036417501
4.23143460039638
3.63653006283307
2.35035791921046
4.00815214870891
6.21321788594169
4.77869447352718
2.07532977063605
6.61526564494256
5.17441185205421
4.845022823207
2.92933854551556
4.35359553269894
11.1197781934604
2.84244724017275
3.94143745921493
5.61335281664674
6.93282644819415
2.87719035621049
1.34812504150542
2.72990580346433
8.02888299464071
2.62031145054746
4.96998437995913
4.10354001002607
5.97601396165145
6.13027732182704
4.63289280178735
4.99061174620172
3.81007767718534
2.19095660137385
8.00989887880527
5.44537494607085
5.32651539776964
2.2790635430278
5.25006881714581
5.56876818559868
2.69464741587628
4.5188766168263
1.16355770186155
5.6554800079838
2.73988064652633
8.25403077238758
5.61761831089477
2.91657315352016
2.95468651621002
3.36247997524563
4.15453860510438
5.8124041000167
2.67844069246423
2.60063157313981
6.25887157097728
4.92690830278039
3.46782359590203
5.46250651847451
4.17136939481259
2.10426976328987
6.11166440466931
4.15233864193567
3.96939575590665
3.74211511883759
5.36260190725491
3.20442556543637
3.59167807409133
5.36700603515733
1.62680999407625
1.60858971001122
1.91661073901479
5.83055089491267
5.00107151510674
1.92230016556576
4.28725891240856
3.73260554772321
5.50356963923334
4.04164236556321
4.24728030346006
3.79413016130379
5.72104947378959
4.3058641690454
5.88134338474763
5.59569352959043
2.6846818104031
5.76472792702304
2.27656484764263
2.57883792582989
4.48280147596131
2.37603322317341
6.51426632264161
2.53119884153531
6.12296985767591
5.85861822553231
2.86594850028728
6.15329855837374
6.92620248731738
4.93045907468191
2.12851966873729
3.78155774559913
4.05725294920545
11.2018597159378
5.94244887506532
9.37262297516276
4.15836066239658
6.8731869265307
2.92087666633179
4.00844545786071
4.16401042860289
3.47614496887251
1.11603081999606
2.47060737751837
6.92839019410877
3.5487282305161
4.13229241481971
0.308960061503647
0.0218403405880146
0.0218403405880146
0.0218403405880146
5.08778529084007
3.91180006252596
4.35282968611979
3.50334558214702
2.76369367845443
2.73936062722052
3.65268818230524
4.99536586741854
4.4698892735192
2.19583896457591
8.59928199347658
3.01900802204377
3.27276064959395
3.52995262590697
2.53924508487331
3.42622761250881
4.36342789766047
2.14448586891467
4.10785100804739
6.01125996711432
2.68866822114043
5.91385115183033
1.12848610802565
1.30566524234289
2.79435271833827
3.22995773984286
4.93791493985226
3.81483299088899
4.52829130178691
3.64180651658164
4.48477929469299
3.45523238461807
2.93815999321936
5.5830407287741
2.27458090574619
2.58510150054208
4.65825166945823
2.0686392362983
7.88718331291772
4.63560377265741
6.23890948378996
4.89194351901678
2.47957998927534
3.76063701378668
3.03286048593671
2.89808927833299
6.46670779105154
4.43497701522931
1.40408988091365
8.25080570576572
6.12211869734449
5.48608618339387
4.68006979264774
2.99621115742097
6.30524244930754
5.63961098533308
3.97348497064607
4.31386510717845
3.98706043634289
4.17849861441253
3.06190485155209
2.74549586971579
1.98231852889286
3.2087428107774
3.77208139158416
3.71677550972705
4.51316618257595
4.32955090760778
2.64964361835047
5.00704266192054
4.62803902143946
3.40928113993074
2.12971032880301
1.84743258102474
3.3991062838878
3.50296435600761
4.27440446770882
4.32342116082942
3.66921829836283
5.03348887998092
6.71376370236591
1.74436541318436
5.23415356212031
6.28160722217816
2.58642893377393
3.12264304089223
8.27568551940683
7.66712531215015
2.32951180528649
3.37419532236364
5.51686783638686
3.93099496226199
2.87047319939747
3.85468041519916
7.96385773555681
9.33493613085903
4.60357811334723
2.82507241799187
2.54051824363187
1.67012692543991
6.30986429054173
2.96196330601423
2.34681473413276
3.4162775495826
3.06377383860457
5.14680091245231
2.12517704958177
3.53511319890923
6.29847993651428
2.47405391814177
3.49337661248768
5.74599727482476
5.46318039659253
4.33849995878371
4.20196448521967
7.05165018342616
4.39487632005369
5.37887470651947
4.54883412560229
6.07775212455604
4.18249115275422
4.40778149892879
7.1696287174974
5.69711649595603
4.40687429560737
3.33501992085307
1.76623798891931
2.56481232882671
5.86308083238373
2.02842240704122
3.34613341250615
3.14174158001515
11.0980552724578
8.51692073000085
7.76670312187505
1.32785527061804
3.70870339981239
6.5875193524359
2.73797710191457
4.68834756934378
4.22477638232074
5.93883621632825
3.81895935413429
5.81329577118989
2.49512656563828
2.34640707767878
4.39786910469733
3.06914501349214
4.72795784021585
1.75668794531424
8.0041668826207
2.82568948567337
3.29160860938496
3.26557499903216
11.1616001938424
2.33207962318725
4.06899202072322
2.09165630690119
4.47185645939075
3.43475483798842
3.27314055525637
3.27585025440525
3.26673593636122
2.35246524608056
1.4127117980744
3.30515460121077
4.99442994762121
5.62965203170015
4.00516330820607
5.59343948870491
5.0433618143452
4.8687948744611
2.05857764630191
5.73818214027791
4.22685027875589
6.90258591825858
3.05267038339838
3.24515384321495
8.46498285588972
3.17328939940118
7.62927052995164
4.52806635493923
3.05994490913922
1.74504566917056
3.13154934489249
2.33197509587737
5.06249767904779
7.49251147317672
6.31401953441361
6.86207424889934
2.36521056006694
3.77585337322274
2.76945920014907
4.28720603053569
2.75312842647239
2.98967639713877
7.12339767922761
3.59308761699081
7.60087424044268
2.76445904272826
4.24945060040932
3.81019620353554
7.25021204755963
5.75736080413625
3.43601789702704
3.36743323155059
2.82857853655449
4.27524365780973
1.92264138315947
1.80280493887491
4.80744397723049
3.43780287944681
5.66927117460105
5.3883061255531
5.21188598125106
6.35186523412009
3.00928813564346
3.05953044848754
4.95769957284578
1.87376450410117
6.58400101606688
2.94513799663062
3.82318093149718
2.87626105499101
2.4840597623259
4.67362273135322
4.49602018392319
3.4221563870555
4.42995032221603
3.55570251864784
3.40193644709742
4.15013950039662
6.3367646318523
5.20256936458336
2.97718374929497
6.31878434573316
2.81514540065212
4.15673364296416
1.63783212841616
3.45562155380149
4.72505966705371
3.3141293852254
3.90474689484997
6.13722072917414
7.64168045165604
2.46290266192707
2.93176416480318
1.86779224374382
4.32829221971645
5.13038693815913
5.514477003783
2.69795896834609
4.1970656820972
2.37062150416701
4.9050267840626
3.06618777655006
3.10475420852857
2.57714150272383
2.10113265952139
4.63610599401133
5.43104805890998
6.07385830414653
5.56640885802236
3.88018583017199
4.04080023577029
1.90082592085964
7.28608409097948
1.91564478283874
2.42167295570226
4.6760027742596
7.97211556308989
4.49304275613191
3.93087292741678
1.96903766864464
5.88584234035869
4.13690401004825
2.46992035537278
5.2039849845218
2.78717603395491
3.79114944135248
2.48383070792403
5.12838882511898
0.95555822532544
8.97316887161727
4.01164353444699
4.79635599711732
2.75816579398747
4.21566183845031
8.66106359052815
6.72989588275051
3.40461222553555
9.57296131138356
7.04990485343509
8.18376206041672
3.85043592104647
4.27542053761942
7.47202381385678
1.8227307465956
4.65204974707907
8.71488529531795
5.65262020422546
2.7494431531297
2.64681741855331
4.63589889277605
5.16869997524291
7.11039025798461
5.27626297937817
2.36782537798575
1.97276256960071
5.85596000169763
6.06294508879727
7.86246521565503
5.73527984335238
1.82616663339189
0.648026670777972
3.92704278059037
3.67344135436826
3.27250658808932
5.86089086737605
3.80291697623287
4.72000519268574
5.30294185510444
2.01741819801333
3.71435024699663
3.1739288002164
2.71513414711695
2.21042899228365
10.9621637814663
5.41545753914449
4.52346990651432
9.73440272988336
3.94325080496693
2.56840699880723
4.02627668130433
5.19035731410204
1.83266254093473
1.60413441687971
2.48105147425528
5.26498570551644
6.20315448590682
4.8085361227773
7.76993797395999
5.88091216519577
4.4950754601349
2.53681664716198
5.27370527690451
5.16846387569649
7.08617151125195
3.3885269055366
3.29294776589189
5.18389188743273
2.94932347019563
2.2094238407575
3.0999874884722
5.45396612657963
3.64017240141579
4.64342302440152
5.52412115688674
6.92787741144708
4.05307655977243
1.59427197092292
2.90948750310888
8.95415285021157
1.9546530113955
3.27858832879705
9.55998098179584
3.98491046647982
2.82195670960494
4.38460571090061
6.36759293168883
7.57397732741337
2.47244702695773
5.21113487960135
1.93607668892123
2.83561515961809
2.65120424897109
4.7493312566279
2.22889796821435
4.06778247884569
2.06649390490062
3.52346316451739
3.17317897924205
4.98252075249041
6.30411487389466
1.65753127414505
2.27208370415471
4.56017281234012
6.21009100678986
10.0936197368699
6.62825674851872
8.51572838266903
8.74864143503589
3.59014972147592
1.96357975959093
2.3735940003005
1.54458448662483
4.33236688928812
4.65393606914472
4.40275847463279
3.07586458804705
7.72697160821636
5.41458623178653
4.77616433574378
5.04039855051451
2.52026052977431
10.7092821301592
2.24000947378631
6.60406925970457
2.29548292512849
6.15596643857765
2.43846331291846
7.98747034331406
4.26891734414067
6.55821092017458
5.07154735910058
4.02985576176479
4.20761551550139
1.78208701696463
4.93931212614503
2.99745889604804
4.97821965898112
4.20363702007446
5.24414246878731
3.95448302693644
2.94804340591945
5.63230714055921
4.84751127484536
7.60133914203381
2.45256701651643
9.082181097814
4.95912203079262
6.07262079073522
4.75976117833346
2.47365940108876
4.2384835626721
3.83196318107562
8.15734253939651
1.8514874253393
9.42461402119715
5.14131111406433
12.8523634147492
1.91003492606351
2.14017289402267
5.31123148783372
2.08889029164317
4.86496241436303
5.60759416880531
2.62582922938072
5.66492270393986
4.95839255180114
3.87519363692601
5.56592760210497
5.10405585011752
4.11984511913651
3.34440789584828
3.64622609031846
4.25382548299757
5.52443390805177
4.4869497189084
8.18223888565529
4.09328158238692
2.98175652783059
7.73907319780047
1.78975551737953
5.11719345385343
2.34751287611413
2.20958135970451
3.50294170594401
2.85897855671804
3.25031945816992
5.21097851262769
6.01413181588506
5.50784062555981
9.12543992872508
5.67474788293988
2.50117500162679
0.0218403405880146
2.18629215146556
7.09124960265615
4.83493051186596
5.98723791794804
4.02302148270966
4.33442387840698
3.12012429363226
7.04734904728608
3.01318624464516
4.96591632300778
4.21614856707908
7.43682652324175
3.54296539366081
3.15109462491353
4.76421585608125
7.77586672737169
4.16600992892811
5.37168208582682
6.18864662721469
4.46921086529368
5.00792348717482
1.29816904086255
6.88786032754344
7.70605498936073
4.57876471947352
4.17106231331318
6.71286743103709
5.28906991477812
5.40669282430546
2.42762832724566
3.68529121553825
7.99093738852921
3.76272225154012
7.52609410895782
5.01939215606609
4.67223187896414
2.99145245007064
3.20796907005807
3.30859425059514
6.31406734401602
1.93218344987337
4.52851672734782
6.84414506600131
1.73365391299344
3.66916871936932
2.37791374742963
1.95203943482747
5.14086951388677
4.04405158819813
0.676300985346194
4.47739608725528
6.6924322698354
2.15128632940849
4.10674652500287
3.38574121056095
3.70190021240395
7.60097095443012
4.84111922646555
5.68308975264785
1.77321215435774
3.37301133363169
2.76068663202841
6.74630863303513
3.62155411395634
4.81786962932208
4.3515341102168
3.21101078453635
4.83741989951396
3.83547061131593
4.55895397938053
2.16577234605885
1.97187397032928
5.97957524868977
4.1157263944218
6.48558307716466
4.05765810785668
4.86203065851937
6.27218621861116
1.53120699962919
5.47941385868513
4.65150088618163
5.37631892251426
2.23825370361582
2.78246861684568
9.20387567544177
5.08972877965986
3.26679680407921
2.01491062917904
2.69774097789708
3.38185390926102
4.60022498922174
8.1413044454295
5.85684650590242
2.66440709896657
4.83251934176439
3.6977317986619
4.65760019934947
3.95818275553169
7.89965635681423
3.73762220957937
3.00864934417093
3.20525347317806
2.82190294573892
3.51458578533676
8.94733648532828
7.51513208108906
3.40336557005996
8.56465365637008
6.48188241391193
3.43030348421749
6.98116751427409
2.62053912240469
4.36672468695583
3.41330729511394
2.62836839344649
4.00322395777541
3.09892065100278
6.08237785556019
2.97858186970428
5.25246403323571
2.44365017175849
4.13268969673729
6.94461571065321
2.67915941015662
3.08655713949303
5.36332053258761
4.89781063173933
5.28518009946018
2.52738648140712
3.55858913673261
5.86489191109611
3.63064338051084
3.69875063207192
2.25089282293093
6.25211327177854
2.40639017969312
2.02960358934736
4.73444920083367
3.83600853195047
4.24063028858802
3.32458803734555
3.96246580691597
2.98861034379605
3.11777967363612
1.45179235715598
3.0443784202143
4.44106236500826
5.41378421623668
3.22810241180674
4.59916999413757
1.69561017602389
7.69634333077424
6.15547161381681
3.38152100694061
2.17468135895962
4.99797104291061
5.60545658057344
6.12881747303231
5.57349611970275
7.55364966968348
2.59105494114269
3.02207757574814
7.85304646643828
6.11250207477337
9.26393194608251
4.29248149241485
7.16593044982602
7.44312314917291
3.05293228371887
2.69863296011709
4.24747117789555
4.82089142945124
3.89794756934916
6.93408697544768
5.73341423671863
3.46339412260853
3.18277524627188
2.46255876454343
4.69091724758546
6.52596795400669
3.2284205792931
7.49023143014659
5.09378732059092
4.54012907543087
5.42985694305269
3.32310230064256
3.42343289814262
3.52852072567603
5.29566313795326
4.16588506485947
4.19751891941901
2.50502255733822
5.99959271499806
2.8533303684314
8.26108338618761
5.51001678890084
4.2934512630747
5.11848173002002
1.77898711473452
4.54603705187663
1.92584798656453
6.31539536320509
2.06483684003083
2.31660492467556
2.72918028000582
2.02507489656651
2.39116829884094
0.0218403405880146
2.36689213827809
3.66802692547313
4.67284477420472
3.18684472118632
2.53275149848102
4.60199574915995
3.4797725365598
3.46672676539458
4.85521123615444
6.29025998071534
3.14947514995679
6.15276798220668
3.77584110727637
4.58561735648902
3.51193635032908
6.72334881777733
3.01907231225523
4.83636073247537
3.08442521334467
2.22941260079023
4.44286108154882
5.43228961203071
6.32935656221343
4.8582557644205
3.61435823063828
5.46336701096063
2.3803438348378
4.77418581397118
6.09958569674914
6.00552369090301
4.17502603589281
3.47115219068674
3.17205640206268
7.14522575733556
1.91896932857521
4.25738831149674
4.76212409778211
4.33558719141111
7.85675557952654
6.76855427320465
4.11458200543337
1.59824261578476
2.51939803487545
6.6133512110042
2.79192505924303
3.33651716916132
2.6517482976531
1.34713133200159
4.73108400561801
4.39436814720118
3.77104665125829
5.49910919012338
3.43586113650268
4.87932385360139
2.02873366791668
5.20501353438496
5.64064488175994
4.47937956115236
4.04038496240491
3.50443443257842
4.07509485240584
4.56553064345993
5.56692301842503
3.60398217922419
5.43535963887045
2.92256394058577
3.94797893660653
4.32697235640435
5.73238335089143
0.52316998176219
6.17651530949726
4.3028677819575
1.83211321673268
3.06173727714891
3.93811267100781
4.04480827806703
2.80779995117113
1.9651384070267
4.60581079032874
5.1527099126469
5.9762324084749
7.78568098072029
5.5562981257615
4.39971707815404
1.66800888637064
1.93185827431851
8.20443099446766
4.88355527690655
8.54759523523779
6.35006859760572
4.69995491718662
3.55808781081446
4.67834638783635
2.1899228268795
4.95763248347092
3.93177420753075
4.1208785046447
8.03312053973765
5.1587625450822
5.2597491589772
6.21005927585128
4.50306643724555
3.59750142967142
3.16622473463717
6.50303525507098
9.58026400448575
8.20746092389012
4.86326951656924
4.35522308087087
3.22685286219269
7.12934266556846
2.55809699847296
2.72903260780436
2.14047242290993
0.934768515823229
1.76257228462511
1.9001377339045
0.0218403405880146
3.69530553238505
3.43799894830975
3.59046485636096
5.61825741860488
5.39851071559414
4.64683820606516
6.86448867461039
2.37229786234193
6.53359843997817
3.74152854095224
5.05182630593005
4.07329435219071
1.85558440324955
3.76866895033588
4.97397890670211
4.0428199758528
5.65695468031217
4.17529436678776
3.44037887793729
2.87112323526353
7.35598844627661
7.3779451863999
4.99696845251443
3.55901591325442
4.25633836527597
3.48391742971278
2.00483269089844
3.66894531660447
6.32304666420286
2.84174411996808
4.21574479071964
2.83521290309203
5.80305691763273
7.38051613238693
4.26783795893103
3.74010500129072
3.9436609823598
7.40016777359617
6.53137593683769
2.67703536837398
5.14354968416582
3.51548670001236
2.44243006219848
3.92219070125015
4.81982287352342
4.16803331334477
5.97718973540968
4.54036815824631
5.56522074693315
8.03452915072898
1.75418748876154
5.04444484306147
4.12838425569887
4.78391691746487
3.86647134185025
3.95042145157879
4.73479881420897
2.51565602922944
4.45351051448093
9.71821378982853
6.14133613279841
3.56091939962547
7.85911888271789
3.1091214823663
3.99061262328067
2.70729205339094
7.85754595347021
5.0242616083118
5.16613137955093
4.59334092444342
6.25389925395253
5.65536374776322
5.0375870718292
4.16730642410282
4.2355752003712
3.52509449376355
4.9278656547633
3.94307668314389
8.69192291337796
4.44391052124089
4.35503920352807
3.35957773919691
2.59578119757456
3.78156362398728
3.09194778824839
2.9578226633753
6.40541791756346
6.48318368095226
3.78473988688577
4.76370781689152
3.92476513922755
2.07282943610281
4.59932040252288
5.64383203415894
3.54908166533744
9.16367803372363
2.09708579519382
4.1633573488015
4.92986568212207
3.12068761180524
5.02117867296168
4.21916815051677
6.88517847116735
2.67332141433939
4.70610649924974
5.31008168617274
6.10381646833354
5.1455283095564
3.06451580383565
2.0253722543192
4.69750234717442
3.39212492372435
6.12033672571718
7.19520082610286
6.89150558133851
3.21174999761016
4.00032971232645
3.70486424956398
3.65395771920633
7.98261522218347
5.81773236627722
3.06033786586995
2.42504802980177
2.50800331060005
2.7273517759655
3.87389405373156
3.61852977298631
4.78126251635511
3.07305832319478
2.51893245798964
2.92769537073804
2.54280345992311
3.22587098937091
5.10254548663034
2.61460467552601
4.84578721130744
4.83786386989071
5.70474087507065
3.34974252918678
2.04068154729682
1.16963338074306
6.13794383908161
4.01728688264478
3.47760204820119
2.56217148638344
4.59030792027686
5.78126850736419
7.26416720726054
2.47854597583178
3.02193760120935
5.8426779370471
3.21099450557884
6.16842951217138
3.82680045360467
3.64224982225049
4.09691663214052
3.93304469638513
3.87946665799052
5.0546309205602
2.77013066405847
5.82892224373093
2.38040286990308
3.36576955723437
4.29929148922115
1.85978988109738
4.7863628173685
4.641178366382
6.58837455945023
4.85644179603887
3.66373388120262
3.99021363701932
2.54710755321723
5.49139933695401
6.71451496148754
3.0736892387715
0.0218403405880146
1.6533394532766
6.67904501230911
4.18613114032326
2.31881493564969
5.3205845522107
4.15572733903997
2.80670111091266
6.72045452521224
1.85247194853934
4.76461014587216
4.99577395389499
5.23853810000603
3.13266995161967
3.09276711808129
4.32100844609099
6.50420817122069
5.07369463414046
6.14333139448406
3.6820353591317
5.9740235698768
4.39136535929723
5.08447740417941
3.49491396010957
2.29139491608608
2.72447169700935
3.74681656789668
2.41349961180452
1.93192452071093
4.42809067951364
6.47833684499139
7.14184106467191
5.69022853953919
2.59128674102584
3.75336000179464
2.22775904132553
2.1207688282692
3.29192900142202
5.86500160498865
5.86282725770814
2.45984116719596
3.72815872086984
6.70466083730869
3.40516515225514
4.97610961489489
2.18895582817572
6.25614157126885
4.67027993541579
3.1150915193598
4.03693957365351
3.59394527709861
2.45752661715539
4.2292314823258
2.53029392362914
4.00769289132428
1.49272046038326
4.10304119020568
1.95732579597967
3.08921724222428
0.665207692341732
4.3422386728481
0.940028986442628
4.03952368334434
2.49231105736206
1.88152986421486
3.7753444555196
2.92495213681954
6.42792306419669
3.52572688933419
3.62544978114101
4.53419421148061
2.17596712180112
1.77752638391558
5.09152488553589
7.99744641328598
5.43682384860569
5.29625663604953
4.30500641154388
3.10546483713251
3.13517079975831
2.88753287700137
3.78426364500626
0.0218403405880146
6.01759317738775
4.84531004648635
4.74345600812476
4.88333252535948
4.23549517678474
1.00701934451828
4.03942858064059
1.78445746943461
3.477057907279
3.9652066355532
3.96656629940946
4.06380432213078
3.74904232509144
2.72362434361597
4.42771935083394
2.75032226507993
2.78004611608995
6.41286588889579
1.72513761190659
3.8894555897696
3.83801069101832
6.31007138164099
4.06163360831798
0.61318278738274
2.62288174887661
7.95972268277075
5.24672301433061
2.91673598605781
8.31977616541002
6.81224724663428
3.76523806180077
8.8110413483639
0.390082993755062
1.32535747138366
2.98917239723814
4.84829683899395
3.09454281488289
8.2322472856566
2.86309929510251
5.39948510910366
2.79490790104203
3.82423320846569
3.36928672969187
2.16390446456383
7.34833553205332
4.62459890383004
3.99522129640219
4.63654984212805
2.16285968887923
3.15344430637402
5.98481299396239
1.72280447670654
3.19260888735576
2.63181035178566
4.2295827296865
3.74714487957501
5.68001364919887
3.63537859878929
7.31581826857089
6.45402658465147
4.5941411567079
3.92751922706603
2.79837383332417
4.91062038466058
5.473053059048
6.04327394137302
3.66230092179085
3.05048516475308
4.2887282880003
4.59329623202243
4.01685745701691
4.2528236324488
5.00185026520766
8.46710326762683
4.78397579755844
7.52894514968916
7.85128540357418
5.73031269746625
8.54295860497189
6.47333335250326
5.13871566733656
2.30514151141647
5.79441580579223
4.91285958665798
5.25789682081431
3.97324655928861
5.60534130110628
2.53082341107251
4.53411625846136
3.13856707781422
3.17668522124794
2.87334128532366
3.08203675512214
4.85579760736763
2.39920161081833
1.04005831091438
4.47617458628745
3.30135202995888
3.14876942230319
4.03866118009287
4.58887706451731
1.86193647303885
1.66479060994721
3.42017738833614
4.9303149618432
6.31811598456119
6.31163982113211
4.7470586763571
5.20773128477796
2.90034626701054
5.29010438936062
5.87654596796636
13.1469746350448
6.076097373305
7.44717913695507
4.77414502116624
4.28420506858874
5.11802327827879
3.02758778516134
1.57811726204523
3.88142575219233
2.75623723722069
10.9266372405016
5.30810181742147
1.49249263668127
2.86922378044172
4.38810191277974
7.18119543955793
5.3222682733415
3.00360389079822
4.16760650760559
4.1197205643392
5.52617258084827
6.185192235918
6.55985056108312
3.74290478606517
2.76076482326193
4.36164194470263
4.68481832397625
2.27109416113865
5.65803697584067
5.43880377297879
5.71108771479977
7.46579935275875
6.72462541640559
3.51791101807988
2.66376895071287
3.298872170311
4.3742343245141
5.53116079288701
8.63137658665039
4.48531504712479
3.55581838856513
2.27351481065453
2.04305856494899
7.10153443924352
6.13786163211337
2.73598275147859
2.73655156205628
4.7401580487421
1.79087664634277
2.7658893546534
2.44628698762324
4.0651524708613
4.08118422367681
3.60264568821955
1.92729506416912
6.50118953170153
4.6909922580385
6.36371483696874
8.21836313197948
4.80765061164331
4.69607732254433
3.20420209600516
3.04771321977357
4.65735344697266
4.76262074454116
7.0678413655105
7.07524869358547
3.56333214458921
3.86457720718075
3.01264426775069
3.56816461602095
2.78607315790287
4.51635992475363
4.01184905707934
4.84907939343347
5.07849224182389
5.09927858551353
7.43153999487474
1.79034363530878
2.2291785780028
3.22312773426418
3.21326569562625
2.91853236101417
6.93913918396263
5.85453462577368
4.29194749598128
3.12094995054886
6.28935997897899
4.28068501117535
11.4992262511839
2.32289716386707
4.10271785142472
7.85969575370973
2.6742498293218
4.17121709234243
6.16289390250077
6.34410460372141
5.55868849044243
8.35854112069553
1.83786964285075
2.73882802223341
4.44286593491747
2.90902821638806
3.4747848473522
6.84875394558364
5.37913745637994
6.25025176035954
6.23544467216431
6.1125578301131
6.76089639024122
5.99633661250784
2.20049493777602
3.24018231265675
5.83294601377168
5.62905169712018
1.87786064907478
2.60036232994146
5.30088210847169
4.82968256494017
2.26631064789586
4.37526483350112
3.5266530586968
3.74002879675031
7.01181790096305
2.89156340541558
5.170550323728
7.71858272446368
9.1627628060824
6.67303368812019
6.37291823056163
4.85207359560209
3.2803666083502
2.75205156674338
2.45519079626513
3.26950157478136
2.93053957147506
1.49013749807487
3.35886850306373
5.78829810500003
2.7548564456116
4.24024548003842
4.86310490463982
4.53383339060371
4.80839558691499
4.65836410428502
2.26618916349069
1.73614319764661
1.84938010061721
3.61303545529515
3.84668452743079
4.90916017376669
1.41024700822811
2.58193680509212
2.93629010604624
1.73593608610133
3.08580541147232
2.27223919518113
6.31315957315216
3.42269113365722
4.1957692578248
5.10553970738498
4.92179798426763
3.75211341211459
3.80324158471387
3.8425131320707
5.71263155375006
2.88543717624444
3.91080941571674
4.61333797962528
3.68293307245456
4.03383456887668
3.02657264057912
5.06559419671572
4.7922934918914
2.08129298671978
4.24118790619302
2.24585474290842
1.18124620271314
3.1780119678096
1.49346103493718
4.95540049275347
4.5242948365886
4.04509410415636
2.86061258781455
3.41219185781647
6.41115965961872
2.18373621688781
2.69333715547831
5.17528466954276
4.82879110922655
7.86993807086474
5.49126175634738
4.00093223280595
1.21007361082791
4.88241566225813
3.11335259616112
2.66077920918134
3.45940770323094
4.4930983542367
4.46533443056978
5.54996369234215
3.75564925470647
1.69977237391512
1.27205662419805
2.62072920435254
5.65453735729045
0.819971002985963
0.0218403405880146
4.24028551053746
3.02221031829212
7.06494621356488
3.15269608513048
2.87666287030358
3.73388988953156
3.58167633318954
3.12072003315956
2.5066317198408
3.92475191697063
1.5810688806787
3.8176450025669
2.55037787404641
3.3688626723339
4.76487670128528
0.824719207423288
4.84107165803664
2.81596478837773
5.00201067344312
2.23192268789852
2.93311905428581
5.04649776144937
4.01874232035496
3.89309547280829
3.37835273263567
3.90350194931709
2.58007818505397
3.07028525906741
3.92614963503774
8.53840999547169
4.27934406364338
4.2666050293023
4.83399124595268
3.68921131932826
3.012679497843
1.79422041557294
7.74873008221788
2.46316496787146
6.64112878749199
5.45478622635983
4.881449032434
4.08523894978806
4.37783377392188
3.0663344150116
3.73317003032783
3.86443730053566
4.36138366366488
2.60575350574515
0.878622237465583
3.3592009979338
4.03484718789737
5.70436743834962
5.1309853219605
2.63420071674914
2.1284852621198
3.81466719237621
3.48933008125663
4.24823208134601
1.7381666085164
3.86224434804601
2.35484617279412
0.606330851730703
2.5046182976405
3.59564424480416
1.59466271621995
3.8432773997845
2.33384317335129
5.47797400470408
4.86441602238355
1.700941590867
5.22509004247204
8.54134274911486
2.15144599859107
3.61884497945127
4.91397446697077
5.58994531473274
7.37556112400445
2.65580529938287
4.62523966236841
4.26123260743031
3.22970959759473
5.81744323865282
3.78565404988551
4.06142631904592
6.35169115039602
4.88246155170987
4.06211088262062
5.3031099705479
5.02334615006743
7.48203951581393
3.72845437433002
6.31759281123094
6.52226984325238
1.7493839027996
2.98660982194604
5.31696016097237
3.74998161440452
3.53030374483256
5.34378537470366
4.93134995233758
0.0218403405880146
4.3437328483472
3.62422249081432
4.03695193973886
3.08364231322567
4.65985078758808
4.14059244029843
2.43254502420058
4.64234585950184
3.74252748289453
2.72766690918247
3.6576019857294
4.23406492240637
0.762591828946756
2.93981563840598
4.88465297551797
3.66496335913067
2.83757724306528
3.2995729158463
8.19856580358545
4.30830838574115
3.43859036693098
2.36811395456617
3.28236214050704
3.37857247281321
1.94163022886219
2.04405320578655
1.54969863081468
2.10114892557759
2.46529117715086
2.09602215984663
2.98251443104565
4.92101815584467
1.92938029083258
2.03626331424696
1.64791962554881
0.528190195278016
2.80145751986096
4.14549386730995
6.47090857122306
4.13679784867055
3.44352329611016
2.6912228013674
2.82213242367166
1.91453428749151
6.44464661911142
4.07223903633563
5.85562985674433
4.55504818892499
3.00784627663788
2.84877257473763
3.40766710048045
4.06322440963215
5.12082671889597
3.56873885399137
2.0774490416095
3.5912963206824
4.79215934544718
0.434874496385557
1.58198719009543
0.976006731654705
4.27246797105351
2.95304986445226
3.11647453885908
2.30090793378685
3.8866006851646
1.88854233206371
2.63542824012504
4.28249919203453
4.92154480521583
5.27267592535262
5.03804700248742
6.1809146269654
1.70106416448023
5.13253489467483
3.16365501696576
3.03631483954659
3.38936034098529
3.54090223349101
4.74173641516658
5.59118466462258
6.53984316000881
5.97813794433882
6.97862072470177
1.13860230580032
4.14661924036515
2.13017606178272
4.47639466767143
3.94748693563144
1.75038788954531
8.29347031856035
6.31395458613805
2.82420452428303
4.30958734993399
3.3985289959935
4.6959381973627
5.61696966747707
4.49590402226893
4.58894009986704
4.54111260804339
2.77703973744771
4.64688349163404
3.70083615950062
3.36472811768054
4.30477022422187
4.17962158967206
3.48432322318042
7.18270870786908
6.73576206453093
1.9244465644098
2.58780037743255
1.23264439282476
1.15556970146859
8.17882838471041
2.00588396233358
2.67086080886204
4.37161058248
2.88685888137514
2.30086878279265
1.95983547117424
4.40133819839235
3.12486701621534
3.41917929952091
3.21102819667304
1.43613285265894
1.20448251130884
1.85215081673898
3.21155729045512
4.40559710905025
3.33379808862328
2.9369907020066
2.96453899511608
4.18955909239234
5.51133664592155
3.8070404371304
3.3218112888615
4.03245938979311
2.05244641922487
1.85414548005533
4.07128469982345
3.39888251985096
3.54759332983611
4.52149720008306
2.55511983742428
3.60064876319568
5.01720830680953
3.16448386673411
3.05471069897997
3.62816470258731
3.9339518732759
4.93214778289704
4.04450461981668
4.62495789768088
4.51511671338048
3.77891625912157
5.04301938299973
