H2_Aufeis_above_below_coast_z
-0.31370935
7.27464
6.97671
-0.882678
0.7698641
0.39592885
-2.691405
-2.56891
-3.026785
2.773095
-3.87548
-1.0422623
1.806053
-1.34267
-2.22337
-1.468015
-1.177505
0.165564
-0.958405
0.12176075
-0.7129871
-0.2473965
2.1502
2.03307
-0.662219
-0.0720055
7.216165
-1.1075185
-0.635453
-5.742935
0.201709
0.1667475
-1.4757195
0.7489065
2.39165
-4.00097
0.501836
-4.384775
-0.216126495
2.054515
2.17843
-1.399005
0.7106515
0.232163
-0.7763885
-0.791394
3.446125
-6.815645
4.84603
1.383385
-3.791105
1.606115
1.439739
-0.514864
0.252298
2.60875
-1.0315425
0.2764735
-1.929454
2.53479
2.10024
0.2685225
0.0606476
-3.373585
0.2819665
0.35379275
-2.90515
0.376976
-1.1764295
-2.22121
6.16112
-1.530235
1.717505
-0.274345
-1.021423
4.37415
-2.715385
-0.4172855
-1.4394755
-0.5540025
1.64034
1.223525
-4.39145
0.693726
-0.80586515
2.5328085
-0.012756
1.20872
0.4361015
1.168585
0.45491
-1.216639
-1.494915
-0.942857
-0.5157955
-1.498365
-0.60555
0.3598725
-0.5616615
-0.7997165
2.462455
1.8534265
-0.1125635
3.01739
-0.0651005
-3.079685
-0.474028
-2.32818
-0.3541695
-0.5153025
1.0444575
-0.8932355
2.71224
0.4074465
-0.527195
3.58618
0.658934
1.2355185
-3.128395
-7.010725
-5.3859
-0.2858885
-0.17477
-0.807448
-0.3502435
-0.8463095
-0.4662485
-1.1879265
-1.62262
-0.75038035
0.3097739
8.39626
5.772985
0.8572705
-0.427949
4.508725
-0.724883
1.2944165
5.703765
3.74153
-0.70662725
0.44291155
1.09659735
5.392755
2.52261
-1.0486995
-1.094735
0.8857955
-5.004475
-0.1050695
-0.1126875
-0.0220545
-0.700672
8.138775
-3.233905
-0.0362335
-2.3855
-2.355305
0.66617
-2.02907
-3.62041
0.838275
-0.3766785
-6.103095
-0.8239945
2.51187
5.511955
-1.527427
-1.6363585
-4.010475
1.28245
-0.964007
-1.0752555
-0.36083
-2.066315
-0.198249
-0.3015305
0.9234175
-0.082396
-0.48681
-5.82954
4.019605
3.325015
2.50574
-1.436172
-1.629186
0.121469
0.673923
1.29786
-1.032533
0.106499
-1.062895
4.692685
-0.10427845
0.65848395
0.915793
-0.614775
-0.4330235
2.04909
-3.45422
0.76583155
0.5835235
0.75405
1.813465
-0.6615575
-1.206294
2.901985
-1.164902
-2.13039
-4.416335
-4.10283
1.6031675
7.449175
-1.25577
0.893894
0.446507
2.044315
2.82295
-2.139845
-0.451401
9.58728
1.597645
-0.148033
-4.22139
1.102702
-1.075579
0.00163000000000001
1.95036
-3.44358
1.021785
2.49438
-0.331273
-2.63602
-0.3418425
-1.2599275
-1.300549
-2.014686
-1.5632055
0.1048195
-1.119256
2.995305
-4.300875
-4.907105
2.8413
-2.02481
3.699645
1.41627
0.4054803
0.1282849
-1.0078585
-0.228541
4.732385
-0.6409175
-1.722585
0.97452155
0.0867255
3.77155
0.9833387
1.4429175
1.0482065
0.4697165
-0.5478315
0.2329305
0.9118365
2.074325
3.211285
0.16162
3.005355
3.32457
3.746925
4.78869
2.22935
-2.315325
-2.41589
-4.468605
-4.249145
-2.909795
-3.1567
-3.55886
-2.92736
-2.24811
0.7620235
5.639605
-1.0222285
-1.208025
-1.3420925
-1.044263
-0.690166
-2.1931745
-0.4061835
5.753825
-5.75859
2.17255
0.6371309595
2.045385
0.5977565
-3.90496
-1.504757
0.59886
2.36068
0.8407615
-1.577631
-1.385895
1.0652386
-0.4468315
-0.421746
-1.4189365
-0.817199
-1.0039125
1.3608515
0.5653585
1.47786
-0.617332
-0.7160515
0.402484
-0.4385855
2.585545
-0.08442314
-1.916725
-0.5052685
-0.7111065
-1.0656
0.822597
-0.5456125
2.861605
1.2578975
-3.45278
0.237137
1.92521
0.309021
-0.00161015
2.62218
0.392601
1.82911
-1.479965
-1.339996
-0.69250625
-0.99386
-0.8235735
1.3974935
5.37661
-1.827845
-0.092531
3.601825
4.189755
-0.2491235
-1.134224
3.17805
3.00448
-1.0376225
-0.52783455
1.31388
-1.093106
4.16591
3.068495
-7.57804
-3.088835
0.47165275
-0.9350445
0.2544993
-0.2845755
-0.9520315
1.004997
-0.075967
0.8227143
-2.860485
-0.4299825
1.3679
0.51162
-4.60945
-4.44313
-0.5073075
-0.523723
-2.5016035
-4.26052
-3.388145
2.406632
1.0488075
0.989191
4.39893
-0.121584
0.8869185
1.443336
1.6918685
0.51518
0.5174475
-1.279715
-2.357195
-1.53672
-4.58989
-1.3839535
-2.002425
-3.771735
-1.11789
-1.119706
5.565915
-2.078465
-1.921995
-3.07748
0.4897489
-0.1888825
4.656245
-0.3946325
-0.4208555
-2.738625
-2.54615
-0.5366675
-1.41732
-0.6281145
10.2657
-4.078395
-4.848575
2.84398
-5.793065
0.5891156
-0.0272199999999999
-0.2932907
-2.03346
4.317655
-1.150374
3.107445
-1.855204
1.532625
-3.04832
-4.06124
-3.793975
-3.05737
-3.319815
-2.11296
-1.289195
-2.287575
0.715915
-1.73655
-0.63346095
0.959358
-2.25269
-0.502864
-0.5350315
1.2086625
-1.338384
-1.924248
-7.979305
0.13192
-0.619463
-0.6587115
2.706595
-0.8548775
-2.741605
1.96145
-1.43344
2.62412
-4.914245
-2.957105
-0.2250446
1.961605
2.81114
-1.334545
5.19835
-1.2109805
-4.03428
3.553405
5.73798
-0.6661716
-5.08008
3.45225
4.16135
-0.2861895
2.47719
-0.65562145
-1.6355785
-0.4000405
2.157895
0.1685965
0.9381665
1.54421
0.517068
0.3676565
-4.20775
3.30257
-0.7983435
0.110095
-1.167768
2.574825
1.3406545
0.1124327
0.940929
-0.3256865
0.1485905
-0.0915885
-0.924432
-0.053313
-0.977744
-0.4995765
2.68633
-1.902165
-1.240758
-1.0336965
-1.2259365
0.450397
0.2270878
-0.48539605
1.5703
2.519455
2.3183535
1.451205
3.12654
-2.82061
2.067765
0.470037
1.92498
4.29325
-0.40300745
-1.161809
2.108855
0.3132035
0.360451
-6.73294
-4.350685
1.073693
0.513909
5.731245
-0.4280435
0.666978
0.2329943
-6.382635
0.19896
-0.37938
-5.497035
-0.38866
-3.403605
-0.9310755
-3.098515
-6.516875
-0.60861
-0.4459316
-1.78647
-1.103743
-0.6934705
1.30672045
-0.9451355
0.33018
2.53113
2.80507
-2.646515
4.27807
5.406325
7.06038
-0.1582955
-0.543768
-0.5588585
0.11041
-1.696135
0.7869175
-0.928553
-1.321345
2.70627
-0.923121
-1.603975
1.08326
6.735535
0.584002
-0.538739
-1.266379
1.4991
-3.325705
0.2171545
1.346294
6.63685
6.83804
3.51736
3.213705
-0.3096135
1.981005
3.08695
0.04550635
-1.2126
-1.8189965
-0.7593595
2.98363
-0.940352
-3.4897
-0.0582525
-0.52370935
3.35613
4.10456
4.897115
-4.47286
-1.937045
-1.8520495
-0.052403
1.51932
-1.61187
-4.55229
-4.592655
0.1796515
1.451397
-2.353575
-0.520049
-3.52345
-1.8655
1.054489
-1.997815
-0.111207
-0.1573641
-1.259255
1.186315
6.891425
-0.530642895
0.933898
0.7737635
-0.676026
1.1428245
-0.726867
-2.1564835
-3.16441
-1.1738965
-2.15334
2.627915
3.73736
0.6518325
0.7305485
-1.28168
0.7135676
0.336112
1.11457
-0.88956795
-2.314975
-0.1777335
1.3327315
-0.4227812
-0.41715655
-1.874945
-0.169527
-0.8306745
-0.4906125
-1.4113
-2.69319
-0.5975165
-0.7430415
-1.5453835
-0.6185865
-3.959805
0.97321015
-1.501795
3.15251
-6.5383
-0.9083325
3.391505
-1.0344355
-1.587794
-1.49775111
4.06489
-1.49928
4.309085
0.6438085
-0.581971
2.68738
1.57178
-1.3807
-0.07547815
0.556015
-2.875915
-3.17971
-4.005595
-0.696802
-2.002657
4.78702
0.4010895
0.9456375
-1.065167
0.8175775
-2.31923
1.56274
1.524955
-1.222124
3.14511
-4.941995
-1.39071
-2.09398
0.71672
-0.9450945
4.67348
3.80897
4.807085
3.900635
-0.6897253
-4.78124
1.531667
-5.56281
-2.01422
-4.36586
-5.775645
-2.23171
1.5365335
-3.327595
-4.781205
-0.892994
-0.51521
-5.29818
3.69299
-4.844255
4.987145
0.1417495
-3.11584
-1.510108
-1.028368
2.149978
4.15646
-1.74696
-2.013895
1.4820315
0.4039805
1.434204
5.40849
6.21907
-4.14124
0.9371975
0.822306
-1.144333
-2.65845
-0.09230093
0.246708
-0.483699475
-5.40543
-1.69487
-0.64979285
-1.4836975
-0.432631
1.08569
-0.3667445
-0.084439
-2.23755
0.439257
-0.6583305
-2.483865
-1.48443
-5.73028
-2.596015
-0.01457725
-1.588215
0.3676485
0.558772
2.122485
0.7320195
-0.1615875
-0.354668
-0.8606515
-0.390045
-1.04862
-1.61641
3.888335
0.5684325
-1.2600125
0.9756805
0.52827905
-1.0412605
6.176635
-1.937225
3.684875
-0.9339625
3.256435
0.8155465
-2.08753
-3.312275
-2.11585
0.496485
-0.0858753
-0.924584
0.179035
3.32483
3.99281
0.414068
1.191071
-0.2560975
-1.0987745
-1.85663
1.830075
-0.451246
1.587265
1.73759
1.77836
0.564144
-0.59727449
0.975398
1.666815
-1.061587
2.747335
1.885695
-3.632855
1.56471
0.962763
-1.2509755
-1.996833
2.268185
0.3650415
0.0756965
-1.214475
1.229195
3.266335
-0.466534
-2.716855
-2.11751
-2.15972
-1.293382
-0.641901
-0.873929
-0.042772
2.3313
3.177735
3.323435
0.2480995
2.30335
-0.7816965
1.151813
-0.869658
-1.3244645
0.81226888
1.471835
1.0027015
2.431375
-2.05926
-1.3722305
-0.986353
-1.0179135
-1.1872165
-4.360985
-1.116915
0.75451155
2.18866
1.1714175
2.325145
-1.0704375
-0.0814489
-0.9099455
-2.294225
-1.052505
-3.31155
-3.27223
-3.140945
4.231105
-1.511705
-0.615203
-1.23029
-0.01963275
-2.216435
7.60579
1.308897
-1.563088
-1.186377
0.00706185
1.8042895
0.156887
-0.9138485
3.14942
-2.09711
-1.3918595
-0.686528
0.6760105
1.472085
-3.530025
1.097771
1.47406
1.077435
-2.721295
1.946865
-1.151827
0.5879725
0.49506
-0.209716
0.0663548
3.033725
-0.1685275
0.5277225
-1.0641855
-0.72294105
0.3158625
-0.5091235
3.307105
1.5929225
-0.684572
-0.4402345
-0.7823115
-1.5081925
-2.918075
1.9377
8.40703
8.736355
7.859885
-0.44249495
-0.2459785
-2.06935
1.0622215
-0.9258155
-1.25723
2.486235
-7.061595
-6.20059
-1.3016225
4.088645
3.54638
-8.672755
-6.489805
0.25603
-5.628075
-1.627415
-0.9363275
4.30126
-2.005865
5.75136
-1.164264
-1.253598
-0.0137175
0.93126
1.880455
2.10207
5.387265
0.054323
-1.576835
-0.7550865
0.626495
-1.092281
-1.2302475
-1.1706365
10.932095
0.9525125
0.599459
0.74768
3.515125
-10.46945
7.63575
1.016967
-1.4230535
1.363735
-1.445195
1.77713
-0.3108365
-4.64215
-0.71539815
-2.07455
-1.013002
0.669131
-0.556688
1.1044045
-0.113791
1.140585
1.0266715
-1.436725
-0.38985
-2.71857
-0.926916
-0.4645595
-0.400113
-0.6945645
0.258093
0.705452
-1.0932325
-0.9725355
-1.24554
-0.4728591
-0.163514375
-2.569115
-1.990875
-0.105735
-3.39963
0.137649
3.91939
-0.2918205
-6.38374
-0.65022
0.6204425
2.816645
-1.17281
3.082585
-1.0353205
-0.0924334999999999
-4.259855
-0.9049065
-0.9314425
1.910875
-2.060861
-1.135647
-0.08305756
-0.55463722
1.37475
0.81604195
0.959498
-1.032407
1.007607
0.9169465
1.426437
1.6078425
-2.41292
1.020396
-1.210285
-2.020195
3.383065
3.04633
-1.698925
1.787775
1.70186
-0.692899
2.375235
-0.1974749
-0.3326725
-0.1559325
-0.441756
-0.069738
-0.3120735
4.20028
-0.91919385
4.39203
-2.865765
-2.60776
-1.041568
-0.904671
-2.846735
-0.792232
-1.07813
0.3851775
-1.028641
-1.3799425
-0.0365045
-2.4206
2.55221
2.992755
-1.227795
0.51754785
-0.6368765
1.040833
2.916325
-0.22428265
-0.6947055
-0.912757
-1.200125
-0.613799
-0.7484565
-1.2186495
-0.516571
-1.317131
3.474355
-0.3371244
0.3036335
-1.883355
-0.487939
-2.114125
-0.346534
3.49965
0.521261
3.887185
2.245925
1.973355
1.367372
0.8567115
4.12167
-0.384132
-4.09688
-1.727347
-3.66484
6.022815
-0.1963575
0.2490975
-0.2397425
-0.2514805
-0.4496195
0.7574585
0.0759505
-0.961168
-1.985278
0.8933255
4.33038
0.2546545
-0.677116
-0.489181
1.2531025
-0.06366
1.0775565
3.7392
0.2067485
-1.5787335
-0.548403
-0.8598393
-1.6328095
-3.23044
-0.030273
-1.130791
-0.908523
-3.11117
-1.2257615
0.597138
-0.1540327
-8.50448
0.724568
-1.2709185
-0.6057889
-0.8460451
-1.217476
-1.08912
0.373724
-0.512574
2.213915
1.0741528
0.027259
-0.26872535
2.43078
0.6725565
1.182979
1.0952905
-3.0225
0.21907425
-4.095025
1.07648215
-0.4525165
0.877885
-3.583155
-2.3996
5.66912
0.0156965
-1.037567
-0.5505525
-1.2011565
0.80073
-3.068905
-0.479225
-0.09294
-4.332845
-3.04985
-0.302065
2.00796
-0.842429
-1.41071
-1.88036
-1.38432
1.091146
-0.11793
-1.94302
-1.29318
6.82213
-0.493296
3.03881
-1.7013915
5.711095
-3.92021
-2.871215
2.942725
8.212735
1.987805
-0.413077
-0.2084285
-0.66450065
-0.3970725
-1.405798
4.787075
-0.6006345
-1.997295
1.0912475
0.526146
0.422522
-0.387546
-7.53583
-0.18386835
0.154665
0.949265
-1.3358425
0.1892275
3.706845
2.837165
2.636955
-1.853195
1.967164
6.88832
-0.9434695
-0.577223
-10.37248
0.922037
-2.08742
-6.447115
0.440949
-2.36604
-1.3198285
-0.8246245
0.304295
-0.7473905
-0.5382455
2.118485
-1.11205625
-0.087336
0.3655725
-0.0440735
1.55609
-0.89860205
-0.0770765
0.323828
0.20547
1.662205
1.655655
2.548065
2.982985
1.210924
-0.5377185
0.4484115
0.614662
-0.2265115
-1.107241
-2.690595
1.841115
2.28354
0.175291
-0.30883
-0.6273315
-1.63765
-1.57553
-4.764525
-1.2840805
-0.5271125
1.218225
-1.268427
2.25132
2.20749
-5.24562
0.7499115
0.7076555
0.8473155
-0.5263609
-0.6370695
-0.485088
2.94878
2.84128
5.30342
-0.941161
-3.200885
-2.14218
-1.0565725
-1.8050825
0.591575
-1.293735
0.5185385
-3.186745
-0.2483105
8.619775
0.2505465
-4.23907
-2.958125
-1.90962
-0.8804465
0.113761
0.0335794
-0.995916
3.11556
4.363165
-0.1277035
-1.733945
-3.338925
-0.2571985
-0.08133415
6.269455
-0.526625
-4.496465
-0.958688
5.511475
-0.724285
-1.496805
-0.455318
-0.658619
-0.37492835
-0.9643875
-1.12156
-1.14947
-3.8459
-0.7660735
-2.22181
-0.477422
-3.933055
-4.612705
-0.790827
0.2489605
6.354395
5.323105
5.528695
-0.250119
-0.94490175
0.0422418
1.684148
0.6128345
1.3969565
4.982395
-5.779925
-5.130595
1.23441
-0.38691
0.3973515
2.606635
2.775955
-0.2206258
0.854405
-3.251035
1.70446
2.12732
-0.2824277
-1.43562735
-0.117225
-1.0471227
1.34822
-1.513837
-1.278113
0.2626078
-1.206595
0.482482
-0.450755
-0.7601755
3.899765
-1.246938
-0.3594283615
1.76279
-1.104748
-1.3405085
0.5119645
1.333995
6.687035
-1.254825
1.1474518
0.9074785
-0.088771
3.423845
-1.9291475
-0.1605055
-3.32944
-2.466535
1.03766715
2.32005
0.9972835
-0.1202415
-3.585765
-0.8712405
-1.41722
-2.94379
6.16778
-0.8016235
1.380165
-1.3700545
-2.23734
-1.1051575
0.0750435
4.50731
-1.211295
-1.8422135
-0.0201749999999999
-1.763395
0.302395
0.1627825
-1.2430345
-1.36345
1.177321
-1.0486305
5.773465
0.431595
-0.7115406
-4.156365
2.779815
-2.255405
2.53001
-1.4832
-0.963399
0.10619675
3.930685
0.2079345
0.7120325
-1.3571055
-0.640292
5.241985
1.00671615
0.5006805
-0.812922
-0.5031348
-1.420748
-1.82476
0.87942805
-0.47101
1.594995
1.980825
1.052451
-3.56312
1.23897
0.113651
-1.49477
-1.98361
0.4468145
-0.900448445
-0.248145
-0.719115
0.601894
-1.2204685
0.541913
-4.40123
6.93649
2.910425
-0.5515725
2.137775
1.69076
3.675255
2.024865
3.94743
-1.0752435
-0.6135495
-0.2891065
-1.540575
0.8066355
-1.61011
2.33762
-3.46774
-2.491405
-1.348205
-0.507709
-1.0655525
-0.3289685
-3.271305
0.892604
1.7557195
-0.2873606
3.128815
-0.677444
1.306265
0.63267
-0.875752
-1.118221
0.9023805
3.054395
3.394295
-1.1960465
-0.8365515
0.116925
-1.0709955
-0.6596585
-0.4159539
-0.7350018
0.3057995
1.810975
1.6261795
-1.0929935
-0.7217665
-1.0307335
1.282742
1.402615
-2.465025
-0.2095472
-1.2055605
-1.398515
0.62550415
-1.5444875
-2.619085
-2.44996
-0.7973275
-1.1847085
-3.652545
0.5755255
-0.7452525
1.380665
-4.19018
4.140435
-1.38295755
7.710695
5.811395
3.117255
3.026785
2.567565
-3.694115
-1.604281
-6.127675
-3.165725
-0.930643
-2.815625
-4.028755
-1.386195
-3.864755
0.6068764
-1.967985
-3.09371
-3.067235
0.195684
-1.4576125
0.08467
-1.6205685
0.30492
-1.45488
-0.4493245
-0.5300815
-1.331137
2.03544
2.29639
-1.7833
-0.9538255
1.88986
0.5204245
0.3156785
1.1556125
-1.618188
0.107510465
1.012979
0.431328
-0.1884
-1.285887
-4.041515
1.383286
1.1653775
-2.07346
-0.142422
5.77273
1.164974
-1.04644375
1.7793
0.171145
0.06658995
3.14801
-1.008614
4.328315
-2.0115285
-3.99809
-1.1986205
-1.273209
-1.412861
-1.540835
-0.6228555
-1.939655
-5.74998
-0.1358215
4.894345
-1.25611
-7.195405
0.531381
0.2969055
-1.054008
1.38397
-1.874145
-0.69592735
-0.710972
0.2986775
-2.696325
-3.27501
0.6136497
1.154192
5.325275
-2.73218
6.91927
1.1810505
-0.9059749
-2.094265
-6.01007
-2.5900645
2.88522
-4.597735
-1.3694095
1.821035
-1.0910715
-0.429867
-1.707015
-1.9158695
-0.7436485
-0.942178
-0.23592
-0.4370395
-1.546195
-0.295454
-1.644518
1.1362048
-6.59737
-7.49769
-0.45014815
-6.482095
-0.577061
0.4785475
-3.15379
-1.2052032
0.452405
0.0140675
2.22409
0.7599575
0.648842
-0.8230375
-0.1594375
0.809301
0.5771075
4.5429
0.471834
1.7653535
-1.69175
1.1966418
5.593065
-1.71416
0.800146
-0.54379
-0.9062825
-0.63245
1.98674
-1.57521995
-1.7424295
-1.149182
-2.94603
-2.984035
-1.873051
-0.9510085
-3.685305
-3.555855
-1.97948
-2.0160165
3.053755
2.702645
-0.4268755
-1.4934375
-2.15092
-4.91756
-3.22964
8.12004
7.93818
-4.82813
-1.2947085
-0.0104925
6.135465
-1.7622
-0.774143
-1.039081
4.07819
0.0510795
0.486427
-0.3121985
4.973185
-0.499829
-2.47862
1.05848
-4.52867
-1.4750875
0.8872955
1.237368
-1.102311
-0.4476763
-2.0430495
4.722035
-3.49551
4.443625
2.69453
-2.025445
-0.1098535
1.7108865
-0.1683259
2.06083
2.2711
-3.45548
-10.01849
-10.51905
0.3763364
-1.4017645
-1.981705
-4.42406
0.963649
0.57599
2.86452
0.6241115
1.5685545
3.761255
0.571833
1.10833
2.1098
3.737645
-0.5561585
-0.33823
0.664404
1.03047835
0.0562425
-1.60687
0.42384835
3.66809
-0.2609835
0.303008
-0.1455875
-4.034135
0.8108485
2.69274
-0.6044345
0.835847
-1.361762
-1.25315
-1.7975505
-0.721288
-1.520675
-0.5379905
2.105795
-3.55227
5.190515
4.019715
-1.46823
-2.20641
1.93049
-1.949245
0.8252665
-0.9257565
-0.9620625
2.96891
-1.20807
1.323344
-0.080607
0.021779
-1.1168795
-0.7831055
-0.9868735
4.26807
-3.07739
-1.51361797
-0.7372825
3.33756
-0.323971
0.00282099999999999
-0.036193
-0.7811495
1.97526
0.5856405
0.4095925
0.2873393
1.2441785
1.346783
0.4021665
0.1941335
1.028555
0.064477
0.8236
0.697066
4.940035
-1.251021
0.3739465
1.971035
-0.755725
0.805864
1.3116715
1.96575
-0.1073473
-0.381866
-1.844416
-2.23944
-1.93083
0.32782035
0.6202475
-2.309885
-2.007105
-0.532606
-1.3696735
-1.703225
-2.645145
6.28657
3.678705
1.51553
1.0081205
-1.1160455
0.6573247
3.217225
-0.286451
4.607025
2.0965875
1.3002
3.957375
-1.563986
-3.39551
0.6418505
2.350693
-1.3731
0.7796275
-1.592305
-3.23006
0.5844725
0.1585105
-0.3471235
-0.1652615
1.7621
-2.37962
5.92829
-0.253955
0.3719985
0.2827175
-0.096627
-1.5534892
0.69717
-1.350032
-0.868737
-2.014255
-1.89377
-1.79351
8.396665
0.443611
0.6923025
-0.36434055
0.5644692
-1.5466115
-0.0408165
-0.18437365
-3.144485
3.139915
4.6573
3.752785
-1.51519
3.404835
-2.64456
2.36516
-1.451413
-0.391472
-0.7906215
1.0252785
-0.6445935
-1.0614825
2.8227645
-1.1751055
2.071255
-0.2964245
-1.121551
-1.3787305
-4.809925
-1.3740705
-6.025695
-3.55458
-0.4953435
-1.441725
6.88708
-1.525805
-3.199435
3.093525
2.064485
-0.3424985
0.864637
-0.6390565
-4.705975
-0.989867
-0.403249
-0.061525
-1.0678185
0.06171
2.772405
-6.19641
-0.102809
-0.961993
2.30946
0.5994945
2.726635
1.7041915
1.70555
-0.0785368
1.50726
-0.0468405
1.1274465
-0.6391455
1.456825
-2.91594
0.560933
1.264622
2.486
-0.757219
0.624834
0.6035743
0.3880705
-2.442555
-1.741345
3.376385
-0.34478
4.326505
5.208075
-1.3760075
-0.2776218
-0.270493
0.47287
5.22893
1.539695
-1.660936
-0.3583185
4.34379
-0.6285165
-0.3038181
-1.334296
-0.957336
-0.2472595
-1.565795
0.339394
1.1820395
2.8781
-0.98491
1.1289285
-0.20671225
-1.1331725
-1.728245
0.15273495
-0.46101485
-1.181402
1.75157
-3.693255
-0.926998
0.9045235
-5.46643
5.75271
-0.930768
0.4829005
-1.31097
-1.15778155
1.006709
1.349854
2.20502
1.192525
1.2008805
-3.694255
-0.19707675
-0.964866
0.22452405
-0.4582077
-2.818865
-1.7222205
-0.903248
-0.896539
2.24503
-0.14646174
-2.2865
-0.814625
-1.685405
1.79675
0.5387985
1.023604
-1.193568
-0.0043995
-0.8280635
0.094172
-1.321155
2.664085
-0.3597605
-0.00856950000000001
0.690384
0.9565825
0.3233985
0.1347425
0.589329
0.5261635
0.267846
-1.250996
0.397022
-1.630979
0.581183
0.24790844
0.13325815
0.6224065
-0.2866475
-0.1683065
-3.4452
1.536035
4.017105
-1.468086
-2.96975
-0.05322945
-0.579894
-0.1650407
1.77269424
0.9088035
0.3600735
-1.220001
-0.7602015
1.87539
-2.35783
-0.897582
-1.4223075
0.530907
-0.6335825
4.69879
3.207275
-0.958558
2.0782145
0.146734
-0.321619
2.25739
2.05445
2.16882
-0.534013
0.850933
1.720785
2.03484
-2.0798785
-2.296985
-2.155175
-1.21708
-0.6498885
-0.902813
-3.899855
4.82789
-1.5372745
-1.39465
5.007645
-1.616425
-1.0170675
2.369965
-3.04515
2.990935
-0.233131
-0.5597785
-0.5060006
2.182734
-0.36395425
-2.71934
-5.319245
0.075635
-0.305097
0.073586
-0.678531
-1.4034375
-0.373025
-4.863915
0.6891765
-0.3256795
-0.586446
0.10988865
-1.944805
2.812745
-1.3171695
-1.479135
-0.629814
-3.90847
-2.692585
-0.943207
0.414215
-1.09329
0.3241166
-0.7419465
1.060978
0.0610345
-0.89159615
3.31389
-0.782554
-1.64514
2.66674
1.525095
-0.4418055
3.57704
-1.1156955
0.1230145
-2.551535
0.47883995
-0.539136
-0.5897092
-0.576055
4.5312
-0.4603569
-0.520028
0.598763
-0.826966
0.3500935
-1.162175
1.0364054
-1.55308
0.150999
2.39344
-3.39063
-0.94613425
-0.6097295
-4.28332
-0.5185045
-0.8425895
-3.122565
1.898815
-2.075314
4.113955
0.36146365
0.4222505
-2.597575
-1.0024025
-0.2837145
2.253665
-4.377705
-0.2466828
-0.307093
0.658123
-0.079677
-1.179921
5.01821
0.4660355
-3.151265
-0.9965875
-0.10829935
-5.77437
-0.085685
3.51879
-5.06171
-2.29736
-0.4147905
-0.8762675
0.2647926
-3.55398
-1.1738
-1.187015
3.20375
2.78817
-0.7212175
-1.85371
-2.747025
0.065053
-1.697355
-1.632865
-3.22247
1.481665
-1.769275
-0.124924
-1.821597
-1.1850525
-5.174495
-4.058845
-0.6683056
-0.3529645
-1.665678
-0.9110545
-0.0994135
1.640645
-3.570335
-0.0950549
2.583305
-1.37837925
-1.7244945
-1.509335
2.71478
3.679925
3.553195
0.866998
-1.5029375
-0.704891
-5.239645
0.674692
2.793565
-0.14999695
-0.57464
4.95021
-3.963495
-3.571505
1.2633735
1.59924
0.2556705
-0.3692555
0.6942195
-0.4237975
0.4201105
2.551625
-1.230872
-2.84558
0.8787645
-0.826395
0.000435000000000005
-0.014838
0.3508995
-0.5611395
0.12503685
-0.34228685
0.4652505
-0.025102
-1.2696005
-0.236887
-0.377149
0.8886685
-2.424984
0.27067605
-0.272457
-1.573015
1.571093
0.0610955
1.107394
7.202435
-0.460031
-2.90999
0.9536545
0.990595
0.14530675
0.0319745
0.825841
-6.494025
-0.38172795
4.47954
-7.89757
8.383345
1.28864
2.356395
-4.61764
0.2938725
-0.3085275
-1.1720715
0.3462295
1.881615
-0.823287
-0.613059
-2.337255
-1.64203
0.59145935
0.673835
2.82366
-0.924329
-0.3297465
2.95071
-0.335069
-3.416945
-4.37933
6.119395
3.330265
1.47573
-5.20886
-1.891145
-0.288213
-0.5558335
1.7894175
1.65542
0.8661775
3.9842
1.718775
1.428387
-2.740105
-0.1928475
2.9714915
4.03395
-0.948182
1.439385
2.846155
0.35763
-0.00938349999999999
1.169319
-0.3010185
2.61576
-0.6297015
-0.3422222
0.511375
-1.390695
4.98254
-1.5108725
-0.7398
-1.7426975
7.535885
-1.98714
-4.81263
1.4891045
-0.497542
-0.6760721
3.008605
5.30752
-1.072049
3.52507
-0.372157
-1.15668
-2.1404
-1.846105
-0.421773
2.616605
0.663639
0.8190595
0.766536
-0.1320215
-0.112365
-2.004045
2.710175
-0.634244
3.17678
0.795268
-0.596409
-6.419065
1.851655
-0.0963685
-1.893
-2.0511865
-2.331095
-3.27416
-0.759606
-2.541485
-4.67456
-5.08803
-2.286475
5.98795
7.86296
-2.916095
2.811975
-2.475795
-0.64283455
-0.3937272
-0.5773095
-0.9243055
-0.059372
-0.9255059
-1.1988785
-1.0243555
-2.547865
1.45284
-2.49782
-0.0788137
1.438695
-0.06514465
0.09248005
-5.303595
1.31573
0.0117995
1.36481
-10.539245
0.760777
0.496879
-1.21145
-1.260495
-1.6358345
-1.63456
-0.614942
-3.160835
1.522991
1.7200975
-3.10659
-0.0574025
0.137798
0.315254
3.776205
3.083635
1.42721
1.89818
1.4008515
-1.036143
-0.1480165
-0.4830615
0.8489075
1.053835
0.581683
-2.277595
0.904031
-3.930965
0.38436
-0.2185745
-1.0520565
0.0144675
0.2030195
0.39721
0.6354475
1.97049
-0.0959235
-2.894455
-0.26184
3.360795
1.3733855
0.8520075
-1.0346765
-0.192262
0.0132075
-0.066989
2.028005
2.73714
1.62433955
-1.0524387
-0.4043315
1.934166
1.0177255
0.722453
5.713095
-0.675067
-1.215315
-1.4294845
2.271845
0.12571005
-2.83813
-0.085996
-5.078835
-0.634354
-1.706905
1.788475
-0.027697
-0.847558
3.101855
-4.88241
-1.7430615
0.8981765
-0.47611055
1.5932425
3.68244
2.804015
-1.911695
2.112204
1.6469675
-0.8738285
-0.697236
-0.777634
0.10406575
1.790605
-2.3809075
-0.90039512
-0.322625
-0.8699365
-0.429699
-2.935105
-0.936831
-1.0941445
-3.493355
-0.2320509
0.24924
0.8618445
1.39961
-3.23819
0.2021885
-0.1123085
0.0776802
-0.37207585
1.18698
1.2921575
-0.140455
-1.941687
-1.9798085
5.06919
-1.464905
-2.705225
0.2659515
0.640611
1.8914365
-1.1379505
7.51448
1.4069055
-7.22333
-0.3379935
-1.67343
-1.72473
-1.007096
-0.2754275
-0.36592555
-1.476475
-7.356205
-6.81779
2.102815
-0.609596
-0.8841775
4.078885
-0.80625705
0.4259215
-2.31636
0.5471875
-0.3702245
3.07013
-0.5556015
0.472105
-0.088117975
-2.269935
2.472995
2.35852
-1.2495565
-0.670786
7.025555
-3.061355
0.6559495
2.17613
0.7040795
-6.525325
-6.18987
-4.98376
-0.9547825
1.375885
-2.989465
-3.90049
-2.46774
0.598467
-0.240286
4.06659
3.482805
4.20048
-0.097523
2.142105
0.3185795
-4.363325
1.005966
-5.93135
-0.900548
-0.6118685
2.473455
2.04718
1.87318
0.2532085
-4.42273
-0.47254395
1.53336
0.9773075
-0.0372135
0.2095982
-2.958655
-3.6409
-2.235255
-0.46263
-1.4142395
-1.50197
-0.5651545
-2.250335
2.23111
-0.5245495
-1.101787
-1.0811235
-1.325614
-0.7149475
-1.59548
-0.576225
2.39391
0.411877
-5.174785
-0.7774425
-1.561205
-0.9551185
3.42799
1.632055
-0.6458995
2.413735
-2.50443
-1.83162
2.89422
-0.1101475
-1.320645
-0.9162155
-1.140845
-0.61737
-0.221679
-0.5220725
-0.7127335
-1.222341
0.745208
-1.3726005
-0.790533
1.692695
0.6556345
0.8800685
-0.044886355
0.6012855
-3.006015
2.03595
1.003949
2.15969
-1.26836
-1.591635
-1.0642665
-0.7550545
0.3056745
1.3085575
-0.776556
-1.090913
-0.9814805
-3.811075
-1.015272
-0.493608
-1.25189
-0.905227
1.39263
-0.046936
-1.736765
0.453890835
0.2125338
2.89178
1.366295
-0.6599885
-4.733025
-0.900689
-0.996037
-1.18758
-0.6521925
-0.8938505
0.162805
-3.5263
-0.2426713
-0.645983
-0.8296495
-0.814778
-0.826055
-1.096569
-0.036043
-0.598686
0.3988985
4.99161
4.646715
-3.093855
-0.957464
-1.1766605
-0.8512485
-0.0627043
-0.3608055
0.951088
0.0930385
0.0625105
-0.7390315
-4.30797
-1.5559
2.014995
-3.589055
4.20652
-0.36471635
-0.3266115
-3.1876375
-1.394765
-0.3855205
-0.5493065
-1.074317
-0.7801645
-0.9287425
1.9567365
-0.323179
-3.24532
-0.71552685
-0.086765
0.4301095
-1.1440985
-0.767645
0.162515
-2.256715
-2.638405
-1.98334
3.58872
4.487395
0.1714375
-0.4128755
-3.3841
3.18712
-0.713621
-1.461478
0.4645385
-0.102731
0.506743
-1.7061695
1.66694
-3.181475
-1.493035
0.05006
1.2041185
-0.13219585
-3.68903
-0.211502
0.5595745
-1.391851
-4.30707
1.29326175
0.2297905
-0.774598
-0.8706075
-0.6741235
-1.16617
6.439835
1.846255
2.64183
4.812485
5.91099
-2.980915
-2.95271
2.84742
1.5485945
2.64455
1.04973
0.4425585
1.2728695
5.177195
1.092782
2.748325
-0.6062075
-0.2191755
-1.09573
-0.0111485
0.9046195
0.3473975
-0.1688525
1.6436
-0.5659875
-0.7581735
-1.946945
0.78043
4.977375
3.829065
1.952335
0.742645
-0.1250775
-0.6939765
2.917125
-3.565245
-0.4485525
3.53751
5.122635
-9.636815
-1.130492
0.518658
1.134596
-6.6613
-0.16982765
1.1837614
4.316905
1.400737
0.520197
2.0638475
-0.612341
1.89319
2.244785
-0.0524365
0.1500485
0.070612
-1.845952
1.395669
3.846415
-0.814247
-1.426834
-0.264645
1.3624015
-0.1636717
-1.843535
1.930398
0.3170095
3.36906
2.544569
-6.087505
-2.145495
1.112434
-0.482174
0.3630335
1.0515892
-0.640292
-0.2150175
-1.43729
-1.135068
0.9486375
-0.833827
-0.784664
-1.2537975
-0.9656315
-1.0273123
0.868004
0.342669
4.35762
-0.4775525
1.400585
-0.8660495
-0.2413695
0.26078
-0.868184
-1.455015
1.49882
-1.17634
1.841515
3.140955
0.425092
-0.5296705
2.45534
-1.381445
-2.77028
-2.395695
-1.201445
1.413887
-0.955178
-0.148576
0.720468
-1.15574
-1.6494615
-0.4195092
-0.694086
-0.848019
0.4002
-2.009595
1.134047
-0.7578915
-1.143121
-0.0386074
0.1808155
-2.53014
0.8339995
0.866198
-2.78539
0.65407595
5.50838
-0.39952275
-1.67806
4.40435
-1.20464
-1.8307005
-2.20111
-0.00485600000000003
1.904375
-3.574605
1.799778
-0.6495525
-3.627975
2.4657635
-2.99228
0.135692
0.6496675
-4.284415
0.704251
-1.84509
0.9864355
-0.704735
2.16609
-0.2376125
0.4465895
1.97610335
0.8743806
0.1082175
-0.5344555
3.126055
0.54934615
1.805148
0.129999
-0.368516
0.53713
-0.8345145
-2.1929035
-0.101752
-1.361923
5.71459
0.9792185
-1.4817835
-0.5001015
-2.403195
-1.03661
-3.002715
-2.58772
-2.45109
-1.096295
-1.281756
0.266943
0.1511405
-1.0051565
-2.04611
-1.022323
-0.270618
-0.1280705
-0.15146695
0.397464
-1.728103
-0.808213
-0.605061
-0.3708605
4.787135
-1.182899
-6.179705
-4.137445
0.2115895
-1.60097955
-2.98808
-1.307165
-0.1952948
-0.279976
-1.125094
0.79266655
-0.6078335
-0.389487
0.895958
0.0732415
0.8590885
-0.7133395
3.357915
2.856445
0.488635
0.728475
0.18813245
0.153337
1.773345
4.06599
-0.6217985
-1.103471
-1.9174695
2.002205
-0.28016685
-1.592115
-5.354785
-4.18541
-3.26524
-5.157865
-5.09599
1.289175
1.010188
-1.127515
1.0074165
7.322065
2.182505
1.1677505
-1.30499
-1.47612
-0.5540105
-3.04221
-0.6675075
0.8680915
-0.5330095
-0.326709
0.4694185
7.997235
3.51241
7.118365
1.2591085
1.365885
-0.2037115
0.21747515
1.1619855
0.678029
-0.4316265
-3.51089
-3.895245
0.2322885
-0.6433635
-0.6472285
-0.8803925
-1.90105
-6.01028
-0.160312
-8.799055
0.363144
-7.78646
1.043704
-1.1313665
-0.4209295
0.90426
-0.097977
-0.5127935
-0.1761375
-1.056892
1.045432
-1.2614835
1.75907
0.9507825
0.4447105
-1.0653985
-1.053598
-1.700635
-1.46146
-1.92314
0.514349
-1.49343
-0.051791
0.6758085
-3.313605
-4.149645
-4.32183
3.109295
1.73465
5.098615
0.44785125
-0.6844555
-1.397832
-2.567225
-0.7897345
-0.5563297
2.82496
1.463545
1.785415
-3.31069
-1.2280425
2.419535
1.66621
-1.5916
-2.074785
-1.2000065
-1.403591
-1.2340915
1.54053
0.51931685
1.1616009
1.946201
0.610706
0.39200205
0.87695
-3.037555
0.353507
-0.529466
-0.8709405
7.105765
0.2130505
-1.6199
3.79448
-2.044985
3.179745
0.9734785
-0.2058175
-0.012917
-1.3283004
-2.013597
3.187255
1.1112255
0.598284
0.744768
-2.89967
-0.075223
5.29778
2.05575
0.2220805
0.46326195
0.156433
6.037135
-0.7680065
-1.9702825
-0.4010725
2.285655
1.80254
-0.499795
-1.6557585
-0.199199
0.7610505
-4.288955
-4.465105
-1.979767
-2.620595
-1.891655
2.93773
1.00185
-0.376009
-1.57032
4.411815
3.88151
-2.75105
-1.301967
-0.486785
-0.903321
-2.606895
-0.3509095
0.363129
5.10425
3.37556
0.31569
0.0579375
-0.824301
-1.6844785
0.48197
-6.338805
-1.0967965
-1.33128
1.2034145
2.035655
-4.10422
4.552655
-0.715517
-0.823409
-0.848967
-7.89012
3.3298
3.19753
1.5238885
-0.342322
-2.425965
-0.4274785
0.207434
0.710243
0.2554075
-1.023352
-0.679451
-4.755875
0.7953325
1.071918
1.257561
0.6329095
-2.353054
0.1434325
-2.19552
-1.30126
-0.463536
-0.735974
-0.757796
-1.185365
2.98435
3.22551
-2.353125
1.183349
-0.982831
-0.3021385
-2.01162
-3.809895
-3.061275
-2.616865
6.265255
-1.3800295
0.5261385
-0.6806975
1.2015515
-0.7056275
-1.085609
3.0808
0.270348
0.5099835
-1.4447845
-0.349939
-0.1831295
3.802915
-1.96242
-0.866833
-1.2312475
4.812525
-1.146586
-2.27714
9.561575
-4.312535
-4.515845
-1.353145
1.541835
2.609025
-0.6065645
-4.577745
-2.3633215
-2.55503
-2.68316
2.62947
2.566885
-1.85712
-5.74089
0.1318005
0.741685
-1.450565
-2.63038
-4.057225
-0.9694395
-3.43727
-3.548615
4.883015
1.1584025
0.5271195
2.99805
-1.273586
2.777755
1.860815
1.788495
3.24241
-1.021962
-0.962131
-1.60542
-2.751945
-2.46887
-2.13625
-3.446695
-2.592775
-1.433915
-0.0485923
-1.629646
6.37506
-1.065095
-4.455135
-2.852495
1.699115
-2.060445
0.384619
0.0602600000000001
0.5817505
-0.6894545
0.1168745
-0.2286345
1.733285
1.508915
-0.965696
1.4318395
-0.30311465
-0.421643
0.98551
2.26477
0.1914285
1.73174
1.895655
-11.4667
-2.68869
-0.3188825
-1.84309
1.686775
-2.143315
-0.9806915
-0.929074
-5.866845
0.152271
1.234364
-1.12652
-0.600625
-2.98167
-0.4818385
-1.1350535
1.102571
2.624025
0.3188901
0.489342
-2.647055
-2.11884
-2.01143
0.9534316
1.356253
-0.759772
0.2569835
2.811155
-0.8987725
0.855355
-0.867719
-3.464215
-1.39457
1.7319035
0.176572
0.21612915
-1.45217
0.11266
0.4579115
-1.3880095
1.0023235
1.5342385
-1.2417995
-0.116796
-0.6087405
-0.276045
-2.97464
-1.44249
1.266468
2.013545
-2.797475
0.5228345
0.5976915
1.6009175
2.57164
1.4698775
2.09862
0.779595
-1.85573
0.7049505
-2.236445
-2.18978
-0.5402035
0.1209575
0.19263385
-2.089115
1.2763465
-2.451255
-3.006525
2.798095
-2.939505
0.6446565
-1.2947705
-1.419735
0.9242915
-0.887245
-1.97849
0.680462
-1.0950205
-4.77668
1.3258615
-3.537855
-3.990175
-3.402175
0.60653535
3.640405
-3.816595
1.47833
2.94515
-0.5079578
0.124024
-0.3264475
-0.134166435
-1.166818
-0.873479
-0.7979825
-0.214176
1.71277
-0.3117948
-1.89619
0.092398
6.477765
6.24103
0.7153955
0.730643
0.5590335
0.1991155
-1.434535
-5.03996
-0.188256
-0.1012407
6.19236
-0.258587
-0.481891
-1.7279
2.6067295
3.750745
-0.0981835
2.876985
2.71761
-1.284205
-2.170315
-3.7275
3.824115
0.2684845
-3.33688
-3.941165
-0.2505125
0.569041
0.8294885
-0.9878555
-3.13219
0.4312215
3.595655
4.63842
-0.6809945
-1.7201975
-0.639483
-0.124174
-0.0109905
0.709427
0.870388
-0.764764
4.08255
-1.4827105
-0.5351345
-0.287792
1.854805
-2.748935
-2.69126
-1.257435
0.13002765
-0.45431495
-2.626355
-1.0429235
-0.676426
0.931224
-0.483953
-0.3315745
10.437675
2.531875
0.918132
-0.444999
0.0434511
-1.279335
-1.954055
-0.5273605
3.29599
-4.065885
0.1898445
-0.362885
0.6498215
-0.35332
-0.756345
3.37475
-5.05917
-0.1712885
0.195647
2.787316
0.5942315
-0.712468
0.05930465
2.564055
5.70288
3.899535
-3.352435
-6.53775
-1.3957485
-0.448359
-1.0769755
-0.8682315
-1.52595
-0.3033595
0.65336645
-0.8113075
-0.318496
0.53467305
1.570712
-0.3742975
-1.134576
-0.418007
-0.395045
0.37596585
0.4129515
-1.225297
-0.701038
1.137898
0.2304855
0.8442625
1.738665
0.766208
1.36668
1.570595
-0.488865
-2.73485
1.013439
0.3599135
-0.00787450000000001
0.7791985
0.393802
-0.2034495
-5.33915
-5.28965
-2.297915
3.115645
1.374015
2.08892
-0.97894
2.39522
2.326335
1.345605
2.283505
1.842952
1.487402
0.2892485
0.1036355
-2.182985
-0.021606
1.3078485
-0.609659
-0.47533255
5.009525
0.322614245
-6.56716
-0.4933345
-1.0391565
4.86345
2.96393
7.594275
-1.821126
5.526975
-3.12017
7.71812
-3.11046
-5.497295
-0.41913185
0.0706791
-4.061475
-3.810245
-0.504256
-1.18632
-1.91335
-0.0245165
-1.70498965
-0.688084
3.6099
1.595426
-0.1038895
-1.540695
-0.955425
3.881715
-3.10156
1.61223
-0.899591
-2.663765
0.20814155
-2.44773
1.205275
2.048719
0.960625
2.083195
1.062765
-1.422765
-1.90586
4.669855
-1.733145
3.569155
-2.20989
1.565955
1.83754
-0.261875
2.1998445
-1.257925
-1.1460495
2.408575
2.867635
-0.928475
-1.69295
-0.42919
1.994715
-6.909825
3.3235245
-0.22625585
0.0047353
6.176545
-0.543022
-5.149485
-2.43973
-2.04868
1.956595
2.54846
-1.483175
-2.137443
-0.2446105
-0.621195
-2.94632
-1.175053
-0.2531415
0.2807585
-1.1336795
-3.66684
-0.9298145
5.21379
0.5105285
4.611045
1.441987
4.280455
4.732815
0.876097
2.2089
0.445822
-0.6981875
-0.33280515
0.5416045
4.15157
0.0307112
-0.023805
-2.44973
-1.7294745
4.682995
-0.085509
-0.022618
0.7017945
-5.9534
-0.980362
0.7633084
1.302885
1.050821
-0.21863
1.326606
1.3719985
-1.3283785
-4.65894
-1.259762
-0.830249
-2.095929
-0.5688105
-0.66825085
0.587906
-0.4649585
0.1923485
-2.07129
4.769105
-0.496533
-1.712765
2.209085
-1.0356795
-0.849018
0.1451
-1.896295
-0.51763185
-2.56669
-1.989864
3.131675
-0.0890955
-1.0152835
-1.078714
2.80471
1.4603
-7.441025
0.459385
3.94723
-3.38018
-3.284315
-1.451111
0.172956
-4.16267
-6.95731
-1.94287
-1.5683285
5.084865
-1.355195
0.116663
-0.62059675
0.5799021
-0.191609
-1.87475
-0.887185
-0.6752665
-1.82988
0.618095
0.257321
-0.328945
-0.3939405
-2.67033
-0.846512
1.2888945
0.5890925
1.900725
1.473535
0.828885
-0.263464
1.551285
-2.004255
-1.89384
-1.5066115
3.71227
0.2123785
3.542455
2.12649
1.8777005
1.975965
1.2432475
-1.069384
2.109415
2.579785
-1.11944185
1.274418
-0.20850995
3.535045
-2.797985
1.79001
1.35237
0.4980305
-0.802756
1.2573225
-3.052635
1.0149095
-0.467175
-0.3526335
-0.5838095
0.755428
2.555545
-2.72467
-0.992384
1.4983495
-0.649725
-1.900115
-1.24515
-1.62999
-1.95767
-2.35798
-0.28048625
2.286005
1.1173155
-0.107369
-0.633866
-0.214992
0.0618716
-0.5366715
1.2181675
0.133976
1.4448985
1.6163843
-1.0721075
0.46731
0.6691635
0.231057
-0.5247675
-1.378215
-0.529005
-0.0922425
-1.40266
0.14749575
0.647882
0.1696832
0.1677385
1.5305325
-0.476571
1.870585
-2.36993
2.496275
0.404673
-0.9643315
-0.50607875
1.8682705
1.73533
0.0588215
-1.28643
3.058565
-0.126446
2.33916
-0.618792
0.380212
0.14092
-1.57504
-0.673314825
-0.469117
-3.184685
2.166425
0.395481
3.610215
2.59499
5.83586
-2.040985
-3.37338
-3.45889
-4.60568
-2.235515
1.961105
-4.05751
2.155185
2.787105
-2.38433
0.958052
-0.249202
1.029907
0.84466
2.63522
1.6053715
1.24042
-0.485412
-0.492669
-0.33723
-5.89884
-4.35355
-5.884135
0.218245
-2.497655
0.517221
-2.73377
-3.54234
-0.3775475
-0.0788450000000001
-0.170571
-0.18214555
-0.387213
0.880997
3.5121
-2.734
-0.4991235
1.053365
0.06421
-1.595805
2.062
-1.66342
-0.5205995
2.476135
1.57139
-3.74701
-2.957775
2.416515
2.20964
2.326665
-0.1301755
-1.47623
-1.658005
-0.03413
3.94317
3.59078
-1.065329
-0.436905
0.299085
-1.246831
-2.04978
-0.504144
-2.401915
-1.557295
-1.148998
0.8314685
-1.086202
-0.0249985
0.2949355
-1.967255
-2.521195
0.022012
0.0247485
3.222105
1.95265
-0.34477715
1.107078
0.023255
0.0549585
2.85079
1.4331525
-1.463115
-1.055495
0.0119615
-0.484926
-0.83383
-1.472491
-2.788835
-5.192355
-0.47618935
0.584438
-0.0566615
-0.48485375
-1.6128545
3.416515
-1.441722
2.0392875
1.84437
0.3938855
-4.243405
-2.171225
-1.51829
1.3049675
-1.168483
-1.619166
-3.412
-2.877105
4.240565
-1.133052
0.315722
1.0399395
-1.988945
1.66321
1.267235
3.187525
0.8523815
-1.931405
-0.596195
-1.832165
5.675475
-0.7060265
-0.6475995
0.195821
0.934905
-0.7430885
-3.30459
-3.43932
-4.25
0.3191675
1.63319
1.85248
-1.57896
1.661355
-0.0298185
-0.5370005
4.27475
0.015531855
-0.5220565
2.089076
-0.22065905
1.1548065
-0.15812455
-4.61047
-1.0467615
0.189093
-1.126666
0.650044
-1.0039255
8.50052
-0.7944235
1.0074785
0.532523
0.021749
4.805715
-0.583755
-2.643935
-1.193415
3.30065
5.61485
-1.09965
-0.21705
-0.5330165
-3.855535
0.8408185
2.90235
1.11459
0.3054955
0.1645095
-0.8445835
5.337765
-1.7187395
-1.81376
0.153237
-0.029592
0.6975322
1.324535
0.0625585
0.6610395
-1.20297
0.1873878
0.0469025
2.34528
-1.286585
-0.0355675
0.3279475
-0.568083
0.7606895
-0.910965
-3.14472
-3.142965
-1.2505355
1.962855
0.102044
3.44784
-0.273568
4.649775
-0.03793595
7.00288
5.076705
-0.7047085
-1.0389475
1.1716105
0.6363085
0.00816299999999998
0.612538
1.88899
0.1174475
0.705811
-1.95439
-2.446105
4.59749
2.31306
0.422167
-3.70967
-1.34904
-3.311845
3.484005
-1.794662
-5.770675
3.155315
-4.93889
-0.36343095
-1.55564
-0.906456
3.55464
-0.2425235
-2.905495
-2.962545
-0.9461285
-2.79496
0.377943
-1.96823
-1.204506
0.254355
-0.785679
-0.010038
0.66215
3.716655
-2.97868
1.762205
0.023137015
-0.85326
0.4821738
1.4054965
0.2233505
0.9403775
0.993863
-1.2639395
-2.1891025
1.79493
0.44081665
3.01805
1.94943
-1.925875
0.5401485
1.89831
-3.61827
-3.42164
-0.237436
1.75929
0.74223
0.0110950000000001
1.476118
-5.045645
-0.448575
-0.514839
-0.0648282
-0.5130242
2.37376
0.124036
0.105936
1.93687
-2.45288
-1.2310615
0.773644
-0.6620955
0.7701335
0.933452
1.780466
0.585848
-3.220225
-0.879649
-1.436765
-0.9440875
0.0999945
-0.277385
1.6831205
2.710735
0.833224
0.62131
-0.4287305
-0.737853
-1.70421
0.4997733
-1.6042055
1.0021285
-1.062003
0.0701531
-0.3246185
0.9712523
-3.16864
-3.11967
1.679205
-0.893515
1.5053705
3.019565
0.61065195
0.70334
0.4080775
-2.40553
-1.802585
-2.060545
-0.2283125
-3.92467
-1.1963105
0.7405535
0.512516
-1.39518
1.024055
1.24387
0.443442
1.7693
-0.00533849999999997
-1.27783785
0.0935615
-0.9307633
-0.857588
-1.27685
-1.776995
-1.2542
-0.3691935
1.066544
2.417345
-1.41359
5.13021
0.182708
-0.530011
-1.947695
-0.2328555
-1.82693
0.6055055
-1.51232
-1.5931
-0.074703
-0.622643
1.231728
3.355005
-2.39006
-2.652625
0.8210465
0.2650335
0.036488
2.011895
6.596715
-3.1807
-2.272245
-2.68301
0.644585
2.207525
1.90887
2.890435
-0.937706
1.033046
-0.6486035
2.097355
5.953575
1.219938
-0.821256
-4.34813
-0.1271345
4.12393
3.6261
-0.1517099
-2.691428
0.2015395
2.03952
-2.294
-1.4050295
2.111375
-3.69152
1.37082
-2.129082
2.227615
3.691975
-3.570875
-2.55349
-4.242635
-1.49194
-3.962835
-4.024525
1.19304
2.55103
0.221455
3.57014
-1.575314
-2.94579
1.775825
1.596875
-0.461175
-0.312343
-2.6085
-2.37843
0.502775
0.25225435
0.643634
2.480915
-0.6962524
-0.5873297
2.93954
3.953075
1.629815
-0.601995
0.9190245
-1.2693655
-1.78038
-5.49815
0.251535
-2.99152
-2.651265
-0.4601385
-0.3329675
5.26211
0.2864825
-1.96769
-0.690148
0.0245435
-1.107405
-5.28313
-0.8462925
-1.5546545
0.2362175
6.979995
0.16478735
-0.7347905
-2.184069
0.740695
6.25295
0.7222765
-1.961525
-1.75605
-2.22006
-0.1306005
-1.509545
-4.368585
-2.19528
-5.54367
-7.536905
-7.88714
-0.2846425
0.815903
4.58417
3.646025
-0.27507
-3.18248
-2.19915
3.18324
-1.4046525
1.68518
1.555215
5.698575
5.14319
2.174405
-3.211525
-3.26963
-2.156885
-1.114664
-0.944183
0.6534105
-2.0759575
-1.7133005
-4.63245
-0.9837075
1.46365
-2.802795
-0.467043
-1.722055
-0.648399
-3.963925
-0.0365095
-0.745365
-2.57485
-8.007905
-2.461005
-0.606812
-0.92205175
-0.44118315
1.91171
1.2280185
-2.514025
-1.176586
0.082747
-0.7627335
-1.22058
1.62866
2.14223
-0.062995
-0.09074
-3.334825
-0.3454245
-0.8176145
5.17493
-2.01334
2.11747
0.07533965
-7.575165
-5.010705
-1.1811395
-0.514919
0.94375645
-0.626632
-1.4369975
2.65568
0.13341
1.006993
-0.2498615
-1.105573
-2.68779
0.628237
2.810255
-1.1335949
-0.5101665
-3.441085
-1.7724445
0.8423325
-0.431042
3.676145
-0.2035365
0.5602045
-0.027526
-6.457705
1.92914
-0.4896185
-1.922315
0.525088
-5.940305
-0.4940545
2.541386
2.2417135
1.65630425
0.68815
1.90192
0.16621125
2.99288
1.30231
-0.5499695
-2.799025
-0.702474
-0.9193155
-1.3380085
-12.0862
0.068226
-0.222401
1.157061
-0.46294685
0.5256685
-1.194078
-1.76482
0.672049
0.046556
-7.6281
-9.037445
-7.62798
-7.235685
0.368707
2.658155
2.371685
-1.546145
4.642845
0.7150915
-0.4091365
-2.510825
0.41014245
3.194315
-0.4785415
1.71482
2.165585
1.6570685
0.505375
0.6764235
6.32198
-1.3993
0.43124
2.72127
-0.54231025
-0.6483435
0.354117
0.465325
0.1641255
-1.153035
-1.756835
-0.26312745
-1.553745
0.339615
4.05066
0.5584955
-1.21273
2.636115
0.7964225
-0.3649945
-1.265365
0.34328235
-3.471255
-1.1098005
-0.6764065
0.6409655
-2.811115
0.4500305
0.6593865
4.761705
-1.5305415
-2.61993
-1.34085
-1.96075
0.8847325
-0.4325235
-3.176385
-2.96038
0.4132525
5.43192
4.44141
5.07107
-1.444768
3.95739
-1.302815
-1.0079345
1.87344
-1.2715725
-2.685365
2.30729
-0.42041945
1.47735
-3.80855
-3.851095
1.293845
-0.677292
-0.232083
2.492415
0.19192825
10.28467
-2.15549
-1.1055465
-1.46908
0.18775825
-0.941905
-1.498545
-4.866415
0.942922
3.26647
2.75751
-0.909013
-0.8039235
-0.684411
4.832065
0.9128565
8.891635
-1.004661
-0.4436595
4.576095
-3.972535
2.02922
2.36975
0.52995
-0.670953
0.0711099999999999
-2.38946
0.266554
-1.9729025
0.268426
-0.294201
-6.76284
2.374105
-1.2499215
-4.38669
0.705403
6.924645
-0.770267
5.507315
3.339775
-0.518726
-1.33196
-1.2500965
-1.753385
-0.406703
0.249248
-0.49200535
-1.3762185
0.5048221
1.31151
0.942772
8.73249
0.400985
0.1871645
2.974925
-0.45648905
0.432142
-0.855509
-6.84839
-5.929785
0.2101505
3.948415
-0.6769575
0.8259945
-1.71329
4.26931
-0.3389555585
0.4311335
1.134913
1.05510625
-1.581211
1.339477
0.1933695
1.0474325
3.7669
-2.75346
-2.999795
-6.94758
-6.377075
-6.257355
-5.48492
-0.9151415
-1.0605855
-2.181175
-0.8315135
-0.53794945
0.6307535
0.8253615
0.41133525
-8.627725
-1.59371
-0.07485135
3.363455
-0.1716045
0.371797
0.605162
1.2787205
0.830604
-1.12006
-3.030065
-3.32066
3.189195
2.894225
0.4609215
5.06223
-1.1633718
0.04656215
0.17494
-1.19816
0.5634675
-1.0140545
-0.600235
-0.491244
0.27592
0.4864935
1.1935695
1.933485
0.211902
4.25273
-4.98013
-4.07606
1.589315
-0.716665
-1.5694275
-0.0976635
0.823635
0.559763
-5.702235
-0.933002
5.151125
-0.233371
-0.11702365
-2.2971585
1.47118
0.963358
-1.537005
-1.47125
2.698115
-3.067385
-0.489664
0.55337
-1.003452
-4.479725
-2.57908
3.1495
-0.6413515
-0.0817555
-2.50604
2.2745255
3.887245
-3.56216
7.0644
-1.702835
0.220395
-0.69092
-0.2178665
0.592771
-0.2635305
1.76751
-5.6851
-2.09063
0.911894
-3.35943
0.754774
2.61819
-0.1526436
1.023687
1.491568
0.742045
0.266323
1.250535
2.62533
1.31187
-4.71971
-1.718502
1.6486125
0.3912725
-0.2250415
-0.438457
-0.4817795
1.864085
-1.204015
-4.35077
1.78794
-1.4383985
-0.7065485
0.8134215
0.1152847
4.83721
4.638265
2.19837
-5.370505
-6.30847
-4.251985
-4.23414
-4.249985
0.692245
1.617702
1.5383765
-8.10975
-7.08066
-3.872885
1.016466
-0.362955
-1.601534
-1.248495
-3.381785
-0.8539225
1.2953805
1.1753245
-0.116905
0.2182952
-0.52030215
-2.37723
-0.5912293
-0.7307435
-1.137555
1.902258
4.801065
-1.0532685
-1.4438
-2.828335
-2.886125
0.630932
-1.119299
0.437373
0.2639695
0.0703225
6.51775
-0.613528
-2.23325
-2.07597
-1.45132
-0.899844
-0.969635
-1.64787
1.0840385
1.964065
0.447933
-0.615258
-0.469884
1.232915
-0.3524565
0.515573
1.977985
4.85288
1.45225
-3.16645
-1.64272
-1.5497
-2.684325
0.4610917
-1.657305
0.727565
0.225985
0.195974
-5.162445
0.4314315
1.91793
0.0828247
3.331635
-2.50774
-2.021445
-4.81287
-3.08819
-0.436378
-0.1301225
-1.1016395
0.7528045
-0.3596005
-10.66465
1.77713
-2.88176
2.131655
-1.969385
-2.241895
4.909065
-2.180245
1.52361
0.1050205
-2.518605
3.808485
-0.4557217
-1.512375
-1.096708
-4.36968
5.69102
-1.1947305
-3.145515
-1.132182
0.962804
0.0645405
-0.4813355
1.808545
3.26742
-0.4153245
4.440495
-0.576671
-0.8289205
-0.3805045
-0.2524255
-1.73785
-0.533634
-2.560994
-3.549086
-2.125976
-1.744111
-0.499549
-2.05087
-0.28644
-1.331153
1.852265
2.506645
-1.367505
-1.677124
0.646799
0.3501415
-6.53663
1.65251
-0.0691385
0.1441045
1.227746
-0.59818
1.0218345
-0.10728335
2.25118
-4.41653
-1.1775355
4.01249
5.58695
3.910875
1.10708
-2.228985
1.52041
3.80556
-1.0171455
-1.22764
4.482395
-2.0978895
4.43645
0.965618
8.88352
7.662375
-1.404815
-0.750604
-5.596915
-0.71683
-5.178805
0.9622025
3.94396
5.738335
0.067305915
-2.52359
-0.719557
-0.948623
-1.44571
-0.881215
-0.8260615
3.57641
0.16516885
5.254175
4.668135
4.619245
0.60046335
-0.7459357
-0.3371225
-0.5103435
-0.6884235
1.743345
-1.347307
0.144639765
1.260964
-1.046909
-0.7056445
0.2521525
-2.44612
0.5214015
-1.820555
0.3906355
1.2770035
-1.1141265
-0.507638
-0.635572
-3.468145
0.629762
2.4006
2.94544
3.95566
-0.2225134
2.95478
-0.85222415
-0.9574185
0.7495295
2.667475
-1.41198
1.27948
2.85034
2.33573
1.736
-0.6899845
-1.900825
-0.03387575
4.283925
-2.79124
1.247982
-0.12473
0.8117565
2.2657
-1.473645
-1.698805
4.98675
0.1549145
4.021145
1.2174
0.130439
1.667575
-0.10134
-2.541345
-1.82502
-0.3134853
-0.294076
-0.498542
-2.754535
-3.20374
0.134892
0.3151625
6.895345
2.19905
-0.677535
4.43181
-0.9132135
0.113172
-1.038101
3.118465
2.60017
0.0916215
-1.58206
0.239908
-0.55216
-0.00303500000000012
2.545285
-0.4645565
1.727512
-0.587755
2.33172
3.306785
-1.491992
-1.63506
-2.847135
-1.969385
-3.5789
-2.629195
3.33652
-0.9091265
3.38922
0.619139
5.33252
-1.627385
-1.41525
-3.38129
0.78256
1.73818
1.509454
1.95669
-0.418044
-0.73982625
-0.590711
-3.253215
4.416775
-2.661385
-0.53268835
-2.8463
-1.37182
-0.891057
3.1779
1.263655
-1.766169
-3.17207
-3.66184
2.557405
2.1305125
-2.28621
1.213825
-0.032924
-4.267365
-0.349712
-1.184085
-1.5063475
-0.2767535
-0.720039
-0.203503
-0.53273295
1.39495
0.06095945
-0.7834315
1.774885
3.103885
2.135685
-2.01452
-0.467711
-3.50779
2.854505
2.162066
-1.981103
0.970243
-0.6898415
3.57456
0.3002185
-3.65398
0.02808
1.705065
-2.814685
0.686237
-1.537455
3.044045
5.362855
5.254075
5.94461
0.3080735
1.0808
5.722125
-0.8002765
-2.04507
2.640855
1.727646
-6.138645
7.9297
2.31921
1.2652967
-1.1829
4.222405
2.33198
3.27824
0.3948325
-2.09482
-1.109912
3.67323
1.72656
-1.780809
1.391265
-0.21971
-0.3794739
-0.5917515
-1.7403295
2.547965
-7.274935
0.2399276
0.755836
-0.8104875
-0.12508
-0.7599385
7.024865
-0.2705875
0.1992555
1.8015455
2.32843
0.8965705
-2.280155
-0.3786845
-0.854265
0.8098055
4.74683
3.94894
4.211455
0.559982
-0.3612445
-4.247265
-0.57874805
-5.625345
-1.400445
4.811235
-1.143555
-2.831885
1.1290425
-0.7079105
-0.893178
0.0583405
1.7406885
1.34413
-3.24596
-0.7864815
0.291742
-0.5960915
-0.2906615
2.313505
-1.824425
-2.458725
5.888535
1.80232
0.923923
-1.645735
-0.4068285
-2.67362
3.56914
5.37914
-0.1636835
-0.97374
2.542095
0.973314
-1.66118
-2.681155
-2.72704
-4.015335
-2.32712
-3.014575
5.164415
5.487335
1.441285
-0.303691
-0.0050372
-0.15822655
-0.282033
0.5250536
-5.255445
0.765721
1.542054
-0.11192485
-0.74703485
0.8915836
1.9969955
1.76867495
2.02918
-1.282655
-0.353795
-6.617745
1.5118175
-1.525615
7.105845
5.31389
0.460675
-0.700438
2.222335
0.229789
2.257845
-0.094875
-1.77957
-0.963017
-0.612502
-0.3067105
0.8257255
-1.5682115
1.694355
3.460855
-1.455485
-3.99774
-0.554415
-1.143365
0.6081145
1.92018
-0.5346495
-1.045791
0.091226
1.27557
-1.6008505
-0.1031111
-0.5383175
-0.204506
0.6740195
-0.5728015
-7.494305
2.445985
2.86873
-1.61646
1.712
0.850326
-6.52241
0.5120895
-0.8371435
-0.348798
-0.49538
0.855702
-1.921905
-1.52763
-1.999225
-0.955368
4.789765
1.028002
-1.93153
-2.3417
-0.7635525
-3.128335
-1.4392835
0.220543
-1.735055
-2.16953
-2.439925
-0.889123
-1.94482
-0.915122
-0.02508275
-1.0947635
-0.8141155
-2.06385
-0.55652925
-1.0551905
0.4109745
-0.92088
-1.21805
1.519765
-1.1053525
3.623415
0.5608105
1.726045
2.22093
-0.571185
-2.48232
-1.4369165
-1.933925
-0.336668
4.863785
-6.408705
-0.00463050000000001
0.7702245
0.86015
0.822049
-0.403941
1.0867125
0.3998858
-0.3632174
-4.72871
1.2490869
-1.8071365
0.3634901
0.551055
0.60124
0.5839855
0.00508200000000003
3.72607
-0.9347075
-1.057347
-0.8375195
-0.4149725
-0.20902065
0.23827135
1.50118
3.939755
2.68168
-0.1206239
-0.737433
-0.3074235
4.04851
-2.18586
-0.0435185
-0.6748415
-2.827095
2.64484
0.878675
1.196089
-0.0972635
-1.766625
1.577375
-0.6613778
-2.33634
-0.448484
4.77904
-0.0535505
-0.208244
-0.78214
0.0781935
4.986415
1.363432
0.3786275
0.5812085
-0.2159675
-0.27804665
-0.427821
-0.289829
-1.7135945
-1.9735235
-0.00114300000000001
-0.130024
1.447735
-0.7060675
-1.085108
0.0352045
-5.438755
0.814401
-0.0413405
-4.9142
-0.4234785
-1.658316
-2.86207
-0.8851625
-0.76023975
0.27229215
0.0762835
-0.085051
1.319265
2.08795
-1.724265
-1.810665
-2.43349
-0.78622365
-0.223513
0.63037
-1.993695
-0.854432
-0.688482
0.6817899
1.725977
-0.0471484
-0.7070595
2.47981
-0.067655
-0.5263195
-0.439351
2.388235
-1.012592
1.3251765
3.230995
1.0229175
-1.094315
-1.948554
-2.365145
-1.067582
-0.31282545
-0.805902
1.31796
-0.0103249999999999
1.263284
-1.51744
-1.511655
0.0795925
7.40581
2.637475
2.2497095
-0.25496
3.427325
1.121204
-2.174375
0.4252665
3.217805
-5.80179
-2.572925
-0.974922
-0.8873175
1.3255125
-7.39139
2.706655
-1.17764
0.3208155
0.125656
-0.0396595
-0.5112595
-0.9276275
0.4372195
1.6447445
2.059815
0.4916295
-0.13323
-0.7930125
-6.358795
-3.4346135
0.5194765
5.38016
-1.990895
0.495993
-0.784558
0.13494525
-0.83493795
1.61076
-0.70078025
-2.1716
-1.54997
-2.5551
-3.108285
0.8315235
-1.55967
0.4109465
-0.5849645
2.16433
0.10783535
-6.981405
-1.6628885
-2.14447
-2.71427
0.773312
3.403145
3.977485
-0.20499475
2.236745
1.4715325
0.421201
-4.215085
9.72874
-0.357575
2.28314
-0.5445525
-0.0645299
-0.4496415
4.55384
-0.03568096
1.87511
-1.469505
-3.634285
0.5599045
-0.59101
-0.374665
2.07718
3.112735
2.1805785
2.063805
-0.1615345
3.981885
-4.52957
4.038125
-3.76825
-0.302211
-0.915902245
1.1104805
-0.4560895
1.2153
-2.450205
2.241765
3.08285
0.412101
-0.478154
2.756103
0.051023
1.344914
-2.24899
-1.905965
-0.57217165
3.13083
-0.52931
-1.36063
-3.60476
-0.338095
-1.19565
-1.5451395
1.0910555
0.0145795
-1.3535655
3.27297
3.96575
3.122825
1.212322
-0.812002
-3.071795
0.2932285
-0.480067
-0.6965395
0.2415129
-0.08658
0.481143
-4.0754
3.10709
1.710945
-2.60855
0.2458015
6.603155
9.709435
-1.262625
0.830116
4.246685
-0.10550415
2.56656
0.319291
2.08843
-7.54123
0.0694945
-1.91779
0.2461015
-2.394616
1.562275
1.074125
0.900033
-1.2056
1.23205
-0.313235
5.633485
4.901965
7.512215
0.49512
1.184565
-1.118145
-0.7506005
1.003471
-0.5967175
5.292735
-2.440775
-0.3525569
-1.507325
-1.0345725
-0.2082433
-6.44542
0.294451
-1.997235
-6.07223
5.1549
5.82843
-0.955835
5.979035
-1.291965
0.807496
-0.28825645
2.367285
-0.034067
1.8265
-1.5643455
0.4960895
-1.1722565
0.4201225
1.8022915
1.435415
2.214515
1.762085
-4.848775
-2.61996
-1.230964
0.9883185
0.3140354
0.805935
1.58216
-0.5333275
-3.50407
0.58614445
1.306642
-0.71464
2.978815
-0.7103365
3.242625
3.353415
-1.87295
1.759305
3.08744
1.2324165
2.794225
1.3946755
-0.71322725
0.716332
-0.8006835
-1.0074805
-0.5647295
0.5424686
1.049256
-2.343325
1.81475
-0.5441475
-2.484825
0.745594
-0.466571
2.399755
0.79975375
-1.584365
0.045542
-2.668795
-1.2348
-1.399169
-1.1149205
4.212495
4.916965
3.94422
3.408245
0.5307335
0.018334
-2.328775
-0.32461
0.2571916
0.7240145
0.81847
1.399385
1.670782
1.81911
0.2109215
-2.812625
-0.1422305
-0.5050675
-1.131239
-1.3482135
-1.245235
-1.4617125
0.1710445
-1.762645
-0.43831525
-0.114537
0.4029751
0.5280575
-3.19326
-0.2469909
-0.3490165
1.257414
-0.572973
-1.4916485
5.264735
-1.779125
-0.8355835
-2.87986
2.85171
1.772867
-5.24175
-0.194575
-0.9629655
-2.659825
0.9595785
1.1353565
-1.0742715
1.86661
-0.577661
-3.176545
0.664965
-0.2414234
0.75743
-0.9150535
-0.199141
0.1050795
-0.6235905
-0.6570133
1.151515
0.6883195
0.5990745
2.18563
3.3013
-0.1455875
1.688045
0.6153205
0.3072215
0.705314
-2.790905
-0.9394235
-0.7307875
-3.79657
1.3569305
2.174705
-2.15458
-1.68553
-0.5625715
0.212282
-0.0439435
-1.0441825
-0.1045485
0.270617
-3.16172
-0.38684125
-0.070082
-1.7062
-1.456635
0.77142575
0.1681725
0.743441
2.81025
-2.306875
-0.070772
-1.089907
1.95866
-0.462038
-0.1745515
-1.24974
-2.58994
-0.712727
0.376338
0.31099065
-0.3280325
-1.434365
2.89241
0.7591235
1.0306968
2.92872
-0.32351505
-3.55342
-0.3012215
-0.61374
1.2855365
0.046535
-1.08872
0.542713
2.200954
-1.73176
-2.36492
0.514934
-0.5653845
1.393002
-0.0378275
-3.219615
-0.411822
-3.822
1.265475
-1.090507
1.893785
-0.139325
-2.276474
0.1214305
-0.3458625
0.71046015
0.727909
-1.1435425
1.85449
1.96096
-0.828598
2.51548
1.739486
-1.489965
-2.01432
-1.50397
0.8787285
1.677255
1.18609
2.274435
1.1286105
2.2144
0.36624627
1.0863595
-1.665145
3.28211
0.24471825
3.193455
3.489335
-0.2542415
-0.45181585
-1.1199475
-0.666527
-0.397104
-0.3769795
-1.56095
-0.934821
2.9397
-0.1802898
-2.148355
2.719475
-0.10540305
0.0403935
-0.463585
-1.44689
0.0909643
-1.830396
0.037029
-0.833308
-0.7081135
1.829131
0.57622
1.700155
-0.463206
-0.09223
-3.804785
-1.363077
-0.763281
-1.66072
-2.242425
-2.1161645
3.495695
0.135345
0.252998
1.60785
0.4497435
-1.8977
-0.582702
-0.1233225
-0.66548
-1.44093
-5.282605
1.701425
0.9962125
-0.622288
-0.4092045
0.1274535
0.2448505
-0.3708045
-1.0967645
-0.3340985
-1.6397
0.880018
1.458645
-2.36349
-2.6504
-0.58026
-1.223316
1.5427415
-1.93811
2.38592
0.623057
-0.5226055
1.29871
0.9397975
1.4547415
-0.352175
-0.285104
-1.780777
3.10332
0.9033945
4.384955
1.44527
1.69258
-2.256785
-4.96163
-3.304905
-2.45704
-0.7958204
-0.947804
0.8817105
0.2785295
-1.1322955
-0.825202
-0.4861925
2.664425
1.359939
1.200593
1.0969205
-3.158915
0.871816
0.375927
0.9136765
1.605945
-3.78316
-2.546605
-1.552895
-0.4535695
0.9441685
-2.151615
-0.8905565
2.63183
-1.3277365
0.1579975
-0.9417305
0.4310345
0.4107165
-1.624825
-2.1901905
1.391844
-2.146275
2.832625
-2.97593
-2.853325
-2.634545
1.364855
3.91253
-0.8468335
