H2_Aufeis_above_below_coast_z
3.37141965835842
9.97418179950592
7.64496549418756
4.49501150514056
3.95749813705513
2.23991443968784
2.28392483989878
2.98434831017981
7.22498578471401
6.84543520370242
3.24544838003667
2.54469922170361
2.12340342812422
6.33764588852192
2.50863639386603
2.82033267210447
4.46978473154319
3.01881750616358
2.61876309101983
2.9553153498271
2.87161040510615
1.97651180738603
1.85384749818654
3.97342952578015
3.37576291326546
2.38979751264094
8.87135508691121
3.16712437662987
1.46983723565968
6.04046150314026
5.18895218401902
3.35432670963549
3.25489903527179
4.15241450317496
4.87859331002271
3.26048310285153
7.79538490610311
8.31814391218142
3.38324896545072
7.16816102645697
5.64792136836659
3.19545222002807
2.51430386211556
3.56434217957019
2.33436938246979
3.70878342739332
5.20198747356275
3.34820049659544
6.66847723852984
4.07494173311724
2.0011720841397
3.35822866689776
1.45973089207447
4.7975064286168
1.40003197161857
1.31928382201775
4.74876880322147
3.77875179125021
4.51041074739525
5.79138257829869
5.68589658550487
3.50945403740947
1.9006147946688
6.84932999730253
3.68250798410754
3.6391884919881
3.02027367816417
3.60853386671063
1.74611125417987
4.88446826099081
3.58724273044825
5.37687413866579
2.58399070367211
4.39315781067638
2.73253731029783
5.34264446693729
2.71252126481247
1.92316556475204
5.70031430897474
4.59755921443516
2.53803828939057
2.12141458455023
3.36333413395008
3.41933723380233
2.98477985529529
3.83554240458007
1.8795854262485
6.77465463557738
8.18800678011551
4.73420687237292
3.61199371495734
6.30264562733351
5.0940835023316
5.70137063018835
3.89877594040256
1.87473969448442
2.10955964676804
2.37776185279871
2.18559063102564
4.00717043458373
2.09518839513235
7.63961095993387
1.55493081156082
7.78980053535395
4.43809656647005
5.85238508055299
2.9951417952984
3.9138846026136
3.03100946387191
5.17405252136101
3.31530297781544
4.06777862045132
0.91114600591203
2.45145835366859
6.53341776279397
4.74287012439865
7.0860678733687
7.59234737818076
1.06167796928994
5.6781329705204
5.80789314929196
3.69976115891576
1.99098990770453
2.84587021983267
2.14002416012036
2.35211234856011
2.95490200293883
1.42129178127706
1.86275589780636
3.13787451913204
2.76769196111142
8.01325895732698
7.17425172083091
2.61471872890806
4.63044854147417
5.83971804045035
2.970268287301
8.58517004625628
4.6925053543099
4.52014497642442
2.89400331229369
2.29852687665275
6.39739971904399
3.34247053678601
3.04544259213317
2.00676987469974
2.96511115380166
2.80318396901625
5.66779364614369
3.39573681059128
0.152937759002903
1.48906587489787
3.67143373746499
5.0513250015004
4.2303047782404
3.71851332914283
8.50760511732168
8.73655207067097
4.06832593632707
8.94813800914201
5.00609175220696
7.14859994896323
4.50294457590674
7.81489987375289
5.75763609375417
7.30007111992921
6.58007177037045
4.93741441082396
1.77715893789234
2.37378281310824
5.08885462207699
2.44280187141774
2.87701010654781
3.5500117191077
4.12822075011433
3.35604463074095
2.91091172519505
2.88776432923445
2.86835902059723
4.54101726793004
3.53500588774934
5.40007342758469
14.7245445553185
3.64862518933141
2.88065624388144
2.22715108225416
0.762366343281208
6.18273110813161
3.24774148667125
4.29187735580729
6.19961863902885
3.85019224158956
8.55778403449591
6.99240044410304
4.62177412464202
3.47281165716447
5.76864633388574
6.52066510643245
1.12089891197687
4.89996995605177
4.36617405302161
6.85026218333601
6.17514150293174
4.08412658882757
2.57700281578039
2.04465077683652
2.52886767269509
2.49665374084169
3.50694257084971
4.82031148780238
4.60908634404655
2.12564197213037
3.16071027632932
6.54083106995199
4.64877558187141
2.22966253509608
2.68843582405075
3.42639231772922
4.03144389798262
4.61623624002282
6.84100435114276
3.0638183978028
6.31154648295345
7.46566700575708
4.98845902866772
5.56047548043857
3.72155425805653
2.15878273558202
3.98814072003602
4.7113140210746
5.30160043787565
5.05957855781914
4.3232525355123
4.71763288727616
2.86176158265058
4.00620746605633
4.0310513050937
6.38906893348486
5.4023184931949
4.17226845958366
5.37771029691971
2.9539001686972
2.77684869904869
8.40186750955479
5.41180789418518
4.02097535235894
4.04043416264965
1.81466038829885
2.24227032063002
4.60542469425307
3.4344741862458
1.61719204681994
3.30631667706974
3.83496354256719
4.0539450245568
3.85531383036015
4.83392997378975
1.33550137905694
7.84651404909215
5.17877683642362
3.31436528317201
5.13348524575132
4.62378146905837
2.41966929824054
2.58345168636524
6.38841997500322
5.55824034047813
2.48392674997582
1.52407574615783
5.03681730373027
3.32338866306981
2.19799477875349
2.46143333590086
2.99063893903903
3.33269678055025
2.6755293026035
4.02376061800192
5.21133541559556
1.91764569913485
4.75415778256576
4.50558089734587
2.70819762855539
7.74730929289676
2.73950022137739
4.10100347741297
4.51978122858362
4.71903154316974
4.45721052943066
8.40242220193488
1.97517683746903
4.87386632394023
3.46648057966826
5.15500553373885
2.25400718975683
7.03289800667274
4.88393184056176
5.47692146257241
2.40320600521339
6.807431671787
4.38040933714861
3.71672570354908
1.76454242612409
2.31515658486797
5.2847465937795
4.45655623429892
5.93620942684954
3.64344134318667
3.68126640619165
4.16149413598404
2.81438180598207
2.36414909816276
2.17725161556994
2.34275061765259
2.38063007621952
2.51647975693677
3.42269178698466
1.19665353407416
3.82921321619582
5.91657461537508
4.9125823283975
1.11318549995825
2.28510731422813
2.2899034631894
3.71887170441722
6.28385811675798
2.71864729449203
3.00737333033441
4.80158956938312
2.43594505754907
3.17058423695465
3.43575569350722
3.57721415106098
5.92660540404355
3.83837858407945
3.18785720163357
6.10254970905742
1.43275294001309
0.750625698172355
3.06260863172439
1.11784926281224
4.7796321622789
5.00739364555892
1.16149105598314
5.05419468646803
2.86312512912776
3.37993758559678
3.62033027808327
4.36194608628642
3.1878522599247
3.44088831310018
1.78911468397586
1.85512364884155
4.86284182469385
8.84550401417667
5.89597204940273
8.2561292739904
4.7529335962374
1.68923904624969
2.85523521484499
3.96017011338621
2.67665192655608
2.78482425020564
4.72673155239166
1.74311369011405
5.55638852496934
7.55748144125535
2.14792751335704
4.88809022911479
3.64418785824088
2.38313264107214
5.38286435917359
3.79895781946016
3.03301569474364
3.88727437671571
3.35251583284218
5.26132409570869
4.76337961125506
2.17498438513365
4.45270885587483
5.19752929693102
0.750198929792066
0.70009725175048
0.408603822112109
0.920346075694881
0.772387132778872
0.700168288597564
4.34914483160696
3.32390013867919
3.23248680882058
4.77951576023192
4.5746609604918
3.13868273404381
3.68195657962669
8.6179065941401
1.64297660744456
5.338231883035
5.17027671601959
3.99950190333788
4.09379635076795
2.30058548407324
5.58721983987236
8.45785353932933
6.28801806784664
3.00864424595614
4.50556619734973
4.95656704675574
2.64301741929893
3.58164668467856
3.67313876735509
7.98996166909812
5.21971392604174
2.14166066678142
5.38462998644452
7.15584523574555
4.66694553630378
5.99222560140232
2.35141146519018
4.71990169446266
2.76350858419817
6.0279309579088
4.18802864888704
1.03352922238587
3.87182268944014
4.40113545538405
6.90990732336009
2.82263870856755
6.85923959089406
5.50832113144144
3.245446166491
3.91052807202881
9.56954512147591
4.60400122892203
3.75746550535706
4.02653731008794
3.72019192896512
4.48559507884812
3.75486557256147
5.13097309774194
3.97458382037561
5.23226193491587
3.75027693001763
4.73158869480296
4.36719980459498
2.29795062937506
2.23304874151711
6.94429868841568
3.87252804544322
6.78334488252946
6.02230332230934
6.79960169455384
6.11635241432598
7.76603927963854
5.86579246975321
2.25665284598747
2.99841467291772
4.5977062384276
4.3504254519876
4.98794646166748
4.07108050142299
3.67885579062326
8.17803931326958
5.81771015286125
4.98338971055648
10.4001428270362
2.21105413583093
4.26614384027048
3.32059501525922
3.59270615070918
0.607354718614979
0.00367534148255553
4.1900054509972
4.90481498902479
1.0758140601666
0.262346754321568
5.34144210121046
1.18333932266766
2.41479205904717
6.27937147201775
5.44064806632378
6.61908159717445
2.85552868549913
3.38934853504341
6.64932757394989
3.1935780241902
2.09939804905098
4.36467307474118
5.99724731725315
2.76870285666649
0.229091995070218
0.417625944935305
0.00367534148255553
0.271937768521032
0.193029306110318
6.50042096972106
5.38318883255709
3.33896597655919
1.9112334400231
2.43890982641985
2.36598887368551
5.26950530246708
2.93743520006358
4.13708460129617
6.76220100854852
6.37285830460683
5.75332753781014
4.10124612167562
5.55535268870684
6.01518058581054
3.18574601569176
4.70869857758062
7.04533072174997
2.0582092934155
3.59423604617135
5.0421493563681
3.49183884678174
5.18595622510616
8.21829365592981
4.34151663251221
4.41380929930455
1.66322153381275
6.2794688621725
3.28750920648292
2.87476159183246
2.32410500988513
6.6580511276924
7.74648678315341
3.40165662396906
1.9761169417835
0.875862474869064
2.88396635815948
4.51292899014532
3.98397040032333
8.55935313173438
1.91141972391904
4.37824481845896
14.0479389827088
3.03847699257398
2.66365670169579
5.68514316493654
1.64096573315289
2.32932732072093
2.4909579419551
6.739402583537
6.67028856054375
4.32291521625665
3.46018094871562
3.96376911815703
2.89445627833631
3.13188046664664
6.0508408141494
5.42098831466479
1.88945661661731
2.02810945180874
6.54521177574941
4.56551547122399
4.56415765185793
4.21148403187477
4.25132485746267
4.19806340746774
7.36865470140998
2.83479822668278
4.76990280482872
2.7505896624866
5.33447646474678
6.43136271558003
2.85798606190953
7.56719166151328
4.72232677712535
3.64074332872757
5.70667942626445
4.32890390689151
3.01047295492142
4.21162108591609
1.79334347042511
2.39664409660586
3.63163821341156
3.07491993403661
4.2040245896722
5.13283036469045
4.21563478057001
5.56886385598786
2.23505294766671
4.93329702099804
5.84694437033932
8.08061052055043
8.44511445997437
5.58072070297063
3.69145664981422
4.22343222145139
1.24357163576216
3.07832289592585
2.99231950380613
6.9493334678583
3.99090328131597
3.09156063481002
5.84148889629863
3.31106515284713
4.14873984194965
4.07644794715418
6.11497232845769
7.20034345679476
3.79910143392088
3.90576480743794
3.10993329357223
3.53575958815887
3.37998263220749
6.7304506897279
4.60486021901059
7.14761407538937
3.78213621806735
1.8570165497018
0.847845193230058
3.16107803675157
4.35676009286724
3.11904727592235
4.6645150419797
2.74927006641567
4.44669602693548
4.49426552347081
3.66598468754649
4.56805206478613
3.23158881193696
6.14645702263649
4.93569475884685
2.6339838944862
2.12075849397378
3.83392300499421
5.54018656640769
3.78846126962388
4.32503735723063
1.97914858309338
4.59637877613439
1.90472300935552
4.61630542931185
2.99435206526585
3.62153670740811
3.29024553557786
6.88773511859709
7.29409469310849
5.13866298054962
2.49142940297478
2.60555195361268
3.08387356089658
2.75332071635122
5.66640640328567
4.62184229125852
7.30022231788269
4.86097836709772
4.42868221761423
5.15233762373446
6.83619818990447
5.4895098289174
5.34651517840236
5.59427364800514
6.04827633309543
2.62778092813527
5.39902697409835
2.28868294627287
2.84041401314431
3.6662923254768
4.00737722170138
2.3080497700948
3.87896249983743
2.80722655119483
5.27585304262823
5.92304980441726
5.15932853908869
1.5990111511538
0.779786438256402
4.51308505272902
3.89372414194796
4.60337994246837
3.03212162762744
6.84349200085543
2.96509334124993
2.29416942848281
3.30752049819529
5.15742053353499
3.28364073084431
4.59161165052832
2.39577010511611
5.94996184829023
1.72525679624054
6.08386025443817
6.21737536716661
1.97701309282834
3.98634622911736
5.88057207801405
10.5523700452317
5.57662094143578
7.84283208313019
8.22182494307142
2.4677475597311
4.20545956879064
3.00779827878495
3.43134964283552
3.01268321857294
6.11911856555063
5.11963948839036
4.08457153841299
7.41603805332111
4.44749660357886
5.3248648139337
3.35558489400241
3.75869196559854
2.15291933759569
3.39232326364189
4.22017473143076
5.64390236280001
1.76598864733956
2.50392210389401
1.25226779945875
2.80757575805675
5.76937310457076
7.39200577509454
3.22758787402333
4.61380256942829
3.56873726579981
3.18191277819029
6.14483982984056
5.04925793245018
4.63467184667151
4.3559174420846
4.05633269709841
6.33946006853997
4.46583238933503
5.84630154472165
6.4273375256951
4.19186511483451
3.58962749246716
5.26282832660867
9.91267399137303
0.519706808049096
3.5186341647972
6.03439091252592
5.84686889020992
7.46983510880969
4.65777254484271
4.15727708151932
3.38258885626398
2.18207217312047
2.5155020126447
3.89408224751162
3.41843357236062
8.07648043124913
2.14483958005043
2.86439721546173
3.00776200317234
5.49975756448559
5.67443367635677
2.98273357741974
5.81339395520833
4.08194300681849
2.50142360793227
5.14028145292279
6.70355081519111
5.28619711946696
4.62648897313269
5.18131093114755
3.11468516924069
5.69596227650051
4.55109043039236
3.46820717413717
6.94603689592791
5.54198495896399
5.26109889909214
6.43328827946122
2.35560798853881
6.77718755499908
6.42806799425172
4.34324854487586
3.68280877722898
4.88956409191663
2.36851574896165
1.3508773531066
4.72911142640455
4.47200357621585
5.88704305874826
5.45799782259685
1.92612329685588
5.68246406667421
4.65676734502138
4.52321657543775
1.95835303531091
6.42826323942767
2.62192979981736
5.98134102887914
1.06870838705539
1.49339080726891
0.796409971475485
1.15671630614552
6.09645156213955
1.88587513728689
6.23822628535984
1.87612756003266
9.25009942197279
2.99475360176099
2.85924452882495
5.74558731837825
3.7942728853967
2.68941847605956
6.12937585533029
3.16969076152925
3.19977612000565
2.36723144962182
4.00342810087094
2.17568804629751
5.61084142425809
5.28516604083278
6.02803860799032
6.14447321859132
9.06201519802559
4.39206067428558
4.14622488558323
2.70975535106432
2.4319420106773
4.25547960803347
6.96551324412222
1.3645182652987
1.31698232046334
2.89015665238401
3.93236941210926
3.9025178602989
1.57791727597696
3.47551954843085
10.234086737767
1.77948126505553
3.91269807583342
3.71263766423516
4.72545510399155
4.22615852758162
7.29032845255284
6.32766386968024
3.80445412865969
1.91349453024975
2.17345721078948
4.10682295165422
1.73935478592752
4.58443784838922
4.97406073179195
5.80793963156514
7.87332715290156
7.18275010665694
4.0127815907748
10.5792172198656
6.82706086166076
4.96549194947108
4.09886231768269
3.56346717026563
3.93063666112824
2.63077348070332
2.76007787432785
1.83214245513513
4.63993208816438
4.24426872172904
3.07466870935689
6.17531411450858
2.52080552141174
2.71311797774195
2.74569442344581
3.48616219546716
3.36223412879453
2.7169978958048
5.75001882359862
3.28264387194353
1.19753702716225
3.86961823849748
1.60988865226569
3.11652055322171
1.12041713489541
2.61480092908571
2.96078657548698
3.08695925632513
2.06883492322781
3.76094451931873
3.97279265441806
2.40343682660757
6.0897479725975
10.4271052735825
6.32409097335571
6.03922019214347
5.06459855364868
2.19670592483737
5.79474395983405
6.41793533888161
3.19448805157144
3.05870334831621
2.860879424612
2.88919111983996
3.122312723028
5.34843915680608
2.09662201925606
2.91031468169583
3.63551830159781
4.58819613548601
4.7364169155252
5.03284990474577
3.57120768177644
7.69161257517956
6.8327941640279
3.62606639676652
4.38448905756833
1.16302859184549
2.87044196323339
3.575462189241
0.519706808049096
6.86589601111089
3.35503745137495
4.81646164606922
6.53060300279243
5.91123774307763
5.42733755373662
1.64786774605753
1.60068452998846
4.73884321397768
2.5790647790409
2.454136119013
2.46342987856711
3.07153945991486
4.68394216229149
3.43751765483304
4.37771336470776
4.10332309607358
12.1516622642736
2.08319115372528
3.25890630574561
4.76349048769687
3.08997924311188
4.00281355440754
3.60314739006033
2.07455794039708
3.64667234324609
2.71248542890885
7.7192269131006
3.94039777025417
3.18207806921999
12.1743983450828
3.76863659776876
3.17700437483693
2.36627608061391
3.84298033698743
3.25542086218614
2.06575225967748
3.06660761821564
3.54895450665311
2.08187122452423
4.45488007633984
1.60379754282229
6.88838653969289
3.16424216946883
3.01806242564585
4.3593978098686
2.94579838839173
4.5724102568304
5.37720205725719
3.01298062666791
2.25380906381324
4.94962619961995
1.6696102626115
4.11728717176224
3.78565562993162
6.14877279730912
5.10217082099705
6.53708705720995
4.49297845510132
4.0054433876816
1.68440747713536
4.6032155809506
5.00424773025803
3.63858526416539
2.73369617618816
4.13542214688754
5.76614313207876
3.88327476464097
3.62948789186872
4.55878979990819
1.75191794257539
5.46871188223597
5.06262709883241
5.68492291591691
3.47433309545217
2.41458863602444
3.4376611682237
5.52116539427629
4.42341122108725
1.32771861027769
3.01394979211454
4.80412217352517
2.80675847404486
3.32722122424868
3.64228898102908
5.4412143649486
7.12445823282832
3.37394573667506
3.91032760714472
4.54377434322471
2.83598158493603
5.47623643513028
2.61333291988561
3.74564644165741
5.27458324988399
3.77716532318972
4.65357759566618
2.96958523016632
4.31861168319332
2.52376946728319
3.263856398837
5.05682357319806
8.19038763144682
6.1176350966367
5.66838029453989
2.90186103029909
4.16971031015591
1.98062035374988
6.14979066689985
5.84234850368806
4.07200035658279
2.57102459419912
5.45704773735708
2.26551750722344
4.29990432995248
5.65682238870456
6.12438210365715
5.83145337016045
5.42076296970512
3.44021804981459
3.99184909916406
2.94705395130552
4.87547416070654
4.69306752516189
2.47141658821249
1.97501863527964
5.14322711375242
5.82434746681067
3.63617510301054
4.84615420495557
4.26189914632019
4.46804574330091
4.02383031602868
4.67634385890308
3.77613781249113
4.88640953901735
3.02633188699084
2.51458378789521
4.00037511357883
2.58093942482489
2.63849195655305
2.64235830767371
4.64641510687976
3.72283411810133
6.91377055432697
6.0963856429192
6.25292665085247
4.47011483937595
2.092022205071
2.53775697448415
3.85968639953839
4.77718158943759
8.46146737501414
7.56939552458017
5.32657894019733
1.6696013068048
3.02419225831631
4.75583622029977
3.08551552116971
2.93586839019004
7.94043677122858
3.53776425482725
1.82829877262091
6.07927190475136
2.35486445761948
2.85151608611188
3.01715623858485
4.14224574015061
2.43087471926678
1.94569808606462
2.59882299243855
1.71247298786213
3.12149798327222
3.62191735461117
4.33021917464144
2.61141569646834
2.73057457212881
2.14190183113887
3.51152084811378
3.74697605706697
8.01590697579899
3.47151102128939
3.76124109552378
2.92199772006352
7.43616513285463
3.58053519537215
1.48063669090756
4.18052464408978
2.91350205104146
4.5583234373359
7.00994569184647
3.2524997293751
1.57808120402699
4.26466033977244
6.35792720667808
3.47086832295913
3.03966705703313
4.62572449831325
3.13101755857384
4.06106656872079
4.10878257599564
2.36049977113849
4.60226973707142
5.38963071420104
4.72221670739451
5.57966133880077
5.72068174429016
5.79835827889964
4.33224058637133
2.9016613818126
2.27232757419053
8.67400133110799
2.650692202567
3.56775569681323
4.9160418670435
2.85616740674685
3.18143353943308
3.223695647505
6.97874769788423
7.05890350417767
3.28539012025913
1.96325383300464
2.99731557467069
2.92463261592098
1.43996388017018
3.13897031736747
5.88318371874645
5.89460127560361
4.81545421424202
2.11766516728424
6.95280633935146
2.78724103145461
5.12250370355567
2.20815452414223
6.52927416602018
4.80352169730526
3.6017681876393
7.61437282820509
4.30945822908995
6.73843232904428
3.08154308280347
5.15348040627283
3.54119874675036
5.59110499240342
2.49164265111602
10.0350226280896
2.04355194065413
3.01330060682231
6.38523536764511
8.05701024375058
3.53446577296626
3.04866461846324
4.94513964952378
2.90772125328082
2.74990446090952
5.26000445386655
2.47535286326535
2.74720812793623
4.74707561922662
4.04864022685078
3.47607908089482
2.92751902349211
3.2898880236287
2.06311915577999
4.56590241040337
3.99987070557554
5.77210960118225
6.53286121305709
5.03488154786071
5.66932153176681
1.13636497016915
3.20531465871663
4.9826444806349
3.40110838270361
1.46636484102093
2.79497569879433
4.67024048130598
5.48591562789564
5.02928689704662
3.86499886648451
2.70527097882019
3.46076414964054
5.15542970101364
0.519706808049096
5.27833132203271
3.8975938121778
2.80871126956066
5.79403158819909
5.2071547990908
2.17267064674205
7.74856674239296
5.52557600885116
4.92908272568386
3.80332002732645
0.872367131527815
3.47631029285554
3.45061525715942
2.95205792675169
3.526523129102
4.58104140277785
3.53447930597363
5.77957786935354
1.12302543964208
2.38089855343167
3.73209281706716
3.07099841486111
4.4611466607482
2.27659232945323
3.10754487071121
1.61990007885825
4.78844744471059
3.06019133044965
7.98747691224996
7.68144961893142
2.80064891152765
4.68255133522078
3.75124801619629
4.99974703561393
3.6577545217928
4.66871307422323
5.35828730863759
6.52381012091765
4.61059431106889
4.96470159489062
0.857669532118353
3.88705865433695
3.78278318070884
5.24482420046439
7.30693079753865
3.13906556409994
6.5620881773432
3.68500412920438
7.25745318918552
4.83966993833678
3.91834910429436
4.92769984159009
5.23236186757079
2.18362389771706
3.53044751255526
5.88982411137131
3.95624196040728
3.74834387235239
7.43279534131434
4.17840936056517
1.7551740496083
4.60101170924911
5.80110648301283
8.21756107420196
7.16964531280236
0.519706808049096
6.59826702041588
6.57486091317576
7.00131263833743
2.47085847472955
5.50083467101656
2.98858845588222
3.43847213643395
6.15964495199203
4.49966937925533
3.29374340222269
5.65811473297961
9.3724521988413
3.25330984455024
3.40970338760452
1.35152346874779
8.54798916682935
7.9024506655428
3.66998989345372
1.22309325435157
5.02551393417106
4.66653177877954
8.46569628475772
4.15132585636849
1.2683709235753
2.97928824472023
4.26325196026438
2.42452607401623
6.14705740783771
4.21122824074669
2.97660346665488
12.225566814557
6.49620353009875
1.47103295612692
3.14483537136738
1.08972043266803
6.25109277180138
5.35084027882512
5.76084600576898
3.16211534777709
3.55704809768597
2.8040786033881
3.59845878545602
4.63792697679606
3.22420272387569
4.69479568762497
4.37504656214159
4.61443722191631
6.03604062599212
2.82187321584414
2.48124086313835
5.83160902971261
3.65277446425332
1.6209466929289
4.9460244889195
3.79982880403233
5.08922574332134
4.07053894115775
2.69376696003786
1.76790351420782
5.87450950172581
3.60651557712032
7.08177459391854
10.4393060007121
3.0295975493024
2.83379291127969
5.19446007479129
5.04575597373409
7.50855079627206
0.519706808049096
8.42088415522181
0.964944343588565
3.73504153265867
4.81862625401896
3.18675086487081
2.47558934901889
5.02334854907048
6.84378183260503
3.38803893628782
3.68722497061738
4.06255791272634
5.9220256367245
4.64416361586038
5.51410935804664
6.39091391383758
6.58994764407281
4.76112941745583
3.50295129664082
2.56104641132503
3.99207050241885
5.31500504888486
2.63876111780237
3.86108790783822
1.93554696589636
11.5955759044621
3.06109197103692
6.63462823593815
5.0460760637666
4.49046316383252
5.89618387743933
8.60733599802744
3.40487858268319
3.38808265058201
3.67628747661495
3.94569111589563
0.519706808049096
4.48752454434517
4.49531559727952
2.42668888867752
3.79271610852298
6.42779919602433
2.53222763590713
4.28326587697602
8.32037185556393
5.35493342220352
4.18092456666998
4.20398923476501
3.64472060543308
2.41879713008195
4.39047176836549
1.29904756245228
2.84033443856331
4.91224286147456
5.75781363130175
4.35158152701759
3.68050487293588
4.32306058748705
4.25507943392515
3.50101758648718
3.77455335228116
5.56195719269743
5.86047456729608
2.73385615675708
3.64054382481976
3.69174386882884
2.76438236172738
4.50160332850828
2.02173576752837
8.82033880924845
5.0109147372172
2.98547454935694
5.19054790155607
1.1748541176118
5.01123355048775
3.09977334913013
3.39881352249689
8.48496127678224
2.71502643448645
1.81645827469188
2.39187029727495
6.65992007151752
5.45662906161371
4.21610529778716
5.35246209878899
7.72497094460333
4.63173631712955
3.56666996512672
4.62458788515128
3.21411556496777
4.3030976125759
4.88557429763161
3.75667505943162
3.59598213895809
9.0764687932461
5.7248340845136
5.69072618232737
5.27035817245961
1.2566024063007
2.79894826071378
3.2561527954599
7.40889790702472
2.90822777702704
5.58412761328281
5.37924691960701
2.83153339314266
3.21648547361865
4.13817201976647
2.48999454704121
4.76963662458012
3.38611438552776
5.04548241353059
6.08207290215917
3.26275950342655
3.29798322342519
7.74073119445051
2.90396241349016
3.85768114107442
2.53536242195524
2.9219613378493
3.7977808794736
5.72422383215437
4.4636567659434
4.80473405791936
3.30407491410896
5.02960130903286
4.40021782633571
10.3259669308344
4.72120455267693
2.24216522853721
2.4982997031802
2.54448069618336
2.65169037049717
2.49897563677864
2.36769720105388
5.44237269346687
5.74621211645063
8.19146340810231
5.97744974547119
5.10808880442177
2.56731765538867
4.26786556134367
5.74097239220848
5.74856317586575
3.33030291933445
5.79768635995895
4.80640736661451
1.60068830692979
3.86101674145524
1.91349592859261
3.93008034411997
4.4207183226801
5.2363290125152
2.88753429657378
1.79577096506945
5.80353752342228
4.93856517802638
2.50066341229802
4.34738776259451
2.22185012991438
8.84333589476578
2.59747463429678
6.06139800911646
6.06576440578706
3.46767152878756
4.07986866441663
3.61604688086876
4.3495060333873
2.64987459001126
4.38867823017095
4.60222619430083
2.74142404142567
2.0192062075388
1.03582671090329
2.41312405052971
5.52949646456895
4.86906324480578
3.46947822117409
3.26958090154548
5.15262319025265
1.86070203318988
3.00313474523593
3.55710389972524
5.57915954415918
5.01120959795317
6.52252934099687
2.76874156131332
4.20781395953506
7.35657245987404
10.1933007507913
3.56417364358416
2.63049104423601
5.06385428710547
2.74771427700467
3.50151826254828
1.57664171853277
2.92548934759547
2.07326914109028
4.55306187018242
0.519706808049096
7.23468038448441
2.65339459807191
4.61709005515878
3.3319416652096
2.7812112468348
3.10829453147902
3.35693759214599
3.59175540566053
3.59491994188745
4.05818843459268
3.35011478263639
6.01360599014407
4.32970107418606
2.93880882074654
4.42549524853091
4.56936510572502
7.34119683773257
4.15761936276446
3.22469432253918
2.03947713757316
2.70437693855042
6.62608718475754
1.84216160630772
4.53038348970503
4.74508592620874
4.01258531092591
4.39406946014216
3.77300688200989
5.13785805187642
5.60739948932142
4.6702773461862
2.53888877232596
4.21209159051113
4.34144355847971
3.46243412125456
2.57223307020417
2.16277433460134
4.27944658193621
5.045770553683
4.73815289747451
4.37779504664457
4.94136601639445
2.24715062804095
3.32159032306959
1.3328063787198
4.55366289789876
2.59223744444558
3.9327747908747
3.12042765312717
5.01402047153704
5.40489439770284
4.56079601255309
3.85918332778173
5.30116969157676
6.09135699131991
2.0997326116341
4.33280619718285
4.83057260954917
8.22069949514184
5.17323994082029
6.08898644958809
3.87820347926282
6.50666432226434
3.84242669959772
4.32294038530662
3.42832833197487
4.25551292105638
2.70152943138494
3.61561604139392
2.29020350875404
3.89917419296586
8.0057313785874
3.14278720205113
4.32010826395388
6.59281045548474
6.03627205531209
5.55607368045032
5.41438148032095
2.82008810372374
7.97131412400029
3.77447545004125
2.92731557194284
6.58057800389972
2.04300681200286
7.3863960924962
5.28843396832844
5.46533163601553
6.54572496383465
5.29095673079373
3.50416889730927
4.06408455315041
8.03738099734474
4.02086677402192
1.21931771845439
6.56554495286001
6.91600709024678
2.04227081741838
3.96960872490159
3.207752187065
4.34724953002367
10.353684714046
2.01738765339027
3.4743576623235
3.57786018988528
4.94865858724786
3.33021908524518
5.9097705407094
2.36395329663849
1.98327413895869
4.79323202079923
5.13780025110509
4.24635539780545
4.9283402163201
2.96130471649657
5.82742245163004
4.0486420720181
1.94031072496789
4.35817233877428
2.19689786560029
6.64198312809496
5.04422234454235
9.99331628000716
6.36594384921901
7.72319532009139
4.28653004572695
3.26890882353646
4.22704077734691
2.7898025740019
4.25895917852315
5.0875918994947
5.88891321245816
3.67854433524482
5.47682544268633
3.41768109839987
2.97378367637167
3.43762719505937
6.75454723724256
2.63145316342774
3.90891704428937
4.24944278597343
5.16999997464952
6.67963770964924
0.519706808049096
5.3260814189045
6.39735034199997
10.1668948683812
4.28627501316185
3.45675342480918
8.13264018561284
4.58445950030074
6.62786448885862
4.28473102925808
2.46831843386877
6.84594269403153
4.22951556368486
5.26372115695609
2.9011608006709
4.05434266964842
8.03966258463
5.43204981115519
4.59900855740559
1.46072486536608
1.96506947132024
3.04796297281948
4.57197452526787
8.93796016301681
3.56861637220022
2.86932930726106
3.8933470466906
1.29590269020896
7.44720785919819
2.5930265637394
4.0241634706086
2.97671163052371
3.22379803016486
5.12045880315114
3.83068843376171
4.67397670429686
3.67814405232255
3.40613507559346
3.67139899061752
3.82431517568673
6.94458230844332
1.18989519741403
7.83471957519073
5.33047370131804
2.71049232217914
2.8878733101782
1.53619410822482
2.72720427997507
3.67524210937663
1.66775822126997
2.10275069824372
2.33447961985061
1.66163633524996
3.2089612062323
3.0613631078966
3.16201998180359
2.60315209539178
3.53988376973546
5.24772620351775
3.41709981853711
1.55676582056295
5.08458656304828
4.99199001998404
5.34393539719746
3.39860773613171
4.7443082534109
3.50353971535844
5.04006717130024
4.00209104051295
3.81718439873663
2.37720998402026
2.9726905051529
7.61497888688854
8.96728294391658
3.49389690876212
5.810703118636
7.73489386581764
3.32879688448872
6.87937140001185
5.40172559959627
3.83147747196038
6.74118264011665
4.62986104905392
2.34449188714373
3.19456725457983
4.54997572672705
3.27052234758019
3.69701221567594
1.44203747779045
3.9133121876907
5.06696734220708
2.23778976676916
1.91187024160569
7.84666136718016
7.96845483519193
4.2448797443021
2.84725840207573
6.32145397341715
6.57528557695475
3.76992872557934
3.76096311412968
4.5768682231505
3.40901190330772
1.68347857554222
3.01167094560262
1.24105648388271
3.31802853705762
3.81760634468197
3.50493176222743
4.32297125769902
3.18805381088285
3.98335161242431
3.58364119317062
6.73075417844383
2.39973492801133
4.47784073996361
4.59095254849972
2.67004598374085
2.46317102773126
1.78666127375881
3.53163071872772
3.30354777817663
3.50648055770455
4.26423802449918
4.34024534307837
4.48090082816632
6.00238355541509
5.11372970764643
5.17421247416069
7.24976223331804
2.29977282103766
5.22734597258301
3.97050412203263
4.82993988776136
2.44182800835974
2.21284450749169
2.60639123372092
2.0056716944897
6.21084161274659
4.34537371265551
4.3655859410642
4.37463046525749
6.2934135238691
4.89688758485237
6.60606606010317
4.82880548384199
4.61193004946862
5.30906281661779
4.97501435513727
4.7901904700033
6.37940042154904
4.62590399850621
4.8366558607919
2.83049401072861
5.42004409195894
4.02408003026087
3.20887359804322
3.35638502006829
6.67168463906574
5.45153538615947
2.40790011901895
3.46368566549247
2.93769394504099
4.4294225667668
3.17754131575956
3.60683340172252
7.71325396012181
1.88238186735744
6.29501942334048
3.99833867374314
4.55450486885899
3.73389782126854
1.93860977009358
9.44118327309133
3.27630949069332
4.06747640561618
2.31505756650295
4.18742906685841
2.5657756963199
4.47799607520442
5.26052571068741
6.15909698510407
4.89246683010401
3.11302509967692
3.07658838865319
3.19166168983938
4.33737039838133
2.02461350252677
2.08954886796725
4.22214754643044
4.24071434181469
3.38532486384458
6.01233794758579
5.20334286938308
2.56013456871469
3.09013667064177
3.48746123125701
3.25780907386709
4.48396902905035
4.72941292592899
6.37981071156988
1.94688228486993
2.42850393303795
4.30489307863917
5.45975953299666
3.63113383396679
4.26532470787317
3.97648946749729
6.15397214962469
1.45621570463327
2.15278458460947
4.59809618186266
2.47775213885902
3.31955440820913
1.50564805324552
3.67781551386054
5.05936700408789
5.03524898058502
2.6341536667941
5.40331409710682
1.70142808247257
2.0304016907711
3.50946841138165
5.15857879184517
3.68495501914596
2.60947190905699
3.74940333825027
3.05097263105785
5.68285371217698
4.37766559962948
5.40817916958917
4.96928512091612
7.70384613653843
3.60838308877499
7.28593348665152
3.13706527092309
2.77936182441624
3.05057923126201
1.88748226985487
4.62675719034669
2.89906750478753
1.30527538825796
4.44681634414087
8.26885254443497
2.73645683078113
5.35210707258125
2.63053170301744
5.52630082414523
3.61210250527731
2.96252884169348
4.12039340839607
4.18821810164345
3.3440234134927
7.11127440714319
2.89802105338426
5.69979272309246
2.00635980688689
1.91726706235469
2.39425014452922
4.44864979433392
3.37071468503374
3.41335171269101
4.04631139190811
2.49914436591197
5.13698220496958
2.19206691575781
5.65269846802637
4.74764105709124
3.52018252571445
0.519706808049096
3.23883290070988
1.01905840487532
3.49845858021532
1.8156418589736
3.62245755654239
3.21203351678249
4.11422199184162
5.45107073007934
2.63742146065906
5.13235319756401
1.51260899531823
5.25635646217068
1.6991627257232
4.3271819960151
1.74903488161417
2.47957561350291
4.417425315102
4.62124766136948
4.45608773416662
4.25793936787246
3.45100018153418
1.92404829940804
6.20964157477425
2.18150821596222
4.50553226694461
4.84055830729957
3.64957245215618
3.40107064544749
9.00024827611224
5.55016885248045
4.49098206699718
3.86147030751439
3.1552228220292
3.29180373790713
4.27679144543331
4.26412820479176
5.64587480984678
5.36084410540795
8.12945587502095
3.49850752550627
3.22326722981244
3.60036947583877
4.32841222372064
2.98618579813173
4.38158673650792
4.55365625894422
9.65257123303835
3.06668245035164
5.51679770834463
12.8790947703334
2.80799953381484
3.35671659476452
6.991081295576
2.39667031494837
4.53171474874333
0.519706808049096
3.3688084966172
2.67202176886946
2.45977505063134
7.29422403879545
4.39895118152254
5.65152994872753
4.59836974993418
1.47042187209389
3.30126729275825
2.37308974665813
6.82035847773583
5.31862876805492
2.7944985662902
5.28482246629689
3.72917883541811
2.86689002532908
5.22636296506381
6.00267459082751
2.98613279634717
4.96093437187759
2.93792179299767
2.78625380506502
2.25147790440064
3.76914407061983
3.39245442401531
2.18533667233086
4.05049545603854
2.68094162727198
4.38201053044798
4.60972567934508
3.14950443438941
2.23976753307606
1.01120417203596
4.23583088833814
3.16730341703046
0.859658750432051
3.89886231029309
2.53450288906192
2.24530421108451
3.69393498370477
2.73107572019328
5.2471337429601
2.39934514780436
3.06846511583122
5.41893691593106
2.90533068730553
3.56883359064373
1.9480658634446
4.70256603758429
5.26718947209617
2.34910516446777
3.34493545599681
7.31040504573305
7.48394735591159
4.58819061500493
2.94002093210394
2.27180506382279
2.68282780385183
10.3918980119505
1.64480315966012
8.5986561441216
3.067883379493
4.03424695863911
4.5761244160913
6.54456779400499
4.40929283309232
4.30673615695254
3.92166612673291
4.20609600907929
4.0844517635403
6.03240193688213
4.00032088838448
2.98006931846664
5.18251088802946
3.40203563325369
5.15738679686133
3.21660484461511
4.23843992204989
3.92629923119748
3.72189239670576
4.97474411931657
2.48678502306929
5.50940653423831
2.48424417956372
3.02375132845188
3.97964505058809
3.38181750349876
2.7794269390405
3.82049842334085
3.51813914875315
3.12753677208249
3.1766576965903
4.08889001706231
6.34790550860629
6.52456563082484
2.19583279522031
3.44868951108245
6.3244495514177
4.79884690190143
3.89715032762912
5.48615413920608
3.34060608394893
5.20458054302984
0.519706808049096
6.69715844904739
4.73496738282271
4.03367867191253
5.1196539888065
4.33380679743252
3.70685616643983
9.15171070587957
3.81987186137796
6.65125396362488
6.75958772796516
6.03937038750821
4.63952271259927
4.92391758504519
7.18701211712024
4.46383285274585
2.46101405485443
7.36905615238495
3.10877137028644
4.70112089379366
3.04886773622984
8.3358740762282
2.91559115298774
2.61737881896163
4.70999638095731
3.49715792857357
3.23670693026438
6.02216685882698
3.23609081463858
3.27043178947918
0.821783633675545
3.66528710946867
7.40961913902376
5.34109300099476
2.99238216364246
3.12535123388825
3.64763750977855
2.02604032135246
5.778207289026
3.33181481682008
3.22220778982429
6.4215172380372
4.34246958350349
2.90022364847972
3.45286825752776
2.64680463555422
4.59150689825659
4.48208166322967
3.31338836927033
2.82742180227455
6.76781057108155
4.9815893661918
2.8019889236025
3.50188501389061
1.53537353311991
7.44058440101489
3.09736547884261
1.23383740602403
2.12257170334302
2.88894516682039
6.62772488323527
4.33361381148743
2.67410191919807
3.03216468438473
4.80691601459206
4.15532810611957
3.96022108610361
7.54627461071009
3.817898196007
4.1294241110235
6.62108468994834
3.88471350907743
5.145488118636
3.46981295478981
7.64031264845151
4.66514915902544
3.8050883156018
2.29535231708182
3.81473741845821
2.99471642550601
2.13591396764294
3.86037565113574
3.99340824958374
2.71605051209765
3.18089906416045
6.32250228211974
4.87192786060111
1.8891932489892
5.30785739799436
4.01130488443552
5.75628447476449
5.4001086567128
3.44856191415593
4.32760221225695
3.26820397375961
3.54753754322518
4.39903623074002
5.48491768542417
5.51600356204069
7.50738239555714
6.05070447200776
4.2425126607872
1.74111424289278
3.39324709626057
4.52071064446581
6.01093931379302
3.70753501650247
9.25856722773841
1.9996904113054
7.12477766686433
3.39284994735773
8.18837610272297
2.40400169950112
2.83487364856061
1.31658080894463
3.11695808115875
4.56285232112616
3.94913199955156
1.62792912992127
4.76188110567763
3.03189683078477
4.44202065229001
5.48449287586156
3.27733578749628
3.23246080827894
7.38181955999212
5.40013084439418
4.28116640076851
5.26878906463937
3.25684308816187
6.77881925279852
5.20250454384086
1.64620112498324
2.44067119372994
2.20409349983137
1.00113232575786
3.75745705311542
2.39455968693023
6.57376387718397
8.30432294189271
3.20639197144304
3.83273507526448
2.55748850042822
2.6536475707549
3.22936924014212
3.92058159085434
0.519706808049096
6.22994982659309
2.9424115741032
2.96807281340419
6.3007608629911
4.16934393810434
5.96879851050207
3.96992356140813
5.46353584754401
1.85849869690851
4.14699992243283
5.05036983311443
5.10995594765731
4.57257057486096
1.09989452847382
6.56511121938902
3.35204292228684
2.67591533116462
6.12450714346982
3.1060645230916
3.8090119072402
4.13902200622097
5.36400499183893
4.38404106131734
7.08219767427269
6.76869734967096
3.1309237107771
8.25354858024834
3.775368056477
4.43496613712324
3.40325703890004
4.57563792912532
3.53602215984029
3.31119524153135
3.83317545366221
3.37984855958181
2.10031542719795
4.24996530050612
2.92223869007203
2.65380604124829
6.06914920230516
2.05453396714468
5.3510317617474
4.22121629202387
1.7377598700965
3.81859985951509
2.29759508197787
3.09912629357197
4.35719742448705
2.82944023237857
3.56078370129308
4.34780155156541
2.75222160848889
4.10696138160812
2.62783344890919
4.80048468403575
6.17513934914848
3.62183149656888
3.60791945213829
4.6021331517657
6.66522006170524
3.96536475570517
3.91282394543484
4.94296589353853
2.43930160010044
6.18663373853321
6.56333997121477
3.8214810677439
3.27744238386809
3.33692860237126
3.28461381515993
2.11016887439436
3.46055541481471
5.33844549364049
3.03526007738351
5.98864405472651
2.09307904666047
1.63998581088273
0.82078872658408
0.709039419102922
1.1220501783575
1.81949235673589
5.19286214595685
3.75226232630789
4.29166356271817
2.44094484135254
6.78764131349492
3.50051336080497
7.22727352892991
4.86672512941811
6.97540194714842
2.73851370756829
6.37469518222274
3.98241626208997
1.85097376865717
4.20699023231341
2.52042757669193
3.23086658209529
1.89909013712456
3.70646295216395
4.30670017985786
2.69802297140413
9.0264771093692
6.74343446602297
4.34724183790951
2.56992606312078
4.3503323350801
3.55839105822038
4.47970579418991
3.45617227890106
5.00588906894322
4.93552515026808
4.19131738986371
4.0263335801566
2.46472883684263
4.09445555420802
3.22312846511978
7.37824768743568
2.09423065276454
6.05854382709968
2.91657909051648
4.89096450378606
6.2940724760225
4.9670334885176
2.08841624089912
5.65973689954072
5.18639703163484
1.20406310421062
3.43228513308772
3.47359107251708
4.05742711153645
7.22266356421217
2.38623993569972
1.72987032105036
2.86228619077597
2.97420066123505
2.72049913688117
4.28575612667881
4.06727952988812
5.3303005433448
2.65434394825004
3.49124834747115
0.360382914503092
0.00367534148255553
1.9654480474874
1.65705308696817
3.34919173613704
1.76199125384874
6.70766501804507
6.95997945703656
3.63995009381135
4.3164162819891
4.7537744796625
5.55365140867881
3.59064944887732
8.35087771112438
3.01379526897713
4.37380298680314
2.46633630614092
2.87972303198896
3.08790811495511
3.92518493571675
4.72660348363347
3.74155961339055
4.39557753330045
7.91702597587494
1.36490974268863
4.410689447444
2.87381990023406
2.85520854307074
2.07835860621421
3.65734843002409
5.66875904542528
5.33263028417463
5.14621301764747
8.15482106699774
5.86072905390519
5.52852837383228
3.8914644174432
7.65527308823185
3.15638643984829
1.74733707250038
2.24865015041774
4.29930447351253
3.61415014839965
1.87475985554974
3.62715000826162
3.56087931387731
5.55462253367593
7.68770419460766
3.16806894616248
1.92156206889126
4.6329665353248
3.43631400627754
2.14771662891544
2.79564322688948
5.80136420393867
5.79482262129516
3.86149585751769
6.32807829544631
3.53583520748729
5.11238340143049
4.52463333957518
7.43558824733509
2.25997787112137
4.29990533367554
6.5767572594943
3.64216416478559
6.33080539013941
6.92832948914034
3.87823944831354
4.23066293143691
4.73224114221292
4.33840519978639
4.18590275857602
7.93705214572352
3.14112623940574
2.79603469836486
4.03038477048004
2.91329278931347
3.87279906309228
3.97267511035545
3.04935987189185
1.87256536360963
4.25751121125174
5.51418681101752
3.46492241432003
2.98848722588667
3.30368621313652
6.90495288727742
1.45934114278268
3.30271446629387
5.41568857581229
8.71727627839879
3.02386367647673
5.48727847172698
6.63530697592884
1.60071274861838
3.59085663396583
2.77207455139596
1.46790130588218
2.93048367126882
4.41296849500006
6.73260106714084
3.75946928996634
1.04482075903206
8.1589290749175
4.13956555038924
2.34519585480706
3.65647726076417
4.60826537737298
2.26191601655087
4.85860038737703
5.99788602895054
4.57289296890267
4.1897104925815
3.55936651372723
2.61371649653244
4.20736640549557
6.89205786473258
3.93663934041699
4.77742906155854
3.79096454367871
4.96461605780407
4.56370135041361
2.08639974609264
4.87823969535605
4.82814247761152
5.76407809835285
3.29044103629047
2.72061387536437
6.39750835577207
3.71758242638134
2.615028199053
11.6775537716662
5.01213154624963
7.36123981559159
7.00174432324124
2.35925166223246
4.61248457189605
3.3449061874577
3.72756794930202
5.04031734135838
5.51572961404067
5.25444763741124
6.80752015461908
3.89119889713638
3.72066615206959
6.55760852421217
1.82847778355583
3.96485366602448
6.3077556312913
2.69226973164035
4.72708881978256
2.92878672662205
2.88334652954826
4.5018054739201
5.17991823678664
2.38721137241508
2.83824825487286
8.49201679427129
3.95058103702191
4.16622314163039
3.76310814321512
6.66119632494685
3.30942181925974
5.93935427336384
4.75008662434793
3.68629593021973
6.32685737356223
5.29282679302302
3.88206895589932
4.32351541201496
3.69061511945174
7.39072827991544
3.87535129175066
4.21670407697421
8.44045807271485
5.20482652618755
4.01546372470419
4.02990271353867
2.37443352871276
4.18487881094376
3.78287348897984
4.71044496789249
2.91191109959472
2.99120079165649
2.60897195312532
5.93271674524073
4.34961411371019
4.00689883423056
3.48084516952275
5.83801159634747
4.14078743734658
3.48525896330161
4.08225553116662
2.9208006973304
2.21385713660446
4.086961874288
2.9934153942563
3.71673297508631
2.52905920453091
2.17840660711871
6.89402700849362
3.12837809368885
1.78494626940571
3.19592063485789
5.2439956698159
9.0613872759252
2.04256838880646
4.01080694732081
3.1957717171858
4.25145282504333
4.30404009448912
4.87084652630397
4.65990707143995
3.39181057611171
4.05253338468163
1.62382172072291
3.50987032594538
7.39902449069909
1.91961573789345
7.19405226102779
3.22076260605047
2.22203664843575
2.51191638620692
2.37659878920858
2.20284404020069
7.92409068501161
5.2131010188165
2.78825541964499
4.69515670424669
3.81706468289772
5.49493882256499
4.12460314985287
3.84365623708686
5.73560133714064
1.92615121317965
4.00734017673311
2.57923618411184
4.79839149190689
6.27002896480172
2.58681936341759
3.9331012556391
4.56335313684999
2.80945690378795
4.9085876278194
6.39761020129982
7.23992186159003
7.1545556287453
3.69999241767747
3.8920636875537
3.9498126723058
1.79498302341233
3.98677878131866
2.59469056469071
4.88233674226167
4.31842510932151
3.7676429667098
2.06819162195563
3.64046366929947
4.60928486089803
2.61479571644035
5.38798004875638
4.90066129333378
5.36591793382279
5.01752010506068
4.05731766033301
4.56842523458136
3.6091612829406
1.05743109992027
2.20666567792846
6.72499294959219
7.64387387753305
6.73074870320883
6.18426424196062
4.68799964384785
0.413398305442424
4.67975384382588
3.68787346321269
5.09749118244926
5.66893272708836
2.97203541312229
8.20926002883154
4.46382823543574
4.317825229576
4.59179038882596
4.09898283870983
2.78093996740465
1.45852007848658
5.757921115134
4.29709116103837
3.85207685054359
4.05963456708387
4.82312646253629
4.26256995695192
2.86140025688693
3.22401730067014
3.2800056455779
3.10230415386216
5.19682122925181
3.25804474552336
5.06760356688476
2.39540821602204
3.97391845350949
4.64220959862475
2.54553112529289
4.42926424896888
2.43562455730015
5.59280579795354
5.27015701921434
5.0257041254724
2.28522360743881
7.60416220777816
6.99475472467779
4.9689072603845
2.88108012317173
2.91866466220174
7.95587298259477
4.35103892489664
1.83298535136572
5.80635228305587
2.96575389827097
4.62682727417789
2.16864708626683
4.10669662913702
3.40186678964388
2.09320131432355
4.89582586892097
3.6957264366733
6.12811219165362
4.99133968553184
5.01614690332826
1.45666741290722
5.11710625217605
5.98728794623551
1.71838246429953
3.09269190992905
4.29440174566903
5.81260960196626
3.61496926030693
5.47821123307298
4.87426801810964
5.12481079990429
7.1107417279465
2.12303426987409
3.49421963968494
0.575326193482241
3.91985192411714
2.72285268305513
1.81146066034395
9.76085333700362
2.63146243498119
5.1066335414666
6.78083180026349
2.98696257891455
2.44669753130174
0.900017394421917
1.91190814666225
3.64949958282707
4.73055053869115
4.0179822822687
2.19845128773472
4.7853461558688
1.90911639293658
3.63135071678613
1.73773247859668
3.74187002989264
2.63253993315063
3.55755580748176
3.6047013596365
9.45329561453663
4.26468411689049
4.45885183710884
3.19654898516928
3.64779845146457
3.15980623212458
3.31728567488524
3.36339999962466
3.01387315331661
3.17365507288295
5.41986788966442
2.41475237971979
8.36759705074226
6.22326707800056
3.32765750784876
5.01514839584075
1.18198193874528
1.827455198095
4.97807160029245
6.17388267401948
3.99542146978542
1.63692829321797
4.98957452427985
2.37556638922907
3.86104917073859
2.07506947314007
5.22611138739228
1.668607218747
3.07122236238377
5.96098778871692
2.13461555242714
5.24033741909851
3.15272983717335
5.41427973864739
3.48758437124074
3.01349561127429
1.67908265999711
5.62334160524947
5.27726556899279
4.04634992087326
3.00334286294066
4.49615553656584
5.34986050248742
2.4635465772285
6.24043377118669
4.99858410129233
3.96332508289435
5.0908463111412
3.25051573336838
4.78762704591254
3.50209845113484
2.22371685565814
6.25612888792214
3.04811991281741
2.25854941246115
1.26415403175923
5.01431371277218
4.14290266695755
0.213790059752961
4.48234367091622
2.65895338021385
4.77574749956046
1.8529500969813
3.22865301802114
5.443921294703
4.8114634332559
3.91056009380509
2.09045340234598
5.21369698446862
1.53315816766215
3.2699035325258
3.7014759093414
3.67295187161744
4.56566405833663
5.58601617704573
2.76128975723865
3.98563484382084
3.0132945339431
6.67021119901391
2.76858836533267
0.519706808049096
8.45802856155649
4.73964383290453
0.00367534148255553
3.43597828093277
1.78633862639824
5.80028876436493
5.3134224059239
6.92207602433526
5.6397245359902
3.29736344004981
3.36271998157078
2.30852162248599
4.00296124531457
5.06819248555184
7.81615435317171
4.91343312949832
5.53812632442922
4.28355960393153
3.67510761213267
3.89263221116848
3.89509226706238
2.06683743918135
0.638589613197484
2.76873343761979
4.46875346114275
3.01119581141014
3.98613781638159
3.48294387296294
2.40983056061969
6.00298761912929
3.40007338407568
4.25997105582362
1.91224105493233
2.40374441197267
8.58218414135301
9.96418463446293
6.9777040976584
6.04950689348206
7.66531753586928
4.25451170756245
2.50740753466045
5.44730925914062
8.05599856402673
3.44691214837339
2.50447472410392
2.33163497153748
4.89416325766321
1.00059554419959
0.73796135043804
0.53452784033883
1.32566470369499
5.16813000922105
4.15056650931307
5.77993516968472
3.64822435427069
3.35986825289522
4.75628541563461
8.02090890876427
1.71067856916925
6.10534492042261
6.01369637510831
3.68521228348317
2.95133003894277
1.99637003836686
2.60192569814837
1.85892534535264
2.54039389857315
3.3247137561077
3.5439345918116
1.66437467625104
4.75465571702719
4.58510860919608
2.75369022575459
1.75152478397648
4.90726591419801
5.0829960445224
4.31991605514708
4.42913412775001
1.73557574771441
4.37646385889134
5.31958319060292
4.64024445748118
4.86291912079995
3.39879692055472
4.62407545175372
2.96052172917996
5.43772467291595
3.24593093458334
2.80552614202426
6.74378962181457
3.39299891314543
3.75866271519856
1.69500061270162
1.30812206698024
2.59184180561159
2.46787493618485
3.16739155251866
2.13008352817851
1.38435629255207
6.32745762397792
4.19744131695127
5.58164789220638
4.14224482423552
2.51575522904516
4.89069435210782
1.43567768916145
0.830573255310086
0.95473853781474
1.40633444033852
1.52653077323777
2.62337623919752
7.09582576480949
4.42765265099905
3.3441483500239
5.06070587447506
4.5699391230988
4.66179694400865
6.69744140226823
2.71394247592155
5.3126442724555
2.85619208124319
5.53044878241262
2.52718409882266
2.95604987037054
4.87993057821817
5.51881886470649
6.34235035807552
2.09866635584066
5.91886909652736
7.58292889460442
3.61101721740477
8.64276687037748
8.85817770334827
2.89050977130918
3.12804982466704
4.85884602392696
7.17621296420543
3.53354646894068
2.25823759787754
1.2654003828919
5.77289876771549
7.26001142713798
3.48208649200396
1.24689559587532
4.09264077478424
1.88436842432505
2.53011701619784
8.80455501624573
3.12036009265086
4.39047619293008
6.49920333154598
2.52028107544815
4.18182246394318
7.67201389335381
6.20956524931423
4.62923940097953
5.92286008492587
4.98067911517321
3.37531440862139
5.77237135269217
3.45577568000962
3.56087903889242
2.75843376972107
4.90671047939545
2.36241967285226
5.16846616323812
1.572974143703
5.32878053373638
3.83115027908925
4.87007942573758
0.00367534148255553
8.81672979537477
5.74137634808292
5.01356760316416
2.58980171181946
3.94820504349664
7.68911222701793
0.916936224648141
2.13369109974476
2.64815063451821
2.21962686549539
8.29456355069756
5.99725831923325
8.04296029410541
2.64421672106477
2.41714115263231
8.22165039889946
1.92125992247435
5.45483753811998
4.65978783230871
3.59752292893125
1.18745497964087
1.82690751449661
4.11752616516842
6.84061365212357
6.53418486313007
3.18914286358054
7.62580286482493
8.10205902537712
2.88856510016694
6.10888286840591
4.32247281089739
5.99544951434337
4.87631706715142
3.2829940195609
4.93235582850102
5.0078886123054
5.29971193563919
4.60584443321358
3.33256821037765
5.13901894411036
4.43611838671144
4.32893177460863
4.41935051757701
6.0351410213441
5.58587966303009
7.69918848417432
2.18278574776389
2.88465994951954
2.53997438449928
2.07711751534243
4.29996385519547
2.45181938860474
6.31428867555198
3.4068875808967
1.3045325762638
3.93308348214713
3.5279343468795
4.82250531416561
8.22721554671036
5.48894760025447
2.76526826086214
3.19795812308842
5.67699741398521
0.96386589620628
5.8681541175454
6.86208294854479
5.65313414585451
5.27979613394971
3.95345782635309
2.92512803996583
5.56919873330571
4.34794311314571
3.10221590886921
5.09458802739225
5.97734964440689
4.56683847886299
4.70502765374779
6.61248508080462
5.51151308940745
2.92951644832692
5.73050465246943
3.68567956381958
4.86178425885251
5.89791006418533
3.69140867239601
2.3543492692067
5.60724770747142
6.71806799701572
6.25025070759848
2.00627704825244
5.11129671361977
2.79127414570343
4.3776220959129
2.19874219340175
4.21260214316441
4.52998122326886
3.58944734112981
4.71759979546551
6.33176186470497
3.98815043737908
3.93815582457903
3.74037622969937
2.10543555366607
2.57547821627191
3.40567190141927
4.06747051091362
3.0347591819298
5.25924159745457
3.55594824882707
3.08925233163615
5.41061034512887
0.813401195098876
3.19861767887802
4.44239152996424
2.51122191098728
1.86809018185543
5.75823049686213
3.90197844808638
5.2616029163236
4.18580103034508
2.76940770939843
5.27734717601393
2.85739621880836
6.59799540304288
3.58249538533738
4.66760703988129
3.13606470839862
3.04964561661656
4.01014995876477
3.42511535865866
4.40611635872013
6.39937605581738
3.83074464300315
4.4289493328291
3.08921227264148
2.2810341141404
5.07319693150721
4.15039426676432
3.39036854465739
3.46060894150457
3.34464535370359
5.21935864673256
3.11662461311727
5.48967656327947
4.49954181012782
5.06890293934523
5.09283889252587
4.00365602889197
1.5509095157507
4.44550108341976
3.95752388338117
3.09774330405207
3.42488480795941
8.9402757164759
4.36020703595901
4.51702530008224
4.31146950723826
3.37348078613808
3.65539245227325
3.84578899035668
3.57173853577687
6.2410390170935
6.61874521321241
7.22916017404192
4.36621023959338
3.42946383643603
3.43370332859101
3.59684520534642
1.49343770003963
1.12976260602721
5.84125286054685
6.1288918505492
6.14319611030423
1.54566362134572
6.07661460970887
0.00367534148255553
3.39459756546325
4.01521245349298
2.82867794018433
0.344278104507684
3.57163098524313
2.46796251514241
1.77030655770836
3.47211868355738
4.0011428547839
5.35427872435834
2.37738629639079
1.98537293896364
3.39242273535078
4.76534035455154
5.55685780391538
7.3868552785064
2.90142596858888
2.32916391015207
4.96487189263814
4.34089629332524
2.88082776171473
3.60678308719247
3.26937295682224
3.12224570427932
6.31724078380248
3.68800712751098
5.76689240700697
3.06594084595015
3.96124720140624
1.26427767011177
3.80822797993604
4.53163541513082
2.94700922884422
2.41370523743866
3.48933979913974
5.96368427801089
2.98659098962412
1.64242484084741
2.36961351077715
0.520556449886255
3.85725320424604
2.65507912897733
5.63344838075286
3.7690781347913
0.220496399208296
4.10953562476042
5.3532914618422
4.34517987772725
3.53961336339489
5.38796560470775
2.32347335362463
7.06272331989888
6.27244301781557
6.31387123073629
4.96929402013657
3.72856929253319
5.60015315946557
3.00502327767889
2.65385572973738
5.34326118142696
4.64692944373754
6.19532393058299
4.652614593084
3.00058870861419
1.21247490819749
4.44792819507834
6.57889833503452
4.89010680290187
2.16526612120459
3.29877217743855
5.08146250969048
6.07203698046149
2.09633319727323
4.09049481008662
1.92438303186105
5.89542295758294
3.57096830348428
3.67281721409092
3.13434786312714
2.15784356020069
4.08337816512799
4.2231988530512
4.90106799744123
8.4080972328027
0.426391417628737
1.56312714423989
5.16675191752994
3.58370207581318
8.26686599563888
5.75918938300331
3.91203865249626
4.17312516265554
3.65168314693892
1.96999175140575
1.61569160335348
1.2738576809269
1.03574072979087
2.59026284072489
4.14153291751068
3.7006474586203
2.59853662429738
2.51615344829281
6.07317482570722
4.01266280392677
3.33274732716745
5.53040538169455
6.03431805446239
1.22335992052183
3.82102165406987
3.40935448071783
8.76852461498213
3.72305179278173
3.07469175213518
8.36443876482653
4.49813824863369
5.93319701408307
2.46929800254516
3.91133196694082
2.82715833546343
2.92910230733222
4.87902446345768
4.89398202292758
3.37923064617802
8.95494812795396
1.3105756599709
1.40715001718161
1.69035474475338
1.09010757775984
1.4670400157518
5.9598876209992
6.19941987767204
2.95618935625479
2.5480412220728
4.18544145851667
2.84394836200189
1.69362661802437
3.17654146652383
3.57036667677809
7.02100075373131
9.17572412010521
7.96840825592662
10.6759128499542
5.72163888142782
6.29781221613481
2.07969507157752
3.31916590870616
6.21121492324814
1.83652776042507
7.38216606376015
3.70621853652119
9.11053146773617
3.87749731505549
6.01314673858046
4.26323625864438
3.37199567684563
0.736241341800917
0.623731967992153
0.222206475321797
0.289499871463653
4.85548816002908
3.35254067338758
0.301477367587497
1.08896388050093
0.602481083095682
3.59296176903219
0.937747764357874
0.575006400147318
1.25499965357032
3.62219115428289
5.30730793471645
3.25888867737386
4.85605473343186
2.53356637194281
3.56386478771729
2.78198645010276
5.66627312720894
5.05089885788168
7.21724172332391
6.55790932893554
4.37640701971002
4.77421578327944
2.86467514738174
2.43154487332478
7.29426915104333
0.970170367266783
0.849877547298038
1.65150134140376
0.719022838557638
0.477803307550329
1.37221498720824
1.93932448118302
5.16933546130683
2.13612175445411
4.28309212361111
2.28091712701672
3.23118665878014
5.89907774872025
2.79306384195249
9.76888408541314
6.33464414250552
5.65142174469963
3.20292940364456
2.53789212150278
3.6322490678162
2.93701064559584
4.62826782340764
4.07354683329963
4.58109223353153
3.866666597112
7.91414942595612
3.91050675703758
2.57951872407855
7.49067732574647
5.0633875731534
4.22595604020076
3.15992549400592
4.06321448120048
5.86921418873087
1.82715197381785
3.35864540778026
7.76253756522592
4.41002620624215
3.3752840960116
4.25759845015758
4.69872042546565
5.25138290231178
4.61225736758799
4.04452424445411
1.25718833000247
3.92460733857349
2.91895216468342
4.51070014809761
2.90274258873168
6.53172555570255
4.43284393572625
4.26117087126046
2.90426166156793
6.40906972409462
5.79052409896415
6.6901443063034
1.7380114977807
6.34212726525949
1.61610949227049
5.47844107401089
8.46037916980689
4.75472104102217
5.10974883431773
3.86766097236319
3.78583910041951
5.22655003829948
3.31057815708943
4.60532864073126
3.68951009362779
1.27005240255069
5.43937611792637
4.4489135935063
4.54006340899355
2.12517216056671
2.00543349859013
5.74974742017454
4.97817915471829
3.38938044717025
5.31769590421099
5.83649008497648
2.58505327961461
6.12644280192749
3.2699236871671
2.14349463303327
3.84949717252059
3.62513153126884
4.62325842665941
8.52445752266187
5.76566780142402
5.23045662936783
6.21195896558389
5.0211717559385
4.10198005895338
9.03226602474808
1.37177731517076
3.22075108060473
5.33269986208074
5.282146675257
6.93830476492303
4.32002861316009
5.70870057047495
3.80527278399542
5.24595589511224
2.81025173638646
3.63935763518073
2.49681055062447
2.95168363286541
6.9493245102745
8.38200976090424
5.9268441947643
8.94267614962057
3.19793644369933
2.20908851778654
3.13991018412202
4.4912036320942
5.91805283937863
4.41962813297821
2.33920698327112
5.64957702033991
1.91174767462647
2.27317030396513
4.37421105048332
8.38541146290719
2.97489053768618
3.65330706817311
4.07183640736769
4.2321300777837
3.47773009311813
5.421242469932
4.04461243747759
2.49733653106019
1.9298779527553
4.0281184190513
3.75659924217442
3.83972669957499
6.39933923807396
6.20084485260782
3.80455854115733
2.26449587681364
2.29267117371671
2.62192404135556
3.41713400605531
5.74073763803889
3.83627960640258
2.81067635599104
1.83512451345209
0.94284058072845
4.34950963840371
3.49313769478914
4.47964727304882
1.53634782222691
3.60481190545281
8.50145642124292
3.04298915853612
2.1711285290351
4.1301142262816
7.01859600933766
3.1010536294089
9.10504871103655
2.65093720182372
3.97563211734329
6.20664386903387
3.48057071378
3.59669268647079
3.83826441925563
1.72516739492515
1.36956869898926
3.16628343506336
4.068062787164
2.58021545024863
4.22174911056985
3.08654472086239
3.5110813392145
3.76672432652913
2.56101205454502
1.75931685205854
2.23778045102964
0.817081963626283
4.30210756488798
2.52589763856656
7.40461240374992
2.31311611450892
2.87339297101091
2.22136906428658
2.19510365113295
4.6332029274605
4.17699957894693
2.10913477238179
3.3847388384175
2.47969665660099
3.91375323246987
1.38945355780833
1.72455919029944
3.41287286065736
4.57159119052488
2.8051268934389
5.74663458399195
3.8981990309841
7.38505341056227
3.68946807552042
7.41957026677005
1.80167143136247
3.29829827451175
6.11923433595561
5.42459215139717
1.97559502613987
4.03179488097091
3.4207776611746
5.4497627548791
2.44949539830753
3.29372084118557
3.46367066809159
4.20890173268155
4.21500029537488
4.83302477712688
6.07997686373908
2.27323654312721
5.79237491072138
3.44111733593829
1.96539624267492
3.01592024133832
2.12974108374395
1.87327854696446
4.86460607471785
5.04900258874301
4.52811407191417
2.77327874541381
3.30617985379372
2.46766459144386
2.27935729754894
1.18571356869755
4.0762167941877
2.87450560466762
2.93629383337298
2.8986470628052
2.09136192720388
2.85238703719765
1.96495375372915
3.76225058221843
4.45715771563238
4.06886457979371
1.91761718138467
4.12713251954849
3.73763934211097
2.11007953858491
2.26330409610181
6.00626232721189
2.51793900592169
3.28768759901251
1.99051622545899
7.28903643956659
6.43550955357883
4.20293202276478
2.75591654326856
4.38607007404501
3.11371007079675
7.62105611511129
5.34315828560537
4.0550682534813
1.83287907062818
5.54331354672056
5.19886790062227
2.60002153453807
3.98514169965597
1.56752932957368
4.34329050214826
2.06696660595257
2.6352273468795
3.17077251047926
1.62559625534029
4.60213132327801
3.61649897055791
4.213227795162
8.60179347392586
3.4907754557122
3.81654438610728
5.1681045096176
4.82385760934947
3.63164669092712
4.73966787087425
3.10486449110277
3.41351268918288
5.30631606285139
6.94150444660905
7.04855888281606
2.69003393284613
5.46750234417088
5.75529512690654
3.40540799034027
6.59336365634361
1.85104274378666
2.26363032366758
2.54085871003496
2.75476650540151
3.47171936560393
4.15409837274198
4.20832884994047
2.56849815870526
5.96010585214299
2.05984241998777
4.76674045112616
1.96126540710269
2.10446355589406
3.05791502165019
2.79992418750024
1.95815427909169
1.13069720982944
5.30012977751285
8.10224575180172
6.6589551478611
2.77418168115228
1.08730090577815
4.21448179801214
4.65547885677242
3.40011477189109
3.46046607996123
1.27528191742646
4.5542268691862
3.96172031777299
5.20239895036473
4.13912039809896
3.50386431714274
8.15555797743994
3.97700740733402
5.89867023735034
3.54154435048816
0.807315740015257
5.68555454879349
4.97923551778065
5.06123341651514
2.09943959256209
5.49764921304777
5.2595168993785
4.4478366038457
3.22072445532052
2.49477803523687
6.92410824347093
4.82635127904128
5.11169164979267
3.88604372674551
3.88878975249513
3.1733957971567
2.49930551631858
3.10830946565428
2.02798491483059
3.63347566546235
5.9051151544438
3.86890543254405
4.09864358982165
4.11785300816126
5.68858223516533
6.45101875313302
4.90190689802167
6.53425828878544
2.53634034047583
4.89470387927066
3.54623303839034
2.02450575323781
3.03981834544031
3.7486510387117
5.14647549351871
7.35156043079567
5.45021920025621
2.70482658164189
1.12123544069906
2.7950565941648
3.75847019992126
4.3214518819992
4.47976027180292
3.67039238512952
2.39487888927089
4.54646656513956
3.64798326240953
3.80500715667044
2.98781267122843
5.07729619310715
4.87963918972676
5.49876564211543
2.08836808361199
2.78127833930959
2.80175235924058
1.5327517126156
2.84347488487883
2.57743481172605
4.06400044453624
4.37033980493069
4.17585948562374
3.96855052411553
2.06383480569739
4.11964095077317
0.907465720673071
2.84888838997969
6.63924431364717
2.62840545579618
6.23587767406017
0.684915296237884
1.30267911246311
4.57482860712017
1.49033330001896
4.11077217937653
5.00174620077661
6.89996416043562
2.5738044725856
4.86947747567696
4.14295128349254
4.07877218412323
3.86187719745785
3.90667172538947
3.92098454748572
2.7931274082245
7.64914853113603
3.43681719753703
3.1246669419991
4.47642839730875
4.42118289028133
3.24562643379873
2.66012115061651
6.41497064437765
1.10362599915698
2.99011720711058
1.48188710674869
6.76638281402585
4.46307868918665
5.06840648686555
3.82866470292925
8.77730142093494
3.26059368680556
3.65702600167425
8.12949281472726
3.17443355946553
4.07507749985039
5.76449245266659
4.14688318980636
5.94973140458039
0.260581425415331
0.00367534148255553
5.27125016543055
5.48415390283442
2.54920138926476
2.7926319984312
3.63958579727146
2.16256845677622
3.05992766005433
3.76599935980664
3.51804308720779
3.46248104240439
4.81532441945005
4.34430563565911
3.34980128674331
5.53986340295409
3.61600177777162
1.18891001028013
0.528650884057386
4.17372817231076
3.71668711037928
4.48532653704237
2.90498146227591
5.25202122963326
3.03931839217573
1.64557324862941
3.25174653559367
7.88455821149522
2.4590789747642
6.78402262065471
2.68719951499794
2.92379992192359
4.29342834965223
3.53929826046359
4.21433529364223
6.59700214871754
5.05148216205492
3.23140541310537
7.1199863230032
5.23553282242843
5.47473933474572
7.3796741013178
4.77766592803968
3.0223327336183
4.66203642793562
1.75845849864261
0.628240113693156
5.30707070381533
2.92850635329046
6.3292520721445
4.76399596237929
8.20316761518053
4.23072053357797
4.96813445367977
3.3922266829015
2.20906437020886
7.58198945387128
7.53962208505879
7.89661532358963
6.09685148271969
5.1664476336959
5.84768485806956
1.53981224837156
2.10635097960141
3.64250910875928
5.9962418991539
4.04950060237204
4.97042864468696
4.33195177501284
3.48640585551917
3.4613487099555
2.17325132380353
2.54553287606226
0.739726442355112
7.23793251227293
4.13450081365067
3.73063383885039
3.87606196750287
12.1680303202236
4.55255821783939
5.1918809565468
3.77253624129205
1.64604557371726
5.17007578889633
4.65742774530229
3.71911875665503
5.18941343932898
6.62041228549523
3.85442078276149
3.83140504823011
4.5708675024879
2.29454273917621
5.70650304356458
2.56344333147494
5.63532912960776
5.43798896977625
6.57365468336366
2.24784500837263
4.59840633525306
3.26081420708474
1.30579278123126
0.946679375383559
3.15724702132756
5.43861403620152
5.41271530250089
3.76503953599229
4.40852785786285
4.08610592619772
2.09453121316989
3.10564111787046
2.93858939483223
3.62665976175089
4.6149795681897
3.74936860899069
4.96046341006167
2.59744154854805
5.86693407992041
1.89201014610693
0.761585117237066
4.98678138027853
3.68118990369352
4.50527206910546
1.74385121966517
3.42899427960211
2.78090260083732
8.67556665247149
1.34281154881858
5.80323051229865
2.622406869402
2.93653170324111
3.66095370660532
4.25288731553405
2.09980491180755
3.21062233775042
4.86785145082562
3.47267257207161
1.33572717030884
2.41856593984042
4.05822046299332
4.76984736032248
5.24167837885959
5.08620244478854
2.34235037527621
2.98474623880937
6.03352186492182
6.23221269831672
4.24875893837897
3.59399655807012
3.50769674466253
4.56600765956222
5.74692503758807
6.00164122589757
4.1106195576769
4.41720194988171
7.23402845276772
3.13992060267822
4.56260612512345
3.61350012122704
2.39031873272012
3.55547487037614
3.87481057456772
6.90709447273781
4.5246065601347
5.41898601243443
0.00367534148255553
0.00367534148255553
0.568495235241061
0.191872241648893
7.13396007326187
4.15967595834857
1.83933628290179
2.72066142917854
2.77840111340803
4.36110794202763
3.61404429292449
1.93145687531609
3.29154074578939
5.23556771416247
6.35951441144778
1.65828972815355
3.23452102701656
7.15477290315275
3.90658430368059
1.73187200256786
6.23432744779223
3.40294503094056
5.56151286542912
4.20290576363286
2.59870558654905
2.4357166033773
2.0879363119358
3.59787062233237
2.27061055948372
3.99126005238627
11.6862150410451
4.67391413842992
2.46403373632016
4.00909566128168
3.49017879885116
3.98482921567963
4.25508083231052
3.578529445971
3.95291831806153
1.61191723465548
3.46627395420002
4.88049368831157
7.77345663553089
3.28620375367129
5.67480481452859
3.07667101925362
4.57699929427584
4.04105113065432
3.82299129359601
4.4529292727552
2.41983801885047
1.2209584682621
2.71231730192825
9.25790973053331
9.37361079139218
4.19167655318332
4.38218554816188
3.29601170675246
5.60501508029347
3.80388072514019
4.0355563528194
5.63619589054451
6.03409428397591
5.1331031324728
5.5920149520937
3.02173311353027
4.01389206349558
5.6730518090408
6.20042516920893
2.44825479696325
4.39749142060295
3.92893236410244
3.69540676768916
6.27021735043715
7.20742017446181
3.64441667493108
3.71664595589468
7.28622936427531
1.49939729801027
5.59324924514509
1.97090494910876
4.77318146469365
3.0772763657071
3.72737746735816
3.20795305022031
2.04257855344108
4.92816087520297
5.64253734631652
2.38867734131009
2.79084167772129
4.92816271314722
3.83692902607482
6.18581338886262
3.93272416709182
5.47434921015497
3.70619290707543
6.50124684128913
7.11550538588021
3.58824145063079
1.61982471027962
4.89934284267068
3.49440284037025
4.43362762945961
3.60756100259142
4.5250718887936
5.98305283278579
1.21678478844423
3.24769537881137
6.57199336862412
3.95596664041752
3.28698160746728
6.92351026758436
5.12453686850414
2.77259889951556
3.26636915884632
6.56007926673277
5.06151956487746
4.56618649980148
2.27466242356189
4.13277335865681
8.37306773939017
1.26788863167942
4.71500382681324
4.18657674767743
9.13072087395924
2.34657310780323
4.8259496866806
4.14600971446494
3.91914043273163
3.33824223917968
4.89075071790223
3.15887147718305
4.01282634764425
2.13672621308347
4.27392908385335
4.69414028531926
7.23642500372672
3.4168567221842
3.28856858226378
5.63003285378993
4.50779211359916
5.36726449829709
5.15935327857843
3.67012298718677
5.11673444478652
8.318641136484
3.48339131423992
4.80486474467793
4.21770117583298
3.71259173009364
5.70617436728126
3.95788230616199
1.71878779825641
5.34778836276923
9.4081495516721
1.16770383136804
2.68693192175627
3.79860293058523
9.54142615861761
1.54530864571912
3.023890392349
1.64914358172139
2.80029408703272
5.02974251929857
3.46733947759963
3.18419593452289
3.3982085896747
1.78307674021562
1.81962213490411
3.0801214181067
3.79873061858685
1.58406198904095
4.29106702108111
3.32522089701477
4.05042564757043
3.85120443008181
0.519706808049096
3.69353093277356
3.31703317970535
6.14159207857873
1.80652917919966
2.69564733485935
8.80131878007524
4.11495749862211
4.24139973077288
3.60871811105018
3.90237767934022
3.75420098194469
4.66666140454817
7.02826084335915
3.3922283847782
2.78157359602953
9.63079019997545
4.50891089730419
2.08082556793995
1.24147673908772
6.56038407018277
1.69433483424017
3.31337791293622
2.07295005790267
6.93681831882878
5.01211139254828
8.13723214384421
2.89388768189922
3.12355697439329
1.856631788166
7.08649575631637
7.40691273478133
7.57276618168115
2.06587477623566
2.46832723501201
5.220580939331
0.519706808049096
3.44021656660134
5.1378769558851
3.18505596433349
7.05404211434312
3.88086841610621
4.22848420331565
7.4079398898456
3.43112617993232
3.15528092542794
4.71396929155643
3.15484307379776
3.03593492152856
1.64468093950433
4.33783252346679
4.05160178217416
1.08478389912394
3.53797887672163
2.63430714049504
2.51701705295311
4.9238478235873
5.89463127552916
2.03847894056899
5.69867349800586
1.38664358756585
5.4196883775005
4.55667613330016
6.69088301205708
7.42862161449787
4.11865823357707
5.62126774836093
2.53080425489361
5.69993776773121
2.76515438983682
2.8944361758145
3.68581231869165
6.78690563225877
3.15592674011351
5.18300819826394
1.96646829007339
4.76782511860207
4.11783422400033
3.44199633154769
4.46519474792162
4.61618841481992
3.20982017737608
6.66342709072469
2.82202550734323
2.00575847688291
3.82346976579293
4.97430407636516
3.3279706330374
3.11925987959659
4.94065076184519
4.17636215545963
3.96914122525088
5.3194249679885
3.5705435099723
4.93334560454509
2.61146409916004
4.12450824896568
4.61702931228764
3.28451367926956
5.99517636614528
3.65952181750171
2.49155383906593
5.81219372189319
5.38883539995972
5.64553992489452
3.3936674096389
3.71966431969745
2.02867430680836
3.32004548531995
5.15595016105345
5.23835656429714
3.41291383946189
2.46281671516064
3.49109510886133
4.12712275248265
2.5084424024243
8.28110965826241
8.27356507670195
2.75858174300084
6.33740000158057
8.43834067146862
8.39586969484089
3.90814111477826
7.64631919453397
7.65204770155632
1.99140097514257
2.21992723899574
6.02370716082854
6.2926669533976
6.82978262855497
5.14437136757494
2.9123998335887
5.23975910589029
3.33692771024612
3.31165183595903
2.2961323568733
2.7877662544307
3.15276713791521
3.83589612622195
8.56093865573878
5.74866051777159
2.78977510202453
0.954254486661604
4.60111365936514
3.2964163285365
4.41913533836455
4.66874003784387
3.67967342206851
3.73967890471606
3.54243033920409
2.29917186752157
3.44858368102383
5.51855506055532
5.84589762449198
2.92474573631398
6.33155729485213
3.69962823173294
2.49145888014321
5.83497783333961
4.82659993719927
3.70435353933346
5.83019744585263
5.83113388858904
3.74345014137011
6.4025955334368
5.73880110534306
1.7245232918596
4.77636163834992
5.89550525926561
4.11937844594821
5.78667832787274
4.47973484697248
6.3502006462678
6.02292352049329
3.28931163039885
3.78783344821916
1.66068914543447
3.94665727504378
6.41174490209476
9.07056947009016
2.91120359512084
4.26471842132556
5.82096717521016
2.60618472692858
3.83583091438688
2.67298863519015
3.9605495798898
5.18035109253866
0.947434742590661
1.60356787346635
12.2595350434267
1.90987908122774
3.5998558819557
7.6338786803289
3.51075846652436
2.1751778977388
4.67890507684049
6.36871463635419
5.95560983358684
5.0372975360341
3.70144501662296
2.47928749999671
6.57685175979891
4.37461989087189
3.52128698043706
0.519706808049096
5.29190706329373
2.03795522474564
5.76502071756209
3.88002448343035
6.48445637462457
6.50372443776025
6.14124378047273
3.10797316007001
3.21492929805945
1.88691162525759
5.28532740711873
7.45678403864309
7.93226770525874
8.39386736166484
4.66043660290563
4.3088044562374
2.62168605346305
3.56551151021996
2.78227206363421
9.91532928605642
4.64560068627251
1.96281796714349
7.72735730116087
6.49328433741214
4.47101089287676
4.35115685382609
2.96731245435867
7.48988723895463
2.91361663913917
6.18014870530075
2.24298214855422
2.91682915522771
3.07755916785645
6.50390187185669
8.52477395113782
4.2893874777435
2.34391919892504
4.53899652576635
6.90563134293652
3.92835282602038
2.88901970341851
3.85255738786358
4.60436565684764
5.16819803310931
3.28072956968571
2.30863557156117
4.54077317024081
4.67619026899648
3.34733245068519
2.67070639518929
3.66801387022018
7.59372265434925
3.63313616679336
4.25530983673492
3.37159280810817
4.10854627743873
3.52290998407312
3.85496823421935
4.33429222267703
2.04611019781736
7.56397775516508
6.13134673869094
5.09814377665242
3.07177503623682
3.62629797899264
1.90104849163026
2.91991308413007
7.04575422520699
3.80558027460992
8.32056489083861
5.09316126284533
4.78571774435548
2.48726147592189
6.91317697760311
3.17794721471262
5.08873600589977
3.36654312900413
4.65999892041383
3.99246381102417
5.52658778430696
5.50899060464348
2.25937290250096
2.89665457812241
3.33361367058377
5.32699222451645
2.98222118340382
4.85750844294678
3.37508869839841
1.7963377447753
2.95298264276126
3.52818527090187
4.79008126516456
4.79633348967553
6.5917049741541
4.43594209949653
6.26115388303562
5.45007473517496
4.33417510968679
3.01051917052647
5.06816350954929
6.93905333948869
2.70013480286447
4.03765475266695
3.3305782641446
5.11863954687631
3.52551075612353
5.30598566691692
3.78542373226822
4.03134909584066
4.40232362006615
4.20580196740598
2.97537241171337
2.56561536807754
3.87105378454093
9.63666763248103
4.24244289780627
3.91738122112003
3.48384868750223
3.43943666943047
3.34488260306763
2.78192551807233
2.81937204594418
5.63714725263836
5.21363709331958
3.57633061280968
5.89445861171021
3.47216101997366
4.61661524698622
4.67703777037501
2.92887512093807
5.69835913199009
1.78509740416787
5.66190841234866
9.41676315218998
3.25175736931492
1.82730724508478
2.08205299150658
2.5314252573225
5.53357551123808
5.41326226455384
4.14564282862644
3.53878971903447
7.08394372279128
3.75519879639427
6.89977016972998
2.3223334456259
5.29519401832706
6.97675783408235
4.47001129682343
4.73588263670236
3.92216479159267
5.96797490517194
2.88199378509466
4.55877556333536
4.42827995151431
4.76491321190089
3.49223593403493
4.94870364490308
6.97911912690704
5.51409925804933
3.5249305893371
3.28394324142718
2.79816538804944
5.28553382749599
6.11145621108744
3.4447805083581
2.44230897547764
4.90030307357617
3.31525301076793
7.42578754974217
2.66850381574918
2.99477540708053
3.58620597517565
3.09208246365082
6.35224816404324
4.42508289304884
4.67708666677769
2.37811626976787
3.68983734674575
4.73445193916577
9.10780688827892
3.05249799075529
4.83341855610022
6.38649652927989
2.17871491056644
4.07062087325001
4.20781306089017
1.71600855355996
2.84829168637487
4.41875249434163
5.41211376998028
3.17016472397804
4.30209112284792
4.0265462401166
3.58629568361697
2.56205557617846
5.04346698957098
4.91500012680534
0.519706808049096
4.13020694271909
7.17151347109405
3.35585648043283
2.25017282298649
7.61962025267045
6.08727297960686
4.74247032736456
4.13921077349275
3.36298744111883
5.1092488712007
8.75062499233143
2.28008267334938
6.55701250051359
3.36531297331216
4.48783613470171
5.14264900400768
0.519706808049096
4.65293592781521
3.33119620866137
2.62831273503997
7.31217761920913
2.89084729023653
4.49443857678973
3.31390335303969
3.19524872867298
2.46440752515192
4.26174426962329
2.92194296238317
2.17003424899998
1.8217876992761
2.3255990081319
4.61731857923708
3.14264338337256
4.31045290134476
5.35834258991323
4.22783303162176
1.8404818685731
5.68198665907115
6.02226832188153
2.970553743333
2.63630916945684
4.85647551334519
3.1662826188378
2.23176637350422
4.49989218392524
2.43267850398221
4.86465433267447
5.09949166051881
2.6377561989929
3.51973184891541
3.120482521917
6.67904838171185
5.51321176502427
2.42035228742084
3.52777466514938
6.88590080630315
5.06183377731497
4.3019201513874
3.95367167273464
3.31617415426295
4.51444114343209
1.77766457219219
1.98909939974981
6.78278004063206
5.82160128454547
3.34782057499938
7.42747200671369
2.55729262095863
3.43786027621807
3.90994838450499
2.27731050161689
6.10115769358254
2.75678821602693
6.92332675768425
3.80274836335288
10.6237586287448
5.18275072573756
3.67836467270622
6.56442214765572
4.09583285166728
3.02873466480693
5.06682581577651
3.62153440022537
5.04914908767422
8.78589333119461
5.91923944310025
4.11660497957999
3.43675454555664
6.87203629420672
4.62950461120956
2.30884298439472
5.31153870874615
6.18037703773156
2.26712957986247
7.60762332758675
1.80908811297349
5.75590283532888
2.43981940834138
3.84777622467146
5.26556377858024
4.59494073157556
2.65600092579135
4.1422660920302
2.77344429256163
2.48536167117611
2.73079985034287
4.3576495395146
1.74964688623561
1.95268649021683
3.42573490109212
5.44292828279081
3.33508074137613
2.23509200045438
6.2377739421157
2.56937593635712
2.34062189187526
4.45542367400623
3.81047593547626
2.82132882025433
7.31758127199281
5.38217330556549
5.01118752815252
3.33772565462935
5.2448871608486
4.12453763662908
4.17022810386239
2.56861816473179
5.22827810695142
1.06449094944562
3.01219430583478
4.37352783677595
5.54236084333637
3.83753856031058
4.21177899791715
3.86870341584238
2.54669695643585
5.75873942930513
6.65833929909477
5.33524990221127
4.03628563146943
1.35571747349516
3.5638294682423
3.90645701714897
2.96625644584771
5.01621844973197
5.83480205063511
2.89228252763146
5.99237200796075
3.43418559516475
3.15411460033545
5.93445860024337
6.19506296134489
2.70461188379657
2.65671929260404
4.79754689262312
1.78651344244131
1.97199900641369
3.29552120152451
4.8455548441704
5.19739997292499
6.54736348289459
4.94228451747487
3.85742613860892
2.19689835325068
2.60324017122117
2.99180282037718
2.93320755567693
4.84504634028374
6.65862158364669
8.63806390156433
4.717330857883
3.7889200636562
2.30268491152132
8.8142268492119
4.92715243993202
6.19747292377228
4.67551755924235
0.00367534148255553
6.61125337049548
5.99405009045376
3.41474583963728
8.40541256313305
2.23686366356764
4.27884437946826
5.73447541344972
3.40925345806584
5.12754018843377
8.98298922712111
6.69774937826711
11.4957102498859
3.20017202505125
4.38588408425864
2.44027970275435
2.12390011261692
3.83963343105112
1.94931954805965
6.6409540814014
2.60433884021925
3.42946452734389
2.7511133634862
4.3319606359672
3.33938380649531
6.44257460565554
2.89448854982159
5.089668911745
6.15837899220483
3.06776070589652
5.12383012869992
3.57393510674795
2.68244651222492
2.51250063027191
7.33707352006076
4.48680736205348
4.41905770179491
4.92025582830215
3.56593232494204
4.67096547010288
3.49387384332981
6.95834921031586
6.23155937391183
4.11704954317049
2.58810900959564
1.690949991673
2.42559332496066
1.36944479463646
2.76686938697589
4.46648685121387
4.84240231648618
3.58694522119015
5.83034208146058
3.09032837778552
6.25595033001585
5.54961398220924
1.99286887841978
5.58166053450432
4.77618465048182
4.66742312402881
3.69210496737201
3.47357663519492
6.0102364102423
5.58735170945509
2.83767032291458
7.24483223710214
4.31968599034698
3.45765427655435
2.73045118655074
4.92620914396154
5.98086216026723
1.58686363781784
4.90672926853366
6.60598756845845
3.77154263425512
2.75667318770802
1.58611160502603
2.03893301255974
7.21261393910453
4.6020143493797
5.2217627744862
3.37815271442274
3.77407403527858
5.36246989532806
3.17547265965711
3.78893270467192
6.9239890508138
4.05197904775165
3.18645836707677
4.22358499008757
2.5689560413466
1.56233061602106
2.80649186488735
9.78529574705346
4.42241095466043
3.90372365891182
3.39136323397842
6.44509488000031
4.64532994386861
4.57293502804564
8.23707975811677
2.56175234926304
8.15689552553881
2.64786784484992
3.95245362798741
4.15591829587888
2.93237736085869
5.0007022534184
8.62615450241075
4.9958181466937
7.34156718444261
6.29594899443091
2.98349396683864
5.19030915047053
2.35404199510847
4.47417170714465
7.2328238700832
4.84624553832869
7.68260822118842
4.00316868982379
5.07298134820825
2.94747196051245
3.7726571443682
5.30314704090181
3.80064541934242
3.2570316035136
3.73623745564563
6.62567107966085
3.88229120451663
2.80331384404831
1.80026435470483
3.22563565152834
2.12089356816495
2.96301976654287
2.95384342360329
2.54090388957258
10.599390226964
3.85755276017019
2.56040322859771
2.25346908349013
4.7720587279762
3.96465888459927
2.69734062730949
3.38783092681341
8.56827299103712
3.79380489788362
1.59986220869662
3.44704487733723
3.94617398605406
2.64517900742252
6.79062710828022
4.86386044256676
3.16561308345878
2.26687222699422
7.34928902147836
6.83493022202467
6.59979328685267
2.03323236799414
4.45405799284547
3.49323614725484
5.40186334851854
3.65429717115243
4.3419522727945
7.19757604764042
3.35057608510404
0.519706808049096
3.28659705191373
2.9246006916616
3.21594158946452
6.21431100839978
2.380639140378
2.38590847337034
6.64445563688147
4.49549669278581
2.3446961175877
4.37393235012369
2.67289921203785
4.97819701167157
2.61171624608899
3.95136353218079
4.49290273928318
6.3102544871262
4.67628302984582
3.31819590552812
5.52786816452374
7.27418032268287
6.28333124630872
4.13094005777187
4.50259461938428
3.67338044580352
4.60065401758528
2.35108560188209
4.11792235710863
3.01295848129379
1.63808793351502
3.12131384326734
4.14782209675393
2.46394081263908
2.07487214674786
2.69395386054109
3.21165700334402
3.62527901029563
4.64498094425611
3.95825313452394
6.59879176484848
1.49616692115204
3.38039838819966
2.09749238344371
3.62478506940208
7.8380482620447
3.18544443762604
3.27043834638129
2.06997801099162
2.83839863084451
1.46686065454624
2.01709234639695
6.75616811415622
5.01607890597607
5.99234491906481
4.81049540849598
5.36685094168951
8.75167495837634
9.23594310113032
3.89532995193487
2.21767966952082
3.48642653583685
6.96656510996326
1.33187942935512
1.94571364330738
2.62578432324586
6.42498054369699
2.82811495984149
6.7570369647064
2.70992491880405
4.99255185616824
1.95642227377414
4.51734135229425
5.47995060570504
6.05846964173701
5.92651961130774
6.49955516661203
4.14543029052002
5.63317299859453
3.74977066431235
6.3287193765027
7.25862839147875
3.50240164273713
6.43801851273104
3.87024361179883
1.11303145109535
3.97810457924244
3.37450168537486
3.73847547275728
2.05653390866439
3.18886548244045
4.87345497164057
5.67781820278591
1.75889794018841
5.36457490120349
2.44222652354872
2.5858563706773
1.64151939809623
4.44181454557246
4.28954301296679
5.43768952848639
4.17049984494206
5.38783420661031
3.27100047613578
3.64667412288595
2.71550121647041
6.95782176418852
5.84080389303811
5.19081287346426
3.26641356395687
5.76200432466682
1.75411779655071
6.35876351506483
5.48139576446941
1.45802112565928
1.96392760168841
4.45960034090383
4.09702152279927
6.76296195471477
2.85566158190698
4.93671175758249
3.96016743401205
3.79813061174147
4.84688508710998
4.06335665503964
2.62167424887151
2.95562200626032
5.70513895141996
4.15760837502074
6.26815783021673
5.61003099629486
2.49563771294558
2.48674089424625
4.2331901158273
5.66492442455222
4.38785067680801
8.19778797373634
4.97503406059853
1.99879711548939
3.19915790737336
1.63083454907185
3.53958050271555
0.519706808049096
5.64798056652663
5.5750195519948
4.17403626202898
3.55152536057183
3.84258036172872
4.31440126091751
3.008967878666
3.85212527682458
2.63672701051014
3.06755021094952
6.21578826798849
2.56889610728435
3.48433066223132
2.09902880954338
0.519706808049096
3.59021326805799
3.93698847115341
3.96220551272602
6.13111740775997
2.88467739045773
3.91655463832839
1.86627955588945
2.56968013838314
0.735429667168694
2.16620619672921
4.38955395296751
4.73629671260702
1.85770577489206
6.69347804078175
5.21367975150431
4.80139352029108
7.04863472512002
1.2673674779394
0.749011434565145
4.57357523635165
5.93925518074684
3.45277019433698
5.00482837599018
3.25902005773836
4.65474606723909
3.19991573266639
1.93960111704007
2.50455826960165
5.02209424725952
2.90693536462836
3.94434094940556
4.83705620081359
6.29192689952273
2.30155842446021
1.10223941978399
4.71407539005997
3.20709265010726
6.57784296228865
4.47719615503018
2.50118777512863
5.40442603657088
5.90438122167575
3.65555571123642
9.12873544465046
8.89277686477169
3.1370462105528
3.02048277743367
3.8936931142268
1.99279146711971
3.36275951724163
6.31881548976616
0.875385992966298
5.68097255264511
4.7599144509173
3.71822266892099
4.83189288352959
3.14335348364755
1.73514008495454
7.010852494887
7.28173597770499
2.49593645651772
5.3477209753979
5.4161786459717
9.77550890634647
4.16909398716119
4.5406961316366
4.3833793515292
3.46185063081084
3.38167880305501
3.53002149599819
3.39049583768953
5.53907457378971
3.06122660164901
2.62034990922545
3.33135192263785
1.8468186987862
1.6367920426616
3.28604301096089
3.53979768458006
4.45276723775368
2.25754979352872
4.35405755898091
4.30443524058994
2.80408946904561
5.93805155664992
4.17427981763325
6.39226130362131
3.85602229105999
2.22388341853086
7.96975142364666
4.45349927170981
5.74785348424881
3.75139410420689
4.89414535072713
3.70734755507135
3.66305162197456
3.96890600270301
7.24760998058306
3.0593399869284
1.66462296675049
2.25846886565461
4.95547244380821
6.09533642811569
2.97336060458304
2.56363247184368
7.69185284729423
2.29250389321068
5.33142361696286
6.34817778377315
8.77271039656419
5.46958282465133
7.11884315189674
4.47328991647171
6.27197937766184
2.94153290998705
8.15711911798568
5.6748075420817
3.19088210515939
6.64353718945851
7.41998137566511
2.64464142517478
3.06669749868264
5.28445116606197
2.7581910360197
1.52853230245596
3.54909386918468
4.94960228164027
8.06399642170252
5.76841979352465
4.8607528564795
2.78305227120756
2.10169309926761
3.12804166853843
3.04274205987234
6.50664582476343
5.30633330806585
5.59474962015819
3.57674003531583
4.42395847515456
2.77582542726562
7.46304440594618
7.58085538056902
4.95594712884071
2.15287332918536
4.26372824821231
5.626570215589
2.237625309025
4.11649036847617
3.95267578551238
2.39571078609258
2.26495022504462
5.73346454725899
2.50583297820638
2.90146472791623
8.66826738815866
5.77476927389098
1.79603159967999
4.47081677662542
5.60029652795162
2.03738918704144
1.64097950555196
5.55450939848417
7.31283521785758
8.16758769425734
5.59500733252715
3.14870938514002
2.78229732026623
2.01369391989178
1.42073465863286
7.16901365611904
4.77658487453618
6.01040643723505
4.38461748612611
5.82317288905738
6.89788620032146
1.7727524833598
1.74987402719085
2.60965520046726
5.50311054290763
3.2038277554787
8.51499598002246
3.96414110475652
5.18599153325343
4.73303935226138
6.13352667733594
8.84482278716291
7.38312804335125
2.19255118241106
4.05784873432323
4.34697845918514
4.69119352628287
3.14886172792704
4.0073621689552
1.65399080609145
5.61941037223211
6.75541426306002
3.29473791392355
3.44764634423008
5.23667912916006
3.38904139166252
4.52600243546112
3.16517854914949
5.7806442551857
3.7808673183577
3.7756899632881
5.12023977310435
6.20746768913303
5.29158880130182
2.78994459204597
1.43950040274762
1.58767040211529
4.06715815339248
2.56231336134137
2.69926899604697
4.13604434435582
5.44423056966546
1.81765160566073
4.89403669566011
6.67526332438294
4.64043518468973
6.73192420969347
3.38749947107277
6.28518576340718
9.78304252951488
4.76945652175578
7.78161092764593
7.13295018076048
2.35821616560399
4.19501070698375
2.91563787907419
5.32721167130618
2.71562901894631
4.75845570892634
1.84240028436239
4.37495666957079
3.70525110859579
4.58355594683413
4.72197339385863
7.21699977650434
3.21990052798666
4.35990055202959
3.070543837093
4.61944138859991
3.19273076603355
2.72440420963198
2.98659461293634
3.32537804578766
1.12364334536148
3.73970846950092
4.48763803820301
7.74177381373915
2.41656017670318
4.10997074388196
3.14013764733811
3.27850655868434
1.66671745883768
2.49286242962144
6.503031567781
3.85429961899755
6.59232351375031
5.33384688538421
5.23081225595022
4.20895829591587
3.66469294075291
2.7042183380114
2.72546385855937
4.5572907400017
6.15471535625162
2.33242965549526
7.44614107281333
3.49713339838199
2.63552232768485
2.27938681855013
4.81356791532512
2.42249791645419
1.64802181074607
4.61329889294322
5.37122481380531
4.22045720737399
3.18829363587486
3.4275532627948
3.42891791264717
5.31785545128242
4.66390527004564
4.29022553022536
2.75151642025142
5.14781483537023
4.48078290356126
3.2925942942419
3.86355541615972
1.75958075876443
2.92115073128322
2.29595552697351
5.19187819161508
5.6951073395515
4.19547426138217
5.51613118272906
4.74675850654731
5.37421699816506
3.03804144939173
3.48108482275123
6.44783544693765
2.54407859446577
0.519706808049096
3.09570731911751
3.23473670067289
3.13461278126762
3.75078783808115
3.50348353853243
2.28988454175021
2.34015501708529
5.11387383560285
3.36017323186223
2.84387294857656
3.60117636538648
1.97204704850725
5.00692277278089
2.78718033994785
3.29329941399121
5.22929020318664
3.31584806790341
4.51855716039652
4.52416981424979
2.77270489449172
3.94347744681872
4.80936725784698
3.160372693887
2.10110488679055
5.54715314450763
8.65055903972785
3.42445113540668
3.26739661609969
1.52251738127215
6.30589838140726
5.86311571626989
3.78924121673124
3.24931205540474
1.50939873384141
2.37103159218476
4.24512031127041
5.67542889135706
2.63034013862815
6.69424052234776
4.69384376581023
5.05867015758631
1.88662905452952
3.42969735827618
3.94817975321529
2.03151762127882
3.22352639928956
2.49028529335732
3.73389617873988
2.36487926688971
5.77246999162145
2.40329758046098
4.44663722141511
5.81333632142454
2.60590086698212
2.4392607914575
2.60367470600806
1.7619296126801
4.25288534215014
3.21495612797859
5.7072003490695
0.580375821719505
4.3678557382426
0.44681859637096
5.31890040942285
1.30048212425215
3.51597739522642
1.7177721968519
2.19975662781819
1.19862310929618
3.71563215584171
2.8599924070267
3.85470701673542
6.18491390853494
3.1573518369516
3.50023621417503
3.04243999569405
6.17820076318199
2.95178498670862
2.91172917518622
2.98466250077132
3.42266845708972
6.67146710606169
1.58689740865947
8.011898340024
2.33938148083754
5.48940475768365
7.82464766209049
2.81109939742532
4.60508789282101
4.29489729561848
4.15033127121796
1.85952236606313
3.58381289425058
6.34275872341587
4.96179991837487
7.0063733687393
2.56231229242027
5.22133511385422
5.73934954204482
6.95330537985797
2.88741943103522
3.9427219826032
5.25391764839827
5.14088363716412
3.51764134653501
1.03730801304942
2.14132503158662
4.19710833161937
2.34807816259727
6.64010892741019
4.50433603186888
2.64780953777231
7.25135178274772
3.23731859008867
1.51847488513345
1.03306143342926
3.64620553749077
4.40922577125641
4.66768593778157
3.03715581346725
3.13987941534352
4.25317796595874
1.2679307796913
2.52673581297
3.81762476728454
5.22890492573969
2.23781614228008
5.01711129349639
3.98416472505435
1.47356233837747
2.20116298631275
1.76520707384405
4.84627223092046
4.46566643806479
2.49476460092321
3.78454665666939
2.7004835680938
2.02433319941309
5.6460501454317
3.22142229863196
5.21414192157577
4.53965088801125
2.6630093364731
2.74570088932435
3.03237782475315
3.55902556158812
4.6467026736856
0.519706808049096
3.54436522531891
2.71940884089008
3.88831950045633
4.80727544874974
5.00380623983527
1.9670451686229
1.74995115708216
4.04224520332046
2.71743521132425
5.55078790241152
4.11823958688001
0.920884325575208
2.16428609508166
2.2911579360977
4.7087445609718
1.87290950560545
5.09707113098838
2.32013611626864
3.91505253385633
4.43169192235882
4.09684675657686
4.36390320077846
2.8250116806191
2.92588767038623
3.53010801358169
4.19413746820443
2.15326728981631
4.17976977289547
1.57291091731084
8.30374532950759
3.88229236970223
2.50154811630143
2.56600328820596
2.31364257084889
6.06272234786981
5.96058797545724
6.38773154706084
4.06126288713577
2.20128010532949
2.03426412790985
3.07841293827261
5.22402687686992
2.83506869983302
3.39715642382558
5.21308875869163
3.73855492003276
3.94279572912238
3.77855609282542
4.18591313159506
5.69499707779509
3.46884406762076
5.1662660363158
3.08870535012143
0.519706808049096
5.02621603926286
4.42039770896726
4.37971183005907
4.54946307325078
1.8247459297418
2.39148249510694
5.46629470974317
4.8999554291729
3.23728740354031
2.81596187649175
5.16164648578544
1.49895397024806
8.7895886366147
2.41101141058424
3.44191759112646
2.41196763543891
4.46167753523666
3.03004250004901
1.05268590027743
2.22943102492869
4.12593618371303
2.84204538547993
3.43772134848441
1.44101931315345
0.893647065301579
2.4012301833046
2.75238089117146
1.93690323814096
4.85012572325068
3.10773256777465
6.2256123684641
6.50546850089443
1.81376834088557
3.24694710560943
2.27675403526635
4.76512198375212
4.66115530729097
3.82046524732819
4.021230943201
3.30521896454935
1.64914400832707
2.64623578930982
2.78796885915533
4.7091226088068
1.44581046523213
3.6915139505977
3.46877562387836
5.77167554341477
4.49352721438562
4.25293970948755
2.89866185416088
3.42652363303302
3.17484471960505
6.48766900150628
4.28947780746297
