H2_Aufeis_above_below_coast_z
1.82583950568081
4.63803629522887
8.21923981812874
3.67206645715367
3.17079955737845
3.62246436892009
4.42847344611008
3.29361638853679
2.32992249630656
1.29494751324224
8.22500362066758
2.96096140653019
2.33751173588422
5.40075021692607
4.38575908060289
5.01227726782495
8.96693267510435
5.63802775990696
2.67742217720039
3.24814942433308
3.01328041837404
4.65226698705412
7.08315648942892
1.47980264030538
3.5206219733809
2.97382795063689
10.0766994561394
3.98473301655221
3.6880713916944
3.50682427363363
5.18743260807811
3.34851940864113
4.93050078162364
3.57713542494775
5.18592159336573
5.27458131603092
4.43576889900667
8.92514376527546
4.18589836874316
6.98390268625666
3.6001072888694
4.5573213773696
3.58035561763382
4.10843993720455
2.70721375988921
1.96781513767186
6.47108104515099
2.63030775072738
5.71649091564113
4.59823267790336
3.52476111154846
5.54658568753093
2.4656864640679
1.50493927729715
1.57335885887969
4.06649121710547
3.71396742703813
0.981058277060985
6.25885333154478
2.87292580688878
3.51065514705563
4.96648878436278
3.4895108827256
8.49694548637595
4.6317181382321
3.56271284256407
2.32551173774065
2.04160197174112
1.16293437378638
4.37612438133322
8.02551115014331
4.60037098151433
6.47458508205741
3.02979820921568
2.97121912716485
5.85491325837454
5.05365569772809
1.83876915509255
2.98099507518243
4.48575579020104
3.66152921613853
2.29433276578879
6.72124551201942
2.80032020840511
1.8433294967423
2.36407930861068
2.00832768710442
7.56269227003311
8.93019138715902
5.22177624744102
6.16219805261934
2.25508300306121
3.0680642628792
3.96428666077725
4.67650822857931
4.48816583279484
3.40748559148833
2.06588312794148
3.47837609684121
6.47254348329281
3.85836687155835
6.15683916800868
4.5453876985269
7.60633425570117
1.97110967015056
7.06126791295118
3.10057814417268
5.80277043314219
3.3684781157684
4.2781341506669
4.2092242024741
1.89667079735044
6.05855159901411
4.56658243157719
3.16007375907056
2.27163801426442
3.75070995355433
6.02054807864934
2.06652383270165
4.12446284538617
4.79767479099423
3.58596036777275
2.8390855462523
6.33566184772769
5.47230462426316
1.50846120689387
2.24884917423361
3.02925173373076
1.99075217332106
2.68420015856784
0.874385928708658
3.54735098234078
4.81629527680233
2.64860572476786
3.90215055076137
4.23617028436755
2.78706417161931
3.31089458404255
7.44781026725025
1.60964810666769
5.02295186570618
3.25942259003026
4.238182095239
3.89548320409038
4.44906667354329
2.22970700012909
3.31408392005568
4.68702193135012
4.67798990084232
2.65137947681809
0.203222286604003
1.56279255872129
5.58899044054056
7.81219598794716
3.77954077613175
5.8353984652544
11.7798955657556
9.44342808367156
2.200888232526
5.80010749682041
3.79624331192133
10.1868023049504
2.26856660927654
4.05967742184921
3.2697439893651
7.16710058816824
6.24671055002117
6.01275839179402
4.83539632083401
4.60461065539505
7.34445960794084
4.0421882432866
1.90639739481051
2.09752969288045
2.04588198468127
2.9371819672365
3.70964171151896
2.10599531274903
3.8325557513363
4.00387255756294
3.92537115212738
3.93789767062836
9.13935798105944
2.84689091393676
3.27357877287641
2.91911934948233
3.49670619904971
4.51812138025713
5.2162014261795
4.53800621614728
5.34197523490501
2.66067404131434
4.73207676229242
3.60743563117073
5.80925881968775
2.39184767507382
4.19092544165938
2.98605728153271
5.88533110115402
2.90560223793172
4.98124392637083
5.29263970048044
6.67378428488229
3.87115438570115
2.86240268752625
5.18691683189092
1.72514841183334
1.27292098409646
3.47844663401686
2.99178626119584
7.31469981030874
2.45584766477862
5.2206524143631
4.0722707050174
4.4181181725889
1.31047155525397
4.14783798838738
4.24378470683321
4.04083302933287
2.83888792167098
5.02208436436255
1.80078239892447
4.41745501335601
5.87771139112358
2.69841115347429
4.46860662938769
3.51310298095503
3.32837378672239
7.36895549615137
4.08196846027991
6.79296630276445
8.22767468065422
4.11994503870087
3.23606035414809
2.84598013296032
1.86946753950261
3.56167972028968
4.15356619155893
4.09140905283894
2.12545423130978
6.21371664850656
4.19554399903719
3.71884587632927
4.04685640293359
4.22457677052033
1.35917491634514
6.67563033686549
2.45229229251623
2.69465374773801
3.74415037975316
1.76032693790485
4.93962479471403
5.04207155745062
1.27654426345864
4.63160620079333
2.81517690169836
4.55716655912252
4.84432733049739
1.31010003872549
6.68183239002964
1.76534370389877
7.22514927291516
4.09324460671868
4.60866922267699
3.34828304028411
4.02174013590815
5.738426582024
1.74219634046264
1.64937935407862
5.94542364119187
6.32736794666496
1.57797915713891
3.85850892448094
4.39517813305321
1.9758760953195
2.30298237638149
2.08960268584535
5.01072713493809
3.11466191331559
2.77208828753574
3.63159816265335
3.75575515930412
6.55653194944563
3.69395405704436
2.5535635721103
3.29426254770702
4.48553013498148
3.18906640883863
2.80692312774373
3.12188810840902
5.08149235728234
4.27563446389206
3.39599841064932
4.89523629743755
3.28212963570788
6.23901194553074
5.13753118977373
3.5203928627311
3.58494041007914
3.06056090370627
2.99710578858692
3.11362470003934
5.39332184534601
5.3471908411617
3.01980248678366
6.25735349900483
3.98728955577342
3.12733203687838
5.83712234760299
3.16207710835857
3.39772545667455
6.00796241323228
5.13063712811993
4.76744100539074
1.82151705742954
3.49467730808318
5.86825439723925
2.67023533397584
5.72055563996306
5.96614676428969
3.16876650013774
5.2644387274568
3.31180335413926
3.00234806723273
3.85152487188077
3.64284655751472
2.34852448298188
5.58630334124393
2.4802536983296
3.54424746504042
2.46367206400886
3.77463364145712
3.59770828794467
4.52687334408345
8.3738469236944
4.41574368136312
3.69487727694345
3.27594604498629
3.01602733195783
3.19814664328941
3.33438477836045
2.39471242270203
6.20119043838786
5.59410997925712
4.22579605096797
1.59747415474437
2.40464342191378
5.25202874425057
4.48249896029531
1.95378050981477
3.1608622300162
3.05280601982355
3.67198768545419
8.26003931773547
4.94619762527072
3.28077766565298
6.8782805141196
2.22582299715085
2.97172847721731
5.93984612034554
3.31263067814851
3.70385068486321
5.5394662693754
1.78763454340146
6.18397751401693
4.86723087964116
3.71508562252831
0.935747528246189
4.41777072384974
4.62930720053863
5.67400587096328
4.56905211245662
3.24268547068088
4.8614219574421
8.10627358188535
5.45644182235305
5.23018969678206
2.08772580656381
2.63715110817206
6.09289926111905
1.43002703982298
0.776399384583422
1.32446887302953
0.688560684276299
0.770404286969298
0.21784450733427
4.72420223381618
4.36405796085218
2.00216357182813
4.5482970107688
3.49520159240169
3.49591021625729
4.55768426662763
2.82429712345439
2.49387735744001
5.56976441673148
5.05067435680794
4.01028061556468
4.11698896665983
2.66065567937043
6.97114502638003
11.2791384100124
2.43837677616772
4.21045845760328
6.58237763740507
2.3011390727864
4.22298942642718
2.15436841322463
1.26388321273315
7.0853988327525
5.03094854626132
5.33212684450536
3.94030253553624
4.76609633907913
5.06585207663697
5.34941417109704
2.39639766682671
4.02257069598332
4.94894060171483
6.2992546984555
4.25857435705566
1.71015208623693
3.61758651735436
8.78371861446759
2.49793383183459
6.54525794434046
6.01479389936747
1.782872813618
4.12144693766205
3.21497314789945
5.85288738951124
3.70232245633356
4.43491421327769
3.91683173662085
2.15138453206497
6.5043409795113
4.97390338737542
6.04909145081138
5.36087997761389
2.93065482924776
7.39899631315859
3.01835665224126
5.92588153660656
6.39311665944501
2.57365810706435
5.91006874766616
4.2484148105616
4.85946806136471
5.04522028484559
7.68369844756525
6.71161364266164
11.4778634704514
6.29333640699795
2.38214286140609
3.68523416811985
4.97871620394488
3.91776126452834
3.66998448677661
3.58395666260329
5.56933814979901
3.72616753325273
3.91989507738289
6.34061417844445
9.21225903649469
2.36123136571849
2.67148344541748
2.66285256427625
4.27197170294636
0.355274473552752
0.0218403405880146
6.85792680367532
5.51714570240983
1.18490588863015
1.52905906481451
3.38868097725962
1.48288077312386
2.63355584913882
8.84277477783719
3.94786548582911
4.15554350278072
3.84721463130916
3.52024450912254
6.88415132314367
5.05237833316485
1.36888084075833
5.97787386197413
6.52535756158804
2.92187832443776
0.26051140236858
0.549579666622193
0.179248627870517
0.470159966749171
0.179850229116107
3.39024802812163
3.90997055382754
4.19757149807988
2.65420520087584
2.15405098733943
2.74020464030443
3.88905809294513
4.41642218001051
5.08957274075939
5.71691271670836
3.86198140789596
3.2552547367079
4.22803066903547
4.80391655776977
3.70426039476311
3.24073588360197
3.37249503804067
2.38201050563015
4.23853186703236
5.3507268877102
3.14962635071621
4.8221562564084
3.8313270793385
6.95041443257305
2.74449348185774
7.06818601882963
1.30381418600491
5.63868388967493
3.18619396292836
5.17708321101308
4.77520306484782
4.87805311132027
6.93216076208965
5.01229243979672
3.44921743753505
3.63533775893096
5.2415511186107
4.04557098444593
5.61564247006408
5.78776389238848
2.71370187907291
3.582198161027
10.2575151942279
2.09838180000582
6.2867743701425
5.11276537157832
5.35758596124098
2.7576239385315
4.59670515566859
2.49784985778443
5.33616499258894
5.10099027211212
3.17101316790221
7.30925874741918
2.02341985174005
2.36258041233494
10.3591517604989
1.592536517335
2.03349063806552
2.22808745421331
3.6446181355352
2.13864890139039
5.39605627837706
4.5320765722181
4.55812807078662
2.98416736106603
7.34282793207316
3.57853131468586
5.17108271089267
3.4809533763425
2.51288853908288
3.11655647081409
3.97901947057848
4.85139245267184
4.86990354967852
5.84693927827655
3.59819146614919
3.65105379352081
3.62611350755801
4.36975318387064
5.79073527490381
2.52784680133195
1.31400542378199
2.81192745839203
3.99511313014958
5.67262062962233
5.4686671029804
4.60413610505587
3.19666297385308
3.66767989383883
5.76380438125714
6.88681078631234
8.68279895758516
5.8774180591946
2.77791183715273
4.36443371322812
3.33397197107844
2.92461097998557
1.69116117762847
6.09056765628656
2.12809987049799
3.65640262948806
8.30246443467616
6.16066174280097
3.62984508600698
5.80904094066232
3.36633594317808
3.79078645035828
2.58677365766941
3.01353671169411
2.67596942713561
2.20957488910252
5.33269716179993
7.61245960294873
4.69364679460689
5.88873220887491
4.15669397397414
3.43501508588656
2.77880604077467
5.412319992119
3.34562915427206
6.5189381800451
4.85198590545744
1.66850671177102
5.90058484889408
4.3385943467861
3.68787247474488
3.7947853678938
2.59359982207548
2.65746310441459
6.41785248854243
3.11388824911484
2.58253504249392
4.50265253232659
2.67769407299087
4.95716229839325
5.0433040721514
3.79321225001637
4.29068068784966
2.65201180451883
2.25575101758343
6.47513137389224
2.8187922968707
4.69607076194716
5.70490149646627
4.76829390735211
3.3153963226614
4.10655371986187
3.22342224589937
3.2488502107225
3.29976987788963
8.29272066210797
5.98862860419156
3.46302288251805
5.59874853718972
5.32968689650113
3.70385445602314
4.30279347546192
5.30984017340803
4.69287417866399
3.47418599497322
2.95488396709386
2.58826312175049
5.62727507959381
4.17607155902151
5.61228444351806
3.06395049013644
4.10441847101173
4.57941352508604
7.08541145953305
3.14538068298322
5.45448663475614
3.82433579894551
3.39308519362386
3.35179784828911
2.51870990933987
4.174045759686
4.20613142077882
4.94818925888532
3.53528643262713
2.79790366441056
2.315262955629
2.83144092132443
3.97298364357384
3.50530909694191
2.34808869953966
11.5905660333782
3.34408419292647
1.84013616642185
3.38259367521309
2.87804436136043
3.8547956366117
3.24041882930503
4.25180448540382
5.21695851775324
7.18234352416428
3.400067036216
5.47147756393787
7.69837463889905
4.61447577627585
3.3188695928755
3.85927134605762
2.8202937525748
1.86450372691889
6.94267849295404
4.9600040601957
3.73627570377987
3.30372969374805
6.5035789807625
4.26917189099917
2.78299486541418
2.21868413261257
3.25209770039951
2.77461060427234
6.66047026402946
3.22458464167286
5.22807992436197
3.72166902742062
2.00022465335719
6.83847313273922
6.65379730063228
7.48925641165778
1.64592268613157
3.35418061784431
4.21861810002695
5.48799309774204
4.59403657434898
1.93068311986005
1.70742041050099
2.58889052975232
2.02205801461006
6.37364375276875
4.87760169097456
2.59894709434097
6.68237624235382
4.02462086576165
0.0218403405880146
6.61239594158237
6.58754704390684
3.0629546970822
2.52502167676022
7.66647432220339
4.97321144464165
6.57455793367778
3.81346758596479
5.27166335994434
3.96006651209483
5.01107120714593
2.59023395395028
6.19503868065401
5.60905581430928
6.09537437416654
6.57481318000131
1.1868635776191
3.6366911910849
2.74720154856107
4.91004345259238
3.62419743880875
3.66557824636301
4.93320649495376
2.89413770530088
8.37410530435148
3.89359099843765
6.47833505819531
4.73699575733927
2.68311905558598
2.53329156946429
3.75318838168487
1.12876910777658
4.4484884423766
3.97029555027245
3.40710154982362
8.451268144641
7.05848059999842
3.53494969373204
4.77516427792554
1.45540165780575
5.96485925324578
4.59569750271681
4.12182134673488
1.98546615757773
3.73840048528138
2.53197329969571
2.17618220583724
3.17460295722688
6.01553182092627
3.5219846276724
6.63439083732441
2.39557125578156
1.87690135367016
0.791310276458089
1.72866072042872
1.97090633384377
4.95193132806659
1.35625575587873
1.22669202829733
1.72270796925933
1.46606943142304
3.52480016000698
3.63901775068444
3.49597800326621
1.63518784771743
5.05489169599565
5.42294276270921
1.55365957318601
5.07624177490746
2.86563770352203
2.40916436049415
3.51592592145499
4.50881627866123
5.11616520283214
1.75266367834774
2.63579914629542
3.08186551833578
4.58152219866863
6.24569203604647
7.20496896166526
4.14758073473687
5.55938594749589
3.66187199105148
3.72207113962007
3.69317879051071
4.09970244983779
3.11816186254265
1.5589064067474
1.54992730579233
3.76771004270416
2.39863757488403
2.77915000094736
2.58507132526021
4.54422451689253
9.07887610258759
5.9895368870432
1.6974944994291
5.58414484215915
4.98713297471708
2.0389561966336
5.84113375037042
2.03709976009898
5.13806439083855
2.87492412377542
2.33519412224822
2.34214404371584
5.29886195046452
2.02361330455973
3.12319756193876
4.83234833768102
10.160474009502
7.28321368862988
5.29338638569007
4.60157357458053
6.65357878295675
5.03667815107473
9.42024304401083
2.64075770036179
2.76319879986749
4.20650602611849
3.93648885475015
3.71030776459679
5.30101964431827
5.51317956503269
1.83765489120492
2.90745997394958
7.72176444426076
3.90521637454772
4.32978724111627
1.75654872392184
4.06920306829277
4.01929499868631
2.83153632622704
5.09604520780808
3.47103254598917
2.60338804570293
4.350505185702
5.45075098171109
4.95722424892811
3.04335331355228
1.31793311943808
3.25256214640262
2.57253709102632
2.76440362052701
6.54537941868808
5.75904819160438
2.56786188948112
6.41665841215131
6.37863737908362
4.66191009600097
5.02201580586144
7.26290747795441
3.58538343193419
5.33832962521298
4.18281758472711
3.31495008233418
6.40560468435495
4.94934369448934
3.38411989518796
6.83162965930392
5.20761563083574
4.00892826814426
4.2132288044744
3.59657775153719
3.27697023461726
3.87765431450962
5.18182909757538
1.69379798905732
4.51960415779319
7.66466322110972
8.04834230237418
5.00658397863175
3.70990055782825
1.87973514752444
4.21850763481766
2.91890218662689
7.96750005092119
2.45841061756413
3.0678935990384
3.52034145749959
3.16332863225305
3.73961263275417
3.55810673157481
3.16707560384447
4.24633437753357
3.81279149695386
1.53227356941638
3.22163622268181
3.77203702018262
3.80283126250066
4.7808459151783
3.95293033920823
2.32246102817928
6.44940208672611
3.40614529411396
4.59744347081787
4.37279483608056
4.62421958653099
3.16788682865355
6.70188454537498
6.75821593830554
2.13891509685262
3.61738296205881
10.5472819849963
3.0928012364941
6.83104545568295
12.2504014552714
5.04024679601606
4.5460971111763
3.12089302886482
3.78860346107492
3.39878948417423
4.42524535694046
2.60184234476019
3.43134718174707
3.05526640657333
1.56993025630956
4.27108777163483
2.99991282153908
1.7884174953784
3.10668958423884
2.43708519847879
5.92356752959136
3.49520775249532
4.49315501846979
1.77442483968029
3.76714657072889
4.98935154705048
1.72410448598085
2.90066109804459
3.13975968861915
3.71192277754906
7.42018726471593
4.53730800780479
3.36781671735251
5.35203531092746
3.32986675774867
3.09888485367625
4.19986449069651
5.02552018177194
2.58630303746438
7.09368795494642
2.95016469329152
6.81281812659918
6.28639250672579
6.59594523012887
2.95427128708701
2.51682617033575
7.46744962934386
6.89214370005954
5.34368600540902
2.70657530725983
3.97670066731409
3.90923401406619
2.77696728224418
3.40120045166849
3.44892584424678
3.82542364882619
1.4119772621414
2.27917290255663
3.69619244997788
1.90537649782966
5.03219467380038
2.91816033585036
4.90774767525549
1.79458692009852
2.19979490730545
5.55363819959685
3.73621750905284
3.89510613695583
2.54422078323205
5.9684513153319
5.73466132426878
5.49346191294975
4.81233855387536
2.58589110244681
7.29659810121224
7.00663268449361
8.30416666254536
8.67783821234968
4.12590270539137
2.16025981418764
4.90432448804711
2.84742223877727
4.1088252397684
2.57212546404283
4.11114560203316
4.19669151010325
6.02638760575091
3.81500268016069
6.46397471407338
3.71861146214888
6.06497701623084
8.26071928945955
5.8703550357498
5.19204329458344
4.17205738379537
2.36946625079529
5.24045457497701
7.2743906418375
1.48547861452398
4.55800978192511
3.54266257445345
4.6937009785336
5.09606445104746
5.26312724236721
2.33627384504746
3.60112708967418
2.53035014004921
5.99229995576449
1.044575416668
3.96613032817513
4.1948159187558
3.31049004910449
5.19462426833379
2.35804721004722
7.52868211337647
3.43012526708136
3.51932263667332
2.53170972517923
5.8766796081761
3.24734228817604
4.44423963934743
3.99018861132728
3.83045755553092
5.1314111952184
4.21842598708081
3.57866679427831
7.20513317213374
8.12613139314446
2.09284298833909
2.32558996568522
2.42208646263971
3.77509094430349
4.603411051292
2.51029070205667
3.46487204234666
3.26027407982897
2.87583777628814
4.60166235531451
3.45556913620919
5.83349800413221
5.37912663483117
5.07487947401397
6.65336158718795
3.89369168331987
6.18031539960843
2.40119334218791
3.75512110488784
6.65843400196969
6.79359571139705
3.48388512294745
4.82987237840794
4.30890274661866
2.92743157972341
1.92427185467821
2.34771704801893
3.75260221443052
2.88987455171759
1.02082213565651
7.78908184084331
1.14444361008711
2.80812326375454
2.99782110431655
5.64212832385964
5.62086467307126
5.7478228064955
4.21537025459386
2.32083412257927
2.97096090240032
3.65270145544635
4.44347098822871
7.02542645737744
3.62540177500338
3.94374681989619
4.30377601226355
4.58513317743046
2.88377222333845
3.86613671144482
6.44241349286814
3.56383007829142
5.01763018368209
5.30751551637212
3.21218617089097
4.85286457419762
3.11402132572686
2.92539611445015
5.90886115406386
6.2791357367542
3.20130367921069
3.6703311730928
5.63034493634231
2.86959027243725
4.36047913680057
4.85670664217928
5.5832176237703
3.46710857902394
5.82712628248808
5.43579805975129
3.53093272514099
3.08730820291785
2.20472685797175
2.69560083225973
4.88608245418854
3.68224593869793
5.61471699002953
6.30352874785714
2.01419436553796
3.02644567492449
4.85271212393824
1.09583939717538
5.83555808600362
4.31285987406706
6.52231582572996
5.94165165900458
3.75047101414929
2.27420429951099
4.06419642772978
3.62996777346553
5.04431243521516
3.36392922794353
7.07539299546342
3.62483596078446
4.15719189900456
1.74083082553628
4.74827269860665
1.44061723520956
2.8439256586579
3.30252955363669
1.75561421598653
3.16582116727946
4.04418789015848
4.03283123229572
1.37819596347799
5.7371303209475
2.14824189366967
3.52481633130451
2.49120070302602
0.468775113052141
5.49945982043231
3.78842111676721
3.06058738518342
6.02816970711403
1.30278330120774
3.53366497004865
5.70522113298517
3.71481438493826
4.78310443335236
3.39099600462804
3.44107243611242
3.93349311334788
4.40679138820354
5.43109194907881
4.41196085690521
3.20059316878009
4.09651926704698
1.32694475109763
2.02444655856702
4.31988059572006
1.85673600239492
1.99791072009552
3.28703804677087
5.01719770125648
4.87766898436206
3.50073957050526
3.6420837478997
6.76319146280505
4.08650193013717
7.81795571513347
5.18020554292192
2.93650233552479
3.21194798866009
2.89226166118475
10.2807487718366
7.78606072770543
4.54515109596535
4.34664974760259
5.65110151281343
4.31835860304102
3.89996786002119
6.33177564750739
3.74318547141631
4.26569717551045
2.45368673668153
3.42553780998481
3.73095243424451
6.4899768188471
4.43803074119462
6.36178690628345
2.0362712601485
2.99508945686241
2.98894381915962
2.04798502955328
3.91544535778058
3.54067922464337
6.27319776858776
8.68737421370699
6.74309312145975
2.24324541850926
6.9317633821247
4.32732100615151
3.2706001987272
5.47571900798575
6.82698609980708
5.25663530276701
1.83620651014631
3.76560581444114
2.28441588595584
7.840005480985
2.92392997536176
5.48187039418841
6.32017889323765
2.46149204337542
1.93213856778482
3.9696260158977
1.90894688738552
3.30048195479581
7.36927006720959
3.74839235875527
3.65733790204658
3.01258869221846
3.2538873375646
3.93800098235148
4.48963918675893
8.43607777909619
3.91256807036911
6.21185614042077
3.92808631690617
5.58896382567814
3.2131590481658
1.36564315133838
2.61039796401816
4.42164905008329
7.51912083918717
3.80005939220233
5.82882744437085
5.91947379001359
7.09501038730669
3.64101986393931
1.28082573599134
3.29994737418355
8.88535512339971
6.32970842240225
4.73807805197447
3.18700548071731
9.64478476704234
5.21649598321578
7.87389223604931
2.79447155294233
2.61789487964316
2.30275802192297
5.45339170966354
5.59818121677463
3.39045808277226
5.15081663413877
4.39745990670535
3.10150274214563
6.59879507209925
1.79532520574063
1.53217416143043
4.58118617147286
3.70713514910237
5.05604285269993
5.13920020989999
2.52085577997211
5.86771762915788
2.7506535395188
1.25745578726597
2.78248074438951
3.06575941562422
4.89217971786635
3.25922459702689
6.07737745585551
5.48255404195228
5.57391043031352
2.92785546370211
2.2690309179612
4.07021337564909
6.461581281792
4.4571465866997
5.42158577891407
2.72965119714597
2.59707751872602
3.60505263865475
3.78228058171423
2.74406489176288
5.51258106205844
2.86828423738936
4.00250154437065
8.1441604863885
6.33551203491377
3.5165143730408
6.83236921748558
8.22446340541884
2.61310259393769
2.78946194046605
4.31453391729986
4.63882337314229
3.42993392460257
3.72575283690793
1.78172080673836
4.11535601305652
2.36863134463061
5.71352595139015
1.94422454460682
3.28377457085988
2.18616115654364
2.73345457654164
4.97742747930041
6.15992415972043
5.59955071693114
8.45528436583412
4.70722228769332
3.54692663422982
4.73172942733873
6.38800944053565
3.50110385536382
4.02828244050182
3.86418825502734
5.52989200810583
2.75075196263306
5.76280581166952
7.76139311091586
5.43066758743361
8.23705643323261
4.72328432270852
3.43378037391171
2.06539911558689
6.44524883627766
4.65917817385402
4.27252549371894
2.89246551096396
1.32514237474697
3.5817395419072
4.63011444308256
5.22210602446263
3.80037500517667
1.56092219594352
5.6031640857952
5.25433308285351
4.16689906455138
2.46791406424964
4.20268465581112
4.17395453253514
3.309568902026
4.83388406424167
2.73248309712063
6.23509591802961
6.59556857432171
7.16600755728689
4.23229324530187
4.61655607087573
3.20363628615387
5.52649017064027
1.98639509351884
2.48671358010078
5.05473204724861
3.99221351080383
2.24959229735732
2.64334435353932
2.13169897682735
5.5487504198278
3.18230393975863
7.25782544216385
2.99263325128751
4.0855643039735
10.7833075850891
0.0218403405880146
3.15030862243869
4.57571679093831
1.69957714986058
3.56493475070375
3.17527494776497
3.02269522852516
3.32938443371309
3.76891951050346
4.61626129178803
3.98169162481994
5.04963766398103
4.67678528381439
5.03572655023107
4.40505786685691
3.8961290510967
4.70715510053322
3.79634118378682
5.78786548063921
4.95133411897734
5.98879350839503
6.10679208722095
3.97886168015267
3.9961290983771
2.25093063092284
2.99453771280919
2.65473961772897
3.34409621502251
8.5070598888911
3.89196124903994
3.92449614194126
4.6427694075208
4.00504064514748
4.21671284622001
3.61722389424531
4.71442244438982
5.85316680144633
4.26380168901507
7.91615188611075
4.43149913417168
2.55494454255797
2.68879153400713
3.97557406548933
7.54179264901732
5.37085952222913
1.9523302857564
3.70233764846907
4.07076627353247
5.82686006518212
3.16571815296431
3.91330528306923
4.9305605245815
3.58424016331325
4.61725872044058
6.01568109623634
5.38440960449458
3.07945489166477
3.40723478553378
3.35261630865364
6.00131391145054
4.16833808949387
2.79404611353252
6.09612476748862
3.93569308110147
7.60212836718162
3.17448928856389
2.90157266921774
2.41106696788744
2.72343204833932
6.70120245067873
8.94562093749156
2.9966748316794
2.57151357043032
4.68422026488916
3.37875074153526
3.83999659171342
1.7768950426751
5.45242336543891
5.54407960390965
8.56956250111769
4.36338187112735
2.97134271786591
3.34688868075383
7.39823049564074
2.50161245684186
2.58834146144818
3.00332274562282
4.24066080951996
2.22776527288064
10.4717048082103
7.64227190702672
4.91803376884154
2.69348484581615
5.9285859974947
3.14455287729112
0.829204853952562
3.93541838011757
5.50169162773591
3.36027535129821
3.40193612204427
1.7517701175047
3.66733521144586
5.01328976899205
3.55680514478298
2.99537172095416
2.08531538406631
2.15667959215428
2.97423984824506
2.69572322620396
3.81927583973997
2.31775803602013
4.06141598377438
6.22595366668187
4.47769094006237
3.33494490987298
7.19203608346167
5.43886481132343
1.73162454192842
3.45794120229539
7.15823382402351
1.25270929099676
2.65307298781068
1.25295370099477
1.70689277589511
1.77824972227279
3.52261466919802
2.56300859738451
9.94062256438439
3.46791231296445
9.13432214707127
3.79844444790928
3.92868069021074
5.16079048909664
5.19968117143973
4.88484398590738
3.38668587699094
4.19132541561554
1.93593884491418
3.99087513722445
2.61260023638512
2.59946189662563
3.83037120008795
6.7108020526033
4.18305335346644
6.92710231940736
3.5306044208628
4.1457349735492
5.72122206679239
7.61086237734439
2.39680865315973
7.09753509504464
2.96848419143202
4.39812809724121
4.54487104670234
5.95539961233959
7.68897756100015
6.10901565280794
2.62207451956972
4.14454080136601
2.97261260825422
3.70077673597322
4.97767871728539
3.03605309521379
3.88834264190819
2.70877118103787
5.09532530494246
3.30145391124932
4.09314515378866
4.63909555302218
1.09271129348405
3.19451248399058
4.79968170985741
1.92846602779601
4.70601577637209
5.62045191670392
3.08459129058302
4.24533745474267
1.5937272084448
6.28125004430927
3.88785139375765
6.93895632987997
4.61506598543349
2.68286516335628
6.37162263941135
6.09145973152639
4.73423900551267
4.32815132403069
4.17327452597919
7.36558154913551
2.68341331160684
3.09358595546262
6.05146195927147
3.8123079232622
4.60569620239558
4.37100364857837
3.8363459963324
4.35343875299923
6.34058311634558
4.09442022741725
3.49152163080588
8.65545436115522
6.35908739304266
4.20148771118497
4.2114887523487
7.28667643341916
3.84135942978692
2.81167869506417
1.81386895987125
3.17602240215864
2.95080528744774
3.79934278580238
3.93983822127972
3.23682636517013
4.54369420546351
7.21595699594697
4.75682387340112
3.49482508093792
2.4037658745656
9.86342966867353
3.00914335905408
2.4125008432889
4.93101921432939
5.62071870319658
1.55980239788995
4.11698160175248
3.39011468604207
3.89861173023194
4.92396420181602
1.7740204213485
1.93710784076782
4.82012740235052
4.01447417790527
4.86032600191956
3.12747382109167
5.86033998021799
4.10307631856278
1.52959763986707
3.29837230960675
6.25200621179305
5.73741005839105
3.27040727250575
3.78615432571029
2.60727858352675
4.79137586405012
2.51145705870947
3.69799822834165
2.66032562086678
5.46366965098688
8.17704705730629
8.45961844970693
4.66994627396215
2.92015704521044
4.45721136211724
2.75151952683808
4.32406551480377
3.05244376543793
5.34479147305065
3.4239608621885
4.46593168568761
5.83620992613435
3.73599559656612
2.08511587365848
5.5106952815056
5.12670489592357
2.32907687170784
3.61678662284031
2.46955368890203
5.33564952170888
5.68236112821858
4.9213971887013
4.09569092733779
4.79238987691397
5.45759857855164
5.09210542596092
3.06047673094941
4.73133717019175
1.70688613813166
4.03491674837202
3.64249120567888
2.79032320655916
6.63143692662699
6.13711047452819
3.44003926741549
2.05296108146837
6.47559563687721
7.53490794350805
5.15899689150924
1.62462074443718
2.94245827029341
2.09931533345893
3.26937124292417
2.20831965337881
3.68417269785752
2.85479465977094
2.5726991916933
8.46604892023001
1.97315175330586
5.83045085567924
3.02485422338848
4.07484322598959
2.9787136018111
2.59987723586028
6.1352607221463
6.83319383832313
5.26216689427805
6.68849985704581
3.32726348386815
4.96815822337484
2.15140239961138
4.96187515726812
1.88996572772248
3.05758857848951
2.13073600394184
1.56726680478397
3.51704656275331
1.82048414697653
3.76011809662125
2.46188634196944
1.12880401777942
2.80407843213149
4.01795818314085
3.11450077692566
2.21040132485138
2.99508725330639
3.68107949513801
1.61808413328993
3.37066734842854
5.43899689925009
2.579372641802
2.43142273983607
5.54817741973232
2.96974644802585
4.46050239160749
2.84357558066209
4.49317117328353
5.14571106716244
4.31051186317981
1.77702504669004
3.61416039898731
4.32360033804929
3.49846178596714
6.56357915282224
5.79348725485832
3.49749740538998
3.49153696014705
3.81390731795308
6.71932116543955
3.1892607541227
4.78834303885227
4.94669226345148
8.52999603944976
2.41103255257552
1.36101343829998
8.87051121875363
2.91149160454738
1.59948125730303
5.70850644325829
2.99671503892672
3.6749087830763
2.98071015208197
4.89315801797822
2.93664796825001
3.59325504180264
6.51335456572789
4.54556977501233
3.41955236484324
4.76536436098793
3.77601357287947
4.42240843333748
2.72947741355084
3.58420031218858
2.09205629064701
3.10368560944503
6.17232134732169
1.94389370997581
4.84356087708036
4.09033056882406
2.37391315782255
3.59510219006916
5.79021692247998
2.93133110360281
3.44260767459673
7.36953505043622
4.57420434940071
4.33540616980209
2.90924843202936
2.70775101444462
2.0126018361636
2.88056075009696
6.40793414925269
0.974946948834781
2.72652218144372
2.74749257062494
4.80044838002275
3.12371136485928
3.99764051835406
2.97086394725942
2.16885637595466
3.51794805936719
3.4850961079451
4.48071433724269
4.01224005913528
4.65538096522813
2.51306374845818
2.12643730773662
2.29940015606343
3.24102769963358
5.32606301033873
4.56437530949583
5.89311035822221
5.56677691618358
4.10416501276748
4.97959960200054
3.45274616411476
4.67195173405219
3.8326594138126
4.2331973039693
7.05172405665012
4.96674032647692
9.92276916652473
1.99800410631501
2.64637117046026
3.97705548879003
5.04592233167749
2.61033600906844
3.3299059684793
3.06004461924937
5.20550777365568
2.26862299617915
3.70263873733351
2.44868584783909
2.0372627634879
6.14438738529382
8.13962912086266
2.09393662616554
6.51086980860371
6.37295765353087
5.58960500324593
4.53381671320132
5.52507405329578
3.29861965691232
5.46776340433609
4.4502039946567
5.28331600178133
2.68197901614814
3.4506014362608
3.12877514955402
3.0865735602348
4.25175101651317
6.57292732048266
4.57850880019074
3.67952559185563
5.67148444213255
4.29723493864014
6.08394973660195
3.44570451238058
3.1647237338547
2.38010238058077
2.73921576629037
2.18554479132792
3.06668112304129
6.32871043057017
5.2948791057617
5.44761871242019
2.47471546712562
5.92715504156485
3.05168211235285
1.60939461470559
4.45891270723695
4.96633118958585
3.97683897260331
4.61335192184433
3.58970694244607
1.91009368147389
3.67212387581356
2.58045319191011
3.02739369201512
4.4771955817413
6.21776742891842
4.31540245120472
1.84225865447764
1.84706713829445
2.4772599285396
2.23893795937775
3.1062746240396
6.6614368666695
5.51523628652485
4.72763878012732
3.63436063368192
5.77149414229123
3.09112220148384
4.13096372577643
3.27446636312037
6.17755109158464
4.57077667262705
3.43603586578296
5.91991787861034
3.48301351292919
4.020108828901
2.35747878965207
5.24482223967815
12.9779853399362
3.35637707538169
6.88510721518372
3.90489604343491
2.6600881791113
2.14340011733039
3.05505769322432
8.0268042324498
2.6807881114693
5.3128647509659
2.58484416179149
4.10257458821344
6.59503736049411
2.44388261706926
3.73497922631137
4.46146700630375
2.33811884891253
2.91293949193596
2.92149129275372
3.22205890772356
8.21442481373985
2.41102579397981
1.90298070673904
3.87818633405979
5.30086751828956
2.79084283647038
4.94574097877801
2.87413453655764
2.02013408115534
4.45529198721223
2.92112738688003
2.98058011369219
3.07475148728192
4.41968885803582
3.31574265033272
2.46220238004736
3.44583242641812
1.66963256442512
0.0218403405880146
0.0218403405880146
1.79012236848172
2.3392612432092
2.2029647477145
2.53602357474054
5.56104988351942
4.82731923878672
2.62066927609496
3.02168399317226
3.51336950895544
3.82845382510959
3.33330604466066
8.84711373856529
2.66449845534263
5.82071381970723
3.80426984180126
4.63221543302484
4.74702346475825
4.38465591310348
5.2667933768014
1.75123481944591
3.50641217381528
2.74866380411252
2.94547270504928
5.20065065395331
7.65659658616262
4.11016507320488
1.82666672999079
2.03151113184029
4.43683309229075
1.65529069409914
6.18496651431996
4.2284096381901
1.47806153166018
7.22128520523028
7.35075279214607
7.32638646529582
5.21493282472208
5.56928643878104
5.13173988315687
2.94521400749651
2.16063141493805
2.42813023070118
4.32006941354196
8.17326817298236
5.90429448899875
8.68825849674232
8.57041159267785
10.660947935213
6.80449234085854
2.64690977684816
4.60309156278999
2.76028657714438
0.0218403405880146
1.94180475845807
7.29128662192829
4.42829968481742
4.84428522801847
3.38961081735878
1.26603681555671
2.49440073298188
2.39409529696594
2.49460131676963
3.17629567360963
2.32408976646524
2.71660644123372
3.59066060262554
3.42510958117553
1.15019611653772
4.14641106115763
6.07110129395187
2.90127307620377
2.45455684607019
4.6983392347994
2.2284570480774
5.15620266277596
3.0015437629598
2.59692599902557
3.79088425096553
7.34387376595776
2.25823684990553
5.97359581550739
1.60522198895567
1.30052566845628
2.14115079477465
5.03954698785291
4.49620858178252
4.27281900443869
2.08787798359179
2.71184571190564
1.52462468410896
3.73640969595219
3.70614225917472
3.03688470496633
5.20953818682901
3.2804631020494
6.47894545137181
3.92894427500872
2.38277103373875
1.95172352745873
4.95228175244463
5.02245239453349
1.51726051363482
4.96417500691429
8.72286486577258
6.15301146199541
4.29516339636592
11.305072063247
8.8653212897779
3.38103599773698
6.28304379411039
3.35616782686912
3.54650163385323
2.38155010144932
3.13393211159189
4.86556773050875
5.14868824441426
4.04932202008375
3.00313091613039
6.61252500442933
4.22299718515298
2.53070656125475
2.67109777375819
5.3699875312265
1.62138964319308
5.85681655473874
4.54045822123336
3.55718634815005
4.11608804491348
4.4114557685255
1.70591594854171
2.30634187576655
5.27285140376077
3.43199153209167
1.97414705766862
5.16121715229982
1.5539649153549
5.53814262563094
5.14005462383706
4.99492105376062
3.37476890835179
3.34704643529552
3.52103640214751
3.2207347575778
4.47224152041651
4.120682482483
3.20297136257826
3.91830615437534
5.68942880370873
1.81923253835634
2.56797775166803
1.06203498670618
8.28199251890191
3.84622619114745
5.36950281893516
3.06614088715366
2.88575161974002
3.58067056189994
1.50254724012268
2.74673073630259
7.72412485049081
4.77347831887161
4.60121667787719
3.12959439253783
2.72653888604745
8.06374424559566
2.8625179689251
8.26797410671499
5.98892620634011
2.96803033539785
4.42081792708026
3.29717643738955
6.57229653818522
3.25614469807324
3.52492684006071
1.6365920075975
5.34032840793515
4.49660003330574
4.14000969735457
3.47583672275433
3.31390370414266
2.76333490843973
4.90271813580536
3.78666946920437
3.19290748617403
1.48697555701001
5.60007433040481
5.37212203116058
5.30901708061442
4.17913207163831
4.26544123359061
5.30640403043817
3.18095094713532
4.66302337780821
4.37468145712193
3.1507516413525
4.24780189603198
6.03076193086602
3.73678073615597
5.09298806221333
3.51462982898053
5.30455503115526
3.67203760894833
1.10504603831761
5.82589628704283
3.67698449956629
2.68596072672074
4.74435244911692
3.13500949007455
4.76083242988673
3.70916633188773
2.89975336030324
2.90326823412711
7.37586246708217
2.3916696992619
3.80607721397891
2.30015353854341
3.39751726859413
1.8152763722025
5.42297031531751
2.60005750398048
5.55831531979291
3.00312094023478
3.947870545716
3.68072899123435
4.04200785582481
5.70870898133243
2.2746475192461
3.12597999030083
3.2365708225135
3.12677724112923
3.10834520756553
4.66036877098534
7.8806092593401
3.96127167591933
3.37353741177532
6.3338364895174
4.85926554720486
5.91711811407179
2.3092728307421
4.69586884127914
3.86445313294014
3.02720013768441
7.03407084690259
4.61004418580194
3.75203962193712
3.09245641704293
6.42174563374165
2.84834337358898
3.43788076965334
2.82453617656569
4.46525396759627
2.43807707717453
5.29190456938731
9.03375140198211
4.997386664927
5.2170751926889
5.85012465656623
8.11441794969345
6.02134642010541
2.06417802733179
2.89947779536368
5.25173495455268
7.95125334185817
3.28773146796797
10.4808420104259
4.61068489860966
4.78993957216062
4.03222465779108
3.00221883163939
5.46491430898106
5.24283865546717
2.90942138690752
3.16207418007961
6.05800327901174
4.51677279406001
0.0218403405880146
3.35132989813665
3.45412319055286
4.4702110911642
2.98213527721417
2.4680616632934
2.81884017029421
7.79820012762414
5.45833936107478
5.01022633909581
4.7120618445624
3.10495601419343
8.03275336329443
4.4669788435748
3.66677496736273
5.95796178610146
1.6682813126151
2.91413973180817
3.97935270216108
3.67086326610267
4.0575255120326
3.43490284090415
5.08915150975953
4.27179711003931
5.08468818286189
2.83158457174253
5.03487155471107
2.53402732168249
3.25507978459932
5.87559921230986
2.6692671745459
3.6925152391482
4.18083007582787
3.61585956958612
3.11006303297407
3.64931336947866
5.2576796099909
5.52860710332897
3.22701328641683
4.04494394949296
6.27228458905941
1.86536792940902
3.15479926493381
5.73302565514261
2.76091213343778
9.20216361736709
7.24738668951814
6.86553680109269
3.14526096994597
6.59261133039972
4.42224587916071
4.91134376171635
7.80923230251206
2.64391826428785
3.99455117980804
4.67715702613027
3.78127335931359
4.17717394624577
2.97945815400099
1.58443761991436
3.32682432636867
5.48536894580653
3.89718923744728
8.47752127053981
5.22390815665687
5.63480900109945
6.96808488747994
3.65580674911142
3.46834204698867
4.09322097879259
2.8513034935386
3.02127436743587
4.67923079314702
3.09586414861147
5.58769784148952
3.26242321348312
3.60098206798426
4.57787966822237
2.63671184560571
6.28311216399664
5.7321277899904
4.41649000573456
3.61120602846529
3.78177675434542
2.61285409984815
2.01176542792022
6.78814342673315
3.38020789605379
4.92625721633636
3.27544325851502
4.63058472173625
5.57882502286087
4.43498524468278
4.33146694901175
3.3228038508848
1.52019750868632
4.50391161575123
6.27912396954734
3.22613813051026
4.93288086225128
2.72083366215862
4.03886977785564
2.20790456863521
4.64104433019348
3.8571632474102
3.90358403884657
3.31995218944724
2.37807486018989
2.02836702032134
1.36621101492886
2.81847866322616
4.60910443670448
2.92458968460371
2.59017640788542
5.90278152889303
3.67396034820693
3.74216662125596
2.77679612820002
7.40545576528909
5.38427056115685
9.78435322912458
2.52771344557108
5.17389145050579
4.40691407450845
6.36669804506768
2.75922299572249
3.11652267397716
1.86109062804073
2.04708320653634
1.69733704745981
4.19417362699311
7.55631889162784
4.1460033433752
1.95563051049249
3.87496600622089
1.17886908711798
4.562288775444
3.20776842510139
6.72437904774488
2.99033218522736
3.89156264028152
3.08796286867868
3.66473509095175
2.31789219416828
5.41038846558647
3.7031242868226
2.79102478067279
4.89285335904523
1.90930822618372
5.01385623344129
1.71959653340524
4.18186268150907
2.13780001921345
6.66486385086264
2.95678714205754
3.61049381952004
2.99353328542507
3.2980499200222
5.19501967247468
5.52547542896259
5.51027077512239
4.77498341182287
3.75900749372745
2.47289670633315
2.54969597360242
2.61670891504226
3.11006309069994
5.0358599165831
3.09138633660628
1.23996845325873
0.0218403405880146
0.0218403405880146
3.90988938223132
6.06834592346502
3.64143651732631
2.38949082286868
2.41682169089374
3.92164572108606
4.98763645812469
5.69698249993477
3.83430164136153
3.25759913733091
4.22562720295277
4.51688802341354
4.04567949738446
5.70471855047058
3.19562362224903
3.31733379679296
6.04961824676837
6.5755766851726
4.49832764147888
3.08061343423537
5.66923308033655
5.01969054616845
2.25163796916991
3.20053143490614
4.68861380218517
2.71759658033432
4.3798983910076
3.64091499719613
10.3939890357484
8.30092935934202
7.56672666221823
8.99480311340224
8.28138397757577
6.71305836880062
4.53660628085157
9.67649086655629
5.0458942926603
3.68211702113564
2.31583900771286
5.27638279443646
3.22793506085698
1.98560582002129
4.43891096275661
4.7275380958455
2.42769320759172
5.38585766210868
2.92327266428234
1.46122768155723
2.73745308796586
5.68433429149497
1.33594106232556
3.33268120171957
3.92675462817151
7.30228690015502
7.84392454536808
4.20160691371532
1.95245265163379
7.4091315024125
6.4839392232118
5.23617176545079
5.2549399611435
2.85342423128283
3.73805741498399
4.8017615697937
5.47894008671168
4.28461814128864
3.58293794774192
3.49133696304217
4.91474042311807
5.56100986656203
5.02285950279803
8.78833326334307
4.92947757225111
2.78705410999084
7.09753297789261
6.4511149794599
4.38716537132721
4.63291613207232
5.98552011891498
2.31537893150988
4.39084209286281
4.14390406953261
3.38794461555659
4.28774231664688
5.19039599216745
4.11917063414756
3.0644908287216
3.97363739184066
3.0845166487929
6.71375405562174
4.33357260869859
5.78439899033226
2.75129217821636
2.98735542183881
1.42931580930187
4.50606777352138
4.41544526768246
2.16967787859752
5.83364226248882
8.87583288365138
4.44787476661844
3.65966857786404
7.17425396021537
1.82334512592212
1.29041552348874
6.12454190623619
5.28279068952636
2.66233357923924
3.07864742202791
2.78727649452547
6.58698152067706
3.79260080584324
5.19075761844774
3.1802957220035
4.447395106686
9.00172199892998
2.84789182981061
7.36658229009103
4.25517490300747
4.89942774795117
4.99057626141537
1.80244083038798
3.11155507307687
4.77536324945931
4.47498059544987
3.20606474157223
2.33552366681358
2.3745536676705
3.8295136857461
5.67464790753529
4.98734188855234
6.04579444903815
5.08069909655744
4.14260584291737
4.39161634162155
2.87077539050913
2.22399349325676
3.54101768018806
3.06106131869392
5.70960883385873
5.67771141299597
3.31002469421506
5.25400281469668
7.93381782749848
4.85909695680996
4.5987093243407
3.99142721913211
2.66870457953203
4.23765113734229
2.68889956072595
3.86725481994762
3.55961166088467
2.58180100891466
3.85942246346529
3.05422669971669
2.55096562181198
2.47134405456777
4.12123318884214
4.98980577669349
5.7885988756564
5.09452845641044
4.66832424574329
3.79132237072692
4.95042196816537
4.39778010430086
5.39907385873383
2.84676542110757
3.67545589662595
4.95413940667647
6.47590288198069
6.4000430794471
1.46253390848072
6.10552912585421
6.43059527508813
5.57818369676058
3.59248424521277
3.09681345759548
4.28394872006504
2.85903536737199
3.23525261615962
4.29865450440408
3.94466904302886
2.0424488674262
4.45151714781204
4.75647739160841
4.28622213891664
5.30982225337671
0.738672333620201
5.56282337213138
4.04277011738007
3.72328807192081
5.09571156471757
8.36610241333096
4.90658279386762
4.01518211996194
3.84197780031741
4.31437866334438
2.53035629812334
1.97595179203405
2.80745944202196
5.83640654737161
5.80886837097803
2.91948966806309
3.71818294764164
4.30671750293749
2.71010649310136
5.14876037219545
5.4280442168177
2.01588208856939
4.91764169414916
3.90937915287521
5.24733799664728
6.45344173572223
2.00700377598531
4.04663708311119
3.86895367457437
3.50234794678366
2.0970097540431
2.7732108146698
4.44267289414219
3.17362913692049
5.39832772608381
3.32984076838143
4.37024969778032
5.21499748183999
5.2698501594827
2.8473829108269
3.31298262438662
4.29131334804293
3.48307873256131
3.20392290215958
3.80339672624727
6.2684433588617
2.56049687426163
4.10486822611914
2.21922730378397
5.55103907435327
5.60645230840014
2.32720583603323
3.52293082276547
5.77725995013866
4.61434717720497
3.12706708401656
5.591279439558
6.86461334795834
3.76485919650306
4.02407595220722
3.20487353236641
3.83751676486136
8.28622144093946
2.5654417012442
1.87929829018229
9.26416521739459
5.53079071087157
3.29972120146608
8.59171197030261
2.00625743696641
3.2403449924414
5.73150516630235
0.646927361352861
4.77426373007847
2.29164261075428
5.74839770719941
5.69626566864767
5.72345182406136
1.84638818733833
4.73667458653371
4.85611714391451
5.44286205587306
1.0899789364818
8.36493134950123
2.84764090982834
4.52470103879016
1.90025372301085
5.30647254967809
4.08732178651707
5.95770099743156
9.41072831942065
1.05242632171326
5.07248166044807
5.3690316039735
3.82745133517445
5.1616849951373
4.34132367650822
3.46408920902931
7.83976374667742
1.2509601416054
3.6874501411979
3.38082945158971
4.20755802927248
6.93275504832386
5.58923745202299
3.25232485947885
3.15581506488594
2.12054964293086
2.96922530488992
2.21879984223416
4.12416745962981
5.97485967518716
3.04019479953518
2.28402787062348
2.95627246306399
4.06191102318389
3.24138064798488
6.06789911297499
4.73749845324436
8.22492033071404
5.97838939506882
2.64410565789478
5.95644269284645
1.55196496566977
4.25321536294823
2.85397714353285
4.3229950983639
5.48873981145722
4.17782936217486
2.9789495421319
6.35265743050267
3.89162727090645
5.12597197307265
3.87376617435071
3.40621209267026
5.71712446311944
2.65751366814947
3.75802830703177
4.18335496576014
2.1532312216298
3.48056321643317
2.54296116390212
5.80756914476093
6.25930310153721
3.62832243865192
2.64859363100334
3.69547002681307
3.9203548912117
4.08440056822307
1.92267581103963
3.83445029271375
7.51233319898734
5.05443528079846
4.56234575929339
2.56339757808153
3.61959611898129
2.21501760838661
1.11409696255974
3.42896591154599
3.58756575532356
9.1446193103684
5.72416936643479
5.10972911756721
5.13135284989054
1.57207408814865
1.85174902302989
2.38510727176561
1.59082326087203
3.81270017597067
1.23415971542752
6.35752726296947
4.87332108394893
5.7472765262108
4.78957476367578
3.03330277073931
5.77768413640492
2.62057610651197
2.40829330874963
3.31746110471586
2.36062301980179
3.86736757166121
4.04160079619045
5.81692310020375
9.84349851271651
3.17141663745835
1.85937670212653
3.53615162814858
6.6294034748127
5.16345834846927
2.51225336241187
6.22320930157266
5.25778485490392
6.19487750109215
4.42959596690801
5.98476553454523
4.90664582400123
1.50623121801047
5.5249412619464
5.29694188924568
3.76304379353833
4.34368737348159
1.31762984467765
5.85134659944919
2.48454519412043
3.86451830004336
3.23880904350074
4.74921700569039
3.20230832664256
3.22352657139199
6.57322670304239
3.74301387321263
5.56518773884997
2.52162808249258
4.19330604898799
1.71451162128892
1.18567144006132
2.75087862338675
2.97196393439241
7.25511013504177
1.51009821179861
3.26744939447095
5.42042662962578
3.74264509973336
3.9267220997414
2.37184698853441
3.52440978299027
6.32974907811074
3.57737374285474
4.11917060510641
4.08789803911587
3.78796783122608
1.4165499295093
4.83443632489085
2.85801600940967
4.38929257205854
1.56626427489338
4.48310537225541
3.16390462609451
0.220890976511435
3.52194806369898
3.43711415429415
5.63077505457307
2.91862682390576
4.34484486175288
5.29909024686365
6.65256901365932
4.44333279898112
3.05037978490134
3.08369704776042
3.86566365760704
4.58566653150774
2.80567598988084
3.95668153339972
5.24106527707823
2.01825817068566
3.91555105813907
5.05140583068946
4.56125239216079
4.64365750927364
2.65302295301519
3.86102759052033
6.50395247698777
5.91849379051464
0.0218403405880146
4.64928977843099
0.0218403405880146
4.59751053623573
7.08639351731417
9.81122705897623
5.58337248712463
6.16476765587147
5.10696738823946
2.5946367517812
6.81139502285532
8.32880252134655
5.8570789804277
4.12545674247415
1.81951422110056
4.78499911963563
3.04867890205893
3.20808544626101
3.80272595060374
0.0218403405880146
3.08655539308133
4.87459869009681
5.22917185495076
3.96521339965499
5.28897645410985
3.51466451270644
6.60756912400765
4.82203067137837
4.31977321508331
5.48330422584079
1.77433865284
1.77896495723875
5.8978108034761
4.52923300163474
7.4952416179823
4.56925152991282
3.16265303606677
1.22871985348177
5.15513203334422
2.83379640736508
6.04664105890957
3.3404462666388
1.45475568877327
6.14876194127377
6.086492082826
0.898856923146376
0.776078248109446
0.474157287906892
3.41806523047976
2.74998067566824
3.71088323081695
2.4864184831612
2.51545316642894
2.84372139283237
2.75538882668948
4.63686199533404
5.54046157595797
2.24419013064479
2.11822876254818
5.62446989004444
3.38843911021065
1.41836032137869
3.9109710247852
3.22495266473043
6.1170782061119
4.35659672367687
4.1223185653091
3.02704576527204
3.06559898909001
4.51846067706709
2.46352946986052
2.20487120999433
3.75801750796923
3.10429432201312
5.28502782429243
2.69002598348998
1.56916705350145
8.97013305577078
6.26611671361459
4.65775543883694
5.09264579647739
1.02482156508544
7.4281936067656
6.4686318583147
2.12809482369351
2.7246960677358
3.41514134562266
8.45362834323257
3.04599959836323
3.13004227538041
0.560361359969916
1.73045522691261
7.39210570417233
4.57387987620906
2.4191793280035
3.62994494680611
1.82289953813967
4.82156527167291
2.92132193302567
3.21031932360932
2.93866550961835
3.37075826456722
5.48813522551642
1.56392327342935
0.750074487071825
0.399864275246238
1.51129052989637
1.77287821076854
5.04302367220034
7.16040185381965
2.71725398203499
2.35373955921924
5.3942245576137
2.65584113413226
4.94426005882339
7.46469867339103
2.25421023906591
1.96304810319465
8.46799997032645
3.32694634806905
1.21459525097661
3.24152500349319
3.10082778867731
5.32242990807478
4.25855526705851
5.4002210438534
3.8775233420328
7.22796902808049
2.87999587295675
4.96202632760277
7.20403479722068
4.25155496943758
2.24216363422038
3.28316147716584
5.09064926722669
2.41590745943639
3.87236538285116
2.73297246861138
3.63014940954619
3.65824006533078
4.61673599557014
2.17842649945052
4.58712991880146
4.64897571020579
3.68545221170029
2.52323251667533
3.41080657704841
5.65928265834849
2.545057304787
2.56710013003942
3.88929291296894
9.49490993335589
4.34807925858919
6.14660426365982
4.12384036837166
1.80756661591853
3.59092614564861
4.97793725165946
2.77020476665695
4.94924066849091
2.51471703192445
6.11267725312593
5.60589696707175
4.64273406882564
2.22007880069779
5.79320777269496
2.0307076525163
4.50571935546005
0.0218403405880146
7.48082579101079
4.46037481923627
4.24312666897566
5.49844787476475
3.45991017536392
4.76056477964154
5.95717785671538
2.86400245481582
2.50912272785588
4.35670680364593
5.28469523857591
10.7861648214595
7.07872533746161
5.6057726714111
4.1861002046264
10.5752838672528
2.90008846439008
3.45184474991654
4.42927161991777
4.05692934075639
3.90227872025998
2.99045931938817
6.60887105782973
3.01376060233015
5.38581258226941
4.92264337917448
1.42436318702078
7.45468661053658
3.47935109643929
5.5918276954142
4.61329846456658
3.56315708925474
5.33662972386959
4.24676917058015
3.29602582121674
3.11189747587354
3.53572729365383
4.12208378717779
2.95180507694762
4.84327848013163
6.00525347575944
4.84837690013295
5.77914693522301
4.08860085805986
5.7877209541327
8.75350440796568
2.66764698774309
2.05996621401308
2.88098535708318
4.60108277436743
3.28656109270973
4.13207420125777
3.37895667022764
5.5787868905397
4.76497914309218
1.85091792867044
4.32486687566376
5.39007605909801
9.16168350117939
5.24939061862086
1.80804273950455
2.09448590842092
3.63462873328121
5.25570530165401
2.369633430413
11.9973534166153
7.04938626320369
3.91915034705917
5.71095926623481
6.26458004266802
1.09050988441309
2.91162159372208
5.70104558552616
4.64922698264943
8.05002719928027
5.90939690841264
6.2749959341724
3.67716210952916
4.8192875909132
5.68498718861241
2.03769057034864
4.46720251331817
3.61289891747132
3.61709851817418
2.6778774234998
2.57872802277992
3.67201875173283
6.02566148113916
3.20326937254842
3.78535824811254
3.04396434747404
5.10175300999013
2.93272376365555
4.37294159616589
6.46216690438269
3.78592419479652
2.96655164953337
6.05776421546217
4.21583317756952
5.71164183308675
2.94637123388011
5.2653839152564
2.4491896960849
5.3004266345558
3.21164800698322
2.54823361059587
3.27005698599671
4.64969915332973
7.24166591006694
3.56811272555946
6.19804895066106
2.62058239616534
3.82106195082326
3.71561901089774
3.27969663889104
1.98358263408687
3.20114725165062
3.75493483160905
5.33771089507881
4.53691730209207
2.4282005335095
4.90350294166046
2.54400150439227
4.39480239703782
2.65915094304608
3.48913461643805
3.81247608205737
4.01970719250134
5.21050127109379
3.48038708774716
1.49090284017729
9.05988043511221
2.4224325477905
3.78301651414353
3.23876669508426
2.95443835913242
1.59950140012214
3.52110559606651
4.05035641179839
2.53552944190973
5.30586800318897
1.95734801991675
3.80367928423678
2.76410381987481
5.24968880206417
3.97779477163977
3.31469726038521
5.75305178476451
4.97711809366929
3.93014543104655
3.72225137937272
8.09759747836653
8.44881360617428
4.00743828749397
3.98035436584128
4.50943653330058
3.1240823041245
2.25320496088062
4.93320185048866
3.67812201353381
2.79649148274196
6.08065837526282
3.99672107669952
4.46549332303141
5.01578741688625
3.44595356348753
3.55413759900179
3.63144834858528
1.57738422045503
2.39682039694211
4.54195393620102
9.33505274137326
7.5830791094615
4.4467276245243
4.08454414241347
0.0218403405880146
2.760621059822
3.17439031645073
5.94377604020064
2.66043690749702
3.88735807364201
1.2687171814649
3.78365329039742
1.99542415273329
6.265681442283
6.21197463596035
4.37377020586986
3.72010680199518
6.03283737459711
4.15219344861963
4.7645699477591
5.16695588051679
3.29535722563258
2.30946139606472
3.86533853005074
3.97704177411382
4.80283941855165
3.60029147972985
4.23338318975346
3.62974282760486
9.99206001438579
3.8324493680556
4.01153868083394
3.57734920497603
1.35124184230551
4.00928673776778
1.82011782142997
2.23171449037117
4.83814435945264
4.04168856282901
5.19101874082247
1.6844050175042
1.54062598931196
2.08023902351696
2.05217175704343
0.150659075968846
4.61033292001866
3.5956426607977
2.4951678380514
4.64206599669941
0.169278929270389
2.8681853574489
6.09594877372955
6.6158597325525
5.12684390874495
3.07736671160632
7.14438610072519
5.70196804776394
5.4138923775135
6.81823449561955
4.17442778494294
5.31976128681807
3.80531651308025
4.43881310216973
2.83788113762246
4.05703720552056
8.11918789190426
5.41281639650362
4.64206175480796
4.82680717703242
3.39153045724072
2.89436391541155
11.7600304664708
2.94571880767617
1.71063914960063
4.11054804394167
3.58898975511206
11.3528577471065
2.46569088541525
2.76517616463166
3.39792797480407
4.64216252519733
5.03625479692838
2.88674142476272
6.18737046654407
5.55711905198999
1.98996886969479
2.15763801285094
5.35874329185847
5.51097598512632
2.52494639716776
2.92416599678669
5.16834679361809
3.67214241401834
5.87195486106912
3.93396837620615
5.19144955677591
3.99189769672062
3.74709726333085
1.93334990116445
3.78272501653789
0.96952585481332
1.55843889139242
3.35923613492417
6.50160617938729
2.38983496525449
3.95472945764321
1.36813199307613
2.72260618692828
3.94038795219724
2.83367758529356
4.32297635080335
4.58192363062744
3.25420279693955
1.39725650170486
4.71810824808353
5.56510760493127
2.17704233522338
2.34107335995355
6.92910488533282
4.53896599892337
6.02856162102862
1.74092030338082
2.7022827478975
4.10896546876266
2.74177087997954
4.08443461688533
3.85203717152081
4.31828780861776
6.8204643133703
1.21701022001367
0.715067171025134
1.16921504683141
0.58059864594736
0.669932930118403
8.59241386390396
6.24422970769859
2.78685207876176
4.5298180789837
4.10688000659379
2.90360361058518
1.77012129933729
2.27505058299034
4.51330174085518
3.41058986331987
6.39964872218505
10.6351462060139
10.768216635954
4.91514789330799
4.62694879787126
2.72195491269091
2.67259108559641
6.83969743670136
6.15865178754688
4.43155688291957
4.24822871276669
6.02440316051773
2.35424406098906
7.25976560947126
1.14919874320357
2.58589259125126
0.120175350946596
0.430114181521668
0.459723356543517
0.577780487594774
3.60076609159275
3.1232962137512
0.440753487883367
0.255039103284655
0.517261322015661
3.28482251314744
1.34076903848298
1.33524814653567
0.915512557963224
2.25930267584292
5.22335360844849
4.3433952383948
2.93526655186114
2.50309764723207
4.81005966117052
3.48435861020496
5.56280104168703
6.18253789550347
4.69198187950027
7.29787697572779
2.45493582899151
4.08723744266535
2.43118915665035
1.56634402685409
6.23266805184872
0.473947993111532
0.456581368676149
0.719541408813749
1.6782837179836
0.977382276026307
1.45620500962879
0.797200390351979
8.11343297911983
3.84024165791418
3.90067157731533
3.62687925392616
2.99928399500211
4.43614080549785
3.30203223104546
9.56924788882096
5.71646354061027
4.81386769944367
3.28838423590419
4.96494705800851
3.40395426832057
4.23083807547013
2.93262785726975
2.25871544405153
7.53640128572602
3.52901936853954
6.1809699557272
6.01591059768561
4.53866241758497
5.9315746060868
7.74760366710305
1.78470820978028
3.29339002503815
5.66718602941122
4.41039735850075
4.74378539039136
3.04885042765509
5.24224499583403
4.96736127594069
2.26045416480449
3.50229075384083
4.55361260519594
5.48779358140969
3.41399232314751
2.7107460180153
3.1518727170702
3.17687222605179
1.42835240798867
8.2500602018434
7.88524876828529
5.637487367526
8.88395187224938
2.33700725213823
2.18711550781401
5.19356735623937
3.1449110306951
3.99741661563291
1.87297542799269
6.22983481697506
2.66758504783718
5.88317558997012
7.54557918025384
1.69901370555222
4.83991040421408
2.15048314941724
3.94494506210728
4.39865244365039
4.45388353393689
2.86192098998034
4.21681115718201
0.754506821216713
3.73419161524648
5.66349238684672
1.08616559786157
3.22761451311037
2.05587609933808
5.58189783336599
5.49051778044006
8.19835602994361
4.80171170257978
5.46725986206163
1.24754738283107
3.8436987441083
3.1450585515322
2.01819452113169
4.27040583124362
3.18407469950747
4.9105093189108
8.85213364587353
2.03068551728228
3.54613918984007
6.62309301965512
11.3243675252532
5.24601911896114
6.69665081854384
3.14136430524939
6.15028172849483
4.14572257563327
6.78766535109409
2.96094523342821
4.90887048549589
2.88604631454584
2.93856382274724
3.63962532230215
2.06439185524935
3.16300288551621
6.70262108802387
2.40056170231946
4.02890258263473
8.03664684774164
4.64330031611446
8.55845763842852
3.75089020895929
2.4142020455046
2.5414650409655
4.4910870740196
3.31888629103072
3.61453270277844
5.88009558882606
2.82623718118792
3.9736464595135
3.37103457237502
4.53325334451894
2.64552259300471
7.8667693163395
3.0599522377425
5.18292675194134
2.72633548077596
3.41434221349577
9.03061229829181
3.10275301015573
5.66926049134616
2.67633927640176
4.06523101929728
6.01766623874706
3.4253857620746
5.09800345910493
5.44060480423009
4.39141293667574
6.07954457268354
1.92715363155822
2.30198329610705
1.38556357274903
3.8834409442706
3.99949100039036
2.38473670099811
0.9544277021765
1.43480331940328
1.90870328660347
4.95038152764566
2.91607613445968
2.38075771795369
4.75996931453849
8.28575586906841
5.4930332470069
4.6739536968387
4.50895828310657
3.02203124667022
6.40397370705558
5.54029265928804
1.46974530965489
2.17202078671776
5.67711896389051
3.19075274487287
3.91453605578077
3.12162157730525
1.46626421950254
2.34007992345502
4.3642101997761
4.48844496736837
2.2295348518975
3.33404205640644
2.86598003895733
2.53448153105803
2.02405572041754
3.441339983327
2.44117421639466
5.25907545138682
4.05818456010051
3.44488808864136
4.20842479856417
8.33260534094304
2.10544946967389
3.89273328446322
4.74341447150042
5.8064297897737
6.05151366927306
2.9791318763544
6.46491598309326
4.31492609674901
4.78935855341372
4.80503635739878
2.56471327868347
2.61605922984682
3.79046693345588
3.15582171536472
3.06861108366797
4.76568359370646
2.81147746505939
2.35314888999303
1.36901676132874
8.74542849619594
3.89445670775214
4.09193473475476
3.72071147072608
4.15460055975287
1.77031627266435
2.03868759223923
4.4600398607675
2.66077348521377
3.52302495363181
2.52011741567957
5.69339746442917
3.59482834848202
4.93034539114616
2.61144651249037
9.01212143168908
3.45761126095396
1.94728215997156
4.23816076637729
1.97921621891602
3.92995333189357
3.15017388877435
3.6663941508846
2.65972623385576
2.42265620334039
3.31322245965014
2.93313127845591
3.54990409703973
2.88177724808706
2.63006127830753
2.41892044672335
3.30553733118094
3.24172825756569
3.39780354833362
3.11656434491727
1.46972231373812
2.48264410266329
4.28836171556547
4.63066298848979
3.34583943803061
5.04008353376463
2.36465279772111
4.69575022086956
3.15572692726251
2.15137760875552
3.90217118369394
1.98523179715469
2.2551074776698
5.63350811585714
5.77423182204519
2.77120993674645
4.56169491650449
3.74057150806638
4.78730763575008
2.75532045532277
3.03228833033695
2.9622372163327
5.37046266970164
1.55677523719868
3.80195955421866
2.64481514777001
5.1060303460141
5.36941587341552
3.76897525013043
4.74880768811363
5.10810383630572
1.71704682905328
4.32375905343358
3.62941386703049
4.22164723188222
5.8902333386758
2.52168244661113
4.35073010336515
5.72608452014082
3.80074896993954
3.78692284621083
4.81337000949765
5.9829985827205
7.86298107945049
3.1317568540578
3.49389842636805
5.80101054967405
4.16603521298281
1.3081597718279
5.91506542002006
3.81128678969676
7.74596000207686
4.57049709890537
5.43164775085552
6.73793143961145
0.600046827906712
1.8391206059456
1.46568865676221
3.53201707960024
6.78975933158651
5.81365098261331
6.51937241069048
2.77009909834033
5.02436294962534
2.56287633730423
2.88771993214869
1.48848056779222
1.139731976591
4.48862875779319
3.74170232766925
4.84111767305237
2.59820737685689
2.89405354425117
1.63385891663646
5.43846242152161
2.66025993345499
5.32685010349619
3.57463270701831
2.36722264012733
2.27836178006845
4.63737477274303
2.44669241776417
2.72063455987453
5.10160024243485
3.24234046095404
2.97956507241592
4.76714169726641
5.41602015115601
4.16688828011283
4.28148266430952
4.5813056061098
2.74792996910154
5.18558795751601
4.30260034516497
2.79334086186388
3.71693126247018
6.26180296516433
4.58716129098635
7.80330698325824
4.10353508011239
3.37190764436762
4.78098704337127
2.28666508685518
3.05574117687779
5.1414289713197
6.61281901395243
4.50542988357964
1.89357492578175
2.00628415628181
3.3853762819558
3.34401178748129
7.77981158559969
6.12431845626974
3.8417331829969
4.29868141488536
3.97686133917158
4.53596668388279
4.69872802597088
2.83913111436076
5.27736547131703
2.07342316720424
4.94436917970501
5.41690840615294
2.81105181566238
4.46712167923206
3.30089087173696
4.58486545290701
2.4296962659245
3.03167689961995
2.26301958845039
6.32919470981947
2.16338079342063
3.82216561957624
1.5106342067596
2.57746225717571
2.67662599109032
2.46879441637736
4.76201422208426
2.7615053872098
2.13477249395889
2.63512074066249
7.04144472982716
3.61643301692587
3.01952857208191
3.04997235559442
2.09306002537391
2.77004722344815
3.45323590012286
0.0218403405880146
4.87054880071704
4.94458334944042
3.29460841493017
4.59196734100628
2.96802751882255
4.95028617767572
3.79608907599745
2.76253014555682
6.85062412202663
4.01377247468927
3.44893520942847
1.80933308410777
1.0996582517209
2.89341913442695
5.48229445380057
3.37565287471033
5.02019072243771
7.49514682272015
3.45405759636794
4.06065571200615
3.06734950519143
5.13408187990056
1.65699060578687
6.38247960321346
3.81561549184616
3.24989230443694
5.63398871794422
3.68631096244806
3.73579002620041
7.57245246132553
4.82971819299682
3.84242055442993
3.20520249360355
4.84989337792982
2.39911796986248
1.64286683816455
3.49638371169154
6.59776911256404
10.0133629691629
5.7315426774738
3.70462001260678
3.86439378021345
4.92288859579583
3.38335097821158
5.51520283958318
2.75439204001346
4.94682830659813
5.72961427550344
3.62719392570502
9.25290518291621
0.0218403405880146
0.0218403405880146
2.51990636648604
4.25157029292113
4.68664327839961
3.18158579529405
4.97846214887858
1.96579344936679
4.37199834096898
4.7385000831429
9.05192454002617
4.31494351600505
3.22189981427923
4.69926403706797
4.83689050431617
2.99777393397868
5.82329681311289
1.82874593573041
0.774996665991972
10.115420056057
4.48864607254299
5.76647934195646
1.85447371897912
3.04109079657075
4.33150158803657
2.73034923421496
2.34981785376361
3.55465208811716
7.13224861999083
3.33515169614864
3.16827993712202
2.63499290347629
4.22974632288668
4.18364436972416
5.53811769707668
3.23773833657645
4.99712601853741
3.07581712981485
5.96978575093823
5.48882538746809
5.3877853625668
6.77289508165019
7.04546635515564
2.40491113398346
4.89271391441259
1.34046150438011
3.06085072021732
3.35530511277676
3.34300647256232
1.44740543744789
5.40677554958205
4.48683262454406
6.00728659856214
2.6592665454419
2.37193788049352
1.72586014873106
6.99985345669838
6.32090294266461
3.21529622605201
2.4266206155601
6.30790306531613
6.83367374796063
2.40197628929791
2.68821634060528
3.35658458381502
8.09732195571037
3.30865343745922
4.00648205887082
6.03150575257594
5.12499336745153
3.21085380602592
3.76867093831133
1.67419232602104
2.56726274380316
5.34927015857696
3.46175010745106
4.93618958666106
7.33134397269982
5.05012723348094
2.82486429995777
3.40320492513436
2.07199795986493
2.35453764447718
4.03407558569621
6.01203248360235
6.40952617225411
4.09469671371259
3.57370827581922
5.35184352902213
2.75535146613123
4.2174611345904
2.16378913000153
7.23078535110282
2.47377869924617
3.5392513182112
8.27254354694513
3.95209467066071
2.40963800884961
3.64386531166477
4.49405101343707
1.75694036510509
3.08053874059024
2.36143347498013
6.14957630758238
5.78928549429261
3.85730376715612
0.958943795304013
3.10309768864017
2.22622896117321
4.91268517701677
4.02652769327854
3.48258357032785
3.36866491131085
3.24882232014919
4.52308352034173
3.13860902266349
4.66197554877791
1.32055665110229
1.19892445797148
3.72766668375959
4.6457481602545
3.80483793809866
2.77141312948953
3.76601837437639
2.91218815680724
6.26625332483503
3.1250825778899
7.96070341909872
4.31032699927371
2.99280570890402
1.45490674615153
3.13766499729523
3.81950814496392
2.56587264563285
2.1421543261975
4.93326667001273
3.12071163838008
2.66186416748172
4.0264269668417
4.83220462358197
7.83230738543992
5.41033070365868
6.94199985922224
3.3530719673965
4.72720465973228
5.85835798863266
4.10983488557345
3.57276325933515
3.02394031139228
3.9360993370623
6.11051699287893
2.64755454671279
6.31765865013145
2.56369938685134
7.81022895779822
1.80838240607881
3.61519031548687
4.89519995849459
3.35167419358668
3.41903794601466
3.74900584765823
6.01842187578229
2.31706298596918
5.34477693659054
0.271100564171184
0.214763268369239
0.19047616886094
0.518780155643711
4.57750294374056
5.86389941053425
2.65924735110674
1.50584454178971
7.1261336501258
6.0588565527411
2.34978426887096
3.08421301664252
2.86887007450144
5.20293722583266
12.8977502627698
1.33303829773464
1.83402320048909
3.2087661874742
2.98838547871746
3.90946228768816
3.26309079409367
2.63332343863829
0.408990283625942
4.77587682323657
4.39598238896908
5.93005897477596
1.8245982617041
1.45150972384224
2.46183289988556
3.83475303404636
6.26255163747309
3.94878150315477
4.44764492829878
6.41281816480416
4.4205446314316
4.93902890637481
4.76300236804446
3.86813463135944
3.57289689356363
2.67502627296584
1.6868440123293
2.37755756554951
6.50693039272221
5.90895233051093
4.47360554523882
6.15591731909414
3.90895463697842
4.61797360147906
3.57494239028494
3.22192178507117
4.82923505925672
2.02477486731088
2.65076599086494
3.76514648822938
4.98824084742896
4.8534132095389
2.8293471479671
2.60228727446907
3.33601688402547
4.64223045311059
7.63081715264176
4.47917230926086
3.91495540377489
3.20241770075543
3.74243960176357
3.44431491971488
1.64865508862154
4.29969963065272
2.76793773961289
4.25755010123748
2.97275431999706
4.91267343091751
3.64180414258654
2.94731543046447
4.97056073264886
2.06851687337327
3.18694329044046
10.8228663280519
6.07218503840069
4.39137882973068
4.83213576870229
4.91659013141434
3.82040130281243
3.91366285890544
4.53546168991958
1.70588911197742
5.3725095566781
2.82446370978913
2.51335066263219
4.07734936210343
4.85943058623177
5.2444456127664
5.07994348992414
5.60804508063091
4.96983293026555
5.98329172796995
5.00687171446595
2.42126185060388
7.30574205694996
3.73167657323869
3.34579676208048
2.50060165843317
3.41643662353957
3.26319879951114
8.57691293569193
3.28415046889494
2.77593183691549
3.48805017238836
5.41764614263713
2.96600917523436
4.74399340737213
2.30226989391921
3.97797218199321
5.31039511211768
4.31306103206234
4.40780333231389
1.39865183152083
2.34713925630039
4.0497250708787
2.1392693009011
6.3513270488831
3.98653580724889
6.41614549111492
6.33077861821614
7.87447768652622
4.34033071620212
7.65512379035588
9.5196717880069
3.74919158935919
4.66353702701548
7.71576967359571
2.4608835125527
8.06479875552862
2.73050289701953
5.14648251944144
3.025812582088
7.4040581646648
2.85828595499918
5.84346023147736
4.03579460589901
5.14549818444066
6.13620463003952
2.82581684495959
3.11200763522808
5.11977763902413
5.79787183286043
3.62284108210375
3.92914773363217
3.5828200727139
2.12500616406718
3.95976965437691
4.87881276317862
2.43132745906393
3.78527927130239
9.23756637904389
4.01543021562843
2.20881317457508
5.79931211734255
5.34470787132385
3.76610523062929
4.60932939674421
0.0218403405880146
2.9473176540594
2.76561962405015
3.87512611876595
5.77307542512747
3.85136147786993
1.73615616829396
1.50999754767833
1.94080670133775
4.65854130375499
3.93951905510284
2.153835703889
1.57222407147573
3.40875244279895
2.87135117556846
3.38262000179559
3.77326496646901
3.63208920721037
6.7027728050213
4.26284807392498
5.32225973589943
4.63124279084508
3.5056994395828
5.12427544301768
4.65107455550366
4.68344830904585
3.7008742415926
5.1763017023777
6.86580296135956
3.45613683690893
6.18236599733893
5.45527530009571
7.90399988353542
1.84842402805235
3.74615542849246
1.01721775116658
4.36765468289176
4.35496550411032
1.74198706106729
7.70005557461883
5.33246130644128
7.55685695697183
2.51168340596181
3.39810499913353
2.4116809229918
7.08482849556383
5.03160472562332
7.17339034007448
1.74974664673145
4.1929446726789
5.17479206015945
0.0218403405880146
3.58913477453914
4.01173546087302
6.92079735184217
2.77892554444508
3.49719766667649
4.15885445717384
7.81843416834425
2.30013567405157
4.72879258125801
4.94917757686375
3.21635562783438
4.24512536800761
3.07762551656628
8.03371578124436
4.27212181330782
1.79600112850166
3.73736073702234
2.57730553071036
1.67193296444498
4.69314567046753
5.10153321447665
3.13927627218323
3.56024514182551
7.39837876503036
3.19289711926156
5.80374057570739
3.84756711491736
2.63006310093398
2.94879901992177
2.69027145154389
5.81339734003694
3.93356136097477
3.33217308301231
2.00992086412634
5.76166869490058
2.87863737230011
1.34492797199114
3.32677182377405
4.75735750454093
1.66109425663571
6.46582694605758
5.75546151367544
2.98933760654857
4.44767202050551
3.79068866149976
2.7648117120679
3.29706748865834
1.90987120928842
3.44973365824753
3.58946194835365
3.84875356421328
2.94390682561019
3.64466935807539
8.2255332949708
3.90303513912404
2.14573994938366
6.71379788956747
6.26915711174554
3.80432650415288
5.08385003706084
4.08808586934918
7.89397795229768
2.80759770960216
5.06300978553355
3.4756797853547
4.71643541911111
5.20759424709235
2.78300961550349
3.62278811363971
2.78964997221379
4.62998244551594
6.54588914642959
6.27436450159814
4.88757398168879
6.37399504502607
4.22949948751052
2.45099952343421
5.09637890848197
5.06655197074985
8.33529025609009
10.2672293340972
3.8909251774467
7.51120864302023
7.45017600218899
5.45775614213717
3.70993517577158
6.22884187999542
4.805727499564
3.80326499283862
4.16596932074707
3.02010072754932
4.98626970670503
4.18969058205414
3.01853467086867
1.64188834324001
7.26769320745362
6.29271814126452
2.85971056979217
1.76688799032333
1.84653070042148
5.59461666228944
6.64562482932537
12.0677123559109
4.13016103716513
2.22270637374296
4.98450141794384
2.94568202440554
0.0218403405880146
5.87535273942346
7.34808205370263
2.91420438279421
4.68291494665857
3.79431629281841
5.3637763936838
1.79770863715328
2.43931798129891
5.42943264772883
2.55834197760558
9.8765388709179
4.95510212017972
1.6219420053309
3.6667178100989
3.88176765551219
3.87334177641692
7.16981089189767
1.94231423934287
5.04453719806231
4.5751087278859
4.9503663752491
3.94089461909895
3.20854705125805
5.20778307699711
7.40916919593655
4.70784463180417
3.5681651231668
4.10851671418586
7.63282988840193
4.42740083278438
5.69818254966648
4.56718487690301
2.43312271809005
4.37135449569971
6.56454444162973
3.43259153092679
8.43514081546511
2.02957107115229
1.59636124813027
4.40354860393484
2.44732403789739
5.07965586199869
6.12645967191413
3.02933843500112
1.95871935415799
5.83266649025683
1.23193542618793
1.53910296939543
6.02784250318926
3.81665922848508
2.37694072052029
2.50916497175588
3.19797417177134
3.48376009524908
2.65542851669146
1.91427198400162
4.1980984758293
2.53282116446652
4.8347328128764
3.16562719280638
3.09400400674586
3.7083875337405
0.0218403405880146
3.78964720712875
3.14269665075267
5.95730140605739
7.96363238165391
3.30592775590259
2.33017153030659
4.12975617863137
5.30530613053786
11.0829847164589
6.68070006996044
6.64753383042123
2.19308806145902
4.89535712623739
5.94043041093347
0.796328788658477
3.17879879792743
2.632508170453
4.91159247542871
3.38507816374312
2.52758580459611
9.32617022573204
10.3625431274041
2.30956873429134
8.00078161678461
3.23714119406328
7.05785733572774
4.48739942754362
5.65401286626786
3.00130612086269
1.4916731046812
3.0229587464805
6.23611303600794
3.68961560386438
2.48995225606408
3.77163284305917
3.71672002235403
2.62576144831068
1.27163194598676
5.79377299391008
2.86581872262716
2.09291153412172
4.32307109725588
4.24499024983993
6.63954448782613
7.02152665296462
3.97919645184537
2.58111581345233
2.98342016720256
4.99816223392608
3.69885850387008
6.09475369634471
3.65612823043897
3.67496950329146
4.31296216748926
3.21871700600821
5.01711363082263
4.19389382199905
2.61305450243759
4.60737060199964
2.28394978873862
9.61984634894313
2.90784747647704
3.93981234205096
6.06365840449336
3.62588740902334
6.28847197574226
3.42356352956946
3.86016021625471
5.5601848431033
5.60391936532529
3.73174404790522
2.89952891979639
2.30859142002304
5.54515352491174
4.53922657115705
6.95203371207293
3.9112475510477
6.50683764906649
2.84497697955268
3.24283299120092
4.34830995456594
2.06058708634329
5.32412853983053
3.0579704002478
6.32487211512549
2.5012729537805
1.79920772536029
4.96992922182311
1.28968977867891
2.68288308240284
3.24530741792997
6.349306540389
4.80709022582988
3.13247296825666
5.76139664887955
5.81058444250589
1.85413526255517
6.71698833680556
4.47121300509154
3.21082337474331
3.68199358625551
5.48644937873814
6.28640295396318
2.83679664461075
1.77513710884717
2.98969704851303
3.36033826887578
4.03453745211266
3.14155406487205
2.71554558366087
2.83173745846468
2.88279078420584
5.18118496500574
4.95220720077221
3.15133097272589
4.37412224794797
2.06477191581323
3.20078510884727
4.05477739984357
4.48638243267851
5.49991449323922
3.33421093252334
4.90123887308259
5.13091728335365
3.23637431935346
2.49490683297061
5.90293613781597
2.84990843538191
1.13277379155857
3.40297791953109
6.41178531810603
5.43145572413891
2.84927336367535
2.54407220101905
2.8080505452949
2.55545461983406
4.11708467383079
3.12607160472537
1.30695817129685
2.20032336363948
5.08685623592446
4.67514802678424
6.25184179220866
4.20702882672889
4.46023355658408
4.08616326739193
1.6523642717223
4.98522379385973
5.12799281160745
2.04021604730036
3.80709433391904
3.60611841335315
7.74072767648402
3.92094887043873
3.88165142328353
3.22436451617958
2.20796803241839
1.65236179812588
4.67346702916507
3.51360411401148
2.78522640312797
3.12163316883048
8.55895010346046
6.8899450223784
3.40400512953497
4.56140876698183
3.33900278001904
3.59641166293785
2.2687757065837
4.20301019084639
4.27007252238547
6.2595475836381
2.19331937061966
2.32866076831283
4.52186940810852
3.5721723249065
3.3021163149036
3.79341176737841
3.35347357101715
3.15237099030167
3.22542749452133
10.9739432088643
3.01685124907598
4.58655353821578
3.61104215677308
3.40620118443231
4.52797002605758
6.68760902590318
4.02596682409217
4.47522510283525
4.30104500580495
4.047122849512
3.15082835201506
2.26630712263765
5.66588744748303
7.86577527795207
2.5129250010103
2.69778158188985
4.23717762633133
4.69587560947229
3.86187926642053
5.69566413492626
9.1359246897491
3.74226243687372
6.50371077125164
4.42126176938109
3.84330898486805
5.24666385747135
3.09191378647217
2.76913696771099
3.28001412275481
6.47797277961203
3.48055308375638
0.0218403405880146
4.07037517160039
3.65278678735159
6.21205444363236
7.18925114691055
4.40329480159707
2.17306823296394
1.31944326163319
5.5775681505734
2.61951568979372
5.33489506717105
5.85971106433377
1.09934958334594
3.67651131836446
7.11137914089644
4.87366681836334
3.65659153701528
5.80175677090874
5.31178414023339
1.71720046635617
3.10029071270097
3.76194272364529
2.87597721186131
4.39885209221272
3.13301661067509
4.3647713106696
2.98605286021664
5.6438015610361
4.64098840068423
4.25284593026967
4.47366562052357
7.70563734980848
3.44341970899596
2.24114428179188
2.94400708859311
6.85347146752551
2.31487753378633
1.98087933359619
3.46808862358177
4.00120544051354
4.56037818971844
7.50845452795972
2.73148565206887
5.68285067897109
2.7462907701248
3.82132811082439
7.29976834002602
8.29092799725968
7.51976388543631
4.54340441035492
5.95889379578349
1.89718965544201
5.33740331031182
4.32001838789868
3.45151061909635
5.96866414966471
4.30812600203097
2.82498246629434
3.65017953579806
5.49608358912232
8.74301987503235
3.78415246703943
4.8185123433396
4.08276835828614
2.32928994799
8.42064447563631
2.81891196904007
2.61649592150732
5.57746622983332
3.36711459847269
2.8422809800806
4.21898978934979
4.2993866482368
1.80623478275222
2.24883224139266
5.92538131595065
3.36398042358328
3.35885248206681
3.9903150017564
2.68096458451484
6.30838583100739
4.1869923192561
1.23848784112311
8.07895365525228
3.20890468053033
2.82610989501712
3.89154884526936
2.72299882770249
1.29430717990079
1.97520750744023
4.17003270008064
2.24971276568013
3.22365030616261
5.94826297837669
4.24100818597895
2.24430909209601
3.08638741636423
3.5294395889314
3.74270807384559
5.90689706043992
5.32637753711608
3.12676052701571
4.12275699417576
6.60361735545979
8.48663883322509
4.78013245015143
5.89990131524847
5.0391014087927
3.47264988369265
3.56906035033521
1.37973517905527
5.33727868222044
4.70697319147444
2.99964004726941
4.31287681298433
6.97812824175009
3.73184532569796
2.78276090036229
5.11742776116545
3.01417729552571
4.19160968576403
8.4860872954309
5.65000608844851
2.39892565081943
5.68861356882311
6.62953314176591
3.779687828175
3.85960619684634
5.86643837176355
3.07639013851773
5.64878435152256
4.86513373980247
6.70299243380325
1.97443727414569
1.93864116626013
3.5201147533195
4.46808167754687
5.5337777981593
2.93403689948411
4.34111878440496
6.0829174856604
4.57452215311442
4.64199877286084
3.08571253184309
8.38528878854095
3.93637469932389
3.37561128839911
6.86984957733567
5.08713700205696
3.47877781038306
3.54827981312796
4.28012852287831
5.60953528888245
7.51608553172738
3.98684346934613
3.3665685654135
5.67632347163501
8.17461672295885
5.06083148235046
4.51076228471235
3.06374201873221
0.460043215984386
5.48703241402775
5.70523505886966
2.01843762312513
2.19036561136082
4.05896792723383
3.39218451619748
5.83339358120556
4.50822251970442
3.9393987638588
4.78385958809946
8.17809608152466
6.32054239865506
2.28549616393045
5.80426525873218
2.67015453450479
4.04409032610834
4.87765817374324
0.995721820291154
5.20186166570858
5.00665648530643
3.75574826964717
4.84486112709276
2.75662264803718
6.33076006138494
7.95999630859871
8.17438065321791
2.93263100408756
7.85733737705183
3.07797818421096
3.12010819483127
5.41814303759241
3.18242032772709
2.7856974797992
4.66961274921791
5.07117916746007
4.43992662458888
4.82014029042534
2.87207459772733
4.83997083063932
5.32801145277467
2.6321403869038
3.33725059647189
2.32421355059708
5.0836145739898
1.45688101293813
1.10256551938408
2.04827680659479
4.31855052442564
7.10411409244097
1.24098432820905
3.34793091679849
5.54470867868096
1.87795153160174
5.1223147657888
7.10198781069736
1.59238963559717
4.03973574706291
3.19064879409813
6.14650863639409
3.87779751329076
3.59494050432362
5.09972814781451
3.01381699535832
3.97793099931778
6.62985111357576
4.21091397716781
5.10215517280476
4.24153276740636
6.47485308971174
9.96416482769979
5.57090132244678
4.84108169610042
3.36918001683832
4.86058298621877
5.01271183401172
4.61704230398863
1.48589118028714
2.10694680712029
4.14832078968551
5.91530357258045
6.54526207680806
2.69115691159966
9.473792152053
3.81683584796519
3.64453866896781
4.77908701380848
5.0297154730243
5.79310177994016
6.9919678018388
3.74325150539201
2.40487082855843
2.03289166800761
6.98439278355582
3.25103986398411
2.46108632707342
5.20490892134915
3.31279186178698
7.32176662827736
2.47032388347614
4.58963076248285
2.19892898100065
8.37780558369949
2.8516432679447
3.78549123377368
6.37530232911791
3.9896667022159
1.51286733710423
6.69487909065547
3.64700308551671
4.89751812403837
4.87771296584825
6.68815654477468
3.97135346809607
5.48275438078621
5.53489401724479
5.15078798761857
3.01347920615054
3.64582161591351
5.59572054964098
4.09458561900125
4.55799561889842
3.13235642896026
2.51072356543491
4.07588127880661
4.04240837362776
5.13595715872823
8.56071109479868
4.40179655283036
2.9327645946128
4.41031375979148
2.45680213000121
3.42539053818189
2.88775291623003
0.828455162686691
4.93198835665033
3.82163892802088
4.5452403533979
3.87808260851583
2.93330947623009
2.51619950965042
4.81978210176844
4.08886811993696
3.91027459111851
8.92833711481179
3.87538169140911
4.38618824301694
3.76964306465286
3.55196687117489
2.96826745300194
4.25262947202309
6.55256608317452
5.01475631783397
3.62867063472292
7.65215234724745
5.44602292894772
6.82660339743627
2.50694293390623
2.71439605739169
6.19708302852832
3.26954023444007
2.51072713809755
4.2267391906643
3.5777024376136
4.48495006132555
2.61258510247292
2.84984194258605
3.01952304209226
2.46193519068781
8.45450152054551
5.04415553479722
6.13734050961407
4.61045808262638
1.70676842804691
2.93292873760775
5.07814068784652
1.86189870541909
1.82120941672375
2.40988297129579
3.00622760222602
1.23075220032725
2.64855158417752
2.22745273581542
4.44701472562732
4.12897141633002
11.286675845797
5.73276062585029
3.8339564562457
4.77623667778916
2.1164468132347
5.15388159218083
4.85861930332041
2.72112130971676
3.97941994515596
2.79499067407053
3.64037780717765
3.46492328415667
0.0218403405880146
3.51607274285633
2.65165320071743
3.5715939605451
1.89862977439187
3.75069745674938
1.72833356172741
6.38342134180142
3.00507672165104
2.96678153249788
3.38884529300718
3.38730322964288
4.93195838757365
4.3816865412763
0.714300741011364
2.94755963832032
4.34665991942591
3.32987561387857
4.42647350408444
7.73171816458877
1.58792526959911
4.28695340456032
3.34193900235016
6.43037847996743
4.38257768277911
7.44483302179566
3.62595423898887
2.80822027908921
2.98355352491654
4.20321600378859
3.95729854556532
3.52883027669319
2.81820084211668
8.79617969733434
2.95882162542611
6.57341049682804
2.59954562335515
5.21350587732161
3.92042324091888
3.45359348330686
6.19065660040385
6.96216452354302
2.82971791805643
6.81103076348747
2.91895146204548
6.24204895343584
3.54790420328874
5.65038162524829
2.18133589864687
5.67157863683705
2.92885222521267
2.84109614871116
2.92475641544492
4.65327581994742
6.05192914997593
4.99312811545424
4.98496297347496
4.14432615166513
4.60211589449198
5.73504668660219
4.70456094234068
4.61490098728254
2.03690726149257
3.2912596230842
2.16904381586382
6.50923377388495
2.36615525545061
4.50823941704737
6.15048119041515
4.37357761944794
5.77403168684816
4.61518020541673
3.72942882943987
6.18562131785228
3.37094468658762
3.31429211528608
1.74442125705443
1.26860652229407
1.76708349370634
7.54088997875075
4.58052169537945
4.64772208977996
1.85771642712934
5.26156054838165
3.73790837897407
4.39028729189519
3.18082056762291
3.19667683229138
4.33240366799403
4.52810935385159
3.71135593720215
1.96843457484697
2.88841184882738
4.75431513274718
4.0300190768522
5.18362725378976
3.10070747882556
4.47263090479021
1.53823173198261
4.3037750686341
4.53164126455404
6.1569680023243
3.97651760329484
7.50419020164079
3.21949474278584
5.6623023032382
3.66276655340963
4.46993374139331
4.38154416502931
4.71855281687525
7.76966535956343
3.64569038078984
5.68942936888337
2.93679090834987
5.11093686254596
3.27110125116249
1.28522967664108
4.2869309334768
2.52533494368727
3.22969174438694
4.15640101486347
3.11981635473179
2.23353663966363
2.23023224809718
3.32467031343487
4.22193375730708
3.39642106993055
6.14991442462735
2.71437651807631
6.86090283240688
3.72407205955582
3.74397079532851
3.75792285642714
0.243249440787251
3.45146061222101
4.16241898014435
9.15239020645336
2.33969315792623
5.40750584899448
3.85485670222805
2.01090716238003
6.62936192601844
0.907696574932802
1.87676265060996
2.14321661598177
3.18049548589396
4.20115974252787
3.70251914942749
5.46479651673266
4.2171549821156
4.01160753405623
2.26993037642254
3.13661609743948
6.56754090565058
1.04329356433729
3.1303563559614
3.56167599278412
4.79934757643484
4.22402691287418
3.15926769418789
6.53152135349268
3.29792422406021
2.93797654941075
4.93461001900162
4.55929819228584
5.19907365784505
5.73897601701067
4.00818426775874
5.34472819732517
4.9250402013291
2.62600000902246
2.77531486685955
2.23188644326101
3.91519684297839
2.54247416130286
4.07761171626083
3.96397688013441
3.8676184991017
6.17199126488745
5.30434199277825
4.78388072189895
4.73965954440999
3.37322160472227
4.61896930770701
3.17309140903684
6.24669179104773
4.62384802194757
4.40347362410739
7.46952300519071
8.19577132437714
7.47185560026765
2.40578652534912
3.68369303474288
3.66956905584735
3.8279999104162
4.09461911422268
3.13947155299448
6.23729308886668
8.69702217183494
4.86853482013124
4.70914503078834
0.0218403405880146
4.18308672585258
2.26905581560629
4.41141437676236
1.92934831788121
5.85947608564012
3.65180977584444
2.21640530971682
4.25177088500388
1.10071380607373
5.2129492048727
4.446749612345
3.52571223417152
4.16652754431598
5.25534948201593
6.47301846176307
5.20649253865019
3.5750432594274
2.25553094738357
3.3616114991588
6.36857646172432
2.15595644281115
8.19061123450958
4.49842771791116
4.97113089517982
2.72954834168476
4.14580554726552
2.35108536188586
3.12825637215203
5.01860573415941
2.76070831330427
5.36202418493561
1.49815164709688
2.49811468339675
2.65245246796499
6.46945295655682
3.48652505558071
5.98302457490419
3.34391963405331
4.49122677733644
2.21216210429295
3.60244123130847
6.6523005177863
9.86194088150285
2.85637054637904
2.60627044433529
2.72699547384688
2.90905779306807
2.48241660107843
3.43742469419979
1.31038218264874
2.8333427425482
7.36151146181007
6.92851698028078
8.54944583618097
2.18437009702874
2.81445131275754
3.09176715215974
6.02454028691621
7.31883464453538
4.95988026208523
1.94125449121353
3.78684109621583
3.47305803366061
6.24821939798909
6.42028946071754
3.63284547302192
10.3227616302909
4.4962443852541
4.20185638501823
3.35514129470234
3.78314166544556
2.16299138115814
6.24810722789239
4.20007062484982
3.27548284306352
6.00437555064269
2.6683756347455
5.1995506095357
5.58794907855939
4.70094002335147
5.67878481696427
2.87687162307565
2.72338816084205
2.10128948946573
6.37639900373057
7.26837176288309
4.8513370294368
3.05059232403742
4.10044981977875
3.73416981324601
2.43625209412722
5.36978137675504
4.73794582102329
5.86721285072227
2.04340584485433
5.80863687967967
12.3446472470686
4.22809676410887
2.17055761902541
1.80235536916228
4.65050679701344
2.64579927052172
1.30039272393901
8.30085980458711
4.02747005971989
2.70832902193816
4.03568553505334
6.82120822920434
8.01996155163516
13.6202495752156
3.36709150224544
6.78659980166107
5.58391684304367
2.29569547772291
6.45028126132464
6.4879976803401
4.06142661493843
6.66264914777472
9.93916868143921
3.62651862084983
3.46563075250223
6.01914102051407
3.23336214684132
2.91948042125095
7.7825380379442
7.02626964241754
4.95484362884192
7.36025331266848
5.01557515397276
7.47998476990541
4.25886979165376
4.27700876367425
4.42125713121619
3.22694722751308
5.03898244240681
3.00219417613211
4.11715364260182
7.30771902208723
6.78731057640894
2.93426381002167
7.49656841458538
4.90663348803692
2.48471078155054
6.590831010636
3.97547249625149
6.97939898183575
5.34439549383225
6.12925991960888
7.1433825180113
4.76222234105623
3.77049385535592
4.52343673466101
2.68494610636334
1.88266927528067
4.13089058593782
3.23026580497619
2.5286979992556
2.60266752782428
2.33452640709105
1.56252448542142
2.05420536510836
4.63101937873482
4.29172639126376
4.10778286943158
1.58049116189499
4.85049619472004
5.92436311421573
2.6572951323395
2.98472738008782
4.54984171748584
4.01592440550394
1.16866939486008
1.69844901092717
2.01889562548424
4.23749832080971
6.49733787926398
2.89128919783293
5.26969360988538
2.12100313581372
4.32629198238027
4.14755906496234
5.88294446670837
3.27771542730173
2.56219036053207
5.10475742612159
4.13099273842525
4.52107156074235
2.66372413694114
2.6214293806644
2.75464254624584
2.13055931092157
3.1971026174284
7.62374668630664
5.2227145229462
2.43091239228356
2.73845780040937
2.62587802717429
5.21441349198484
5.33280554413898
3.72561517325346
3.71687015917763
2.64955510633994
7.20181954827283
2.44769276043988
1.9995194864213
5.10730560412883
3.36771125153821
2.81140942732337
4.63691349972022
6.66718975711693
2.89216942133182
6.78571677951951
2.40432186284441
1.2972376239081
4.98824728181428
3.34818014803018
4.14473862598465
4.25726350218385
5.1617835200328
5.90328069230729
5.22335317729
4.38800859984149
5.54912402765191
4.04455909189472
0.922681509025244
3.5263657518059
1.21473239947522
1.60644326300878
1.18673185302296
2.75605169454353
2.65534418137778
2.31346449010797
3.40611250289419
4.12370939785443
4.10078423802689
6.36703430767013
3.57531934304596
5.47718639778106
2.83148546109035
3.91523220173796
2.91049462885099
1.83074492960059
5.39228002544045
1.9063236201472
3.4321618143099
4.14875316212324
4.19178938140068
1.56200842899645
2.34852104735018
3.34143594194199
2.02971391828613
3.91240749410619
6.4443578132085
6.39265506080822
4.52195412909458
6.17887338902757
3.55511140611551
4.42705214943322
3.92550981604475
3.53215542032585
4.65391772765894
3.35843885507722
5.27106443752328
3.39046485084006
5.94170938836008
3.75406610573771
5.80734155380341
2.4304073015944
3.02734509171731
4.12959904187713
2.85300463592442
2.94433163476829
4.32420996279189
6.00364823464209
4.44188596437412
3.70095762889545
2.32189388226855
4.10337034190725
4.60447366755681
2.99749687906658
4.07772598758648
3.66324230255414
5.23726911297782
3.24186443502308
2.80579083267913
4.12242783368108
2.76378098368169
3.68020420143668
2.31628902104724
0.967119888369878
3.8769751895452
3.6465565777166
1.56897832029106
3.65445974180458
2.53126817962368
2.84444941050539
3.41841957138274
1.02929544187148
5.89993057016704
5.47529450335196
1.9677937398519
2.61227783959173
3.01073162904388
6.12921429687485
5.13720399816606
5.73551228887002
2.26266699591378
5.25907584137664
3.21786156936791
3.23012951422088
2.64498081220037
4.75433239221401
3.20059903478786
3.72829159783876
5.58807963425366
6.33482098155749
1.66300090204417
3.75089266934354
5.72524253590378
3.84312343087298
5.9525573027861
4.00728338112802
2.3192673502543
1.79008530697587
3.12340859685529
2.87563620497826
2.05893319653324
5.19216822425357
1.62294386821818
4.96982549382408
7.37568225377852
3.49090986263226
3.2806854150772
7.70158134449506
3.09852129497121
2.34401207937889
3.37198164893394
1.03246974686418
3.88206743059365
4.86872295312176
2.23479556945118
0.347178716458489
1.15061519104621
3.3289239026599
3.47295000031535
5.42048083032877
1.9288817151317
4.11386877836653
2.89629314046896
2.46743012675153
3.38900162623405
3.90023483617077
5.31907000864567
4.43396029800507
5.55934289827204
2.71873580394944
1.12831522314617
3.45242509947273
0.870778961357951
0.684342776796435
5.72255734380375
3.5948098158393
3.38650749692707
3.68609535947899
3.298680180504
3.46379804408221
3.73868983102538
2.34456359470726
7.1881762408283
4.30527070117713
3.87317416629239
2.35353847300664
0.0218403405880146
4.10919462404881
3.367328358816
4.02903531017902
1.81006454422714
3.76147024691091
3.79323948801865
4.11626908534196
4.08970084119255
2.94308184083682
2.81905245799612
5.14867807301347
3.63850139454469
2.12762818392807
1.40577039114137
1.10472133804748
1.50371605537515
2.44635400361356
3.8326311057549
5.00565456155971
3.06553490849982
3.14883735969686
2.48870557400128
5.5964421696493
3.95004487404413
4.76004142653119
3.96613403474995
4.03367333506993
2.53203922037989
4.90750444898028
6.23175159655711
2.25666220223857
3.8405392149332
2.40485305071397
4.58884374166786
4.53782375772618
5.46710963938617
5.6136698996159
3.63635159409143
5.24533305027735
3.73506936975825
3.40571938175251
2.80166856397991
2.15855865823145
2.63198827926896
2.09375027045851
3.85358980529381
2.3776016117831
2.5535337161296
5.42018424259894
3.27829009121273
3.27304960265049
3.52479289251696
6.09490096573301
5.12489405787993
3.22096460106862
4.90606437334785
2.65675970286096
4.24969657028347
3.34013093911846
6.23433756315031
6.90428659373895
3.46919962087849
4.85959729030161
3.80977394579318
6.02999443362315
3.88045288406853
6.16935873880024
1.19675908615691
8.68008035909778
3.24117590074461
2.91568554768999
4.09114903376774
2.25112285813327
2.98926781713964
1.92276389192343
3.82704554875433
4.94082655718778
3.31400631736225
2.90924474613556
1.42827444962827
0.598057275169099
1.69798357700035
7.05499130079704
2.01048375720161
2.9170747215921
4.59037103032107
3.24544229638511
5.29062151187963
4.86509353109148
4.83433220824896
10.2219214766341
3.23936328079549
5.44178727132265
0.0218403405880146
5.5363527216182
3.03887080486634
3.11370366348942
2.96022604816592
4.83312785024173
3.33346595428445
5.49877590438821
1.85231907380863
7.60767398793549
5.33298381761341
4.21749015332621
4.00950640209883
2.96358386413221
3.01134322057266
3.4912620000348
5.1764950128909
2.58125727908861
