H3_JulyAug_Temp_Min_z
2.09898829058393
12.0436273633542
6.84627796280493
4.9313159289844
7.97205960664831
2.21661778975179
3.12503925773869
3.29076549290314
3.71561965236966
6.58985222037516
6.07007976126726
3.42518315687418
3.69142056867188
2.47643834022201
4.96244296262022
5.2748678472881
5.45743036940481
4.3673674613755
4.2351159974973
3.38341107227589
3.06532050198479
2.25116319498255
5.91043031396354
3.1856643049073
2.70039811305506
3.44593959979756
8.64199559180819
6.94576772083014
4.07960068576827
4.76252460536643
2.70531222778847
2.08797470634382
3.99024398428862
4.84066040698426
3.01383227675149
3.59581969668664
2.02698794028556
6.67411563989861
4.09827440840096
4.46469241841023
2.50351489948551
1.89642130261094
2.80624074038767
4.90105195806983
6.03995100785973
2.99442899728059
3.06449286809099
5.18788243827905
8.56375774687848
3.20232024279628
3.09502650098754
3.76737331733402
3.61816871110434
3.0238333536539
3.64456526746203
3.57766001419619
6.19586148822631
4.33939765306913
4.36803961675395
3.85535192871074
4.57484067408655
1.75176823305685
1.60769506213233
8.49643971013044
4.92782960692889
1.94588645540362
2.0274432664393
3.05402677586124
3.72481400791276
3.01252829599323
7.04683409163921
3.66462825582624
4.16918436479995
3.69750337943338
2.03541950721718
6.40050246610432
4.60580583884662
5.8261642870318
1.4031275173864
5.17243991807263
4.48357312149645
2.79615950543174
4.69108362889476
1.34427427626498
2.66062425826237
4.68525929834615
4.24525248417512
6.67481451060148
6.78248655405797
4.92476175775784
3.3794587403027
4.22460092971991
2.05038794514428
4.56630088514427
4.63352986446641
1.81061178165934
3.49487167557119
3.30738024356899
4.42445444505914
2.9163279576368
2.647513083205
3.59718436183206
5.02990940759997
4.82182495252291
2.83966029718395
6.06262121163336
3.15495868605688
4.07868491813158
4.54162939595827
3.97113850898616
2.5703997479493
1.53090572640411
9.40259497132742
1.91551188400185
3.95264314069179
6.2830772326
3.58738305193468
1.103053409781
3.40199756666813
4.94568117371588
5.48292747113922
6.08395489442211
1.66320675178481
4.71201180504602
4.60463223094296
1.14603860190774
1.56964545265811
1.20242930913551
2.71592145825242
5.20068118291044
2.12241817896506
3.42351551026421
6.69295080446537
3.6912856492871
2.75741937119506
5.48819362798174
3.07728531168294
3.71313473282716
6.29460822301697
3.84767368241036
0.904870230654172
6.34506054543752
5.28749002797157
3.620739877426
5.03215142175766
3.77545513949813
3.48916034865939
2.51286580021091
2.9529718386524
2.90930731394982
0.00199785431815356
2.50988783588348
2.69773006934356
6.23616558862687
5.52647486173599
3.09051526181928
7.6698583697776
4.5552563463126
2.60910836554964
5.34070440465929
6.8482009926211
4.16214648263175
4.60087941756052
4.73902488918984
5.84225568020022
9.11441024362807
4.85162174418706
6.20631792466832
4.08336538921206
1.77592872133683
5.0196739003436
4.22291279807777
2.26058323668311
1.97485562775812
2.31184969054692
4.64058078060061
0.282503949787639
3.0071985856677
3.45319375730906
5.95015438483625
3.59647904196577
5.37510607985328
11.8493402205782
3.59915533813181
2.68770557878129
1.51852924285176
2.80933023575499
2.62778520801931
4.84191917083979
3.83578359938468
2.83852718738476
3.18824289765979
5.0838171380203
4.59236898291726
4.83944736958487
1.65452229423413
3.71310079740049
1.60031056342141
4.50765340646033
1.93139682256997
6.09624788239243
4.47409215931862
4.63994594605974
5.22425776490755
4.67111831147333
5.903387147815
3.29522993725955
5.36230420757615
5.6247304079551
5.79160739861172
3.36077726112109
2.61771233948355
3.49867723658504
8.99540622035403
5.35731396536102
3.30191012468394
3.14745276795894
4.27432983999014
6.62491854384347
2.87896091925422
6.15046805099103
2.53351368303744
4.14888626287
4.84567898497388
5.63260132448637
4.25147950743132
0.282503949787639
4.87334626365359
4.17722168896433
4.78868618816961
3.84067452417296
3.05523414276111
4.76558373337114
3.09534453868516
4.57916057711711
2.30640768642727
4.79749069278305
4.87981343100036
2.95616411363766
3.00924461565712
4.79416606347622
1.67993231353962
2.32196128645027
3.59627940737536
5.49699406115547
4.75072107505294
3.37938097254275
1.00171335088358
3.11722664497936
6.03954468045853
3.9425806197031
6.54689525867516
3.71775434971014
1.34567369242819
6.75016618487011
4.11479520227389
0.877144072114074
2.53020861737461
5.39722034583183
8.82246185359821
6.33606071432916
6.90002631275915
7.46169516886522
6.56919366777189
3.52616508504298
4.16923930138167
5.00279366669344
2.45784978319387
1.59988524707931
4.82566514011044
2.30482092280106
1.77312082807237
3.81162540364731
3.63484794844546
2.80947608379514
4.13730573611746
2.82376392125087
2.30181246462355
3.24953141551487
1.91389722767208
3.23196793347503
1.49162033074872
7.72103912383736
1.85103656387489
3.04592737513733
2.62220434252278
5.54830157127259
3.3840043209122
7.79270284732657
2.45016872252835
6.2291514922182
4.22455862800503
4.29846738663565
3.39590736682988
6.64085060245211
4.39606938903721
5.83533881371375
2.92941551667038
4.43027101644391
4.04835545188926
3.11315448426539
3.22425275891029
2.88493622904546
2.55305377142372
4.34480042951868
6.37885906545343
3.74595988791657
3.61834185348035
6.22593387680935
2.37741209069094
2.79346208310983
2.87682281619261
2.65588340652898
3.72557291124277
3.22719483096
3.74979725444659
3.61354074176299
2.96487669692797
4.84648027734872
2.11526424266182
3.14997197966894
2.9773690255702
1.93692795882448
3.17211808308681
4.93323692317496
3.92519198729729
4.63410695066073
4.76752728905067
3.65347110726156
3.15024493742674
3.26499757369801
2.3548671672675
5.58173154006102
4.99051838872861
4.10901033519826
3.67672714937341
3.00112412963382
2.39031822607731
2.5424934034761
1.71353976263019
3.60584580768564
3.69645230893403
6.667154198127
3.69775786152629
4.11712813757112
2.12932210732219
4.88682682316451
4.20491476660969
3.05205941562008
4.41320758340593
4.26072827473304
4.04921927514103
3.1331088429338
7.22253823278287
5.24292705770313
2.07189705052663
7.89885855634487
2.35908892732438
2.83893739640812
4.22663166314983
2.56075035440661
2.28887143548612
4.00419254390854
2.64756629680612
3.87512971848517
2.74935936201976
1.91737795980205
3.14603847779896
3.71339279633297
4.84790186804086
7.03027397986552
4.57871186029294
2.9279587663992
2.74812496374021
3.6744119519822
6.02043294867675
3.83852819972876
1.43441049943554
1.24037967143525
4.16242941462239
0.739827235472615
0.656869998562404
1.03704039278915
0.888501573778438
1.22702860324502
0.553783603578544
4.32686298659754
3.50386602572895
2.1671325624381
3.73865723940191
5.01781903576805
4.12078888772357
4.37169895897193
3.51683284747575
4.20140405091743
6.16696922604108
4.2374125921852
3.01513041720563
2.0140093322539
2.13103049374726
6.287189176871
12.7083629401488
3.434968709
4.67949643793204
5.45276685135895
2.95857893204057
2.26149125129573
2.19692431165478
4.04414936701488
4.53294844519725
6.13594386149018
2.86908457199375
5.86437527986981
9.15958774291156
4.36864842430182
4.33860056655374
5.45427575495297
5.62973285655748
3.21131980158098
2.81266790662574
3.80776558816287
2.51355203787963
2.43857846593909
9.06641536852675
4.17285695588873
4.52275207013486
5.54864420693497
3.11689614038965
4.24601192016438
1.93902015517866
7.09562191075316
2.30882996613673
5.45397601638839
1.89566106888751
2.71297946052221
5.89740390451197
5.59514490579387
4.93473505302535
5.03914368396849
1.9810053892126
5.86776043223551
6.14475169306371
2.39084724413045
4.66039742646526
4.65555683171021
3.67122826569631
6.53659412407796
6.61478037146696
5.73077038277691
6.20846569100644
6.52143987991657
5.52464754859319
9.0803360045517
2.40772812007866
5.51037164609799
6.33735449086507
2.82025953912755
5.49712640573919
7.34427327988333
7.29982854061285
5.51473978545687
8.13809448266058
4.8481755871139
4.49244019343451
6.32999334042621
1.3095978821829
5.94340848040464
5.5087378971218
0.722619195275739
0.00199785431815356
4.07875518891961
3.22737888306068
0.938129463550305
0.664421402245748
5.16314821068846
1.53337623524948
2.53551227259045
5.54703666158489
4.00716550138123
6.93141319330084
3.76475803956083
2.96102830126913
2.92717087609744
2.4734288984867
1.57962377865136
3.45964190050564
4.24068534103451
2.01068698595167
0.598681135870993
0.19432746681594
0.426987758885915
0.00199785431815356
0.334392189914531
1.79383503039682
4.24740779375683
2.9743281379401
1.87301659064857
3.54073626585168
2.95255964650114
2.65599405377321
4.37127154588554
2.40797160536465
6.71748456080664
3.94075410061683
3.00372943241018
2.62720611592866
5.77793685831626
3.39488751498464
2.16559868257834
3.55170149339894
6.25960620271191
2.36874653514379
2.90193967286283
4.85350875162484
3.60958918416866
4.35545477798542
5.88152436270829
2.39238713512621
6.03684713618523
3.71777215267897
5.0633693416653
2.50341369181207
4.13254427250331
4.44095012370091
6.06360607052318
5.05911938840663
4.4980608070368
3.66766918819629
4.8733480777939
6.09509062316471
2.75349627654943
2.96984971879543
6.89476223223524
4.91977272825427
4.42233097082406
5.19627999446867
3.04877889813339
3.64792652880954
5.45409228788897
2.3163453081782
6.44270758513911
4.87059836213406
8.67208228518241
7.7663263711725
4.61503822502899
2.84413115043302
2.27945808389132
7.04373479876568
6.02162166943638
5.64000217316716
4.33973329770265
3.22740345015305
1.87663353243073
3.99295808656983
1.95866828157601
3.50769410660678
6.81739610367725
3.98128458709283
4.05719053087171
6.47358011166804
3.38883910445507
2.63937666173614
2.32327011284104
6.39591196533942
3.56844209349657
2.3006539890143
5.6675897350831
3.97186322746998
3.2883538582141
4.54191729230305
8.55243548667095
2.15711725017177
3.37537536881226
5.20642767290373
3.41824756998808
2.96900109146776
2.1455873855198
3.38928560101195
3.51092144374481
4.18244568574841
7.55594160402505
2.83488849931083
2.3845484395871
6.52407560888338
4.36448713387837
4.1957680694795
4.47930967462074
3.82079318334954
6.07668979983764
2.78266227114931
3.33022757208787
3.91197183820393
6.17077216111474
5.67982764289098
3.3299167741539
6.45336659300829
3.57611589543544
3.66508643420638
3.95547688804896
6.88679146050989
2.90807958858936
2.05345318854868
2.17862556677207
2.10246923113454
2.58284985064219
4.51291728702217
7.71070716931161
5.31321210696178
6.56094274763106
1.84276422231361
3.03581101967018
2.22644664674011
7.15508178403897
4.35970387685498
2.6428776646591
3.47761481581579
6.19492715111324
4.89761886368172
3.12811503377226
4.22381170023344
1.82390392208391
1.6723893585474
3.52870430272502
8.87877953775539
1.75184653380072
5.33491729821571
4.7865770142567
2.96393019547886
6.12715658057127
1.78230265121603
3.48615360363193
5.98444520090501
1.76269034466337
5.08839468090416
2.36192781622057
2.74479291069626
4.32876284649163
3.82609995494502
3.86742951619965
7.40011095090038
3.45409548201846
7.04011809226985
3.33644148715455
5.18340320837584
1.88016216097508
5.86194249903532
8.53400431865576
5.24294561113023
3.19999320617468
4.56348425990001
2.58283117017049
3.91712169510579
5.00583827913387
5.64172706557602
2.45900120767573
1.48152017763247
3.41896643683143
4.45887485136058
5.01195762577058
2.86401041926745
1.35029308518565
1.62150011496881
3.80031019264814
3.84463656165471
4.58245590616893
5.94214005217178
2.92813434995419
3.00327917319879
3.11252344360701
7.73424118401205
4.46783857360054
7.23216004330902
4.16272452944998
3.69689937038765
3.64699197220502
4.15487650519276
3.07749308583699
2.36651542598115
3.38508502036387
9.02150302157548
3.19730083155249
3.31003029563208
3.1599776070364
1.21601289877491
6.44327473327677
2.93946622470764
2.76009249759444
5.42949750503081
7.99704160346963
4.70834628273192
2.01493436437467
9.5610025585541
2.90920181110758
4.10827261946617
5.06071430799225
2.98281976265346
4.77876566862036
3.93646429745017
3.13607571685854
1.74282202338051
4.54043940811915
7.24431970152958
4.31391591901581
6.40064056560923
2.38237291601724
2.50936534371321
2.67040927180845
3.53857387473036
3.26031203312992
0.981334052014027
1.67242137184753
3.10180980246369
4.13395866124426
8.57123778990627
5.56711468434766
3.49575507851161
3.66198421032218
5.51304208988765
2.04782442525074
8.52196048218029
4.24652426690072
2.65189224076378
2.73643530272006
7.05964015485261
5.09870267755369
7.61309099864916
5.32157865024018
6.67745728679018
1.58463842038951
2.21978004518932
3.82839522274881
4.15242207635503
3.8220647473426
2.71362515771861
4.45399717953034
3.11068828259961
3.36142199897467
2.89843946755352
1.48152072504444
7.42780027792874
4.82362562837756
2.34092341007451
5.11979140611107
6.99497342847492
8.17047244846594
3.45200867465851
1.84798048728886
4.95720786081051
3.60094096998934
4.23472889145511
4.01227160039661
3.35495776570213
5.1498322155613
3.11444074766588
5.41161199100601
3.62471846836974
4.20427277650268
3.16380689729789
4.25792969208019
4.38378610677329
4.63922396154326
5.04547776487628
6.14765074269988
5.81407708748739
3.413801052806
7.66631456193326
4.47873649774071
3.48874945771272
5.63611557589504
5.0511184211248
2.61421996500566
3.71657769008053
4.95518576923803
2.01470766400384
2.60553988398167
2.80477047618451
5.16587386396427
5.23970867114476
4.96390934419418
4.44186296027811
5.65090079632094
4.08762703516686
4.05247213070417
3.83906151139553
4.80880615983975
3.33429726429976
6.39839108414025
1.29780496599539
3.24682712244128
1.12095874206701
0.594984849001581
3.30487466593433
4.25340237110524
3.82406661774965
2.16880083434912
6.60946359978577
7.00923555537296
3.6165947490382
4.8915143028875
3.81504910096103
1.47951366264319
2.42896482370096
3.13503778184925
3.43102136614286
1.27398671797321
0.282503949787639
5.58548012417752
7.25977018799203
6.1181880642017
7.97022418602459
1.89176362957882
2.77338449748913
6.66852201200232
4.6572993713218
3.2925686314794
4.74579488761682
2.39388445931343
3.62552164099664
4.40677463988419
4.94577487367535
3.97315419769653
2.98089503166781
2.22286218764275
4.3516366878826
4.22342171189791
4.03144242185363
1.97743390764991
2.83153727287566
4.23405926800175
2.4539934507546
4.08258222529971
4.52843345819343
4.80190751980338
4.07061355331143
3.27485163064342
3.18522799831532
2.96410080956556
1.88550018231298
3.15074563097535
7.83439530197409
7.34798901477589
10.7253024338029
4.74071447423532
2.88709277265617
6.82160465488397
3.94434486979972
5.2214653166376
2.92699341403973
4.70356552715764
4.33841732321264
2.9768234241038
1.62747088722192
2.28296964754356
6.62868348416333
4.74730651168528
4.00783587059005
4.22500871796849
3.47455855182504
1.72249217769378
2.86473362533578
3.83185622350468
2.4281943439841
4.51207050647775
4.41530213037328
7.70516633304164
3.13985316088461
3.68501923087849
3.60191034066905
3.65263050075949
2.47569305493863
3.53095802067163
3.7986504915764
2.05025649831854
1.88766812442416
2.63726813269918
3.46832369289477
2.01530939217977
8.21849389211976
4.27611648994445
3.55439090696029
4.46104081069501
5.17711092836857
3.66899114580787
4.71270519775636
2.91662332274596
5.66689155032935
4.78988101278832
3.99834622252532
4.65983003834944
5.64260814725896
2.00933745637939
3.96397275899086
2.6146649805242
3.60317062901496
2.45219131076446
3.45581477755642
3.697253320222
2.36712939166403
2.99260926098517
5.28558390679143
3.64832120531803
3.24173271182724
4.3656390893467
3.62581908236284
4.49606459029337
1.67656271781692
6.71048641655093
4.36167859092129
4.38496800516812
4.3508620776898
6.82394432080189
4.25712860682304
4.32946188499142
3.31061733159245
5.70162035173936
2.81257924684483
2.75774914378978
1.87856388269245
2.51592702409005
4.84874524768651
3.62629335257348
3.01506982572211
2.34955288075732
5.5143181312629
3.31437139310769
1.22461409034311
2.60485307539999
5.47876997006538
4.45749796039158
6.67680814216612
1.94924097715391
2.16803696061456
4.24591465538245
6.28491294723542
2.43190617711332
5.9276475346372
9.78730454452774
4.563376334975
3.19578867178604
1.26496584983703
4.10278881249302
3.28625963385274
2.98265413815885
2.55578434231996
3.26064222471237
2.28144879205873
3.61834292150419
3.59404842909421
2.68062622339031
4.09647629259373
2.31212920064647
1.94659318239433
2.30125206722356
2.2780864035866
4.4954509832001
4.32397462735151
2.23882246977688
3.96756847621719
4.47397487930616
5.68705343397291
5.6805669784662
7.55423089158382
5.32719953173316
4.61510702126082
2.46931721214281
4.78728292485359
0.801148434916159
2.20964428077409
4.44782458491008
4.03639275058125
5.16905622941791
6.26124925957531
4.89894002862034
2.00533052937156
2.98101699181544
4.85680485902766
3.77293575455682
5.68273018987629
8.51236706747072
2.34893537338295
4.73437790609426
3.06057691958274
2.27822523307155
2.28930730862999
2.4920959596616
4.04937130511314
4.15818026113116
6.47635606492243
3.95717566676339
3.40740892989626
3.78093409797182
3.1945038906377
7.3950995118734
3.71647092916149
3.60459361600553
4.85537178772741
4.72011637219942
3.82431415027259
2.70607265189379
3.91910537376701
3.36590873858581
5.09450727325439
3.48255837225855
4.22886309919242
7.63360055880347
2.23324491093458
2.84671413527443
6.70700997008293
9.53212484445066
8.25386353528492
2.92828730505107
8.01572365750636
7.10931066893803
1.06986083882117
4.1411041421571
7.30861791619041
4.28882879140663
5.62704992269406
5.27093542597771
3.48501014309745
1.48676427127176
4.86571551792133
4.49332966632138
9.25911853131122
4.19804402540545
4.43292189828709
2.06627740112384
3.76264866777411
1.63026176069244
6.06094499498436
0.282503949787639
2.60387892791303
4.62812837726944
3.52501392247124
4.95242679093464
4.43191202621484
5.26569178383482
5.80526398997259
2.6025398862259
5.54643903994773
1.96396208120847
2.46229824783098
2.0453885919649
4.24292861151385
1.19956737311624
2.76981201993127
3.82542648679718
2.73462695793444
3.22537345086465
5.52895618646712
8.70469532541824
2.92439686335499
3.74287985275292
4.79255430209517
2.71273542730578
1.75008091953726
3.15602171529537
3.72555514016269
5.15393913328522
6.59103113589866
4.45603911276992
3.06800150982692
4.63190432714666
3.66489974736156
1.43681008476094
2.62711729114884
8.72746016992488
4.08243570889702
3.29342570096083
6.16049571711182
2.72572358449632
3.72555827752712
2.30385677229844
1.70048579782029
6.31060803953099
4.67880150927718
5.59316859532075
4.33022733549363
4.3344494902037
5.62846254327982
4.69541009608619
3.5674021754475
2.21802562103682
2.87901172937594
3.13495933918485
4.55875399791946
7.47007326164176
1.4479073732357
4.607331780903
3.23502683609534
6.74337137611628
1.83693052283371
2.96514309633268
3.67845401761319
6.23950202311499
6.41580249078526
3.90089884609577
5.6005807443187
3.05461372495757
1.12679513676412
5.61976146990618
1.83866149670198
5.72839161591184
5.39679719949383
4.38147738154016
2.65818064811102
5.28521987838555
4.13838124328275
2.13917010141901
5.24126461838393
2.81123350882041
3.05588450168714
3.52962429973844
3.59377726952099
5.61080431451287
2.33314934174289
4.65882939354983
3.82905697186961
2.90335412804138
3.8614271033686
3.81686569761484
3.43785745367794
3.80457138178255
3.42083279506257
5.57513371253699
7.06343815077564
2.16097280294647
6.90382960491675
4.15950665449858
1.87819167975302
1.90946117428616
2.00816071244556
5.2020044897043
4.27431536420909
3.45640013990257
3.92614930255004
6.43785203440016
3.86562459177371
6.50881005385476
5.96620717111182
5.45881868339238
4.68194680384845
5.49513311865437
5.1988108275887
6.79780943700819
5.11957081712251
2.23969405120642
3.64804044361995
2.48687450497009
6.33672934904652
7.14512324945689
6.57840583891357
3.53907265556656
2.70341799602525
1.22328363651537
4.42297908951129
3.37260524082879
5.76183270965509
2.73005847476639
2.05036117673468
2.95153849100959
2.42128862020387
4.6978654070136
0.282503949787639
4.40038941987228
6.31459772196808
4.03928676581646
2.72483069035694
4.33914778697136
5.6083895399242
5.75447961662587
6.40620008195913
4.76299961940973
4.99474340174536
5.45447010076263
3.22447949215043
5.47104584892963
2.68625258883631
4.41984728184793
3.5860117767192
2.32197100440828
4.07129139677682
7.79642668465883
4.47817056687214
6.06705225609933
3.92320440895829
3.68354472019598
2.02072817670462
3.0672056463308
1.75554793887115
4.34908226524508
4.85605770362101
4.03123797465642
5.46337580988398
4.87960341689579
3.96367062692837
4.16638165068105
3.52870143022568
3.96041859243807
2.6001458891439
2.38066804488248
4.43281738593976
2.69529326583452
4.97342768841722
4.91904171950559
5.23642336213114
3.65480237123829
2.88012963041678
2.54347099018632
3.53075807438565
5.77038748475143
4.20052147239599
5.91639032428587
2.27175979286685
4.6591771154688
6.473158282867
4.56166685616597
3.77500866205397
5.11647089084359
5.83540008589185
3.29360854627233
2.56430422286923
2.04460186198587
4.18059001115254
2.91356024330819
3.37623095103444
4.22828896674656
6.03675883587971
2.11053868764511
8.82703381781501
2.39121126270007
3.43258351151384
3.68707141009438
4.34373678554919
2.61666253076881
3.69425081658535
4.53446018069008
4.12686999739756
6.35805202583599
1.98870418753562
4.8211004145525
7.63503230710903
4.14399085870986
2.47751477844038
4.71980157373159
5.29974178370496
2.37360733795797
5.33013720408681
4.78096194114723
3.54004440675973
2.58886165060748
3.39081801697613
5.8247709798012
1.70528492314407
7.79575992902196
2.16474951308111
5.19491875926055
4.99579500985801
7.36775912901858
1.77045886667669
2.24861785201339
2.71799252216285
1.87314026272225
7.27270370422599
3.57046155037991
5.86927345543331
6.55632879332242
8.35687774891657
2.92289060118599
1.3249964689714
4.64840982986651
4.27731559731886
6.97421284593579
3.84967558759322
4.66395181206547
3.06378404289813
6.96021445180665
5.46620197463887
5.82554478794677
2.72735977237539
2.61545695948965
3.51182788025034
4.571305644467
1.65540993025352
4.22378588999767
3.0291145330158
8.61560655645301
2.92460515708114
1.80142837752504
2.78578458507945
4.40615601417715
4.06240152661316
4.32218070187247
6.93260692218526
3.51459701834611
3.7635655345032
4.07352008915566
2.48603479982575
1.93681590770173
4.0327161152072
7.02194015255187
2.86229639119698
5.58527231127259
3.36112955836162
1.63575687081906
3.84801327996001
3.40059335804178
3.61861992452633
3.24390213679517
2.93598630567612
4.70403515793053
2.01719672997092
4.82493991332121
1.1975539120725
1.87682426340699
4.01493122330833
1.0834031408863
1.94751295423573
5.07154482880413
2.97830081793362
4.18667377527476
4.52514966935875
3.58664092575692
8.60807686110756
5.36476592093615
2.8231039285715
0.710627861315351
4.48963544158487
2.77295061269416
2.84792113407885
4.12383973176021
5.94175155025578
1.83449211498652
5.49368384721582
3.25508812654191
4.73009249649581
4.94609608764072
2.99911070040054
3.3236838235864
4.80872454636057
6.05668491411448
4.05343974262443
4.57026523728061
2.70377278147981
5.59131187024594
4.71255209806548
4.40322085401404
1.69167355299932
2.42714798121995
7.6496117749983
3.01163722849749
3.65433079698449
2.35269372385369
4.50573775054242
4.62363130915814
3.96406855434356
2.35364985002819
1.83502131899817
5.83688435250593
5.83975060078851
3.12895581191189
3.82667216566883
1.76289831876756
5.58906784549971
3.45200028352669
4.36842558584746
4.5863709784321
3.31846263402763
2.73607842277605
3.96499499831788
3.32290984711263
2.00385971567348
4.30971628771917
1.68617926922865
2.59524691452526
1.51658195983857
3.4964852192172
5.66256571849704
4.78055547491606
4.27555777578355
5.9486195895947
4.12315161769129
2.82849769213
5.73600634033506
3.7273877694353
3.63608345257572
6.50470060852605
4.75432314070401
5.17897519898771
2.61077232240627
2.93547364683614
3.95449435360217
3.35111326743002
5.01475947817171
1.97890751653702
3.38043488577301
10.0789908976507
3.34891839296859
2.03960974346289
5.04610685093786
3.74205469913239
3.618496459092
1.53255943623237
3.89136062676132
2.23306131620768
3.65819290347795
2.74892333337753
3.18634011475809
5.5675102520511
7.4474496465416
4.5239821474283
2.82178305965269
5.12374427759364
3.89654296220427
4.67158087735644
6.30479256068215
6.00389633635226
2.82008097184582
5.85738225656912
5.68624458792304
4.54536211030306
1.93754387290246
3.20382157889055
2.35771402483307
4.52800963912725
14.7174987711682
4.2135854729106
5.3857741626404
3.34938501365392
2.51455223829243
2.5910169205779
6.09031428212085
1.76439064135947
3.03233755657391
2.87256084409661
10.3695433473463
8.54240834566811
2.56932348728539
4.01441016981912
5.2303192523507
7.76945994292941
3.30579826953816
1.98192735853534
3.67591591318278
4.02209480289129
5.31679552337899
4.49063046392087
3.74535352696808
2.03188958645977
2.75630674111927
5.53382872727513
4.37628307241937
2.40845466556904
2.68493746514061
1.39591357324629
4.83810941039766
4.60030112642724
4.75086483966155
3.28376105975474
4.43320630878691
5.06338007900627
5.81951879218957
5.08326302098959
5.7486895462218
3.02695684164239
1.67245428028514
7.5104007352063
4.50999163476099
2.25495807066192
0.831899099447654
3.17183726038725
3.55446372734433
4.75265428141365
2.32536550645018
6.96985648508487
5.06346806866453
4.48279111921386
2.75752757950465
5.72133939798024
3.33021939144153
5.69163318812958
5.17714619203042
2.96048042684548
3.38278496788725
2.81711241759334
1.78697018714429
3.46534199206731
3.31499012734799
1.47602800476592
2.38517823724312
5.62745111055753
4.54228379278468
2.90513917863313
2.41759073360333
3.12464660588909
1.86962334816543
4.83626581514952
4.12604115204252
3.38043990744773
3.38792296005901
4.868890818462
5.04698915581574
4.78003390520691
3.78251296575862
2.98044714965926
4.3234227422654
2.17005664822744
4.64156765512152
5.78047592000763
5.80787432550229
2.77197749678717
4.66800742635158
5.74322461381957
5.22699989491062
2.36370771923394
3.23427967353167
5.40095174538432
3.2265554048845
0.878457005643211
2.69780279345766
1.37215577116411
2.20245118627918
4.46071288514818
2.33281864474716
7.74497133077052
4.74086542463243
2.40648707723547
2.03785192498424
6.98980833174941
1.04383549970809
4.46395226306468
2.95549605107598
3.88947546351695
4.19025219865279
2.58726357583449
4.43697096663934
2.91830475620402
3.6624523129041
4.17772227476792
5.96487972122129
5.5993712245578
3.98812193214642
4.01793513448761
4.21813777857024
4.29765012778498
4.68598759275621
1.77021403155555
5.20807525272948
4.64654810034885
3.81527262923977
4.98834780994067
5.46423872677252
0.434343852019746
1.61822241667717
3.44488949027039
4.83864198431288
6.00214694103801
3.18898343263911
1.70890508725963
3.58598027880406
2.17856967792436
3.54985400003217
4.49426064217333
4.88767533127664
4.40214336770837
3.6982221096031
6.40312944712441
1.9371078038874
2.61593425576357
4.46687287511358
2.70009335711243
3.9240754862803
2.11624430670831
7.10926890553373
2.77494672824529
5.69763928483763
5.61917407221784
3.91879736230607
3.53529683431277
1.30819189622585
4.88250268692936
6.27879079699963
6.68211499514145
4.91598522938264
7.43281998504571
6.97004706023567
2.71003864009168
3.81498465379247
6.20539116824424
1.91502847998769
3.24532451833295
3.26212476940102
3.37647309560365
5.2448693392769
4.1801757661465
5.36651484708215
1.57710054708039
3.47813016692773
6.39676115228786
4.83687739963117
3.79900097224143
3.66900470144404
6.44619457923733
5.21154989254963
3.78656207485032
3.17708513748856
2.71339774054227
5.35549472162142
4.13294495318357
5.51674768927522
4.03430908626934
4.99045507837885
3.12034671915958
2.78564532322715
5.0310537287946
5.83758563430982
3.93771550574807
3.95137793669813
1.88700556647882
7.35467107499298
3.51082715237637
2.86894141585741
3.10957989584789
3.45135495658953
5.08065082833975
3.35937955659905
3.83531701653902
3.55330490328258
3.69022060144901
1.98016470266649
1.05807250820866
1.91865034921443
1.359183575084
2.69198691997029
3.64688229725056
4.19743826373213
6.89007133739992
6.01063927135879
3.05326491757548
1.88268382221998
4.87724179506459
1.8642978544781
3.75710668988139
6.85678277121482
4.65528772981198
5.90314900172717
4.71041688676544
3.78891148420653
6.11882343803263
5.69196027319023
4.44623452123839
4.45438434118268
4.30189350230828
4.29615708442496
3.71215226453406
2.7110150085767
4.3300131421822
1.66345071459485
3.6505790945566
3.95405850788576
4.46731944887514
3.07128634200135
6.09683032569788
5.10798338402536
4.43770257882701
2.93883586138719
2.49213217387085
4.36421661333613
8.37278268187241
4.35143592821456
5.91736575370004
3.30843706576379
5.31309214646406
2.46444281955358
5.96452515743421
3.7786943062987
2.7613515237391
6.72258865348954
5.17488402028977
5.79079683590476
1.44413590359866
3.60015025543957
4.27821309716285
3.7475584481385
4.90855237319725
3.25166036349533
6.02815040363977
3.69510465874126
5.89812250601858
3.1695134724617
4.80646249774857
1.91577690800015
2.75849731332602
1.57085767035408
5.80095701538332
1.87369339747229
7.4306508839218
3.57424925852315
4.07527271954108
3.70240170982699
4.12000071202795
4.58707347827108
9.42970354754468
2.06098061116845
1.74998816483555
2.63800477409138
4.16847067440528
2.95143824168434
4.19992941945419
3.57894838674868
4.5592769131808
5.33296096527438
2.03581613174347
1.2229702268554
3.22675658436436
2.12917709154582
0.344859700666743
1.64905677902603
3.43198890877185
1.56188939016577
2.40644677187068
0.509260352351277
2.91289484432173
2.35119940534133
3.72314937667097
4.28936468075091
2.4176846145852
5.49180364955947
2.34739210293439
4.60633451439027
5.17907206253138
3.49511842613012
1.80975537823507
1.31972375745301
2.50606435016796
2.9265812154732
3.76393943874025
6.53823630740372
8.40439226140892
1.43379269357191
2.56512712326368
3.61883411134789
5.58117115343323
6.85048074761905
6.2752819180305
4.35829010629273
2.78058382031148
5.59488482007223
9.42471384652021
3.19993401821338
3.70719225899425
4.35068328534903
3.68820152200764
1.83496415924602
2.68374754196492
4.16033924812152
0.994247312833866
4.66165801393963
2.3403732872882
3.71823466822903
3.64579604682354
3.01941864741125
3.15172035424706
6.0809928343771
3.68392460427691
4.22790869183055
3.53790727371993
3.15060862497643
3.12892404514378
3.10910189775906
8.57546619084417
4.52214855825054
6.69214779000651
2.57145312991541
3.01469150652776
2.7610949793602
3.09212893373008
4.81868092297096
5.03312866763606
4.64963699074338
4.21086023883964
1.65101976863016
4.97445062912934
3.0752544638972
3.31034964640718
4.89546686141342
3.24097735275185
3.33945307229178
1.99768686484485
4.2937289522894
5.51967274541652
5.61340150357588
3.29023513798324
4.09346233066568
4.32092486734751
4.94029724413461
2.50792037676778
3.91713550771725
4.39001607861957
3.74898501598702
3.56960965084829
4.26378239285825
6.76370623349135
2.56489177464673
5.01170378067934
1.94932982125768
3.72168860454773
3.13873157019791
3.80854854717694
2.86112034280112
7.1582895997581
3.27978066975098
6.42164478856332
3.85709019347204
2.53892652734295
9.89658179322668
6.28307449943353
5.30834706469195
3.86080190526704
7.12511468718135
6.69494141451298
2.99051391674131
2.84618989330618
3.17340281299737
6.71014716590006
5.95698083982055
3.24623823035825
2.74585442910367
1.78713972702915
4.51466971415777
6.23683621838983
5.50559576621224
1.5515305082429
3.44604014060622
2.43905709861811
4.72023936370978
5.31213870614673
4.26027128532517
5.04425639561501
4.04367107244861
5.43419942364893
4.91490979656679
3.20633111775076
1.53793249700649
1.69692298558131
1.3183729212056
2.18048555671229
4.35285658616474
2.65113782588434
3.16377996665793
3.70083359196978
2.85174324790333
3.32411621704854
6.17672453576385
4.1294394125592
5.25728135838845
1.19820698174166
4.16762357560302
4.60848144876751
5.33189046983219
1.72764040759262
3.66948479445017
0.282503949787639
3.06779391706312
5.60987021516623
2.1471555134755
2.95026555782397
5.2928549722271
6.58696059762688
1.78687766674218
2.78250231934586
2.0333916575113
2.41492094134737
2.81437446775003
2.52490189497026
2.72272997043018
3.89595610363629
2.67530729732299
2.41886238033288
2.25886848092748
2.26906015910384
3.73647268185705
2.49097250252058
1.57081415997155
2.13864677667988
6.78987627007299
9.12597001972922
2.08774822427124
4.85803857603918
7.77537684943749
7.24141792851782
3.61691612742561
4.15957955450854
6.70662715342154
1.46945282390236
4.05818014359931
5.96343987567056
6.06478648360636
2.78788133306991
2.55932818774873
6.04401708007393
3.90045014643531
3.75946510283638
5.06776513890094
2.93444677962308
3.23057962940798
3.67920611502529
4.33221065823566
3.70181054338962
4.31628909642951
3.99390779759793
3.50610854401288
3.11927888270995
2.63143523528723
4.1817601923506
2.21798045201466
2.2737379080444
1.7694325798746
6.47365889037496
5.59331075885082
1.88516877881416
3.85070850777505
7.12378171337781
2.61779513996671
5.23901325725004
1.50713210862894
4.67591528283833
2.81198484683645
3.5729617070566
3.8242480519176
1.31436013422526
3.14556396925947
6.15660666115696
2.77948450215132
4.00935645306404
0.282503949787639
2.04839411840713
2.25006814151131
2.78800509872099
2.58977747379075
1.60824239150917
2.60831710271233
3.43325686979818
4.70232903974745
3.71668420625284
2.995596737548
4.09698204500683
2.2771418556928
2.99162180294124
6.41089618520111
5.48063288210931
4.22603673584409
2.85022886755089
4.7591722584873
5.88636447262524
1.88182243319791
4.21070903320747
0.843800169550798
4.34493647905275
2.09200947330747
3.29102668244858
4.09230233200048
7.31856513065025
3.23174384561767
6.00900960302638
4.60003410723313
3.84102666567135
0.785349030868107
4.59932014325522
4.58088939213282
3.56558181526326
7.01658079714205
4.86742303222264
1.56997023609814
5.68523174864917
6.33332352887712
3.62215716902522
4.3303449562938
3.16806173050829
4.09406349595098
6.04100314649714
7.66496917502633
12.799851116591
4.53354763411919
5.49555953674572
3.26048469074254
4.45311368554693
3.10074504424701
6.49730559155094
1.78056658825051
4.32196718401859
1.16612077343721
5.22125467861796
3.63334267273647
4.38091660645414
4.6666546233064
4.48099886476288
5.45759363581102
5.7193943227283
2.84886627519434
3.96717152362653
4.34010401710112
4.83428189206119
3.45662114200189
2.77660691032535
3.01853060652923
2.89203540732235
3.31569000105914
6.75818296080904
4.04205534563818
5.21311298681248
3.71414732223517
4.3133227030873
4.25725357653929
2.27795572228686
1.75426557440601
1.41346372425832
4.33592582386074
4.03296398591645
3.51639825838362
1.73370205091324
4.46243521957795
5.57101747483235
2.86810411695778
3.36352411505291
4.03240617225494
5.20245564341367
3.62311725945933
4.79081506037008
2.49164637768155
4.40199969125435
5.70847422855233
2.7252016965946
5.03770683621587
4.00202549426978
3.05774683351585
3.14094541148263
3.01988104362559
3.82272158105787
3.75120116617753
3.60024653767216
5.69946288476388
2.97541758935644
7.97246569749114
5.37736819794414
5.44196140910998
2.11071682153795
5.4273359357918
4.55434968700876
0.282503949787639
6.55088780148377
3.27604066910718
4.86418672712561
4.30170036751946
6.20850109612411
3.19019838991929
1.18498973782698
3.48948225695785
3.16244028998082
2.90345305969871
3.05948054683278
2.12337038603973
5.76494541216862
3.45958437919591
4.9801695459577
2.34227224382582
3.78391944941722
3.48616376999294
1.99467387877746
4.6295670172039
4.81426374288162
6.13430437468438
3.88488526407826
2.92717014240252
4.80060942073669
4.08171539572313
6.49916909305493
4.90826018721244
4.33143007251229
2.08276451852192
3.83481808499845
4.75328751741568
5.66283187842532
2.77914903483572
3.84722861393046
7.95906058111776
6.8203136886666
2.41396533697853
4.94653077024221
3.91316665208288
0.282503949787639
3.9446199745135
3.79707873970565
4.92481250159674
3.1604522169247
1.35854702563595
5.58870361645383
6.35052720973711
3.74676119740483
4.44847731644881
4.18790683330004
3.57175908723969
3.94195713440603
3.78484349828474
4.68816652473859
3.67137673080509
6.2273511627804
5.17597462137386
4.25438426351526
2.0496568797359
1.6980792775506
2.9174963190506
4.75092343241006
5.07064878649818
5.52720609985618
5.51684818873131
4.06599589152477
1.30337675392469
4.01086408923228
4.96304854360849
4.14386372510301
2.39915648565058
1.14951311594691
4.98395614070725
3.42521944361617
3.09842591606697
2.32675270817179
5.97129356967494
3.40870997180222
2.88234809789322
3.98257125084294
4.38360584368942
3.55600493975158
2.65413607581742
2.91505480796808
2.90477060943234
6.03664318750538
7.3941466017856
2.26213652384899
3.49410481509887
5.16467875577374
4.64063281306962
3.90854778143273
0.995817827843687
5.67630541949264
7.59074905190368
3.26538793152909
2.20005000077686
3.3490645244949
2.15980784716249
2.36775025371045
3.84356618863951
2.14501577844359
2.2894920410477
3.87527944464309
2.95947050738789
5.0001813313756
2.08758717983536
7.29610162826685
4.27110099875013
4.41201723938707
4.06452500198265
2.3505119268053
3.58736135279254
2.65041763470104
5.46487077989698
3.51994845473955
4.46336190138224
3.93556483104679
6.5782845323021
5.3037502282777
5.30780270552235
3.1483797285417
5.47086420545418
4.8756378629333
6.8967888780287
5.04504224580548
5.27455488980733
4.23996921646269
0.282503949787639
3.49037111114673
7.13133393394362
2.52088011075162
5.94158595992673
2.9549411243029
6.15107554005247
4.26269266685246
1.44114430557168
3.5415877230503
3.177012822383
5.59676935496298
5.44597308546953
4.5361943770839
4.96486198709815
5.49583400283013
5.82614271807091
4.44754838000939
2.88130704464142
2.59821559693474
4.18033224440217
5.89159984678434
5.26009171683052
7.22819833564953
3.37548249515065
7.3447572535098
3.95185846913121
3.69761446069454
3.78597892597033
8.37940671951209
4.41445962211329
4.01607391939985
3.84387785616525
3.9242730185214
1.83871033317517
3.03701144626316
1.96146080879902
4.2592634101739
3.89648303724808
2.67469397979512
6.92315214280206
6.33647547321267
9.31455957319548
3.36847680153327
5.67716886542021
7.01501825930859
10.4805787506079
2.15763414077325
4.17350826069325
4.99290283385412
1.76187239222794
1.88865290583571
3.43097701885294
8.72055396266499
4.38982068864494
7.40831870038863
4.67257943621016
1.85760562300723
2.09112550237544
2.85876915463607
2.74388687214957
3.43183939972655
2.2851167673655
1.33077104847991
2.12813156663594
7.4363901746051
3.67032957967984
2.91512684762687
2.5647895021457
1.63941123789346
4.40761102515948
3.46160575768392
5.24242004136967
6.91577100629325
4.19451403555911
3.81326319183859
2.43960066130468
5.36874405127814
2.29990009285907
2.71615919247432
6.52341748974498
4.83176243055229
4.9562267194123
5.66436062024396
4.89120027686242
4.09083281612163
3.52575543930106
3.11395366702654
7.31323234553935
5.14831747488998
1.17976600646144
5.08236534793507
1.59575068721259
2.5906363594107
2.7071778890039
1.96014170611584
4.74122284727462
5.38577262807811
1.70047731832126
4.44811108006323
7.40074952752802
0.282503949787639
6.08633991451483
3.52166180679215
2.04705638679408
2.24796026064208
3.68496775298333
4.09510257732195
2.75677630803234
2.92547141565712
3.23338476192132
2.58962091487827
7.80100025578478
2.99011508833713
4.60174070924538
7.41752232657353
3.66056067901481
1.71284748187595
5.30287178254976
5.14560205626761
5.94428040434758
2.01879332774578
6.67863188097841
2.52800064548596
2.04870309143267
3.57411174208672
4.06289909601883
4.68376137526214
4.79436654859076
3.09812784239121
4.66392558458699
5.9806472131419
3.35768150395047
3.01875170462701
3.09057169887031
2.48179292787886
5.83808151643109
3.61090009064412
2.41037837939608
1.91212128385763
1.59751620112179
1.01620117060201
2.04794737654084
1.6744236524257
3.21634569184976
1.52999514301405
4.54480097253053
3.55542769091908
5.94159804047549
3.50510022254722
5.96376309879122
3.86964591774197
3.73541705229225
2.98041822153565
4.47735668205971
6.28764663613991
2.04602183510998
3.77831134395533
5.36699230994758
0.282503949787639
4.29354821777421
1.89813111720439
4.35470215018074
2.0723099637911
8.11091721801569
9.66461876087912
3.92960704075808
2.09092854677426
5.04087426477143
1.8353895066578
4.76740168869975
3.09593907278567
5.8708685392161
2.46102332641255
5.19512522124657
4.71365410008267
3.11862424446527
1.53242132513699
7.13256604966421
2.29780680851212
1.8678856480834
2.90947965812585
1.9799122582133
4.54012415058753
7.9137143847709
5.66089261048504
5.78620726135182
7.07431568487952
2.61937327121358
3.72947517176453
4.6387581910789
3.06079595649
3.79558588612475
5.98248705622755
2.88958305417137
2.12452655669381
1.85953863681916
2.49538686406872
1.97878420723099
6.61996710515866
3.39194871575163
3.33213431547346
2.36483519235545
6.16253473485277
0.236617389578487
0.00199785431815356
2.71872654470081
6.76611660832465
0.282503949787639
3.31509229996737
4.43666530381908
2.9399946412036
3.20871200449217
4.85760428750026
6.98760365532736
3.90299268026052
4.00839927077855
7.02696108261395
5.73000629096294
3.83076523441784
2.0838125294698
3.59191950554463
3.74878483679714
3.27193649825137
4.65170374427803
7.19131296084556
6.48668104073368
2.63952280123403
3.21049411447321
2.93845069448784
2.70732413039162
4.0811149645995
3.92935786637552
2.36595698030727
8.61634090416727
4.62091385182362
4.20474405012871
8.1192680334626
9.45402072352905
8.69824218774842
2.59772891555812
5.049609323298
2.67881538737448
2.14114649574587
3.10833067019384
2.29062371514786
3.46734255321662
2.19173180277494
5.52853825958208
7.68011276695364
3.81533859321904
4.74560726415352
3.04115387738982
3.53639977228685
3.98284664498926
6.40991827850893
3.79279925666435
3.64185421734298
1.2051495097719
9.74449232234856
6.71096466482942
6.30162050688913
1.50568413425576
3.4696809556305
1.84939442497475
1.44653775222911
5.8823809357291
2.6282641423466
4.73558486510864
4.0545406881466
5.6151442178962
4.69117733023638
4.18395963630774
4.95651991892466
6.73954587473089
3.25257363347262
5.84689734586927
5.82707891968899
3.14851603225597
3.33967311390837
5.37766472445114
2.012735145673
4.30814002172718
6.07913680571708
3.53453401869624
3.34199472688937
3.82302147220557
3.00332331285176
3.13170248784063
5.23742200730107
5.50662524299356
5.19232000184554
3.67023643222013
3.96825215099432
4.44227516042467
5.56475864243645
6.2789856660123
5.9413354020398
4.02882199329299
2.63931669292565
6.3199510663624
4.16734853310849
3.62970144155753
2.16021301071344
4.87119004938988
6.56604948356332
5.00562013350313
4.36433281677665
5.28937807919872
3.63696792772274
4.22372367483195
2.76488270892734
4.31439178090267
2.11481160839053
4.56378221861315
4.02798302650102
5.70835699778706
4.38115992428191
1.9425664187078
3.38191611068324
2.70878403198274
5.12932379155683
1.78518641407366
4.35412322825532
7.83265738047576
5.9435879887043
2.57257874379636
2.49558944818524
4.14716745504854
6.01431939750665
9.44245343757399
3.34697659831673
4.54763163580206
1.42461688481609
2.09115997886799
3.80607870042318
5.68964979227565
4.05381211530649
4.82007495865918
5.50151431245767
2.44485946863928
4.8350082873645
2.79788571130359
6.11680060403192
4.69841051238912
6.27173214765117
5.31800956874216
0.949253282433267
5.60545852389364
5.58729280282698
4.12530319194251
6.52707130903068
3.03731303330844
2.90056689679371
3.42149415674669
1.5397731465829
4.32802611372081
6.05241082258858
1.3681113195408
4.52619583978971
4.94328376429075
3.84241818760044
3.24783267911084
4.43702886575816
4.51653590415764
5.04303133734766
6.85666666151889
2.82766766015638
4.82543508950881
3.15984303011301
4.84470350126388
3.68091555183574
3.55240378149601
2.33033294459277
4.47775660826548
3.93673076269769
5.17796218887747
2.64916107255667
5.69222458734494
8.74113270151811
4.01066095827592
1.94522079774384
7.01928559652548
2.06376406177198
5.90736031908933
3.7388754532255
3.99659387234146
5.48951919363288
3.95489494894266
5.59125392991562
4.50411401346619
3.75712364272151
2.39524874368024
4.11268879926922
3.93353127202395
5.58948641064068
5.6698143877083
3.08529519622975
7.03563028962559
3.87334291672191
2.75219189760946
3.56212412832522
4.67915550497808
4.10790184356298
2.52342020565709
5.1919992812497
4.21356420825615
3.17381520839067
3.34215597636041
5.75916576089937
4.2897779651002
2.9172925098745
4.90302815917479
4.12874971361288
3.25682995764739
3.57977478837978
5.97049134071304
3.61987279405609
4.02615338974438
4.83089136618886
6.98926982644253
4.40771826405173
4.37042239736385
0.282503949787639
6.22172663432034
5.04917944825648
3.20784031192181
2.15851321744526
2.35027460519715
4.94973644497888
2.82915716062005
4.00511337271079
4.03250992621115
2.94649083911153
4.31447013439624
5.37300728989536
2.11649238211024
2.79031795468251
5.66070694103476
1.81963637217686
4.98033326556891
3.03706744279504
3.76344250215921
3.00421481974951
3.08662544087987
1.80441513429357
3.55756865177242
2.86091463366474
4.9389851562777
4.68162295807813
5.02152741191991
1.85186924791779
3.30675411431507
3.40073441219842
3.99526025491932
2.95406865814471
1.96055710907091
1.96809773858112
4.88053286555798
3.00313791299145
1.98244344182744
3.1571785720606
2.92214894665551
4.81823737472811
4.15416759973866
3.97267896791675
4.60588596775756
3.76074887505679
4.64158097675138
3.93356761991911
4.14125463003617
0.988628232150614
2.90645189241863
6.40961568517559
4.5239241872205
7.19872719412777
3.88763996708675
3.6073439922486
2.36552867352062
4.01963998002911
6.68565698071017
2.78092214410682
3.55202475022155
5.48897655568851
3.03926935076613
5.92125172747709
3.93674396174992
5.51370251128304
5.63960974999141
1.85720206016509
6.21212340648815
5.16850401741064
4.35642512643811
6.12519192065593
1.69096960022971
5.47156148273707
5.45459328632789
4.48632047646299
3.1252842859471
2.37589904380977
3.45863091642448
3.56085628013511
3.15686524369718
3.61714702440011
7.03780650353273
4.52380942587287
2.52275315640819
3.3072711119246
3.28482034538012
6.8589510771901
4.09040597438368
5.00828531560933
7.58666227368104
6.19447683692317
5.20493692849581
4.03415724940394
4.56874906868114
3.03724633522997
1.55616237830116
2.07395920903201
4.76397296591004
3.06049774276398
3.03022696801465
5.25765750886681
3.40853238270155
6.99017666847897
2.83651226254561
4.70124134334677
2.32791765640944
4.10131191551555
1.92411893561042
4.7248643796145
5.22323933970785
4.29370066026272
1.35981831531425
4.23120862763125
3.7914174852537
2.36642712181836
3.86619878730248
1.78501787617591
2.43176124385171
4.79622887082103
5.31832061600015
5.9216104110225
3.25689353260758
5.49704953423053
1.7564992187582
4.80605975861633
2.63105438832123
4.9752635340803
4.59037842173978
3.47937412355191
2.11469974616811
8.34898843628989
4.09097428246806
1.98492323333489
5.00568944289441
3.40054476546094
5.35993373989818
1.39157113491703
3.21024869522776
4.00635648798193
3.57874610912352
6.48589731548996
5.73434849425901
6.04364828557134
1.93907250410082
3.45378632295874
4.8626729761392
4.15411303102444
8.42812045787148
4.12251302018364
4.99218570666783
7.23248041283808
4.43728142263101
2.9334331791993
3.29665309571243
3.34458319342628
3.51904711969899
2.3224889758245
4.52843524100012
2.84278360078246
5.61990321999869
7.72162136936315
4.77645931382085
4.33868685140557
0.707518737718695
4.22370335817069
4.47282316551606
2.62477814076578
3.44730307857712
3.65355385770011
4.30895230361971
6.78136270563183
2.10791315128979
3.89828418838841
2.13015879797715
1.70616941612587
6.65274758985126
6.32059730542947
3.58480373231047
2.7506875219586
2.45225613928778
5.85163881952456
3.0880694722327
1.75440659640673
5.55301552253282
3.8984666581388
2.59505302551976
3.12066730588335
5.82589167010377
5.84834449157815
6.01613007526341
3.86281491536887
7.22343060050694
3.99901232578885
1.15915786495324
6.23033085080351
2.09244833819324
4.70890391796976
5.23645881332273
2.76349026259995
1.65105362686857
3.78199895337618
1.92495604437019
5.48132805771289
4.96625681950349
2.84093271888441
1.19760149427185
2.57155703200647
3.49074362885269
0.460407373495556
6.90404856151155
2.53857125154249
3.50133395057402
2.35641536053954
5.4934342665377
6.38596412188318
4.57124206374587
3.39163285897387
3.14462344011034
2.27980201748305
1.92485254591218
2.56699292744295
4.11431336354598
2.42707607883859
2.74145705033889
1.60182689354641
1.33034656960511
2.38850890362168
5.05687087631713
5.49898765183386
2.87668597938158
3.23820461303443
9.26068519382257
4.49954234461226
0.00199785431815356
2.05315401581519
4.10896484431932
3.3469676237681
5.6806305183018
9.35507104651177
6.67052936507364
4.74393714286652
4.59456607041452
5.49032765031738
6.8787195045556
4.16583353128694
4.1556790385113
6.1370546408463
3.1254040380892
6.11053480106825
1.87291092564497
2.67455086366305
3.55564852405517
1.68283583126904
2.65835985240574
3.85847213864718
4.7362968733923
4.64390171186832
1.88011480284331
4.65359185929735
6.36741083077552
6.63955423462272
3.69389446476283
3.09587195417318
0.811929313937429
1.56044825649144
5.4719513001636
5.93184585282773
2.77560615033804
2.01845960847143
4.13436304352897
2.39122127551616
3.03135791792728
3.45016116405123
4.16552060551403
2.1080544083937
3.02282362228235
5.31490093270496
6.19579927908778
0.980374732037864
1.26775261992797
0.759954205839356
2.90498657512198
2.93363984387922
5.40344553449422
2.17732207413223
3.93753755703634
3.61905353119614
5.36347358680362
6.60016359600559
3.40113990500537
4.46248011400758
4.80163443807591
5.08225557504763
2.34082634018764
1.53391776594293
3.5594204732913
2.05575138248363
4.17366480410138
2.58710444970136
3.18667750714173
3.31217885167657
3.37491661532734
3.54277694702335
2.53832387483895
3.40781812398121
2.68310877847658
2.00252775373187
4.29286503277171
2.4039227806797
1.92199335220489
4.91642011708247
3.50023411550703
9.41253276377824
6.30383096430815
2.96762811825878
4.86476687205308
3.95960961578357
2.87882166790362
2.15222695826889
4.44591723313231
10.1845840176083
3.40302856441724
6.60494309509995
1.18606296848173
0.678887013440432
5.67035423247492
4.73540692095961
2.31135684935364
1.68623172505044
1.18230991275985
6.75421155027874
5.52631154645713
2.14260366466048
4.58381734811228
3.41305420467173
5.16714756509845
1.04651611251529
1.16439047911048
1.47480829681215
0.475895236037697
1.60108519625441
2.28535618244543
7.681977952615
3.00708157837582
2.86048654786923
7.42998146600924
2.19612634844107
4.01802171953978
5.88347976946539
3.93808703999745
4.79936790448282
4.94481446279187
4.59507127973421
4.02242478936461
3.54752958741443
2.87645489917411
2.29910565873896
4.74742554689305
3.05058845037237
4.18822557495271
6.25170232625519
2.40981472940368
3.60945896520372
5.80125871517089
3.73985363929843
2.69514039623347
1.83233806982831
3.86599847195316
2.35112687024672
2.35693250438703
1.67159848081858
3.42015274167144
5.44815680293425
5.9879937671235
2.90614086732277
5.11976442864552
2.52411366476036
8.32192000717002
6.05496135442166
5.0004495928793
3.57754154668705
2.97712167168493
5.22561980766628
4.22731989888205
6.02560165360827
6.26454451019263
4.91458572225331
5.52845791133112
3.3668303487139
6.02184625880186
4.31566899781758
1.67230770531465
2.48310424665997
2.67334722726576
6.26014896774154
5.09751640096116
3.80499097250954
1.82693930738519
1.81306575070455
3.85158423591642
2.67240402969835
0.00199785431815356
6.6285729544174
3.89585486297052
3.88237681713032
2.75937609906211
3.30050372580838
3.72893239742615
7.22481152991909
1.90460063648289
3.50330722572071
2.43932057096396
8.65717011243401
7.09742338628904
7.58131214410246
5.55969446476199
3.58836101950437
9.5172023460259
3.19654804088061
5.15354524481877
3.00460577350802
4.83715278989543
2.14584624324013
3.3479414913276
9.28913372502691
3.43385093909117
5.24440112875358
6.06128092086401
3.63572270737487
5.50989657723475
3.29745127784082
5.10828217736028
4.28872060086446
2.29315254190261
3.75547789154643
2.97118610736076
2.77806447335641
3.64623244404406
5.17135526382171
2.02755037266721
3.68259124690277
4.00952319003429
3.42006958418556
3.83047785193506
3.07881769415461
3.9577979445152
5.2151540858186
7.14820869751119
3.84767769200999
2.21750300159226
4.51527183709966
3.7936963841783
4.85949398180958
3.02946971082955
6.26491836640809
4.41067335057804
2.47241917788
3.1750423140092
2.45393179999828
5.72379243394741
13.4841249513889
1.64568642679266
2.3656464144767
4.43202694135761
2.75369010936698
2.96310439062352
3.62710468391294
7.19945217138151
4.46743357351612
6.45695234132025
5.72792109931114
2.82443445122721
3.62415032408665
2.27742697404853
7.76581333241197
6.86535042011384
6.46046993012407
4.17177637027105
4.18626436961077
5.2443691229215
3.70357814625648
3.47212253574252
3.07716688503744
4.89412194889479
1.80397574160435
3.80565564161972
4.27160600382915
3.39638834906164
6.38930025829211
4.2242099710836
7.5484440736932
3.87934482931888
3.0912400565837
4.90629984580899
4.36050297841184
3.79875354709351
4.67915698897234
6.14964885655854
3.79032748696128
6.04226247495134
3.62048194238273
3.07897386084152
5.62130577605714
1.87510985867392
1.77480583577394
4.23877033550518
2.90173244737435
4.04171738362826
2.84374859531135
4.15617208957866
4.12732156525076
3.3516004014416
4.43647939961136
1.42754827530186
3.48108727608378
3.81500717296037
2.64875703436614
2.87109257606824
4.004503879373
3.19986118398964
3.23730434426687
4.16467696400036
3.70117072404361
5.81726009267902
2.25979318566517
4.17547356910773
1.25969245353737
5.44093351187356
4.67438240742702
3.55225923843995
5.44031567541023
5.45983093200909
3.69767314264063
6.7203511274872
3.21517256238595
2.77958605181792
2.53990776676406
1.39164514497664
4.4638326839325
2.70083366131058
2.57573606954204
2.23723405440167
5.96688494040847
4.43393388601855
1.53554367078602
4.5085469400018
4.39415246969502
3.09302129419518
4.71484089187731
4.41246948688098
3.85409511119612
4.28906205017143
3.98552659811796
6.6164760099861
5.1022068813875
8.61460913271488
5.91429782945752
3.48577109833646
2.39274948509035
4.01945379853054
3.91665003828667
5.56437337356587
5.39138943991195
4.40752213710139
6.20632824569937
4.18000952963554
2.25268200658102
5.26670339693587
4.64634368672227
2.45452568619868
1.98199904362566
1.96062953701404
2.00316502935913
5.91844705192315
3.32145533795684
3.2219736980383
8.18865032311754
0.00199785431815356
1.68818060130919
3.86103794223291
4.61820182010392
2.48151584820051
2.26695878057217
1.36359763751881
4.53749310312388
4.64978887864248
3.88369933165976
1.94506872869793
4.90771606408626
4.2285460999425
3.52473566577986
2.14606803390694
5.30091366058664
4.59527876951463
3.38827466512801
3.00778127142501
4.53227140388503
4.94814106875795
3.31179057972276
3.43264489985491
4.96813315182786
3.1102395891456
8.02148072897586
4.69526321295718
2.91880179164602
3.16999483429708
3.44738183676442
1.09191048971943
3.88405265224319
2.38713481887438
4.01719429018164
3.38194594858496
4.66237269345929
3.09590486018318
2.29133935635405
1.48166957003601
1.97686344369892
0.410388717410924
4.69913360475462
2.580479863133
3.66982173246985
5.23079738124715
0.00199785431815356
2.09751121239569
2.60578274985449
4.46852529204039
3.8234621978433
0.647053047304814
3.5501737509116
4.85400948439247
3.50097911814952
4.21162130823134
3.97847714409734
4.11131279858819
5.20172864578818
4.77603803661833
3.10561049348111
4.0570757771721
4.71690421136625
7.6011138339969
5.64290933215329
4.17479043453338
1.94565943393678
8.9665255050587
10.4380483200835
6.22468453553982
3.19625692595491
2.65252709060395
4.19943861098574
2.7823619056167
3.25872195265422
1.27566195394848
1.7478966343684
3.02041455138475
3.43311686378101
5.27964743679499
4.01068097846359
4.84855475114145
4.21884543773923
5.20484038475887
2.37265855197078
4.48012743028566
2.09739779833966
2.04675320230857
4.77400082754029
6.23228210081565
5.31090202077581
5.91490791975703
4.61071794510634
2.17491676800468
4.02409677286899
1.81007657325617
1.34172789028492
1.18205081934901
0.688176881900591
1.58623737257522
5.11225911177196
5.3082226571666
3.11512076530737
3.14214275122086
4.34035172802278
3.29210520457931
2.6739939497733
1.88598837323002
3.20027864130806
2.58351804998172
2.42132216480594
4.95915580758089
4.39547311133399
4.03789318415022
2.34894271631121
5.75688578769024
4.95700951803609
2.14742474387264
3.36053658200059
2.13446924516026
1.84117228437855
3.71481575064286
0.963549956761832
2.7691273636338
3.52979801563793
9.49974685701985
1.84160160189293
0.771695183369742
0.995044687799521
0.335266716138195
0.916406633800208
4.59182152263581
4.43298259702121
3.90793550488969
4.38474601267011
3.39362157262786
5.15851537153016
3.76681331514548
2.41514972939901
4.26877975362668
7.69806912439371
8.25814215034271
6.45051944750464
4.31105806991288
2.94764455294873
9.88760332316346
4.01925730505216
2.06399298073248
6.14415336076676
4.86836759941506
2.04010618330011
3.27242816325819
5.07955002872923
3.7937281585705
4.05614440303164
1.7202584517496
3.79411122608161
0.140761590553109
0.424556742361181
0.45038441813436
0.49902531483378
4.00949570881267
3.20098878404626
1.16188399101193
0.789722274914022
0.286925849173825
4.79609331139744
0.823989887007101
0.81951109296564
0.756421975848622
5.9289887061191
2.8689000178836
3.77326662909247
1.21062285825548
0.282503949787639
3.89640845653927
2.77283353865999
4.21958916116222
3.24120258676346
6.18547655740387
6.96661152975578
3.09176691405781
2.08649666590966
4.71091486710334
2.11284589798273
2.31055938194886
0.633594727497998
0.872347113956851
0.853424124161725
0.470212971339579
0.650521245205827
3.07086848753736
1.84081750871997
5.82917833372669
3.38559039012238
2.18660827040143
3.5838265758826
2.79195425109409
2.86845254866219
1.96322215530234
8.20765901853258
2.97598421203769
3.80549122124326
2.86742771328058
5.5703790850697
4.0372383461067
1.76573108014565
2.0581250377818
4.47344865253983
4.85319770473592
8.88797719575412
4.73110467394353
4.64195203076933
2.58531026512613
4.76343480489667
3.80417580945839
4.51094692769434
2.89304187830753
5.40066892005686
2.25229756100525
3.83718664205706
1.61484737843628
2.31057553843861
7.11812379601671
1.95436916145711
2.97068141231397
2.96661107550514
4.85142117546029
2.23424973485247
2.53120826623632
0.834762417385109
2.22830948880003
2.2352099065079
3.23696177476864
8.81298720217581
6.49329405976864
3.93574344829691
1.81784385290516
2.60988786514867
5.72508359631365
8.26085759197162
5.12931621206125
4.61624259617825
2.91982832076792
2.23137140770869
5.37388955847493
4.52005607120018
4.47645319468935
2.22375424111616
2.07632110746168
4.37785588369877
5.46288291877611
4.8888518827825
2.09227998156287
4.78807564495892
0.406471203842786
3.2278541137283
4.25853379510924
3.84303722050721
2.45538367811326
2.56435591937679
5.13726831091856
3.64884624273846
8.21939669608863
2.37536564829268
6.11201915954374
2.76504361252166
3.88494463762322
4.32066779451761
2.27595892420772
2.20188363440965
2.75843324933316
3.04782411549232
11.8008777382043
3.2718178807636
2.08725278980359
6.22439651807179
9.82896182723726
5.45600506403622
8.99471789067768
2.86144804822596
4.18879587157828
3.1654397895716
2.34728373612104
5.97639269607033
4.77759864614196
5.94493302599643
3.14124405178477
4.59547268493866
5.41553982634386
2.94609054155243
5.96571993737937
1.47958408894264
3.08565404500457
5.18020422282067
3.98136169296774
10.1284452962385
2.30774686445276
3.56443475910317
2.73654137150206
4.1614773290131
2.82392617577958
3.9953222698476
1.28651887956505
3.64949539582289
2.24881869655045
3.98976992712835
5.67880475130706
5.6306931248753
6.92819533598408
4.95154961181455
6.07151689005613
3.85078141853872
2.62282328467311
4.36736942126049
3.0946736189233
2.05811471698067
3.79800822803416
1.2354484222893
4.85633187566084
4.27439327028729
4.36080990308404
4.80964613835254
4.77389600784
4.49503910435775
3.58217506871008
1.59864221753696
5.23552565579665
7.28087042149876
4.78451176832769
1.99736005273323
1.10992075776389
1.21939449008324
1.83539001485514
6.87688116822082
3.73459233335702
3.18604091641284
2.29354510232496
9.26355840591438
5.02905298704882
5.64445180717467
4.82656906554659
3.62292919264715
3.4874764351349
6.4201383769462
2.39742979671649
5.27205550578277
2.7810931111734
1.96774377830404
3.24681361788803
4.66354731880886
5.53835570725803
2.55393962980815
2.01265309886525
1.92507824056903
3.08403984663974
3.7965417332114
2.32563792494808
2.74323380163354
2.30210626236607
3.1853106298054
5.83127972978725
2.43956368842602
6.24562735373253
5.70035377296154
5.61131987374537
2.50279277010969
3.60806792262802
2.85269962648783
3.39554687710832
4.77177464694693
4.03167120862231
5.6353477241872
4.72739343154781
3.15329106893258
4.58821025843653
3.56769121451352
3.83382987616703
2.66996943048328
3.10971555856254
2.65185288123079
3.43271390449825
4.74150898275701
2.58265107900758
2.93077157257131
3.42438429401439
4.64125386377981
5.00471666876694
1.82679219217784
1.91615897071381
3.35613340184924
2.86690846645141
2.33242344294932
5.95350747416589
4.80961391501775
3.65079555376153
5.10072519483735
5.5090193303379
6.20140452538838
3.52477950861107
4.7250014532398
2.30638079280981
6.22992942051954
1.44790193494094
4.78542501753368
2.9796729265965
2.8299851235637
0.666475941336525
3.71309165164675
4.69633213240736
4.25161945026696
2.41528257570431
3.31534780724109
4.56417602046931
2.33962407696761
2.14384684060457
3.09556156195412
2.85275282488723
2.4490279057738
5.20307714531184
3.37642862397519
3.14011226662296
6.6193479696141
4.31082086169076
3.60601346379011
2.73534394814
2.65362901316396
2.50891871365933
2.55036525917272
2.34576161316626
0.282503949787639
3.49488750527228
1.75289450874529
1.85322336214124
4.75846050350925
4.01160120907139
2.59245579691856
4.57455839859873
5.51491805197156
3.85379876158221
3.66731909053232
2.17740233311892
5.96964754165991
4.06134844421992
3.6044277671687
2.3989017115864
4.79161715607714
4.68468178743533
2.34571322602797
2.23763936022592
3.61425964235323
3.16205221536801
2.60613791776972
2.41180023251138
4.47556587733801
5.34050327209402
3.77641825617821
2.3053677487984
2.71855233660416
4.60932737593212
6.93917030021403
1.39391775220844
3.58659111540292
3.7133875300535
4.65678079454547
3.72782984178375
4.81296328357563
5.07416259371511
4.69095357987701
6.25350832481696
4.41741110815605
3.11152411283195
6.36786778831225
2.29389439686694
2.82113063089569
4.4813822119226
2.55830185809469
1.91092592664738
3.68024679866276
3.00888205234585
3.65421595651742
3.08435627937803
4.08598464604911
4.72180928264513
4.74398200044585
2.46557654378654
3.15315658756368
3.51274571327319
1.51423020363905
5.07919305260303
4.2109910303471
3.18364336948649
2.00406747363111
2.63191635557425
4.04599720916771
4.27759192546789
5.60797761396387
6.04748291506778
5.92528117180672
4.49704363991017
1.68775737989836
3.28817029717101
2.8761508617041
1.27775865918098
2.65944357814222
7.71284589397344
3.32851087118757
5.44147013079582
6.33513440915677
4.57521870989549
4.14835936680356
2.86966469478285
1.2029279723691
2.25920330182479
3.26651366153036
4.13775600103537
7.62306254258507
6.31126151984589
1.74283185923205
6.96344946642112
3.66347320384643
3.67419639703
4.07133647090699
3.25585947537644
3.64245407106695
3.97485939005447
3.18459114796969
4.37272154306666
1.13474308478866
3.30832972606727
1.59669592581713
4.44778915497509
2.49279673678575
3.54351171109102
3.72004784235227
7.90622100587725
2.28576934407311
3.42223850578725
4.93027312037241
2.78500211620938
3.85906502934507
4.68222494077667
2.96386847031266
3.65841289985291
3.4741073715882
2.1565315128829
5.98941199466767
2.87823471066697
3.85682146161542
3.71082073244406
4.55811601183101
3.29739602385782
1.52398265643941
0.468422405839106
2.6719264942943
1.56739056288579
3.35683186763012
1.18632592260177
4.24048344730449
1.77562956939044
2.98702052324977
5.65555511335385
4.39581605219164
4.24223174557681
3.60887242023106
3.43601070346334
1.03826967510077
3.28975425167974
2.67709159761179
0.282503949787639
6.6434179745255
4.87953240154864
2.14656499725613
3.19928112645154
2.15017057180018
3.70993173687397
2.04540634787491
2.63577214378313
5.0086369094436
2.567336211157
8.98158381429048
1.66472266563099
2.01717598165257
6.2898891633657
5.43565703320524
2.69951825698208
4.02809663545621
6.27986157806623
4.61660486885878
5.23397242847861
3.90596650009107
4.34743403761818
3.30804353757002
1.45050481342228
3.10066639503232
1.62587432088048
3.24228243004707
3.9889882536774
2.48010786181282
6.50883190689938
3.1453578345331
2.4635681527582
2.66724860318146
5.04436578076061
2.33877622957713
3.47315485816835
4.00657667937439
3.73826652170432
8.87662182644558
4.84548941933963
4.57288644209856
3.3864833297231
4.98735388980867
4.43880880367163
7.23298814748074
3.27071954936119
6.31765776850564
7.73578116103817
2.95643726718523
6.19662968116273
0.261402208431744
0.50927464858996
3.5676519465864
5.77565862553435
4.3952178745061
6.30844957544886
2.91361779803678
0.282503949787639
2.10793220141262
4.37820823274343
5.44297619681542
2.76290602617691
3.377434706464
5.07321209390116
1.26804286334289
4.94142551426458
4.13894491613002
0.500667147703038
1.7334117549873
4.56864588628043
2.68026350961855
4.8689390374241
2.55778152949614
3.70236011109194
2.30601300516844
1.18630648808689
3.786547326859
3.84664121197519
5.32130085897345
3.55527420406349
5.93947363666485
3.16847470624451
2.7611782351272
4.35373388050872
7.49550994755783
3.088743882616
8.61261245769131
2.95463558705828
8.62206273840101
6.64980870184406
1.32125173977791
4.7370749104516
4.97787460216903
3.00564319473292
5.26006848038944
1.96346716739357
1.58007178626233
2.07127645321242
1.91330514616646
5.30906247966963
5.30900813656878
5.54102480062924
4.75856071820876
5.53047760483151
3.8921591890652
3.89741635322441
5.91685830042213
6.22158954280399
4.39280494284062
5.80861769054602
4.53634394511228
3.16715129759476
5.97756547247904
4.44572766148999
2.9489674566957
8.31190398949881
4.33784818146207
5.61198881590376
4.65940496270426
2.81787303617496
1.54152090883043
2.13074785540312
6.13194664428452
3.64381333037987
3.13987653511819
3.41280618769879
3.98669963074855
7.36451735889537
6.35635964030646
4.68318042147614
4.87947291857291
1.97079666427969
2.51911350469404
4.12879965937283
5.44560578460032
5.93817260334327
5.24535942149588
5.81643544297268
6.66549197319721
1.71974019221032
5.07676322753612
4.13841878551192
5.13443112443639
4.85343170597664
5.17864814959113
5.0629075964531
3.91833728558992
0.470346436614939
3.64230218697316
3.891739450606
3.82412276584359
2.31355920364278
3.76818640644145
6.43148414133838
8.36815126159186
3.13569324003332
4.63696452867977
1.84645742001269
0.282503949787639
5.02531192251649
3.91514305508486
3.96542487720806
5.05472101361361
4.19864295018334
3.48224945126381
3.11725268243887
3.14973628325217
2.29175721411394
1.48291738614329
4.40570636082145
2.86116997536885
5.09466584522748
2.52914340798639
3.30876154315383
4.43817382782591
3.53991344436059
3.82149768347223
5.77008924040955
4.78703924077046
5.19577852423806
4.04229762862528
4.40464887451108
9.48455335297903
4.56590280615232
1.23611815256086
2.57560768811346
4.98425530992932
2.24276297846695
2.59763349002345
3.44930709122367
5.29795803526762
4.71374751784564
1.77089089251977
2.52406342862497
3.76659496699988
3.47313569644051
6.06961814306969
3.63498632504831
2.58106476675552
3.00423872220851
2.01670815885271
4.07260854311371
6.23699524027679
3.23665667858341
6.56157417504824
1.9814470098328
2.78620292922867
4.51328813653515
1.48359847181798
4.57859687273818
3.72735201954381
3.96364584826068
4.2575373431872
4.19453337779905
0.00199785431815356
0.00199785431815356
0.348335203604674
0.212117841253643
4.67001994757871
4.90642086315522
2.678879369947
2.55451444183692
3.26475988810317
4.90254284191054
3.33239314723875
6.67236392804581
3.12852170138372
2.87138722392431
5.23366854710587
2.51515171818547
2.9444164816212
5.78217366402379
1.82849583196107
2.92328764667373
3.75362443158411
1.45441496990256
6.63776495966279
6.48673767068941
2.29474670801054
4.58026729655203
0.420363681610117
1.88471098230685
1.19907877578576
3.51736893442786
3.96572002232559
4.02840160589898
6.82982377939363
4.41052797444375
5.2443657154882
3.86350929799796
2.73760459502333
4.17834722962253
2.11525635306513
3.74856578456793
3.52616967831602
3.3758000826642
5.00195959908472
5.5664600915342
5.2236053601238
4.21775802859532
2.88643017707343
3.92542752948719
3.61657718434209
2.34121692419611
6.89964760664549
3.24143525782593
3.71716543419182
3.19874877547045
7.72629035655923
4.4379570626042
3.24398995981782
4.31446154664268
5.05692490549947
2.77856541923187
5.3409458135572
7.59392114675085
3.16884531907879
3.8832551167291
5.2285332239695
6.31707212934235
5.20221999594209
3.46057207501078
4.20920704800228
5.24386383145374
5.86422232668338
3.80090277435372
4.44690064029254
3.85616502535237
6.02299464903965
4.87520874778087
3.24015459461091
2.86239171658881
1.43980275891422
7.64358843106329
3.34934295129257
4.20604423901649
3.62369008807817
3.96074609426449
2.68743128053814
1.68231643691552
3.49012039683658
3.05910315022764
3.08316148174577
4.75305463988539
5.28865118449225
10.078226251258
1.87791337517666
7.34968266170557
5.87001666144203
3.29655637715728
3.11878743024317
4.52546973637637
6.85363569898086
3.46680764691694
3.28919556539427
3.40663709490939
4.37614328395363
1.50890446063899
8.02499278245447
4.49228607927062
1.03487849080989
3.48380228440871
6.93253501044889
4.09885563021078
1.94902984751472
6.35131807555638
6.17193692880228
4.30167558897166
5.66580978860151
3.61442198824666
3.85427888688388
4.36919215820553
4.59074207222916
6.12569099411714
7.13456126202821
3.80002638123759
4.45227458797006
6.53876334171513
6.84592408061825
2.39037429947112
5.45344523102034
1.49078469730483
2.51698801138971
4.03213316994766
7.38225865063655
1.77966585643985
2.11947774987399
3.06759114812789
3.21691374970453
3.24727229399919
4.96109453063115
6.16203920869344
8.13430967620922
4.1653229576185
3.70355540806485
4.69606275867717
2.7748519227113
3.09976943181209
5.33914733256828
7.9264299749075
2.21665940846411
4.06225076142788
3.31983653054138
3.54619392396563
2.8566413023878
3.60549345128138
3.12481124519597
2.96942127857189
6.2603235566693
3.02072302654061
2.90624413747266
6.23617150924932
7.8777960361628
3.23656170173919
3.31771337883403
2.86664545526402
4.71559421905271
3.80537648264631
4.09899561486909
7.18519299169079
4.49863201609987
2.3667313653142
2.60107580285955
3.716279546001
3.72679485009789
5.37627674758637
3.13196911470455
2.56097254829568
5.64887053095489
2.26022096560236
2.49894110698652
3.88132419886503
1.98509714235405
3.51608434328426
2.79886306355166
7.08954894910649
7.50637858804209
5.88747186966597
1.90731213101996
3.24785346851479
1.85055199537364
3.27261982711449
3.27344467190569
4.05115823485293
1.7439004415614
3.53574126605502
5.44194007380004
4.55861729875584
2.27610159888502
4.91569178124843
4.33179986005427
2.97772201917177
4.33119771369835
2.09877473678433
8.35521181028749
5.10929106686197
4.90436946134313
3.00357390444101
4.19733039767042
3.14714435721161
5.95670698052382
3.13776307845548
6.25108343080552
2.41565075731917
4.39434831239809
5.70223057417567
4.31836208950328
4.34367093072852
2.67234156651351
4.7723601549662
6.38792638509644
4.26237683589897
3.96810084500112
5.35137875277593
4.32600728948394
4.19281051427036
1.92069141620233
2.75497958077256
1.55682135715131
2.75894087994512
2.13119499404527
3.72805467585165
2.43926004620187
4.9348436977953
6.62888979189478
1.64618311629559
4.43379282462697
4.00506646177749
4.10837563978586
3.12874259079001
6.00504343901262
1.17865755864221
7.74214181175306
3.98446629861201
4.71885803278839
2.10161595761149
3.69002421074393
4.26683177043396
6.19059048625502
3.18403543720922
3.4531235348602
4.8574208514008
2.40461409407728
5.34854204493896
3.86362701629662
4.11233151104791
4.08077460427264
1.89875749117104
4.87098280927528
3.86992181900579
4.73939745883603
2.38667648485827
5.10927941156147
2.32129891514343
1.46692708482743
1.422259518934
3.12086271724618
2.89625060688814
2.8083040178017
6.11005529219074
3.47718391129282
0.406201319562594
4.08949773843521
3.82661616367637
7.27553658484443
3.70787771586078
4.06127288247071
2.16225219331045
3.00597242023149
4.04150035236208
1.63556806557221
2.07024582046572
5.39716453692752
5.77731773576672
2.07688472797604
1.88941223413418
2.03095396393118
1.91480042766023
4.34606938443778
5.52125755801875
2.73594244465091
7.97792838935838
4.19683310726138
3.4366273676867
3.44686980811346
2.72836757806352
9.40527740901429
6.54040291723338
2.80581880266723
8.78729758314818
8.2971236028661
10.9323061732973
2.77001188243056
5.42356844050502
4.62023666999796
2.63211494033998
2.92077887120976
5.03442401438654
5.892861118088
3.65473558830431
3.0702656734215
1.57437012202274
5.74409336314573
4.6053319124576
3.82352222551055
2.90703340183606
3.60214878485874
1.28720489111454
5.66664085997724
4.97365622629993
7.79586792597065
2.77409241164893
2.13272146239084
3.6365252218973
2.20901581072132
2.9247995616584
5.31619707277799
3.01318576952981
5.82423321546481
3.23401116917583
2.33268679757293
5.79882422470205
4.05565994233944
3.83729012959348
1.64446970015232
4.95937644687895
4.77173558738109
2.42741859480428
4.0021351316427
3.31395334858759
6.50602057747183
5.13505388535097
5.63761593541825
0.958266101096418
3.94960949328641
5.88313934477744
4.64611191111282
2.29948237688561
6.88750780951773
5.65850656238014
6.69577632757171
2.78846622773203
3.83650183661164
4.76629542104989
2.66834452701975
7.57769244591984
3.50786846216446
5.33122304522319
4.54536695755917
4.12747925195214
4.34295626980252
3.20200064291245
3.52616957888489
3.6272419464132
5.51368537063662
4.93445311198311
8.03063281150703
6.21861541388196
1.65994480233924
1.74254309671155
8.90165101452156
1.20518767926144
3.33136867435845
6.88980213289097
2.25093527546706
2.38286122344509
2.47917220542033
2.05622731940973
10.7016791279811
4.89968014408556
2.15424881240689
1.9072054059451
4.68237772990408
2.60459772390521
1.58858337664798
1.64744119819788
4.29066280071811
1.71543428691411
3.22587945190118
1.57891459436882
5.90697118103628
5.20594636542374
4.42446750074816
3.01445306234267
4.13695817070645
2.43046283910824
6.2913877840593
9.98293039823251
8.0692621086074
8.86069905479837
5.1774292318429
3.45211739116753
3.35856655622963
2.78830496407532
4.80851590880249
6.47564863927138
4.0049072601429
1.9340237466292
6.33499971032615
9.0942668940519
3.00810527961064
5.03867617715879
8.90552970912415
7.7270504057767
6.6083422079876
5.37414649999819
2.49816457844627
2.81372512543743
4.16139154986626
10.1407181811948
3.36507289308016
4.61688562321131
3.12474062777363
4.18174855488842
2.57951577440346
3.14698545203006
2.50805906161021
4.29732488898979
4.44137269917055
3.07847083707148
3.93497644377576
5.10517794889299
5.37363696135403
3.80975741377018
3.83351390730568
1.92679783195947
4.16901494760792
6.45710468102552
5.62194308820708
3.36356009961624
5.33291119487133
3.7488565730308
4.2473842446947
2.59488942786754
8.12649760510877
2.42912141264692
3.78072135149457
3.83085253319836
4.1505254016527
5.17156759005145
3.59202701438862
3.19875852117084
3.45395725150653
5.62908666354357
5.63318590874456
3.46245633838828
2.51116708101945
3.16428862224235
2.35893511473005
5.63318292651565
2.65959401733859
5.21219799089052
4.82395725879169
1.39692788020108
1.3431439141114
3.9301569432174
4.36266563030604
4.66478504228583
4.84230030341023
3.05605423141352
6.76163608289783
3.0753611477243
3.35237874487118
2.43599123231755
2.06678242673198
2.21782523118434
2.91733254956572
3.39274307984939
3.09513310957592
5.04187651496337
1.84931842763003
2.8875597181239
8.6559768768292
4.02328167166821
2.35932709826101
4.88585903121537
3.07861391137735
2.28507815307053
3.50273960902546
2.28128188822572
2.10347049011385
2.66501471106153
3.39907989209927
2.74197841102977
2.84903806332208
2.49056605123504
1.51722088257099
4.7349649573183
1.73059430624869
6.00481655821479
5.97236901433973
4.62099256970717
3.79910017169258
2.2553225835568
4.1982571645745
3.90861669193546
4.67652685882251
6.69012259634931
1.75956024125307
3.89270348771274
6.1078991370114
4.05787327848438
3.06636855720935
4.75310932556035
6.25280295918189
4.050224293184
3.75544961358541
1.64153270360509
7.49418476384404
6.16133445475498
7.32641064449941
4.17143771767657
2.35920409512872
4.77415363139626
7.15931116253421
2.77236262380381
1.97753729392548
2.6689266544537
4.25049663635402
2.60124404935718
5.12408112277534
2.06404581917479
4.43462570446568
4.19514297643496
1.96527983219896
5.40878262288915
5.08426187519297
3.56863891894081
2.44987358105949
2.93082627240484
2.79594483065115
5.26317026570016
4.170300982905
8.67962624760079
5.87759435427684
2.87414148835737
3.69776653519548
3.55006449672001
3.24556691282889
4.68658828972871
6.60147987557267
4.63357889411758
6.71270682773382
5.2815218565757
2.7525564289762
4.58974728723445
3.09961272687097
4.25390246656673
4.00150883399392
7.64415053684267
2.62487339238867
5.41806431152308
5.0866147808009
1.76372758113397
5.08039971937292
2.52236755901661
4.4970321652192
4.25722404605779
3.7481860466497
7.56323427952768
3.64055043953586
2.5188481284833
3.80956915341837
2.44040485416502
1.94576626909043
5.35966681419814
2.54081918417345
4.76061872727318
4.3467729320203
2.72191242668135
3.51065936538002
1.39186282619234
9.12685622427635
4.37451509355881
2.89158046515558
4.81155159049315
3.66061103051349
3.91198436552278
3.39547715240438
4.40385883522519
8.00896470695755
3.61966668060174
4.61586727763553
3.37917529956524
6.50489841886414
5.04191412485043
2.95092931695374
5.41149592495072
4.02099719359326
3.02265050809975
5.59980002836761
2.95935323811386
2.30732626930815
3.7075660515144
4.5979635305208
4.15156839247801
3.35692657538414
2.79390414733535
1.73040691750987
2.54691286846913
1.79585629136911
2.99457646132118
4.60147394728222
6.58735103978915
2.27623715141059
6.64327501149354
4.21897330711493
3.70391179461321
2.20665787543342
2.75031382100476
3.09363610138623
4.08551946486716
5.51504616036822
4.02952544890726
4.34518928181167
4.4485984338339
3.0072075332077
2.32948479785058
4.49580356786358
3.1630839319069
4.44616200249029
4.45612597940187
6.91053931616005
5.11482065047585
3.18969955903328
4.59246158757489
6.81686418530567
6.01535391187118
1.36573571412474
1.85894518059922
5.59448266047653
5.0835621037798
3.68741744022902
3.41839395812981
6.04669121301391
5.63284395717447
2.40283242422824
6.93077744636759
2.27857464332026
4.4897554958833
4.72014187880412
4.78395568812211
2.81195144008728
2.9197487305764
2.79667078311585
2.82211124484338
5.66761917328166
4.09327655524662
4.72922410272064
2.69899241527383
7.4610556428935
5.29537004853312
2.80467423833295
5.55861967319729
5.78453161943013
4.73396908663698
3.05144889488224
2.44823542676525
6.20481086479245
5.09861268138709
1.81901256786805
3.46677520599084
4.15021015125589
2.21856372667345
5.02333189319158
3.20071066718854
4.04303913034395
7.07697083896801
2.29200825643088
3.37099211590636
4.29483384770882
5.83855603764969
6.20270616623364
2.7150098737245
2.79253318641458
4.03361661162457
3.96702928290598
4.01791198387284
1.71838850350381
3.18985905375941
3.54572061394722
4.09462123664841
2.02627459382573
1.33656256831441
5.10164694672909
6.91368106713161
3.27044359415932
3.57622689428553
6.71736044031029
3.71852770528858
2.30135719351833
1.14090772484152
2.91019827873904
2.83935912063147
5.23341266441273
7.28256243546947
8.24006567255211
2.65949861547487
3.43124043864456
4.1298149479337
4.29828078697655
8.82537851264014
1.42522994674829
2.61665646802742
3.94189436354878
4.43251823077496
2.58426224713437
2.30920809424865
1.91360508114489
4.6916193131611
3.84314751206895
4.55359136921104
3.49109143624796
5.6694478090377
3.36289824014083
3.29484143912683
3.28379893308094
3.5255277994791
0.282503949787639
2.22435039853224
4.27081360249492
4.9686670278083
8.14969839294144
5.02160817805678
3.28515670874479
5.33955202081318
4.65888584211713
2.11473907007803
2.48481591085346
3.87783306842512
2.48282188787344
3.53915478990435
3.7545451913282
3.30439121619967
8.22498553187535
5.62693415366967
4.34849411043151
2.26061861349387
3.49895840329676
3.05086589596662
5.65339310882751
5.63821058590909
5.68655343029795
4.12415655353804
3.46977726166431
3.16861610626518
5.43729200604932
4.19254902263786
3.39159341677247
5.69236919715087
2.35292651087531
5.01612294690953
0.00199785431815356
4.40958261172798
4.11352921781973
1.66587606813816
2.06448596023746
2.6766859724391
5.67671588126249
5.2166214419938
1.44683986646913
2.02891675636478
4.50938544502135
4.20998072511882
13.3624296422925
3.73831919900883
5.53724817406629
7.25533032940363
4.96401988566858
4.12119341238163
2.3377435536871
5.94666397206203
1.6780936923657
6.5787555735302
2.45331744905318
5.78103102702058
3.94944688481017
6.05213870795319
4.72029381022377
3.72815315826597
4.81840785422573
4.47339406824356
4.54363747912105
3.94204770224418
4.51166273983106
5.0906264331992
4.70610309262751
2.38691909486867
4.69807389449325
7.05426573872608
4.23659826082993
5.35522817621926
2.51370642232712
4.32459302345428
2.70857405003745
2.69694920662726
2.75222449872402
1.01989791202786
2.60317868640978
1.32359713682359
1.65025652044028
4.61358314293577
3.49445414891677
4.37653652996116
4.24846879748336
3.12197255786381
2.80957989798021
6.15079246946202
2.72134371902287
3.91050408869096
4.42982241846131
4.47085456267701
3.68054246571719
2.6927164059903
3.19697522410981
5.85711751452688
2.04917642981917
4.27315683425758
5.44130699643037
3.2572897924156
3.41715152032639
4.95911527528488
7.65725686297286
3.52240160080541
5.62233634286409
6.21206739585168
10.371019789439
5.39338819204647
4.34013650982377
2.4551285597153
3.56018385145564
4.13317934049559
7.50036558383734
1.41167727452586
5.83580030324495
8.43654557448826
2.63238387584992
5.67018079988155
8.95552712334157
3.54789512655691
3.56645079787693
6.13080795593691
5.73915391864543
2.41688924041891
3.46092589097283
3.93273455333164
5.78067726840479
3.56186982648667
3.21061007891195
2.54533098964157
7.15038195387236
4.2136588080755
6.28180885963547
5.14459737562642
7.41940312726385
3.92671686172433
4.51975660743225
4.49429903003314
1.1258244148753
3.31004514842236
8.89093944124871
2.33201940869235
3.94963487475016
5.19890977095825
6.44582621955051
2.55775705865697
2.12387644919867
4.6004466233499
5.33976131769211
2.19526758223456
6.98501317283557
6.06219044215243
6.64225232098265
2.55023943820726
2.28649378233475
4.00526012788988
3.29321314360263
4.34328803019449
3.18412546538005
5.83507263623179
4.90798343658084
3.32168962126825
4.20727016355525
3.26876191022932
2.3145279553529
3.04906491440605
2.79806263142702
3.30866638281793
7.91309269041148
4.84887253112317
5.51106579259013
2.56294999196497
1.8020368516646
3.4506555406876
6.40241516527932
1.34239258744194
9.02595240343707
3.9598611637661
2.51240330045839
2.7297855215131
1.8195499276349
2.12507737773545
6.85321989996738
6.23318741319003
4.56912984873101
3.33254136126333
5.52943250397509
4.24809680597247
4.30910300763896
2.5511081249136
2.33831222078641
6.15956904492316
4.56751585299389
4.94986044278973
3.27863185964027
6.75377731546876
5.016676391943
3.94648729558872
1.20230476029659
1.52191608512141
4.38890494531642
4.98886033866225
2.66719977571336
4.41927266193305
6.35495853366408
0.282503949787639
2.20850544569988
2.04745540479759
3.77360809197008
4.36006021427107
3.53957273421634
2.05026664122306
3.01905215405633
3.66099114031104
5.63781563381848
3.03688726615822
8.36120274497268
5.49048890399397
7.16350689272793
3.17319726141853
2.57381381234588
2.0607267970992
5.28484533146939
0.282503949787639
2.69085813804497
5.8051817605438
3.49812599668481
5.1219802034345
1.87117927402955
3.58083319034106
3.15672087095107
2.34973790181805
3.71316490570205
4.86168009280135
1.35058986414678
2.93234177459249
4.63613912003661
4.58985525963624
2.5323665125018
1.59639093457518
2.71678434497339
3.98321195137143
2.06600596404886
6.42432948333343
2.58512530152772
5.29417547711034
3.97433599870454
3.06022174704765
7.71452965053747
7.59279900757704
4.72053843220148
4.55045724837363
1.54374186849895
5.03899448552496
8.06325845399476
2.58827049466549
0.282503949787639
3.92023449719836
8.53793400163286
1.69730237547748
2.30178205371633
4.39535678335287
4.29133439891632
3.47526408315865
4.36630134316727
3.99099735721272
2.9064406557959
4.40855881058026
2.55076768473312
2.14853578855847
3.87287418894063
3.7408372160698
4.77938957688776
3.82034597559236
6.04735272152773
2.33235281718739
4.63644071500328
5.94219833438377
4.3000911923396
3.8747130688864
4.69245623901613
4.01839634044722
1.09804237401973
3.59374394849427
5.29753567306529
5.46292937882205
3.61166484120101
4.9802813003341
4.19482860183806
3.30811277604005
1.62800227675362
2.31861404833004
3.36195827060984
2.10320853884096
4.23391347639403
7.21074518262592
3.69564857581574
2.17727010316608
5.81783568309352
7.99716784800176
1.15051294918039
4.52714935231077
7.59907005557447
10.5738074174288
4.11914141050892
3.05891358647412
3.29217584237383
3.59743534584365
7.69225884390079
3.04439267717254
2.16664425798299
1.82397186568923
5.43910878539111
4.65584442070852
2.23227526737691
5.0262998072449
6.75036264112382
4.63845439803367
2.07117276070844
2.45944018394371
2.32100418947999
2.69094216716337
2.35190725138042
4.39480101415981
3.75998431512733
3.73444921845922
3.20685310167089
2.94768744400975
1.15939824614001
3.76011776813021
4.86535680408222
3.33794600598418
6.50513801780827
1.67036284516776
4.90149076656959
2.4195057575679
2.18228471568519
3.33595199848509
0.282503949787639
5.51218691472257
2.91191932335341
7.87891788727118
5.74185407491485
5.85380729406084
3.86309286987552
3.23461960277512
4.01562104895717
3.34488320110151
2.40035230796684
3.29216118876002
2.28782309970828
2.18290393297642
2.38710687262587
1.158921719904
3.37573585720907
2.89248926562399
2.58195380908653
4.41788661030402
4.91309514083465
5.90091892105321
3.9523062296658
4.59891967771576
0.751683046123361
1.30529883171433
6.5405705218237
2.58476269613895
2.42498058198089
2.22407187646937
5.16952611483648
5.69267296203667
7.37456516430201
1.96880964228517
0.812491925942604
1.81608374036037
4.94696675448455
2.41411094076351
4.28892634754153
2.8949656958607
3.56238120422103
2.32791095725912
3.20423419824174
2.09448115701981
4.66864248507601
6.23500140826765
5.50892156388878
0.928752999204178
5.4448081792045
2.84932774416227
1.29068103037277
5.58639005129597
1.52565022080711
5.4333905429877
3.19995498865242
5.13980097631968
3.51707505818312
5.00015199066059
3.94300973989838
7.00788095105228
4.74580534171818
4.01405573004234
4.77986183966003
4.11068364130396
4.49017309657344
4.08045333062376
7.64253101476933
5.46614671685143
3.25414343862534
7.40548878477554
6.91483272383082
4.30255568499091
1.67711282087265
4.48756908676535
6.03763823823859
5.84090711110316
3.99404954841061
7.66640721312371
2.66517914654566
3.73825130441614
3.23583630849253
7.20997810767968
3.80553453053003
4.4283901868434
4.80310036669582
3.72139976594234
3.75095486879791
3.42194960425993
6.81267508245759
5.92103611534372
2.88232453733217
3.5496094742295
3.51953035560038
3.91200333406961
2.89161314781991
5.54792590891671
2.23797233180472
5.12119043295041
6.93653561848327
2.04337230206898
4.31887164170505
2.01980589618183
3.58261363824839
5.31936044433724
1.762173081487
5.21641244825844
3.1145260552875
5.65276312256478
4.53772931078562
5.60330940165866
2.2828307100752
4.44129981489602
3.77795370784949
7.39724767606415
4.02064713695295
5.4022024078467
6.75843785369794
2.76537072210853
5.8663480687091
2.55165398108797
2.6245490784556
5.8035055348475
3.51730748123574
4.4214504522742
2.25486667151811
1.26537189887727
1.73536313375999
2.20814535483459
3.83854864406057
7.23951795536322
5.34535913111985
6.25977044203734
2.86981647382502
3.77267067490607
5.3281240697888
7.12286447754314
2.90301151506256
6.71498092247526
4.22322094455325
6.3120213763061
0.989492988047311
7.99320144796156
3.13771373711601
4.46027571603284
7.31338513202376
5.00260787299733
2.98536763440332
4.18167586918601
4.07787311871094
5.62821798364143
5.44208024679055
8.27200242006468
3.93877149775511
3.70869701095551
2.79056818359422
1.44882541293262
5.70526705416687
5.39138020913449
2.23606124258366
4.04006405785752
4.84099347583006
3.62050340290778
2.88444682719946
5.32151692323855
2.10560987506141
6.1372362877854
3.49450019516389
3.54432503848714
5.54695773199632
2.97480251283359
5.96051193868104
3.3477987130213
4.34101136059978
4.11249051248404
3.59087921738866
2.82098993066625
1.86014445971439
3.9327242222801
3.97362752201633
5.62958687748569
2.17608841883992
2.8928582638829
3.61688135625521
3.95604286297746
4.38856055030436
5.84928447332753
2.06730439207407
6.43506363211067
8.57937489778405
5.50625205067724
3.72086957723531
1.77346787482305
3.83411812426297
2.48651038768348
2.65357257682532
3.44504815010532
6.97708285797479
6.39400125710654
3.28077777277644
5.40957214076756
4.21065850740461
3.01445585839142
8.70075381895198
2.15920303385017
0.83004345090471
5.08604942245357
2.80069809099336
3.03326700841705
3.7671932190978
6.38869393753511
4.64103370073187
9.89357218519006
3.89172527049518
2.84195542285324
6.22248833853229
2.77768638740112
2.61213798818252
2.21601841916263
5.4945266811443
2.39509461526589
3.12793181400469
6.13885454731225
4.96448455815879
3.91305543303125
2.47081002233663
4.67238797878091
2.85560307057784
7.38594440185321
2.57725763046593
3.34988418382619
6.54114794062769
4.11879874231532
2.27175195381709
4.53023457693779
4.57972883439497
4.5819522709797
6.15405066351247
2.55588559376632
4.45601999352302
7.23301330772044
4.19368240486728
8.57284256418228
5.07483407173115
5.27995910609689
3.00702793960516
4.61064265714895
3.78474491686691
4.64504425357
1.6863809963122
5.41728181931479
2.86141272138162
3.08040725153538
3.32000126971564
3.57222045263652
4.17359902085692
3.46436210351502
4.95775111428254
4.23180319244563
7.10462551242899
3.69248488632261
3.81700749501906
5.06222543347356
1.21110065735181
4.07648762553033
2.84247042076876
2.64137081544557
5.12822311223263
4.02776623050973
2.23734690061195
3.3656765697782
7.09465591849893
0.741989775877282
4.61933310992266
6.17378889710423
2.72707454384522
5.57393879301739
4.94450233673268
0.812062562230517
2.1742617473044
4.57711007060811
3.2645439687006
1.90727203771607
1.84995264971342
3.00481853610557
1.90615156474145
5.78106762789154
3.77820921595653
4.22858462679887
2.75191234606706
2.596135583967
2.92985135478399
3.75933991359334
3.14840733823481
5.41435724753874
4.76340486464358
5.2055206117271
3.53688415535837
4.59548699158154
4.06480333585021
3.53492753703187
3.7405423908598
3.29766314077009
5.44424994004262
3.89142012402494
3.44470968135898
3.92093213508581
1.14570022410638
4.99437376468644
5.39158822815076
6.07885054825859
1.52940733004538
6.86012188669513
4.64655289769907
5.02860315881358
5.23378064602568
4.59923276985693
4.48887500678205
4.6947859289247
3.46617665094237
3.22984876548365
2.07504612500366
2.40735734027256
4.99955095721858
2.6743953888604
5.24085043783909
5.73424568829524
3.19732263968381
2.64630227875204
4.0861252515994
5.17628843761892
2.14538062443175
3.27281253801062
2.11114595110277
2.13475629966452
1.14993189816915
4.0021028772743
2.28024617655042
2.14703409709679
7.12796122176565
4.57181133446498
4.34883323062062
4.43961995533594
2.09446689794359
2.77141508126875
3.16158461358065
2.71590194089746
5.32646629212412
2.90205315003302
4.42602919960866
3.66570255470517
1.71805330217501
3.9440033631855
2.72136318975384
2.05895059771619
3.72556322845627
1.49482660900224
3.68832592890404
2.43654836845764
4.25833191946089
6.01623986114862
3.30561011440943
2.26771758142285
1.44205659883637
2.58337526220286
1.41332159969119
3.58884942162916
2.16279702641789
2.00797688772978
3.00523229086057
2.53753033437846
3.77603785956286
3.25588850375004
6.04941023267789
3.92852304541818
5.03906696853844
2.50008177297849
4.35593877500141
2.48134244578618
5.81472572566993
3.29266414744973
3.78717329252972
1.75741362515272
0.683423377607049
5.7199758366956
4.599403875302
2.35538385178905
4.59308087035489
1.41704671449532
5.55378262482731
3.36897726394582
3.56755524375612
4.33758961324229
3.47195284688378
3.38030762278787
3.09855240825653
3.96338186423277
2.06624339107099
6.41063917677156
3.25037570931709
3.75547241838687
3.05927713212441
3.35711236610659
2.12914934273266
3.93049328271221
1.78869301286513
3.84084859670779
4.91408989407103
5.55290071279252
5.30081568355945
1.16101049654426
5.08753699114906
2.96561239995064
4.14144727575906
4.14610355116104
3.55135421199611
3.53141066686691
3.57648154212212
2.32394849918794
4.81791906371254
3.87840320822877
2.48156772227127
2.37443797672191
5.54001605323541
2.94633592946986
3.24961098298507
3.5165034809008
3.20408604790511
3.39765230618125
1.99986980092921
2.91242686793017
4.25795913688695
5.66980163717495
4.67565753288324
5.56587990487053
0.840003343728573
0.513428317837883
2.55912650995406
3.37562210115031
3.99292762390442
2.20200118106611
4.88696385295413
6.40203759011736
4.96185290348398
2.60538405195643
1.80149823657224
2.74664877150513
1.62507826654277
4.79721647314407
2.64143618386335
1.88672185996631
1.54065965382768
0.834737650694107
0.653916406677649
1.60977425331522
4.07885609391642
3.23275286244205
2.81180144784931
1.29731773593767
4.64783943591323
4.63960150525967
3.90037166320828
5.86853069715933
2.48506495237354
3.13133312422106
1.862912211877
3.09394040492083
5.90937537126093
3.42897283831584
3.62099052281889
3.68845104465379
3.08771864421161
2.51636261059608
3.21428074009276
2.72219599784913
4.594758307226
2.24266635125726
3.50622582212781
1.53407755714563
2.66655331019418
1.86662979995208
1.52766751362447
1.70786583389124
2.59239813633997
2.43022063312283
2.6589652419514
3.77574612290526
3.11973303236422
1.93477918182089
6.05736108795101
2.53776124504338
6.24318922566757
4.38598353340361
6.2376147876807
4.20993792962069
3.36125965613074
6.70000868246056
1.22002110274494
4.01674897806766
6.32113099589196
3.61610061509479
2.3705883660433
5.57153435900241
3.29163784038378
4.78126878830476
8.87739127282327
4.60684773139827
6.13880624396408
3.49143798015007
2.23565469149261
4.5376447521711
3.12066078209256
4.35303676486601
5.83888480435525
3.49483080133117
2.05758625316561
3.81786127785033
2.37393329766582
3.52287800730229
0.890803923413652
5.18007879688471
1.29405183258077
1.31259532443881
4.1601487126936
4.19061317993979
6.24168805102696
6.01295700717368
4.45843351276292
2.92159027837207
5.33988460422738
5.57213877141918
8.16898734420569
3.49079219476265
4.94572155450338
0.881299807944017
5.91567199769449
3.21022075130312
2.81853934840693
5.9320115166193
3.22060987548324
2.89719225562091
1.69857886938881
4.24745370090311
4.7304942709436
4.40050285063475
2.72036224460344
1.75220029372462
0.973928032427174
2.01908977366925
2.50551611884
2.10755666626705
2.5786217385423
4.41059138747296
4.03446819290496
4.18843985561128
3.64785129925739
3.64394318672489
5.35997977590261
3.29412293994214
2.79339207262116
1.77453137416399
4.51360857877896
0.282503949787639
4.18778858324162
4.0162602226034
2.12992417805133
3.58731506844134
3.60867232905138
2.21747267754724
4.48054193613669
4.87711267901398
6.93850228157076
5.03573356428522
0.839761866810606
6.18426227804977
4.3987543452116
4.14614683562045
4.93555596362555
