H3_JulyAug_Temp_Min_z
1.92221978769064
7.43211422891641
8.77866061081649
7.05012721123393
2.66976333496874
3.31596217357677
4.40615899747488
2.33422697135788
1.45294865221395
5.34041404145494
4.23281088006012
3.11946572985842
9.51151333208443
4.1463450774677
6.2017694962192
7.2492937695819
7.71965309187294
4.74842997671632
1.64716708078111
3.40094678380375
3.07120202309882
4.72118295430318
3.67757522167725
3.58269599588345
1.8895451055978
1.39517406260977
8.61297176433597
4.97450936586376
2.77442688312395
4.79394887841776
2.19610281727143
3.49671615169612
3.04989986919429
3.70017515855297
2.47856498506601
5.15789091277096
6.46613156682035
9.09677663800572
1.77444422349501
3.13733510366277
7.78861800778607
3.06497782651365
3.81489432550752
3.42351482378812
3.97745681457121
3.68036309613284
4.37250538552674
4.04299482330517
7.02168576137218
2.18093388679227
4.62139556156307
2.22178208987049
3.92099113963239
5.29505243933538
2.87495797669463
3.77584150069229
3.22641609522097
2.93186769010317
6.47981889054602
3.88546488182917
5.92896206244429
3.41770175388857
2.60927573015121
7.42860982378073
1.6641969138817
2.3365685701778
2.53705414915107
4.84209372907937
3.11501697639297
6.80902609340531
7.03858457816565
4.99006609600276
5.20301118008468
4.89499534632039
4.87489026988704
4.37369528310472
4.77683226678629
5.86272123353303
0.997782612374942
4.1074523705681
4.64201534047695
1.59883164301868
5.38882671788597
3.12159135188984
2.02359873478565
6.99271622755272
3.82433100184756
4.10851294199105
7.47804908536492
4.89512284269014
5.70301656895307
1.54524157919596
4.32674725882447
6.70588915398295
3.43966131602273
3.77680213803613
2.00309060980133
2.51623676545467
2.12210083163686
1.69697797746018
3.93248578464631
1.19775998914023
2.23753408951366
6.75377217227719
2.81389606927122
4.74992791870093
4.82749229656096
1.43963039141992
2.46799156153717
3.27444269650447
3.32145169245252
1.47488561840282
8.20444061315382
1.56070907486354
6.15409150945431
6.35267273897126
1.60658142924222
5.11714530707963
3.20849581965584
3.74108033353326
3.28899938726161
2.11409590166825
3.6928249337565
1.72482878945995
2.60499499623735
3.75693119584927
4.37153796257313
2.01584399249219
1.69652355228436
2.04335729095745
2.44349094168275
1.8455184558039
6.28352138669362
4.07970260561533
3.24281205307346
3.13119988233308
3.35767241780972
4.56121323770906
6.76875746064183
4.38267603335501
2.21769010759916
6.15995668920957
6.01945453905497
7.60382468329089
5.32424571200602
2.08363247856449
3.22584255710044
2.97999886824785
5.69626618496594
3.1667917618974
0.357374718321503
3.27600995894653
4.72460126022559
3.4473330199839
6.7666492617612
4.35164718423896
5.54340098940096
8.88393389947136
3.31911567517519
8.65296902403003
4.52314205194419
9.151071568947
4.1743046656728
7.76707470367205
4.60577614341696
4.49316316838272
4.7469616051431
5.13143729904614
5.66654079714199
3.30960835160319
7.10865641481813
3.47849617989313
2.92153637654214
2.36296328410298
3.90810250243532
3.5567846717056
2.94734483326375
2.50794951611845
3.01150560846625
5.20085439259355
3.31864805117927
3.92778787354951
6.20004046459322
6.60621934372402
2.27680495171725
3.33803888372101
2.10054551070733
4.9239390854761
5.52772889896681
3.30038362067285
5.05722093939215
3.40321611498755
9.33291103320921
4.28370541841333
3.30137633905034
2.78178612915996
5.71496577078844
3.57069439907673
1.6767446279437
2.82371563271599
2.45904676545096
5.68465135654489
9.60450373239549
2.52190453697429
1.18931158508044
4.59724177914345
2.96100881578757
3.81384374501284
5.11776063504488
5.71820141927958
2.17964295092679
2.5698398011171
2.9764739419766
5.53496406720558
1.62603837135772
1.93535822610846
5.19459952172118
3.31439568844656
3.72661245900107
3.70012177915564
4.58923886303338
3.64689360393703
7.05618748676455
7.31276853440541
2.25524369250246
5.82665158181358
2.30448774531244
4.27464688760647
5.33405351122383
6.00182269644609
7.52679216150352
7.37157943746786
3.83072259597112
5.3239125350572
5.40825852091309
4.20719823384671
4.53222223795433
5.67835970415117
2.57619415284996
3.04271377899681
6.44006624902564
4.6377175005102
4.54012317036216
4.26944119883423
2.48660501598728
3.4700239827428
4.86186483801001
2.3920743923781
3.85951378755467
1.70936711946914
3.77107385576067
2.45587262445063
3.97337332968957
1.81521898304938
7.23140025819662
1.91718879376884
4.55703414722858
4.36002534333383
4.22381466683966
5.56910549101765
3.30109440088919
9.09054572823192
5.56131752863191
4.62459431378734
3.73903279712181
4.46008043676966
6.12422243973029
1.77794521977222
1.76718130167317
1.70417188582765
3.52149187150015
1.08558987781931
1.96280205604741
4.13669951080651
3.86156826053196
2.13442880493644
3.2706728583667
4.53430019825188
1.09098952347342
3.30609568481026
1.99901286596604
4.50671365376319
5.96152214195297
3.50393207454305
2.5410576091302
8.6939481953965
2.6842215839993
3.81181704387502
3.71410488608729
3.88894406686543
6.5040172605619
2.47449442395387
3.19798780685836
2.56806755631603
5.71724895577201
4.40370849861633
4.59805818922679
1.99921134325764
7.01981446451664
4.16967065776384
4.01532356966112
3.1614244382476
5.10626776622461
5.38785530467696
3.14655810398871
3.05469217741122
5.2540678009009
5.11578451795056
1.89139097894396
1.78630143244085
2.91004736391481
7.75978746975696
1.63640475264857
3.85645287158683
0.0214476213133406
4.33397681756584
2.25726640481513
4.01537700811839
4.00221680404875
3.34608297154097
3.80634742679123
5.55971348286036
3.03119182309748
2.27160590902144
2.1663155293449
3.9206522732213
2.06122793692754
4.1057955756255
3.30683633198509
4.31301396041044
2.50215195312772
2.51590836498004
2.48817378406467
2.10366160973856
6.323309979396
5.89889636016637
4.10488055732327
2.57702256931675
1.62502303597596
4.86141042381744
3.46921059139803
2.83528207412613
5.0125890664347
4.60545066530514
2.10049255408546
2.0173419509711
2.58470534219164
1.97535202323393
3.71519358584534
3.46087812861045
3.08888158778915
3.43379004441761
5.03425243215918
5.50292693522766
5.7624163731424
4.50044930280856
6.84756685695839
1.60709580471162
2.3150214587191
2.03618692277278
3.78325220229081
5.59697636397381
6.73428784230264
2.23630208642184
3.61871393411118
2.03528172768604
2.93209323310839
3.03377989754967
5.31084555389429
3.29292966961026
2.56736252927665
3.5109056827009
2.00722608268814
3.3284414604609
4.10654904071983
2.20808991875932
3.04430061637551
4.33322808983733
3.0659977518341
4.43414184054876
0.731122397934784
1.02676796303002
1.0748068142851
0.997519419514444
0.330622512632982
0.903790969546442
2.4001488539348
3.50085103044734
3.53380466513989
5.75620766684034
2.10008268886079
4.64673272445838
4.47411189525284
3.77474301524527
3.19794010688252
3.83729931746122
6.74754882488903
4.2346320188772
1.78385719570093
1.10095369363858
6.1111778903284
10.8747875406935
4.17371735159091
3.50959514748536
5.37360277670651
5.79971713827029
2.96351317428994
4.00104919433683
1.96904110397677
6.02388972542643
4.12762709489658
5.97491471811167
5.70788705409636
6.18506395039653
6.78636131779062
6.17507245191334
1.71782671758809
3.92128247300085
2.93954787263838
5.51275202726052
4.38635702451541
2.60104100346783
1.91881756688118
4.1792199130289
7.56726043002065
4.38152209923831
1.45722894147537
2.37048507365539
3.78143486008141
5.28996661307166
4.12280805236782
2.08525241254925
3.69303817183295
2.25494462948245
3.32579168474485
6.51218674754862
4.75083714012631
4.35262628489919
2.99946923575059
4.68353349110285
6.55322071317757
4.90834018858466
3.96132965385597
2.23927473323244
2.05184813184094
5.15675492474221
2.69627736430021
7.17440656321049
3.62988037163531
4.45741872978431
6.02041170840069
5.39077723638927
10.0055509152619
2.89838927854277
4.81330694177903
4.91063295124478
4.21523415361101
5.79679665269739
6.72636035799853
6.05488165392898
4.29755025209729
9.05262593814421
7.84417171488521
6.10628019699441
3.75396509623616
4.43999026984627
4.62476332199754
6.20453538223914
0.415219757781035
0.0214476213133406
6.40735927616363
0.981358586567831
1.37065916372086
1.22643323482239
3.46646833263554
1.7807116915912
1.97214676536454
6.00802720313481
7.93554839341119
6.12247487805456
6.85480066831495
2.84263065656199
5.4680064716816
6.04394774684684
3.28480323841694
5.17700223953723
8.01788009865735
2.75901520858187
0.232746173241314
0.0214476213133406
0.33692116461415
0.0214476213133406
0.364672863114022
2.54654583474887
5.69826773796215
3.85090567381944
3.49775507733011
3.65988457690971
3.2564482076384
2.03426293813343
3.33820704290644
4.21952646788589
8.11502436559871
4.94153168066331
1.59934430982335
5.49364931863915
7.07577166141473
4.51915546571223
1.58632055796818
5.49658451708175
8.39568822468088
4.38392978205563
4.01795818296978
2.99549986273793
4.91069814181021
2.95294963618388
3.74262883451429
1.3594199299966
7.74521582093333
4.44142085993657
6.18049523307949
2.42315602035504
1.81226422870513
4.84949504365017
5.60738418542383
2.31835062483983
5.00471156335437
3.59669819503051
4.42446521866033
4.36015635560483
2.91009753952582
1.88530583873824
6.35763200718457
2.55813522383925
2.81525272649216
9.84784901065344
0.0214476213133406
3.6373996954988
5.19732882103443
3.04469562614839
3.1486517123141
4.22359077977362
4.16241606539801
6.09336007524459
2.43181562024105
5.32430031387982
5.28611339780825
4.60218336538764
1.34593467094621
9.1750130732934
4.55994563003432
2.11788778656277
3.33276586100488
4.41322658805309
1.95970547773552
5.10920191106753
2.07945434627368
4.59721629276984
2.51957709705112
5.53224959492315
3.66910277813865
4.11869708620151
4.57743567997419
2.42024128246932
2.58501621459333
1.51015768236085
4.82761352035211
4.02275830388881
6.17291917329682
5.20893352386791
4.00184236040055
4.30180801390937
3.47136911896112
5.55227301125534
3.01423482053317
4.61494144284706
3.42011090426862
2.5000870803951
6.12265498270218
4.07621215504523
5.19373220998504
2.64678090838177
3.43334130435539
7.76140242381931
8.01121543898281
6.93938748407397
3.73972872876627
3.65619536993507
3.62125997570385
3.93808291322865
4.06759335848926
4.81879457881858
6.98381231662262
6.26591845918733
3.35723544001748
8.90011253998169
3.44915454063616
1.17546376028403
1.34744372678322
2.26615414202609
5.5068027100412
3.52756761771379
2.72999325109531
3.43956392701854
2.96240077911843
4.5944811174502
5.72709447800736
2.25775203391238
6.83412372461836
4.73850647480814
1.33268021545315
3.68406901673322
3.83316233775002
2.30820185572677
3.95669584018442
4.96165945403561
3.21717149967549
4.3879582708345
6.43311819655067
3.62831059061583
3.42877829403768
3.06636599537758
6.00505008328896
3.90006318541422
2.97413818134101
1.86012801347669
3.76942031963913
3.1492845198635
4.42125001295931
3.29230153279522
3.44852503121545
3.97634252718055
2.12790955453585
4.84768436635537
2.47643851653857
2.94013822044277
6.24884133007073
5.55858498505229
3.41205886348409
4.50426669248306
4.07079908102702
3.7320093153158
2.96692200955571
2.78691272878513
4.96694044876662
4.69370887110384
4.24115602355447
5.83513916064366
3.8124344158013
6.59357081157011
4.59994253916336
5.98660684248443
3.72907982282322
7.64881153194692
4.20814248730974
3.11231856129906
3.04961866388029
3.82487365809474
1.46112438376992
2.82652598545197
3.43314217067189
5.81800876028375
5.62975706126974
3.37015445568036
7.93222166316376
4.1883967003008
3.86641484132563
3.49449836531427
3.94523050027391
2.56717822048976
4.88448165542662
2.28687439800064
5.33182109352139
1.89881132871352
3.02444962655434
4.82764813691883
3.38704998413409
4.0803355457016
0.60451832591157
6.48913523291646
1.7633765995377
4.72987747416776
3.45152654442004
2.25473021984267
3.59092510326624
4.26616493871116
6.29304932083295
4.63622437929775
7.96272482022682
2.86658630228658
2.64271286267021
3.93388221493924
2.75819847586382
1.87579836686262
4.66995703555586
3.41538129438186
4.39258434101514
4.40781202131064
2.16861734500177
3.40910486084009
4.86787337638353
5.40629214902362
3.39244072759926
3.54388542228182
1.92793149359333
2.61507361221721
3.02367962607311
2.31350248636645
6.30830527272
3.45770358748753
2.12247467292705
2.86270573870219
2.56888966934396
4.47127833064
6.20999870426095
3.81519054834791
3.78253269847568
5.27750118014155
3.60372040258254
5.05459251580268
3.84459934650776
3.86565210745448
2.52225807397304
3.92188220780855
8.33817551377129
6.27403521739518
2.98279905926616
6.92662621395027
4.30238184150714
3.48647041985732
5.32118632467388
6.18251291886122
3.52245306054214
3.49178703507654
7.51372034330895
6.70260917241474
7.71522334000129
4.61224420519853
2.28896923290591
4.40906563925265
3.49710784849805
2.95013485100566
4.37599541891821
6.67740078560509
5.23658183616579
1.81757245414345
2.07759952004766
2.51857765295579
3.26522657086391
4.03307463840133
5.36058109102342
4.66011781320767
2.83118989141626
1.99926294968798
3.66757043975674
4.3949933878021
8.00377009953669
3.73176142007012
4.66060652719646
1.84304175441315
3.91526837082614
5.79866664869611
3.79233311237155
6.1731379716385
6.19328535666743
5.59153701116577
4.94037092404961
3.70822585902428
3.9802248004215
4.63124242510729
1.9869407607878
3.0390949092567
5.15861191923259
3.2253593939645
1.35244179602553
3.51670035671577
4.40228720221508
4.80604812110264
6.27197931878106
5.3669404669136
7.79964795268227
4.24887013864789
4.23762282754363
3.60764709877849
3.44137241984995
2.75364610229242
7.79504430795855
1.31384672676668
3.84638699192205
0.758169698503284
0.836180737416467
3.57879815204483
4.46046188065689
3.39094953384547
4.03496967023157
6.14061262250779
2.57236787094386
3.27429802739252
5.82694083575969
5.64722813219472
6.06324262231681
1.92820566794246
3.169729528868
1.82476096827367
2.54456711692005
2.89263447269662
5.24482336569142
3.71334631253796
7.90393937438602
8.053038048199
2.28742437050347
2.10840587479186
3.66426318009707
3.74237347390161
2.33077878491854
3.89587981171508
5.20532925817293
4.2757446737864
2.10313045665983
3.14708084782474
2.28980362395045
4.69099001147856
2.36409567241351
6.46846466683442
9.32510388368518
5.08688726157078
1.5331981353104
5.86713292386999
5.20846414232462
3.6799953194819
4.97239158117937
3.69353843701491
2.06542630079624
4.79564568784126
1.32648403892608
3.88562518337172
6.28914524060533
1.88222791325374
3.10799390547935
7.29149489945336
4.66244917666723
3.75641178807524
5.30485774192459
2.3588705854262
6.38790982891699
4.35361261192244
6.47726271348946
4.00978884027964
3.74614565687099
1.26689797174628
2.82151665850495
1.81396388677833
4.7284351834066
3.82641443405558
6.33099464250102
5.14699805960595
3.02734867559761
1.62269182955023
3.46740349895607
2.5399027998999
4.87054750923311
1.74243020129174
2.10911572055256
7.37938459778264
2.6208116743215
2.12893792309286
5.50645689749788
4.71282409241298
4.30939038168875
2.72782868562407
4.85887940550411
3.50494139775221
2.83413983327566
1.73116654513807
2.91890433267236
3.84761723466324
1.72499434990554
8.15836444610751
5.68658790385014
2.90801165095191
2.56103167893451
5.50845001435287
1.3441505427343
5.60474910514083
3.66514621756571
6.38617239148311
4.28139136357301
4.14093810339326
1.52261616321329
2.98284084396784
2.10776989674151
2.96215375832965
3.07800271312203
3.48715965520657
3.29449314730935
3.19532061448994
3.53582076453439
2.05092635000764
4.97289060709572
6.00617302617808
4.02223535294446
7.03648764545726
4.95553287243064
4.68986320007728
4.41566658959426
1.81543717157395
5.41608838294299
2.18651847652653
3.78985381117419
3.46953826122536
3.26724898530056
3.79374482887552
3.65284863291661
6.20280263308574
3.55297138206796
2.95563263829802
2.31664459073134
4.27319635749481
2.51790231291544
4.49632374111978
3.78910281990463
1.31651555687507
0.787336497608656
7.37353041897834
2.91722789768099
3.47270508775334
2.91450483218321
5.11995031187375
2.53346849282641
5.07255024988819
3.62862007469754
4.09782626418765
3.29919120323986
4.92342266836978
2.73695370683957
2.56947141083049
11.1424084361595
4.13809241109907
8.12102042879707
3.08470871769157
4.06678453977598
1.80974442372845
4.18701771752615
1.7588316845433
3.82915702813913
3.13585177355518
3.14404108779527
2.09869498367941
2.37670512096641
2.77653278014875
2.61499866093613
3.89997779236689
6.37143218147997
1.91123727945805
1.71448286755678
2.08050872915027
5.26637410896082
3.89849671571248
3.62990633447548
4.07271291015442
2.45654837737564
6.88649325343411
2.27937093616554
6.12805547012322
3.0704906021698
3.69458102257415
1.64119596370727
5.37754615454678
4.38809861891644
3.55549710860435
3.26231514219053
3.64756919457656
4.23431159999808
1.11863781918078
3.82276508724905
5.5419501878419
3.5196755914692
5.42347115720633
6.68232025162208
3.77247401329583
2.76889373995619
2.56358207393886
2.96418211670634
6.53050557077859
4.02121414636792
6.6809270474943
3.28254053501859
3.54010543740709
3.37177450200733
4.46267579002086
2.87734636185335
4.61442753959931
3.87052414289529
1.93243288758333
3.81980256426248
2.07997634193925
3.18663619287067
5.30506627300997
5.53896425382448
4.9209125036136
4.72204949758834
3.9794253785079
2.99505939342953
4.46050022121693
3.5889929718983
1.95588186527237
2.68688100920312
5.01942293627709
3.61831413609223
6.76912385138965
6.63305530273159
2.72093641755799
2.57120073232203
2.93091981588725
5.61767628367625
3.75316108823749
3.31277987625258
6.03013111790437
3.0063469800916
3.94786924596854
3.79006039206741
3.29701329111896
5.41141955875522
3.15606971197619
4.1317729105389
6.05337729755162
3.76980774554112
2.10247809191817
4.2939339997236
3.73909370342933
2.50101800772766
1.97484631823599
1.21563597434078
2.31954015635093
4.57951811864104
5.38504933619694
2.1154613637553
3.87475822204036
2.59160159413663
4.23164856269157
3.76879019635868
1.28022039553063
6.26646991716155
1.97569147552733
5.52447936551919
3.58596009004125
6.21235347080359
3.12978225611758
2.38971907176487
7.15417902920663
8.60269837541725
5.6036049931163
5.49142615100632
5.84974172273896
2.4413756473961
6.46194103209841
7.72984156274986
3.84088992037883
4.66739929672394
2.67024227557091
5.92344533286687
5.13582987258047
3.29249431399802
1.69000503717964
3.43989086087908
4.75923820042082
5.59593635390469
2.2919800291092
3.56887183843858
7.09026686005762
6.39771020008436
5.11574464515977
2.53124443676109
2.59650775659776
4.64372324940976
5.46988854472271
1.69413935169245
6.48730942332081
2.29545312454106
2.3649697351846
3.99887990657094
5.80380206552452
1.59093715136441
6.28237565406779
2.03780941144958
3.17579358179046
6.70308796261704
3.11029625006899
4.40431386028143
1.51013370782062
5.10001472932524
3.40290952281816
2.0943896933434
3.20872572960432
5.21948575203502
5.68781172654448
3.36460695782488
5.59833126841197
2.40175856608323
4.47770223932
4.87668750512435
2.89295825710184
5.00244781388487
6.79027526302381
2.78121739034493
6.31086243186127
4.03941345172482
4.94866616183207
3.88656691869925
4.15853300874192
2.95027896052122
4.21758809010842
4.36895779752929
3.79198603546945
4.43757873606693
2.46567100763713
3.36718481058723
4.46235458767742
4.81611941886653
5.17466856102022
4.0721061179815
4.65089486108335
2.82230860437131
4.33338945071712
8.46194704137134
9.72035859467272
4.557692094618
3.4380800991969
3.97279599584465
3.85127531028908
4.11920069025283
4.90188227468643
4.71750936652597
4.06973596449048
2.60149036867764
1.19702190273931
4.46622376509597
5.92781597248533
4.7821655777634
4.61245899581472
6.10478157727644
4.27896492208063
7.22282742842736
6.93761071087828
3.19655181577542
6.81031191990688
2.94212575063241
4.11415253390712
2.49787760615671
4.60608623814605
7.53153801071248
5.35856864068462
3.10387519096509
2.14960615896045
2.00688921197409
3.74371065902276
2.78335317541311
4.21353485726895
5.66714720590194
3.00157303560203
3.33481151350563
1.25258779222413
1.49805098139751
1.89171236485426
4.47485424925943
2.36925855815526
3.88470628601296
3.27989430565323
4.485843170319
4.14927716910587
6.11026609274199
3.61157120659232
5.08877767884069
6.34298401954701
4.113467798647
8.2949490852224
2.13799890549359
3.19960139362795
1.71344696840208
4.7881485001343
4.43927786374623
3.05477859016721
4.36680972427373
3.42097687105752
3.57226788694451
4.31815217958162
2.52352570119572
4.61174995582442
3.27222157449869
1.85218498127544
3.45464012135737
2.10940403664842
5.63179419988799
2.33319624718685
6.78245532116416
2.60451410942145
5.06719399961719
4.24022142131063
5.54350121554501
5.1762951417424
1.42918411425892
3.34541791977183
4.97961026853226
6.28988702677673
5.85909265895312
5.64848052769163
2.00682206481316
4.33312372840931
1.87703580692759
3.91666788792985
7.43013654369201
1.59123870830236
1.86549414592459
3.48288500231217
1.92128815827373
2.88343042917958
5.71880807555198
5.11892823983621
6.4424633786163
2.449602644556
3.19922851934768
4.15446887912419
3.33874794384955
3.44714732079272
4.91732668546865
3.37782871304284
4.10528762923118
2.34355956023061
3.21018613923989
5.42010915083816
3.46541299376625
4.46376094701081
4.95627014564699
3.94249583583642
6.56844655229026
2.43473438763334
4.04054243117554
4.06333374250673
5.11530382599328
4.87177174252483
5.58618912733839
3.36630467362137
0.851965142907186
3.96847992712572
2.14435859584302
3.5712148660383
2.3302468172664
8.31099110956448
3.38707461363625
3.2202537299103
2.49852269043532
1.20405976147873
9.33706687945003
3.26246374897716
5.86683376509872
1.59719417966841
5.663054962886
2.26368667835136
5.67927231173306
2.796259505581
4.57429080130361
4.0451126347523
2.56146885585972
4.61728195976599
3.97842574674741
4.05474057060104
4.0680526662611
4.5862611246669
4.18570893709763
3.62921598511939
4.18347779227899
4.59061920041257
3.79765195980501
5.55428172882096
2.76834592693812
2.07895008391216
7.46146429487235
4.91340948704455
2.96278582303384
2.18201755866046
3.20498305605079
2.16689540517891
4.35452217133126
1.38439146422858
4.1083822502758
5.6382531765009
1.92920784138663
4.39650996432119
3.44230144145042
2.00792346911978
3.49958351118738
4.85368133343151
6.50182904563976
7.13534371274084
2.1391255820757
3.78656010528272
1.15387926452896
2.27742227317047
3.15011102047905
2.7034174335015
2.72585550195166
2.54943499807088
4.34780480794474
3.68062060337573
2.38961948371032
4.80462867528489
2.81243837853375
2.42283441568095
3.71041841115635
3.58119316847073
5.73559204075934
3.57677833838182
4.78673794297228
3.76991395475711
2.87094567393544
4.81031642993575
3.92603632724274
5.93496674713289
1.31850311136892
2.99015334439241
2.32548959040573
4.56825317054852
3.57993685386314
5.71460755236552
3.66330748404743
2.6149971485878
1.91382790324852
5.30313874778915
5.9506706192886
5.84478734057115
1.97715664020689
7.56075185537877
0.0214476213133406
2.39753399009678
2.80617738781183
2.89313033339518
8.24759694057336
5.43502305111638
4.08984805436954
4.71079776248057
5.33414815066115
2.8354589765031
6.68161514198316
1.56465409045081
3.19247771514951
4.31504908966869
5.09324854143776
5.74458035581838
5.28930511237654
4.34882216724738
1.71174194098866
7.01474109607624
5.01794979742705
7.43597752601365
4.85070731896897
4.88291219550167
3.21758562306289
2.64238860118729
6.09077447634573
5.32366975457863
2.33920631248352
5.41356596729613
2.74432599695559
3.95337315125634
4.3884560478375
4.58063538031433
6.02003196304054
3.57896212022334
2.53993890436562
3.13322715697353
4.83791941541042
1.47986915428874
3.85130498356343
5.2685729455033
3.17302109675753
2.01817433352081
5.09680481716339
7.99749229061985
6.57977772028178
5.91211867474653
5.50808704869485
2.74327871322927
4.43761222657285
2.95112444894372
3.78356039066317
4.09104629125052
7.55842902718451
4.301749895721
3.97559148006163
2.80182106646057
2.93462266445012
3.4240960636616
4.61737693713154
3.91433506511451
5.80120164596158
1.74853162787397
8.9421554213497
2.86367589793186
3.14540046696097
5.11694985670518
2.70081868993845
3.28527903712376
1.35688803338769
2.90130009364388
3.79245577659954
3.15515507449923
2.97856949099476
2.82657596032469
6.20348321965984
5.72516199761819
6.49367401490874
2.82233706977428
5.80755715794422
1.27601900364615
4.52248323583589
1.52762833344356
3.75977604350234
1.82088222985251
3.66212789756077
3.2036714771655
3.432814521587
4.15930187515666
3.05996455024723
6.70985184876729
3.63347276321923
6.27369684304702
4.50976790221105
4.44534198879598
4.29646588368108
3.23421443454724
2.48798271325226
4.57124945584762
3.93512610010753
3.83625574629936
4.33307939569733
5.63678181962111
5.5666024667723
7.28368278444366
3.13132807390059
2.59008955759493
4.28020553781205
3.03762882581268
2.90895572017398
3.23414566229478
5.0022809309404
6.15095304402591
4.32550167776721
5.08861472113635
3.64442457286484
4.62863538345216
3.20363831937641
6.62366239162816
7.24004635345376
3.94222606867532
1.23317502478785
3.04934010397924
4.00503787702391
5.07140943493765
2.0719721655834
2.47630900662725
3.53394826989999
3.29273309543752
3.5200747587076
4.5136712758352
2.62900336770813
3.00154394949709
5.54027276575428
5.49670227038661
2.02869851089695
2.62097891655518
2.55734941059291
2.16863709052904
3.11592130019454
4.10736483830664
5.2404716700246
4.94095616635688
6.50751115021063
4.78806362766859
3.96189667583474
3.74423113174345
2.83727458803479
2.29387876626121
1.46287787384338
3.69323768717711
7.47771585815382
3.34456253216393
9.06390823213678
6.26361191083228
3.85807137051605
6.76775188282657
3.97872266622792
3.3303897831548
5.13568834965447
3.87413409840653
4.08410587711555
3.93182667852364
3.28997553683974
2.96259376455498
1.77936743716441
6.78445057747164
5.96378430533421
3.5531476387299
4.47591153846788
3.91385313779802
3.38875114049981
6.04714368448412
4.15137957804928
2.23196940316332
4.20828380530856
7.56825132216243
3.42810792234231
2.07622402811905
4.82396444361355
6.38759815166903
3.08481276676518
2.82029792592438
4.99399081607332
1.98770861123664
3.22105493062733
1.99941391357564
1.84623183833484
3.613570617533
4.57556531431318
2.03930605112043
6.79985218293326
1.8640000539316
4.42039346634063
1.45714793109306
3.3794460283295
3.40563307369955
1.20089793490821
2.60029284668164
5.45299447260907
3.78595192380766
3.94632580262994
3.31817611396325
2.89846275110691
2.97199607600213
4.92498085709637
5.95432587889138
2.83966345508201
4.37871390170041
4.44127235558668
3.40967027882243
5.97905232574435
3.86680561757626
2.62505902709908
1.8903424901871
6.24671935931232
6.18022618251435
1.40950376102107
8.26081777135698
6.49353783054335
4.92887065048771
2.54454853639728
5.27359842704788
3.68556917625662
4.17696695541614
4.16295683260929
4.19024929838462
5.21489059487315
7.04257350340129
2.63903491874167
2.90361633608134
2.80125957783472
4.71598867802945
4.01782167535619
1.43336630644931
6.14545242000001
3.7050082305529
3.41306371554477
4.429496988117
4.58546217549882
6.78207357777662
5.33194312978661
1.66342085088173
3.21971426516569
5.3382133012201
5.63563001832188
1.679962757196
6.96281290187742
3.65571671010176
6.05776137791484
6.07719091806976
3.66554766929579
7.78806890879
4.73903333130396
6.32736873832988
6.96671577789497
2.9660689655954
3.7203003978512
1.9925983767532
3.60940533846986
2.95728954762783
4.14280420882483
1.8104848554163
3.36715395136757
8.88674106576183
5.65287743785329
4.7510982009011
6.92790330940008
4.98697813757417
4.67535219117929
2.3171118239955
1.9044274406913
2.4361508504697
4.50184805845172
2.74021048616903
4.38413601189308
4.84262434214224
5.39708120148952
4.67828799130701
5.35463992304467
4.21208285542802
3.58152852292678
6.14037149494775
6.046265658341
1.71685107648355
3.38816646100905
6.47500701180189
2.78240922002219
5.19684679364098
2.31119972146297
2.50511373691864
5.06046752771046
1.80039242703223
5.06204699373278
4.34294661998803
7.61344579137398
3.31402993629488
5.024513288852
6.10228213619495
4.06429726239418
3.08407348886759
4.78532797080181
3.63769812116629
1.72080647654264
4.50095900125923
4.83541887160771
2.9007806287454
3.80872961534173
1.58362983081439
5.68574391039559
4.31161927353396
2.92544888205066
7.34544370072512
9.70006050546281
3.87040157184707
3.52722254772788
7.00472671897559
6.09003700421214
4.01515858177752
4.19316267304948
3.45670275033315
1.78730463246124
4.06348088781697
6.82338981422281
4.84065896009614
4.44815233547721
3.66287389723726
3.27778852100683
4.07936261185171
3.50980295610324
2.19481148961013
3.47007383206067
2.60463917601843
3.25734078011289
3.32576572512748
6.88850351277491
6.69805160756776
4.56180707189962
3.31311388057575
3.8241394791033
3.45368849655698
7.3720121300303
4.76407106819225
4.19596449033114
5.37439308717985
4.17051590446456
3.01324436960787
2.43115427194081
6.50300900222023
3.11407922945479
2.16078763564133
2.62953528622957
2.54263078170299
6.31807795808174
3.34116423184741
3.25636452295161
2.40442640171494
4.54188397707207
3.36616798919467
2.25467332569757
3.87021223380509
4.39033431838942
2.27757516297035
2.71857254254678
4.05190733772027
2.45594103564261
5.82987355464711
3.19489378248804
2.1282991796004
4.47434543196074
3.81915784420826
4.13158870118084
5.31665938589393
4.77150436279684
3.22485058243391
3.30579284721725
2.31599572276189
3.17791489961804
3.27782910491644
2.74423208322558
1.81560122877317
1.56357813452026
2.54330798178674
2.78904132298694
2.64474086392401
1.94409947637268
3.07493073683283
3.69738432042757
2.05140829756553
1.9429574109672
4.67917670989407
4.78011232460084
2.50462509752153
5.27560277373437
1.99909300650196
4.52347522369868
5.97287413590035
5.2033029838376
3.29331438871506
2.73814432166171
5.82099075679557
3.00534718316736
3.69671366411231
2.18896709881441
3.50795582939851
10.3515168836192
7.33603838733777
3.4543281082071
5.18947596099556
3.36864390589832
3.71659290385991
6.70260974078662
6.95988972488494
4.37938928434376
4.77158811894377
5.65946740467084
3.5728746142912
3.39898451775368
3.75839426589228
2.34462272654765
2.72726181788588
4.4745987780967
7.46339077266546
3.14933753238641
1.28927692733433
3.23523416239395
2.90853573233657
5.60825893182054
3.51543405583102
3.02098870731311
4.9499703832659
5.85084962866994
3.03739599159073
4.98981257774941
2.5168440923043
3.26657283743936
3.5904006602778
3.82118954807
3.38784027661062
4.61796934480633
3.62366221921921
5.93801304580151
3.43543783220776
2.84155481153286
3.1941662036544
1.0568023405527
8.54253616448455
4.27488108384549
2.57315689200025
3.33536873737067
1.48371254221836
3.14976287990528
4.09546666356756
4.34839239681854
3.41568965742666
2.86111838675526
3.2536193963822
3.21110409693409
5.42230511386252
4.50235181030464
2.46897750262416
3.51855127310307
3.9144848183587
2.14895308479831
5.2146828579221
7.03661759170956
5.28366026030121
4.17250748696326
5.45168705532301
2.5942418220619
2.83575891465508
5.14159267976714
2.70709576546494
2.77670000701866
5.06396026494776
5.35866379928914
5.07608000573194
7.17857230980242
3.97048205249634
8.40108375773279
7.0604588625984
5.46823042620202
6.14824569055906
8.85821219057198
2.9334617153454
2.77256577324727
3.19818517189811
4.17632936508059
2.98071651075174
3.41768039162091
4.87617762393363
2.42234876433357
2.23871696504627
2.85641003856783
3.14797724319302
1.75351896528508
4.26383705223872
4.13622808190772
1.18058648122192
3.50636828698601
3.4663188172886
5.61516022521881
1.99076049415588
1.27631126975102
5.52867616767197
5.66984833968411
7.85546903867348
4.93475662492595
2.84196528706908
2.74249220568913
2.43803352479821
3.96392322993534
2.12454892375334
5.14989416641723
2.88835916677399
4.45086897007932
3.18404653198512
4.924122639132
3.37218165807751
4.75657181791903
6.41761626089761
4.78481573440676
3.45637240519238
2.64106711604644
8.48061071017801
6.06844945409066
2.66406894333324
2.03649222758762
2.22613716805289
4.89717774475096
4.30623603338582
4.56287058730307
4.00106618254024
4.13481980069116
3.0136860410809
2.68477212072716
3.22002742674709
3.65770273337859
3.30689747390249
2.8647716618182
4.16347976477833
2.13786469900728
2.91739218737363
5.37369705079323
2.04569032329407
3.13124672023344
2.52821169671749
2.21029846247638
0.665799746032385
3.63670411220795
3.83574225889994
5.01650600022962
3.7292575134307
4.91134817718918
6.5867741022914
2.16092240810103
3.63547469568127
4.85161945877373
4.12126853452643
2.7405828632987
4.14879928657903
3.45288863692314
4.01249575279207
2.60535426788123
6.86151702506553
10.5984497590826
4.50773111744767
3.13603941181713
0.0214476213133406
2.94014950936607
0.0214476213133406
0.0214476213133406
5.36180101668212
3.01147024335978
1.87600160800124
1.86517417894777
4.58245595424594
9.51529966475625
2.45111856421472
3.34359347863724
3.78366395375653
0.860604654660841
2.13797427699688
3.35924094708891
4.48351132733173
5.57209301309123
6.1923615207548
2.24167522341857
5.52864395950074
5.04098933661902
2.75406422737488
4.52824216295903
1.60470091341866
2.58166279426744
4.71584039464443
1.14792229414875
4.57722482435252
3.36796154509673
2.23652270241361
4.6673539150359
3.96506525744833
3.76097212514884
0.0214476213133406
1.93198925291266
3.53003059099815
3.37945540782374
2.15381385411623
4.57880747782921
3.33584779525992
4.47537447610057
3.87127161233833
1.82541852007347
5.33999406594195
2.18121092224956
3.52051897891679
3.57781734831155
5.38929869612589
7.93250092460888
2.72729842364447
3.55709250337714
3.61086621232051
4.28062048600435
2.07025248024733
2.60351777501968
2.77456292110984
1.57181087547118
3.46582482862229
2.61211917984107
4.49599648880737
3.57076632125244
4.46201321145633
6.38204929682664
5.28565843290889
2.58659439497856
6.65620569355828
1.78577850864458
1.77227066148972
7.65975316730487
9.253887568553
6.56525771807634
7.31436711906178
7.45714026340061
5.77168591737216
6.41411482032535
3.16298018172546
3.44675176453798
6.87110140538173
4.65327930609025
5.11836350653712
5.58002485643841
7.12640630147899
8.16164498203913
7.91373383426915
4.46796082894807
4.88343715069419
7.90286706893263
2.10749439894207
1.58201604147687
2.18512895370718
5.24023597346744
2.0288621629047
3.74047889027108
8.49832455969652
4.15796583402601
7.71958001569939
4.53831884927172
2.30839233497814
1.49621988209677
4.54359992296743
3.44017730581171
2.52312630823119
2.91503888255183
3.14641903267109
3.74840413202329
4.16203592322689
4.8774973547358
5.41717311987391
1.93677888860028
2.12472349933298
6.1935781837361
7.31099090920666
1.50788351673316
5.46229328965966
3.02196795603285
1.93063248874082
2.65726620565569
2.64232236892092
4.18548328438139
3.36314886175592
6.2882661774426
0.0214476213133406
1.87515762050682
5.82581052495873
4.72965794388906
5.1898376750375
6.19912525656631
2.56677635303385
2.68301069109133
3.03462914855497
2.98409516923655
5.54758475977338
2.2849122703585
3.68295748507432
5.02179176163782
2.44003310455311
4.92855875634008
3.19498294916718
2.08817180181339
3.91726310666453
4.67496993959612
3.92064008622522
4.06258476082746
3.28365354945642
6.86289777478288
4.25888213193743
2.29265766781561
2.43011054241592
7.29995959025619
3.19674650367986
2.74418848166204
3.74851461414564
6.27788326325648
5.60408545676676
3.47190380480623
3.91444494273773
4.30664571155972
2.04929239171928
2.24157726748252
2.24404550773719
5.31116618183701
4.87725557351959
2.63908589302541
2.52657253824743
4.54530930473921
3.20256505316351
2.35247813868843
3.77644446647463
3.67477753978709
4.18124045715898
4.44795838240069
1.00633305349475
7.32268328454556
4.84816235001563
1.121394603485
6.14328584629987
4.6576406314477
2.95486367215997
1.51725765435208
4.14619959744342
7.20371414249288
3.24252103511583
3.39693687092627
5.03891364684708
4.22469834091661
1.20437037439701
3.2480663567031
2.43271481549312
3.18674755100774
3.74298154334389
4.78519369838036
3.35934593633549
3.28038133165896
3.28338320695793
2.21552597657705
4.44878927200559
5.67137136777634
1.943997126018
4.37030023725933
4.08696592949489
4.43555251800003
6.69158338381342
5.62072729006732
6.03769128053496
5.16847696926209
2.6121185685726
1.26360067008065
4.7499909317579
3.25476838425649
2.92814718718257
4.34498870358894
3.64594883028579
3.55942467031515
4.13667417382187
6.37497131888156
2.40518499824789
4.84659763559159
6.39452441558473
4.21351864493671
3.63873385546605
3.00303403624611
4.93782842927437
4.40057202962333
3.30658007763153
4.0650474090211
1.8313936014808
4.07542674754246
5.15610081177053
3.47406872420795
3.03188688078107
2.98546488103059
4.51593411040491
7.74917812705377
2.39062656984707
6.88960953897179
4.05498745604375
2.32951028469204
3.57683686373595
3.11738218566618
3.29325889308594
2.54054546357369
1.71466085223554
3.47989235083077
5.47594476179958
1.85978232429654
4.44384716406324
4.7941637508048
2.74372130267431
3.96453773324193
1.74285409318845
2.96553922174139
3.88609046156687
5.08487168878332
5.21262360379
4.35669221870566
1.28136797376054
6.73348113940349
2.49126779685499
2.46429014437525
3.57088612323081
6.75676951370877
3.18559176385633
4.28828705084915
4.75379872485665
4.04208236790853
8.32331107470854
4.25233209598316
3.72484955791363
8.70010466673889
5.97593295569781
2.16116340798649
4.73390492319786
5.22789634727336
5.22055007887584
3.89063621043342
4.03505706041274
2.44258878165608
2.30684837598302
3.9255900765675
3.37819233220274
3.94825831189924
3.02385802532245
3.16598747571718
5.80788510572931
4.96517110927897
3.21811875231138
5.09306540581183
3.70063379688726
6.09226804266888
7.94317913616863
6.30835329663875
4.198141931814
4.22668378700544
3.30087975488314
3.10647393850474
1.52768886432271
3.67692782566068
4.05501466597996
6.45683321447674
1.82740893019006
7.65811197888925
3.79753327883433
6.33236740070622
4.23587263530097
4.31809745431976
3.00141456290854
5.43271363802376
2.39248208254202
3.0809988600652
2.58426183448005
3.77498963426656
0.0214476213133406
6.81386790413168
3.48207970023633
5.34698842404687
6.64046351449887
3.17340768105716
2.87529604254496
5.29981313506063
4.89119531761327
1.59927395359542
0.941112060994378
2.57953709748027
10.3344505563517
7.00134286363356
5.47252784679289
6.1157903550747
1.13748488313114
3.4305958835899
0.709526189405536
4.93922495296225
6.5875348263285
2.64209606584358
4.07400539103758
4.15617584354597
5.10194588532893
3.2696700156689
2.35332635264937
4.27377501010572
2.14685094444025
3.7348269598417
3.66543685148922
3.36163746095361
3.94874580546956
1.89840774759099
5.59482692197495
3.09507170964474
5.86126092911974
1.87339713193477
5.68295357232695
6.56839556952555
5.11061451662452
3.12903771764593
1.93210057803257
5.18802747401768
2.0118678563819
4.85900445204735
4.51926436484944
6.30704819326121
5.34776619523672
6.82375566353761
5.34231315322547
5.1280374145579
3.61396613333849
3.13329543449545
4.360314249064
4.34337869953133
6.09267831249941
1.60385505181541
2.11297865666198
5.01165532653913
2.90149900270294
1.90160047731186
3.70811922527655
2.91241787007084
4.92024031262821
4.18655006294459
3.60756416635779
3.29146419935546
5.1134093974817
4.80207369860513
2.42900182697397
2.89811417311971
3.75186388784507
3.22099929585723
1.67674032343284
3.18623473336497
2.0131349303292
6.7527379111534
9.05168881182623
3.89699145156183
2.64995043758308
4.35182688726436
4.05349301702551
5.7343185480897
4.51304285417796
5.8244980474034
4.87752314597497
4.04729491248841
4.89077316917331
1.74096264333664
4.25901213591745
3.91014669453957
5.71344527243726
3.51030508471763
3.77139068992776
3.23719916997511
3.49808600083683
6.05607298862042
3.42872426636794
3.66891680044737
2.55105649928365
3.29393251093646
4.70703213889137
5.04597611793915
3.31622844692961
1.32674771214129
1.53937145134882
1.60859256826504
1.16963762203378
1.75135540596476
4.85195504524953
2.79125543936391
2.34708774814673
4.42396555757178
5.12631437973207
1.96343363551538
3.67899482433181
2.52397493487275
3.18808490999006
3.64005147412802
5.19431983486062
4.59752317148952
7.59346861930442
3.3684825331085
3.48654249527702
4.21659150290195
1.35409996523513
3.82711523171299
1.62451544565425
2.6595317557101
5.27104925146784
8.34195169799326
2.35742176329349
2.12401116486174
4.48285951829281
3.18140006260696
6.31979315275131
2.38601537941396
3.99360933847731
3.02198733300717
3.40751919944313
3.13792824844346
3.3237733096597
1.29449101290968
3.31699166184012
8.80479644185646
3.21270008402102
3.92462794349049
2.71357327859743
4.14756526541483
5.85394324174729
6.68109339461916
4.80626601971451
4.86208236379737
3.66984264792818
2.43616257237698
2.23383216866607
4.82094689504673
5.86356321627868
4.99512963847172
2.74163840051972
3.16546282760012
4.53553394018104
3.92824675024419
6.96091950005476
2.21654021034888
2.39585087038241
5.42156787418208
3.41164376301024
1.55312152845141
0.254285689916705
0.562300469705388
5.72133392784991
5.04294222241178
3.17206239698401
3.59757842349333
3.41575710943496
3.37617742798425
1.6492066647995
4.72672308189583
5.97302408465134
2.13946162717018
4.17195044580123
4.56447502867835
2.53356605600264
1.89279275513771
3.28483616961664
2.50343269765808
3.84622719916015
2.4244410494401
4.68571531130744
4.86857467617412
4.53908858549609
3.18767475742709
2.74041359760552
3.09503872037583
1.81049955405005
2.68625893836995
2.97827995610136
4.30333148989509
8.73439717071329
6.1539249125001
7.40150894879344
4.57781064571547
5.81755430238308
6.57857501838177
4.47166473697791
4.59272637703567
3.13434587962088
3.70576613705508
4.48253113527751
2.90345382877483
0.0214476213133406
4.4417898125105
3.93842306583535
6.20340078870152
5.87964355948282
7.20484242591655
3.3225729713465
2.32943310812232
4.76911513677324
6.65763119089354
2.5621989548304
3.3205702028229
4.91152431311365
5.31384552455097
9.07906101432876
6.39407944285689
4.3567915301683
6.15293811774825
5.88351384346351
5.52252652918437
4.87186931090346
6.65237995742558
4.69224152711508
4.55634683470482
8.92806036972205
4.90059944627461
4.43353839542596
3.41967455596482
4.90571617073535
2.95991579647895
5.86145801138511
6.26901073519698
5.30081336844691
3.29772827930083
2.73285766296844
3.63991414253232
2.41680018527627
6.03889302498383
4.94830972287246
2.77979464814643
3.70201059439966
3.30054231872133
4.13592988196901
4.39601756663567
4.03020187922489
2.06979776399667
2.59494028430931
3.68156472844304
3.62697027916275
4.66530983175746
4.10269673601128
5.95757015714027
1.67920248030506
3.91634497443512
5.00990149621339
3.68208564315116
3.1797398578543
1.9881978100648
3.28469710090384
5.93907465511211
6.35392257898128
3.82311014296882
7.39727914337351
2.4774200764697
3.27456664994605
1.82879130340184
1.70003333933175
2.59225345395354
2.74908270027429
2.95402193374625
5.84912181550381
1.49797444540962
2.97809836847987
2.67646481400527
5.25579472642565
4.71404965507865
5.06624140231949
5.74102981622917
6.06702784107516
1.91946615884178
2.9028510326708
2.13082325164269
4.12033400406076
3.46734254750864
3.53873573660873
5.2723410782578
2.58786310989507
2.95241999996221
2.32294590699448
5.38975194771745
6.90477225324048
7.64950498406767
6.39310704622127
6.52857442775539
3.78773679648961
3.64081088402402
5.83041061630222
5.31022804397042
3.14295790265531
4.15773056550495
3.20352680674805
4.16166600843486
3.72000048075178
6.72001644140735
4.85967699850926
4.11322922769648
3.90875270457229
9.1637729304921
5.24734670189374
3.5431151854593
5.15581203775904
1.96991820903673
3.20755696984892
2.74479537432304
2.94068447481912
2.2383151084644
8.558450311555
3.11202997041108
6.47308024847286
4.47914780822721
5.78099742054859
5.41673820326214
5.60900343702582
4.79392464471324
3.88351979646094
7.35837433705186
4.27475248821842
2.9102621314836
2.17325451562168
4.52653408439993
5.65275884288699
2.05835506608273
3.86412796576997
8.51925354931993
2.11272410557328
2.95591189612527
3.47927821233803
6.02206735419895
2.22501092088418
4.30781878797061
3.50254297644507
3.70166019464257
2.88023078988987
3.82115759769083
3.73183279102616
4.58055621237341
7.30199134344686
4.46213995187205
4.91063040717146
6.12192932368519
8.65299512361756
5.08515899101771
5.68319633294585
3.45693844498538
3.38268495553204
5.05528846647276
3.45295600096373
2.69554162804747
1.81576620623253
7.95104239131334
7.02428935519052
3.4527562254584
3.2836760251174
0.85556088360477
5.6613157025735
3.33487268473422
2.05755741427308
4.85044912092049
4.11057090158372
8.1207706550178
4.6429308384651
6.79619666229207
3.53389193080364
5.30165373071248
4.25148961354448
2.23953235801032
6.13656531281322
1.64504079149193
7.46960614819968
7.32337415887249
2.68756298253285
1.24478191085134
3.03519317145957
2.94758904106897
6.78714554303604
3.49455883346234
6.74124051522381
2.16228383636837
4.75403014372448
3.33901659199224
3.1383654027205
5.3705073511432
4.9927680512972
4.27894340993917
2.54554532202337
4.07099878763805
4.02712794261411
3.26127721158175
1.59556029594613
2.09259518046066
6.03122723008222
1.43866712652686
5.77892393692139
4.34783661681233
4.57178029517085
6.78207081714915
2.59911103604928
2.82007289683027
3.37216813071426
5.65356868168918
4.55287610135809
5.0414392326406
7.93473214553195
4.22393243264278
2.04776143061672
3.57515950412796
2.19644761652179
2.83049642214576
3.47350324490757
3.6455862603846
1.97178076193573
2.48508586054617
5.8345215797848
2.16632054693254
4.7248254844347
1.36931210653788
2.68440736359089
3.43786747308378
4.24651164447457
3.8440526900318
7.07106476506186
6.60181923810473
5.54013866781626
2.76598619544165
3.84414938503362
4.61314429348356
3.83271779072632
1.29219124811402
2.47437114701299
6.00510123762387
6.11864992443365
5.39069169500707
3.09029057277534
4.30891309915549
5.63413871937663
1.83246135325477
3.74173109647664
5.11311633271189
3.13665719216553
2.73200298249954
6.28223844674225
4.81257771744461
3.69977391372221
3.74734065204528
5.64594003361135
3.69067491881056
4.57376090853202
4.13030352136249
4.17099381277118
5.71926388568727
5.37074748514896
1.72502433625769
1.86041842797884
2.35657011521447
3.77137826178745
5.01401842936606
5.24568994941752
5.50297957464197
3.39084446536814
3.88246324653159
3.20563013054374
5.39607813002138
1.23197143456538
2.99226570878886
7.43076568533744
5.20934970156942
1.50031181938439
5.93438487526892
2.97362405731028
2.06551351710821
5.24076050696067
4.31831812413844
2.8974655908595
3.14879608461018
6.77000902954709
11.0070226160644
3.27527280213335
3.8638089107837
9.75074414989481
3.7404042166249
6.99680738634955
4.16554087492523
3.60414426321364
2.68287065831348
4.35013268167444
4.97489817188003
3.58279498780544
3.3773020445628
3.01872767922065
5.70343221802559
2.98951651117863
3.81518302441829
4.16193314098067
2.67253683564
2.50915633852043
2.02896493745793
2.95472615340596
7.66091160348858
2.83595102831073
4.31075232490929
3.31859939742352
3.52614611377041
2.40716027191054
1.70981170430073
1.71354001888308
4.33941544491471
4.28834647283781
4.02144511697845
2.72829873214478
2.49298334686731
3.96548107496567
2.66327472964632
1.53497300100432
1.39309577137233
5.46432283167381
2.21527816342742
3.92379521950497
4.38406917642449
3.12667030416255
4.08378176271574
6.15196578464229
3.9598009705431
4.37514107035218
1.28967745612471
3.27908663081539
3.06531997558337
6.24019212040107
5.83295953491154
3.52700333427705
4.49195972619056
3.21330316437452
3.16922998181528
4.44939793437495
2.14111269652804
5.40587977141876
3.9196403925363
2.14684258414577
3.49681384285244
0.879912753785922
6.72286178569227
1.05544402729221
3.91271267548802
7.3781868119162
4.50038457702138
1.8907221870219
2.64415247834506
3.62033062257942
4.34405378175268
4.45346518003242
2.41351682616398
5.19673842380483
3.94869032447905
3.20544255808134
2.04301726098637
5.2190626169465
4.03996652928811
0.445844675703992
1.62709260214833
5.71689736453371
0.778235670657749
2.93745227580493
3.65543908815497
5.83746332724669
3.09347884429391
2.84456793697924
1.4156615352894
3.40646883703783
3.52457814597765
3.51064344245998
5.7422270819001
2.18800020166443
0.484719219929403
3.06373937958072
2.78542712462322
5.00606147518521
0.474273909375645
4.52429085559421
1.78164167039887
3.84506571338302
1.32864918077089
5.91450028682402
4.00742683147294
5.81593576984049
2.935047226815
2.66039939459218
3.02344184432178
2.89423734719967
5.16424532472132
2.60310757874724
5.65695565484151
3.8866094117518
2.39121114645533
3.29400525537397
4.56091607083568
4.91830688231487
3.90181371475029
3.75649669220879
1.9864178447701
5.48086196195522
3.64176386066613
0.0214476213133406
3.26645530641046
2.40224892474205
4.95764468906996
3.38354833769596
7.94064293115607
7.82994714539293
3.83607023323861
7.2106044803368
4.68463955883295
6.64471235589646
2.89104495788844
5.28367976029191
5.49909553483726
2.72482291976064
2.61513076986095
4.56210847168999
3.84233962332374
2.29974618527051
2.80356115975096
4.32808036635815
2.58799299376215
3.00073117182546
4.34207532354822
3.31015198251149
5.17411597087567
4.1809283721546
7.38764030782045
3.6831778647492
6.73213680388172
1.709468174265
1.02114868729535
10.191617144141
6.54245022012982
4.76098562332881
5.65394463956429
4.88790237504408
6.48958250807279
4.34809501654854
5.77664684539537
5.29916478065525
7.0315028386771
1.71677540596288
2.671703676374
6.33483916565228
1.11290335458875
0.578216754388559
0.213763294307731
2.20439200638228
2.6450822008948
1.17040822479977
3.05810269260123
2.80618340518641
3.42215731802132
2.38824404939984
7.8500058995866
3.19089702572308
3.88918207131271
3.57508464133636
3.00060767695699
2.15618510118974
3.32724951334201
1.83395592062988
3.37328020225341
4.63600547486578
0.628028848939058
4.06916304966048
3.07072976918644
3.27151176832144
3.5451916437027
4.43481220763206
2.40605497253003
1.07893162150572
3.16963325351847
2.71204287591638
2.66190198295024
3.94674366025729
4.29885920407231
6.33450966414237
4.88734828045647
4.44116571033278
3.5046326036402
4.3309043832554
5.80566195129872
4.39253832667161
3.68572877705756
3.98574787214308
4.44322747442803
3.83759053805623
1.97940665389925
0.89354037210156
1.7582117738335
4.63237720578317
2.38994285105665
3.96834677636168
4.84416301788729
2.82279969145904
5.35525410667824
3.56931490466547
2.64798904793352
5.19189343458185
5.87730761110471
6.32943887441283
0.726449252233739
0.419580931352618
1.41664411405808
0.970381109181015
0.89820878772936
3.88098796448444
7.74476471101791
1.64059796229797
2.92218283776345
4.07247383142736
5.99749732619494
1.68075147400085
4.93560465389949
1.54662045566837
1.72491533941686
2.30933450959234
5.83329312805192
2.94930000769715
2.42843714431045
4.12860056107665
2.88630953405672
3.70511760760821
4.80717204228087
6.49714417107565
2.66083652213439
3.09494967547604
5.64071893361215
7.14182159067189
5.98084466030502
1.22921896005824
1.31417257365299
3.64359440652198
3.82372967447692
1.69129018986808
1.89537992392898
3.29380465041066
2.80556867586843
4.04235363457862
5.97718929388029
2.47400724169295
4.68861879259633
9.61092352625573
8.15214625070365
7.57208322950914
3.26158422464061
0.0214476213133406
3.68908912905608
1.37694998812162
7.21496364254241
4.25034023864841
3.4736339735125
3.62634776166733
4.65584033665702
4.72956992000645
9.60623774274036
6.31157950837616
3.21929343687487
3.79143350632866
7.43914165517534
3.62344776263314
3.57666956101448
3.77309608930756
3.48154953319055
3.75243778720025
2.98500410132058
0.0214476213133406
7.93980306765609
3.22808877372828
3.57655817970402
3.96053938876797
3.73320343100504
3.4845603178895
3.89540375879321
6.42113597923547
2.3946884593501
3.10444483327366
6.97924372247843
11.033932726343
12.8808999073594
7.6509925035029
1.41881346509684
9.08144860454341
2.19268005374445
3.49309862060903
1.85313932417772
3.84276876441056
1.67184430613119
3.68648879394849
6.04187353105858
3.47173656804053
6.23136652287887
3.38883809616006
3.53370045234603
3.9166847325983
3.62917238805024
2.20792415426758
4.48259550013127
2.76220587262109
3.51583339287037
1.856022675307
3.44888589377448
2.81807069157933
2.52375864547129
5.5964220883861
3.59910674498251
4.82095758116449
2.56081449802763
2.08045328214945
2.83236440592023
5.18660772906478
4.28799073286526
5.01972458626032
3.17879519681035
2.65886493576626
2.97398324093789
2.6355651564488
3.15987512958888
3.67741293132827
5.61652203142057
5.0177393981335
1.80229057485571
1.16990029889765
3.37567450576984
6.78565964706507
6.27852018780966
5.78177216089081
4.92658125950841
2.0152040605089
5.40709472089508
3.28393989998715
4.00565832460872
10.9102669892045
8.06984876142782
2.92286324850724
5.49043860365266
3.95352447591729
1.0377537545371
2.10790942940172
2.24723121835808
4.62403809927041
6.05230881714318
5.14661602721623
3.1089109999249
8.02856376953189
2.74027467886455
5.23139498218401
3.94380912145196
6.09818141809214
4.58864627941619
6.82255453652997
4.91623479597486
1.92092824823805
2.92057208555259
4.74046936465561
7.06037032397929
2.07626355190454
3.40696411735322
4.39980943686477
4.27846699632815
6.93514484050326
5.01570294633237
3.88860384407998
2.89515517082109
5.26091938203757
3.01793516289752
7.94929021055816
2.72530837962439
3.78385080416605
4.68934222604484
3.34228469359459
4.36551924906202
1.82690050353804
3.17075886378576
5.17751055071916
3.20404214224108
1.43965124304045
1.87641017153724
5.04676876301003
5.12935462144189
2.82040175255137
6.18984366999378
2.18107480994065
4.28017346470483
5.48030467417473
1.06397581974991
6.93131390252668
7.88066767524042
4.52641843073247
1.76652790827435
1.64398104083252
2.99158580561371
5.19172268728502
5.02044702857725
4.70354527675186
2.49560439904977
3.02009801816192
3.71267932280081
2.48671645638669
2.44591860324193
4.26335093557988
5.37255869132768
3.51124204608905
3.36155523538334
3.33256907403392
4.79553170170133
3.21566448040134
5.04648215349696
4.76291848867759
1.14083107028755
3.20639063447804
5.55675796371929
7.80692568833963
2.84256326458225
4.83330574785195
1.46788678715164
1.80641437576496
4.14793984908575
7.03094372992166
5.39332775810022
5.02102740130334
4.33640049800152
3.27275235112393
1.9368745300408
4.72774765785786
2.95781865848597
4.34757491293695
4.19149839439576
5.96904050137455
5.67756327417844
3.42675009754774
4.56191832673414
2.9278859184083
2.47572847583402
2.06567543862944
1.22994580824706
3.44196507185428
5.60306232684516
7.60129238148271
6.28727544658385
2.47977502076135
3.63842769757239
0.0214476213133406
2.14424612472615
7.4358275341304
3.65012728192365
3.07538335986564
2.53525019380304
3.17240167758955
2.98647208123569
2.43348904558374
5.4460157757898
4.1414424424937
5.03999074234147
3.52428928436283
4.86985228442633
2.91220124272852
2.7774706488079
2.9008036269703
3.31579340037364
2.48677033466183
3.27026519334965
4.10490527889814
3.65722805247068
1.94986096186073
5.22150890721052
2.55509582913985
4.65713051981208
2.37265838094248
4.19411457897376
3.52682133928233
3.68749220990138
4.67563216199278
3.5302933214769
4.1408106323417
3.0759758872006
2.63959111809082
5.96884498486203
2.48099562581508
2.39890041971387
1.43956446368433
3.58447777272059
0.780171929164593
3.63416533570578
2.4801348707733
4.14672719116759
6.46448293024776
1.05532418805818
4.02354984893605
3.95024138384463
6.41808327839459
3.38346953884389
3.5343478165296
4.50162308066177
8.23571178918259
3.25858315492259
5.59893908184397
5.71062262031566
2.64648166101698
3.72470547773649
4.4475373566436
2.84087328044169
6.76253016170132
6.23162729222473
7.29316923457151
5.34443499888421
6.82016599600938
3.43478904410106
3.6544780819054
6.76454523937669
2.15429793018212
2.9732035686239
3.92007659268808
5.58130332165501
4.40256975760654
1.56272109631364
3.05807964163824
2.20902858106759
3.91854440112387
2.98664656589923
3.26019772724983
4.97715076817492
5.40664496348732
3.40902938407582
4.74968498466392
3.38704535414649
5.63662081705178
2.53787586141057
4.46710132258105
6.61151879354447
7.81234392177486
4.81623668243024
3.794325663516
3.57495584566337
1.45674135220686
2.70665751861459
2.01241684830176
3.47579905812811
2.0447804261768
0.705985137144513
2.40302337259961
5.65199505096323
1.8522242687126
5.69418644815863
4.28330916018012
5.31102767999509
2.96116625327393
2.92865459737091
3.71644400642791
2.94868503934274
3.9580217891152
2.28356275251512
3.98945348539422
3.99042766788383
5.56370789194575
3.79830432597702
5.9396561433228
4.8089413128819
5.97566528310536
1.50551087921191
2.37417268608967
2.9414646864692
2.47486634968055
2.34009983575034
3.84181977257952
4.37109485828536
8.58496472791307
2.78349106360125
0.789651000100515
1.8582573745063
0.847663096640246
0.722925394897711
5.84870131374775
7.30109135728662
6.90254799471392
2.9830746337729
2.47139132930833
4.3422729305335
2.17224091684293
3.44804001637996
8.00944699046677
3.63476714664743
2.68099379033212
7.92356356309511
6.88577945454825
2.77983400808184
4.16282788168218
3.23094085542618
2.95453055442415
6.20249070608153
3.35323805558783
3.88815031394976
3.21154508224826
3.73088753799472
3.55436708586437
3.34107923849716
5.13771678600714
3.89758444731556
0.0761604088084994
0.914469094675227
0.647700428314884
0.236528478194421
3.67514052101243
1.81805925954652
0.777141916446217
0.935850614917581
0.950017438846994
5.68099507121308
0.430290617583685
1.15754022744205
0.712100484643042
4.34776971032793
1.73749600325591
3.91048284746267
4.59513622376657
3.19099165054608
3.62846081373478
4.06619373987269
5.1628947983891
6.30761312309558
6.23133393088943
6.21524424691875
5.8087102080343
3.97620890885776
3.89822690871426
0.86020473157357
6.14166442556131
0.772299685922742
0.324014459034214
1.67519061930803
1.21509039012793
1.18982603816582
0.829256519476364
0.647737022254645
5.24222306183064
2.85771891868896
3.30551997438336
2.81660801093309
0.0214476213133406
3.82524909459963
2.86462433505803
9.11857712098357
3.1965763698805
4.99721798608505
6.00403697230743
6.03156255868328
2.30385006283724
3.81657521503373
3.98115131312349
2.88706948104346
7.40762867663623
2.93669515290038
7.0257081039233
2.49960692256203
3.44078248967988
5.94787319968174
6.01574611061392
1.72827542536741
3.21556386251123
2.79423840667729
2.28207178431527
1.47070784346664
1.00856778424132
3.46034174016489
6.96236462818641
2.98890842347771
2.9531531339144
4.16222402421956
3.78373830643295
2.82763328657783
2.37642833818152
5.30422916077157
1.38863911323442
2.78671140517435
8.83465847563975
6.30595996513985
4.7225030454763
3.13021267462228
2.05580409161329
2.04808679342655
7.47657308692529
5.24928205503777
5.02834818906354
1.88774438970039
6.49888521287052
1.8398387215211
4.48421906220953
3.7710932805739
1.8413491328062
2.26852306438587
3.04770313450855
2.2566196769941
5.13716997211045
3.27740689649056
3.02783414873089
6.45299398083784
1.83189481658205
4.9376846065314
2.30321248971682
5.89254607093076
2.2139453511877
2.34060754350937
7.31317269256654
4.93274734336167
3.0762507127358
4.73142685272703
5.67276218946513
5.93205830305295
6.52249658048455
1.80327268860078
3.2773695105255
2.89196891458267
5.54269109040101
4.95862241139825
7.75359822396396
5.02956999572198
2.57456742903904
6.84350539483495
7.55479700650132
4.9978439479695
9.87096367492002
1.17636398195489
4.77283497855609
3.36348380343016
4.52388877036323
6.03657851584853
5.24189047083905
3.76163171463017
4.21384440839651
4.96737351172629
3.25506325227079
2.18402846124767
2.10010917067919
4.47199713610959
5.64310641254111
7.71553470637974
2.94108381062763
6.32837313319287
3.53491629123731
1.76784388709965
1.14712275727558
5.93436512658433
2.28060064918252
2.62840347773164
2.4059215897383
3.41269487632615
2.36102408270063
1.60053088944587
4.31999114965505
3.10233783514975
4.43628103738421
3.43101038083361
2.15648374273244
5.07927355566134
4.55588891531339
3.83847019714155
2.56987190272259
3.8390198012701
4.19361898800593
2.23737249312248
6.30377729638451
3.96304816879253
4.67577620939282
3.86906443384966
4.06368015572823
4.03105886371583
4.91024631020603
3.3574683252005
2.28480594124395
6.53679406560297
3.52628252530448
1.06193163265849
0.591166934428433
1.13057163592018
3.8125843267326
5.56976660499999
3.73931913123215
3.30647304800229
2.97033527381573
8.18042505785591
7.88321750288073
4.70468956891342
4.55490436194734
4.9849604286356
6.94020179304363
6.72734282888984
6.3140092340519
2.94689125978229
3.83692829041536
1.54460929741329
3.61812860317083
2.65174707681819
2.96659179073477
4.40944665713895
3.38841811422975
4.48984082251296
2.9023696859322
3.15337622126098
2.19092238717622
4.8257269718861
2.72284266556369
3.56864454675981
3.79808334391968
3.53861625319387
2.70071467695932
2.77599917323337
3.6544775559145
1.80042507519737
5.2151031540855
4.17613030841206
3.41910277845608
2.93657933253089
4.74909388783726
4.98666363753762
4.15790604838948
6.12641468501522
3.116054462665
2.38160521851024
2.74860826975338
3.76444606696352
2.57133549002872
2.89659286236631
5.28771974567014
5.30424992322438
2.43836870051418
4.43840507806229
3.65986694934272
4.71134232628682
5.97180830856985
3.04784241310393
2.8515875240287
3.30712690578129
1.65585157679172
2.52387877336432
6.74436572632424
6.47023784654581
3.57203342324576
6.30602079023497
2.53763807787103
5.71150077860835
4.61918736674793
2.96499840711374
3.79416895469217
5.52086759529801
3.20564805119953
3.92008439921603
2.78920848296614
1.96455421266709
1.89824160696912
3.12255591653325
7.04074886401584
4.79418995037751
3.50536421059734
4.1842588064199
2.44734492774132
1.99636029628317
2.69394338338692
3.32209539389198
3.60865820921612
2.42414742511529
4.52723300872677
3.83033715681431
2.31348012342565
2.66586864021904
3.92614329517263
3.63488793108883
3.6609451875271
2.80339778832564
2.00260790308705
6.46307951082428
2.61469997998459
2.33740455933481
2.64522128341533
2.67817892865884
2.88881727135186
9.55324689450842
4.91586733547522
3.53269357829179
3.2220014875756
3.36761998896647
2.57053114848096
3.4857246568574
3.85649970622843
4.7291446853495
5.13195566966714
3.14988426717249
4.61355093529978
4.17072455127113
3.56266503161469
1.9151320361889
2.14968166751415
3.88215121466411
4.03977243351861
3.22555130302587
2.15327173619924
4.09917915554596
3.60954008007048
2.63635074273668
2.55495894770218
3.54981973533085
6.65246621144106
7.53137442470977
2.3488830464123
2.27964356885877
4.91849206024806
2.95243513074377
2.19014132355687
3.29084487830089
0.933576051186799
3.34411071209063
3.03631548482286
1.67079605480025
3.76970605136267
6.17746204409299
5.85342098543089
7.48139105803161
7.20117915750169
3.03047993029252
1.33605497372131
3.345325396044
3.86541839459972
2.93806291244
2.61082668492873
4.72849194675373
2.63933717607821
4.16516238398616
2.23561820912758
3.21264257698977
2.08650101711122
0.805386445153837
2.64214214529563
2.10062507916285
3.88813460206768
2.62715038954435
2.42004147768254
5.06024810963438
3.34491213411749
2.68438056868985
3.56954469466022
4.26167256282538
5.8021104026973
2.83128460049986
3.54889208269127
3.05544458087245
4.50749050634984
4.12730854435963
2.89862063328154
3.56447673489132
4.90372489949225
9.10978666142861
5.03020289490629
4.4356898711969
4.91589563362706
0.767564023217287
2.67437279017293
2.54018085307707
1.45617648909665
5.07885137341369
2.88664393632732
9.14596488820999
4.10201852013279
3.55219116375588
4.74902669909889
3.27944410854297
2.71654053328377
2.78472281385839
3.30619276766893
4.99665833436907
3.96551443728492
1.57232033124336
2.48477173867272
0.0214476213133406
3.28599314100967
2.72065972183982
7.34859871130266
5.29466794238557
4.98285205288363
1.89154080254363
4.13560075673238
5.70589077595563
3.22627604475029
2.47193114771194
3.82692007367299
5.10316597489013
3.50975627204265
4.06896582164455
2.59167417599081
5.02472022508807
3.60863532861662
4.21288316204683
4.80365597216821
2.21218414969241
4.35016211247575
3.26642610273666
1.70454030501657
1.7168650350023
2.62996382435401
1.71804022928446
4.97199614599279
4.31395536381206
1.3091761775715
3.55377278836798
2.89163719895298
6.57888618276481
4.29502631878693
2.22934953468464
3.42375020240614
4.73231306680093
5.36521777115414
4.94030916261273
1.55232156885281
5.30435134108593
2.3495065670657
2.9855439973643
3.01141344007588
2.90675484748977
3.27483298143914
5.30265346546606
1.96859769934979
2.25696293531587
2.9567281521416
3.42525240122837
1.76999291262911
1.03709794930044
3.22192261521226
4.61234007666247
6.04848341463708
5.916952772498
4.64107320424026
1.92093894664571
5.68902989578841
5.06859784984873
4.71919667503717
3.47685935289665
2.64721959253003
1.60843386407194
5.0310407955883
7.30595315385091
3.14704020401697
2.83191650996118
6.14175840411758
4.16431238124093
6.32726784824249
1.71967262126552
4.94178477158881
2.74112043987485
3.91684863559471
2.4615029323657
6.09078791714879
4.69136115668054
8.29809856359323
3.33317295202451
10.413442129547
4.03189251896693
5.25751744064632
4.83234523639424
2.71906095258933
5.30871091983783
5.39209172049398
4.43960735540535
5.39833643089881
0.0214476213133406
0.0214476213133406
4.77511845285807
5.74119019213845
4.18005965579776
3.02199015560461
4.14434894909148
2.56914142248931
3.29047793154452
4.3461445385678
6.94838543599038
0.669693264265947
4.62284569965114
3.9715007752682
4.93117398023522
4.09082328981685
5.72735048610691
0.645313056540111
0.925903624897313
4.20943435264331
1.82713517044899
2.55903542812943
2.49768591390945
3.51821376758076
2.36448846170268
1.35295487322791
3.96741503677252
2.88625486455368
3.83373634690216
2.7871951420718
1.25844198523212
1.73181851254026
4.90350514843862
2.05219461209758
6.38699116720815
2.28033034155091
9.66807811204674
2.32210259236658
5.27932150761973
8.23554970121383
2.69517861099623
8.12278135674866
8.96246778314005
4.00820992623827
3.28273231445042
2.95280957660096
5.29708923755517
3.81384466065427
3.16139256069289
4.45636665216829
4.11435800390837
6.24239874121824
3.21114630069652
4.64473904744898
3.96001760658976
3.03539043357758
6.29419418547938
6.61198539802716
4.043632893082
3.48519658281791
6.07071921359285
5.27822919145047
3.72769425805592
2.30509833848587
2.31391296559812
3.35311701159361
3.01821788429335
1.02401534544935
1.38784864154687
6.26900039871475
2.48808405183105
2.54956925998667
2.22186270725716
3.81803778043045
4.23166509085119
3.40810144738828
1.25855300717059
3.03564134740651
8.11253920086853
7.37547749664806
2.5049722722825
1.72567848309786
3.64005496673803
4.04344515934568
5.17210730359044
4.39287071446081
3.11018851974834
4.39379354220022
4.88163029253629
3.86490413961204
2.12977646120376
4.49540756443253
6.7317654031355
3.85833161047653
4.14356579166329
6.47772574270028
2.392103377068
2.2702959306067
1.87586916553551
3.45693721116291
2.43123991992424
2.49918147603553
0.843541606210308
5.09730392217793
4.29469341519436
2.49089813278502
4.24889459299076
5.46648464261055
2.08479079611734
5.52946139362109
4.65457675844551
3.24638148228458
2.68680586817695
5.00512886928562
6.30342105234976
4.70147059213506
5.75949767838227
1.37758236521505
1.82319802824782
5.70033941605399
3.60104888661807
3.13758319015027
2.80772998685327
4.49770542180345
3.77297832763523
7.52550215993404
1.92286976090524
6.30137145904479
5.96821945391066
2.61943759105245
2.47936941925136
1.82742879544291
5.22995998982909
4.46399390086239
1.84034149046333
2.94199679743033
1.30978437192463
2.34499972290798
4.64398245418946
4.10339029261207
5.64894832616202
4.85286572293743
5.65792085258181
1.90778439085645
7.09688635349833
4.2089737128526
2.52571272185741
5.13695527241726
3.22626234824654
1.39544409102148
6.34489446444104
10.12010550192
4.76440706206749
3.75273340470188
3.48889447219734
2.63091498708154
4.99140549387768
3.9293498327313
2.9477831405446
5.57048331636721
4.70817727324594
2.34843184172073
4.88298338100489
2.01222186496959
0.154268138254507
0.0214476213133406
0.266120146653726
0.0214476213133406
6.18785748322769
6.41920428946826
2.06375164177166
2.78058410128274
5.41533775647966
8.12300035074205
1.93689039621164
2.41587699965176
4.85608427881796
1.45555423308653
9.12227199839429
3.65832659967474
2.03134565136578
3.39275040903437
2.41733562915956
2.27120588003343
4.1131418453767
2.44481991581665
2.15599317273974
3.59414066817478
6.27535481059467
3.58280691923507
1.66990370545404
3.07564632913054
2.05331237538587
4.54995914617719
4.23673535524861
4.48654216658921
4.49262285899061
2.51549130279313
6.68440321671633
3.40524507184206
4.85701174981479
3.47515334056734
3.18924974147877
3.65095956170581
2.51510317094943
2.88865226245268
4.15813996761221
5.36265433245753
5.63355750187566
4.73612250030077
3.0186780828108
14.0993577075232
4.01543300520256
5.9794464925255
2.75165852964937
2.3471483034435
4.25629917038637
7.34604052598522
8.55169207640559
3.13440612316597
4.0816349381024
3.51148226631543
4.31954809791275
4.16224366087584
4.25442707724417
4.86415575266941
6.10774993702298
4.15208612634219
2.37007059824326
4.64875440241331
1.92118628805771
2.85248737535396
5.857111776756
1.84694340052417
5.90187991187404
4.179189972024
3.90522155124751
4.95406226191353
5.05313672283023
3.25194708147476
1.89166058438256
8.6931903537562
3.08902924882178
5.47990488400163
4.32699012184144
5.55338705066991
4.0941709749087
3.06684836681268
5.08885199156588
1.76058135126273
5.57045441748925
2.83682403464518
1.52962663733691
1.89555462728022
9.36417685336031
5.64623289362327
3.2054319198834
4.1918481744201
4.74170353702588
3.62919837667084
5.12872723014172
4.02933571945674
4.53816596414504
3.44809973563409
4.19936943714702
4.70642254165642
5.15115134000579
1.54098711986189
5.52014157693355
2.35811689563625
5.05027217161479
1.1608496512395
3.20422914091349
4.02322398106483
2.38044862864702
0.716417883665801
4.4966907120098
8.18864790756236
2.52595414437617
4.92356140207553
4.3836572991064
3.2152303447858
2.71000797792081
2.00123953473794
8.06148423956317
6.71945754376043
8.69756993988164
4.0584214739954
4.2279506553455
2.06512520984113
5.21862731770671
4.62141431017138
1.65993250501405
3.65518758242387
5.06107890943374
2.55823143334779
3.80508312377456
4.82336632202159
3.29369024849901
3.49862980746755
4.2096234217857
4.94412319343003
4.2889539081758
8.06064266953146
6.59274542785298
8.66024359278266
4.12624506930011
2.24472382567802
5.07657954816449
6.12127167497732
3.24070950038626
5.48744384451825
1.39459722644485
2.23100257013522
2.77763190139592
4.15258744160008
3.44120330884533
4.153039558659
7.3070896146068
3.38222895642735
5.56213582768973
5.13024507155007
5.30876438796766
3.31799520999116
5.89078190019667
1.67949423671211
2.4967126175445
3.39117074923414
4.20166694452978
5.15459558893376
4.23026015413625
2.36442713864767
2.63125008589076
2.1658987780444
4.2713738938063
5.05003658986059
2.92487044490291
2.13130775692171
2.04823463486677
2.69046837423207
2.71520511596782
5.48882157316453
3.51913446472021
4.97905397712316
3.83126795950085
2.61795294183477
6.24245859220232
2.96912011745012
3.03741031862728
2.93111473938707
2.05736257965506
4.40967199607349
3.69174236646993
8.13220566635908
3.24630576345741
5.25945291390763
4.21304454907857
5.15353253966467
0.0214476213133406
3.45442309770442
3.21966720865825
5.15647038214919
3.12635952320397
2.54484620840831
8.26516249530605
3.48891821648368
7.83577006248034
3.10030662817511
3.68713928399853
5.04121789187942
5.95697350597149
4.38281564507583
4.74483368669717
2.68377152674797
2.4903190851479
2.22284715381032
3.19940795322763
1.8122333062907
4.8832465883303
4.0281950554524
4.46261366758382
6.58345425372981
4.7702053071402
5.07845987424154
2.97821735932211
2.82945408564168
4.41254208425014
2.23932724068344
3.57783526800064
3.04701438055213
5.33279425967803
4.59821294958625
2.20641980231665
4.76174941331702
2.04884700364005
4.23444079538068
5.20011258765066
5.01326426763207
2.3884312301136
1.60440423653997
5.94623478380499
4.97159445555676
4.16888816952121
3.45008410809623
1.97140861846417
3.11367417108807
4.24940594693902
4.27918041520758
5.00416320868629
1.81141582539424
2.02695405512255
5.76932730332409
2.72279274860502
4.64357999570222
5.68744896467266
0.810004873724987
4.50367972778858
2.89924325019164
5.5294417377737
2.7906820087828
5.30200287105152
3.15913850696581
1.79935218599384
4.26771223441628
0.0214476213133406
3.41032071433258
4.04042914125975
3.70429582884871
3.44829155327377
2.85494533065869
3.40092026672105
4.77405811399124
3.40206672056023
2.34506184181887
5.33320374612801
2.31667780899141
3.08984156724628
1.81937170265097
11.5625509167182
5.37337423684667
2.26164957879537
2.0258751271513
6.14630229569871
4.71615109571268
3.53879262244732
3.86390829249877
1.90780233695911
0.86069367043309
4.69603010137771
5.18618793589147
3.51940899225182
5.83975255590211
1.85140019743816
3.09671936899041
3.45064097136715
4.23269468218339
8.76006653752408
9.40087202811621
4.1031950382799
6.1571053688286
8.61321211125488
8.05132308603663
3.17712601734413
6.11437591993606
6.11653808265885
3.03295449727836
5.4653673217443
4.3212597710735
3.20863484355393
4.10277040022397
2.9476659936052
5.42495150192742
5.2612495741164
4.8637763425468
3.20123820030973
5.62777161741645
3.88773696368909
8.08609009117281
5.65486703042716
6.81579158337683
4.58396370481336
4.36826383560922
2.95527733250923
3.26427780238132
3.01808115786838
3.06074012100469
3.3228249167263
3.79573530855305
4.63809797327601
5.27072215165881
3.63651046076052
2.99627148584612
2.63337637395477
7.57035929341294
1.79873957405769
2.51195450148997
3.8224384710985
1.6604802063958
6.02429149548339
5.58840413776629
3.4703674315414
5.82605029497937
5.08077732838274
1.98809450884358
2.21163817985375
5.14553663873644
2.62841657032353
2.75398713974256
5.01664342662236
8.90468223452966
2.25814332662109
2.43516622879128
5.38237124689411
4.0301658046197
2.1881073221258
7.45835181230804
1.34190412530821
5.08454934161543
7.38412097403254
4.90930382800693
2.73701979793565
3.20293830482973
3.05750064812602
2.8607837622715
2.70129941574308
4.27064638503191
3.52116520397949
3.4198783575347
2.25305289313932
2.30319860722555
7.06606882897136
3.53077377154945
3.39140760956858
5.55030968980427
2.81509534677305
3.15159003738749
2.60825629933102
5.00322889958592
9.00000064472346
2.65852377545871
3.67449220824626
4.82119765780087
1.9544446533038
4.22474165215514
2.66626435091708
3.05860240670841
3.87408191843781
3.11072495565102
2.67012543146702
2.55753328020527
5.87889127296146
5.36916291559978
3.82725301252834
3.50380942366094
3.86484140492284
5.48373534555089
9.41417772170479
7.65868042408945
10.6213715906872
8.96305794819037
4.10377126237438
4.81431114351651
2.96317180832113
0.0214476213133406
4.53917833657736
5.5270925873306
5.3597013488941
2.17336614238152
5.71392214365577
4.82595595384997
4.30233926121807
2.74219115867015
2.4582060248094
6.87528616986649
2.12642170593877
5.14059662962398
2.72374768974588
1.52352217332465
5.34520206741733
6.3207981748701
2.7982385120374
8.87853905278339
5.23241477919026
2.5515319901903
2.27033558673558
2.79196864829029
1.17988689063795
5.26854963619667
4.02466101012107
3.47839921686766
5.3729395556232
5.6090508315156
3.4962612278985
3.18526429097527
5.0452998440851
2.14088408955447
5.04300849209154
4.48583993401491
4.90914850206245
1.42436226611061
4.45545393637203
2.14921524207346
4.49014370842077
3.82382981705324
7.59052739834647
3.62322256519825
2.52596848500816
2.42581792224849
9.16334846166716
6.36804415767451
5.0315736212078
4.352606181316
3.65264902272151
1.66168055757902
3.12931519074896
4.635144019655
6.39812431757006
4.79509378872718
2.2605470313545
3.8588718158468
1.78838366997287
6.2497551855671
4.55985334053793
3.57931255093102
4.0251800755913
3.60634020249588
3.80763452434224
5.45925497570927
5.81539265836153
1.91573365463335
6.31895353793743
2.12088982000793
4.49264198543606
1.74896668520932
3.77277192809511
5.16890910598542
2.17512002556052
1.5511456612197
2.13342221264641
6.54614157418824
6.30317312492138
2.49330252231631
6.20679157268956
2.63023287055547
2.55997799213069
3.96841287683522
3.25684481902812
4.68249458483838
3.81083098451725
1.89184701722701
4.7213571194086
3.44338388548799
3.95752009943496
3.31961807414811
4.50944444400462
6.3348617948707
3.75234223602344
2.88375021783188
7.91862578435178
5.63995566589355
5.97104597540279
5.60674977132508
4.44604415797013
2.2361517700365
3.07870048783543
1.97546842149881
3.12167673330557
5.63681343707052
4.11085036911048
1.68407390432961
4.25972514223871
5.47688727846369
6.96692816393034
2.39635800496898
3.53964856563563
3.28055257490167
3.10146614160809
1.42741986814044
5.62771447448768
3.361106485308
4.94464504218532
3.90228012470899
1.29914842413252
2.2106283797115
3.44478722942233
4.35649061490496
4.23439411445165
4.69139111710967
5.47502841866671
5.08047275243222
5.20219730130066
2.31110159258909
7.02466637156291
3.06064764772185
1.97141037230069
2.8343276424818
8.07221461985334
4.40156021437824
5.16127103992662
5.38355834613223
4.56431854351812
3.04696124923236
4.76434534157212
6.50185882705868
5.82230362536457
4.79414810080856
5.28011277864888
3.91548454873916
1.98901167997209
3.98728432093633
8.62189356679053
4.71329592117126
2.12899559672318
5.40513105238087
3.49375974496993
3.13786544327872
4.8223159742264
1.80315018906063
2.30084821498821
3.17932131707285
7.604830875952
3.80036876530164
1.69122901391722
1.18186076031485
2.30190275254499
6.04509814707382
5.16948460880628
3.08092619143727
2.29742697207877
6.52622960434626
2.57736537478716
3.6907910151456
2.9764527542867
2.13790728657184
4.41969673975275
3.93694980375884
5.65788552023441
3.31891554410548
3.64654146706032
3.35785094903328
2.76093748038065
2.81074005489487
4.66956397039194
5.42856763608345
2.06147797472877
5.25341523818859
6.65950774512607
3.83535070768292
3.85383523174593
6.60170930945814
7.72403464523203
2.93567129210275
2.75515895723724
3.41487678367001
5.80898968051062
7.12886611404912
1.79675194546428
6.53943814756117
7.63784461219675
2.87687187717537
5.10536065800254
2.5189925945525
2.74454062083726
3.37143124309379
4.5739045890741
5.25089672250733
4.75897452134235
3.18423447418303
1.70873504839407
2.19894368271159
2.75278132862974
2.70554918749039
4.89889654833897
5.26111342613215
1.67356744947061
4.38596848321812
4.47093550970125
4.45697569870048
3.55964199781709
3.85190881314526
3.41798643182085
2.51694767468013
6.35536208628911
4.74652521390486
3.38081636706457
3.18443565342141
3.13570733632493
2.7190161253711
5.22938910125605
5.2203189789297
3.39523808469929
5.83813012509331
4.76007098458467
5.24684640990074
3.43941233699196
3.44870713322468
6.73318327426744
4.79519180689381
3.47145794579576
2.73893842926203
4.68850712832994
5.98297044426232
5.63718554217842
3.561438774918
3.08473546960294
4.21531220125136
2.41783489418362
7.6330501951189
6.88456315707181
5.07518563961786
1.71771283061562
6.15806608283278
3.94466692572864
4.99164924396405
2.47439107947715
2.68773518345904
6.10340586783369
5.89100793456051
8.50910431716964
3.96670311974274
8.09848590328713
4.95156900015458
3.53616801032088
3.93839115559172
4.24161444937566
3.98242905158115
3.30018932143443
4.41898378004558
2.12051942759411
5.13507049492819
3.8714627455806
3.95557755121108
1.65763276522518
4.30038921537701
2.78963407033097
2.21789889605286
9.18701292913305
5.91707935010341
2.1247096705983
7.48784921010117
4.50643854581934
10.004230046452
4.21011902041717
2.52431638143452
3.11275136680617
2.4263212962224
3.69861563532641
2.98416842358044
3.77473164616037
3.59105857904021
4.50936476951732
5.56646345027867
3.80082679481737
3.74650494517603
1.89230165519697
4.98130797356201
1.72368220585795
4.07283688483566
4.63262018206846
4.68784376052733
5.97930026024595
2.23285983858884
4.73039316029069
1.11411248923605
6.12509360344764
5.68937989160772
5.85495374319427
2.47826993432915
7.27189782586771
3.67546440462986
3.58735325324744
4.75791691490833
4.74186869935516
2.25191335647378
4.00326928553254
6.379422540701
3.08381258188196
1.57965282812447
3.08692953204641
1.87380017240431
4.34312598322391
6.25491834440214
5.7740764493576
2.66381936205717
4.4697096906676
6.05312536755961
2.68067922111396
3.58712071923633
3.50247428675951
2.27820929679591
2.37090482250818
3.39238509261575
6.0534454669466
4.28351465001904
4.18572197613554
3.84194004030831
3.11444680304224
3.11990953753375
6.31946831544738
1.99145358039959
2.29792878346559
4.69881121616723
1.17505376399753
4.19475057935366
4.96822928814045
4.37094257657117
6.06636229951284
4.43914300266722
4.91582986914508
2.04969557823755
4.08984699642136
4.36927123153319
2.99416415870912
2.37924113899163
3.92897763137333
5.08416552026247
6.13859506817209
3.96665397254844
5.70478979415789
4.61891059079525
1.8857190110261
4.73484594615132
0.602423278309643
5.36129199277073
4.94497349015561
2.57596468862149
3.07710378502309
5.25285341112426
5.95949125237721
2.32215027589873
2.75769910234085
4.63341164647984
5.75392318566209
9.44358178744475
11.2104599142414
8.36231546336335
3.83390408550099
3.48347768945943
3.31245443279996
4.17987064414612
5.47210633750389
7.7456277029699
1.83156991159116
4.89619947720463
1.90335429262329
3.10200463415989
6.89636875842132
4.61400298629757
2.02914760315581
3.72996532916122
8.35460604206813
3.94638325962727
5.33968975700429
4.49372417297262
5.33761168925618
2.65530759145732
3.88830641345325
6.08265710199833
4.42500183529503
5.21236046820691
5.23902621509896
6.99517641868773
4.42376096662427
6.56921140844827
5.9432312189154
2.84457995116669
3.60637819917244
1.32656007013319
1.22723070506762
2.71748998199118
2.12601623935744
7.5460080165493
1.89204992824666
6.8137962909863
6.10980865049218
2.76522767176761
4.88671100326229
7.59591060163097
2.70848268452694
1.56052624737969
3.21123092598291
2.01421551164452
2.99433486192131
3.84090822372113
5.86341284063041
7.8814741893416
2.35224196390664
4.50529560390326
5.23773072118666
4.3774599818981
4.17415042732788
5.39878265118903
5.2994832665607
3.72359941120914
6.6489533862027
9.3438854172111
5.89242584320312
2.41392689546531
4.24077512402483
5.77113755223152
4.08864902304771
1.46851359310157
5.9388833279843
3.03483755466575
4.01689217762243
7.77421308817413
4.05898999836993
6.66561410769785
4.31094030768756
3.76605193481736
2.24234736693174
1.69375252316721
2.69332577723274
3.28807251880083
4.74838199018133
3.86777583392445
3.60367380613024
4.00409717755226
4.51729110303891
2.85938281092145
5.97879253437693
1.82325462789974
7.60388530263212
6.56314266254744
5.12507116762487
5.47094269370597
5.89254957559494
5.1912528721798
2.08682431153395
2.31286646928015
7.36043753774922
3.49923250105537
4.12872315120562
2.76849783251072
6.78762023934088
2.98223388979256
5.18912321036753
5.15847122839031
7.37903172197579
2.41009615411482
4.39630976266814
6.24768865441771
5.23764261079572
4.27097492214161
3.08447274417286
2.9828339281557
2.86785642918666
5.99727528618367
2.61757516931679
4.41704265499312
6.8815494799418
5.05769513184117
3.43279653487177
4.85810507948908
4.50226333649772
2.6152336893968
1.80467976622146
4.19348128243506
4.53829027409019
2.30338811742487
3.76901746632677
3.45048130581962
3.86933101235683
3.91227357835282
2.9480129102842
2.69773304135262
8.42491924662718
4.00430042057724
3.04213707892911
4.18425122300311
2.6059591378825
3.25527050591778
5.18317896020366
5.49452813364601
4.43713357183374
2.32117669978689
4.60444432827288
2.87405570358575
4.1305314344979
2.49975827786141
3.31090561512702
3.39477259098666
6.00793864562275
2.36273585650122
5.76144734795468
7.58183087744366
5.96197572826478
3.93827272865502
1.37948145142334
2.65065110130276
2.37056360227529
3.09953918173277
5.58223675121701
2.7089264843033
3.17051252014582
3.39523565550274
2.48625724647672
2.49194255143774
2.10318669048657
5.00947772745671
1.66561426329968
3.22437368537259
2.53645863080692
4.74725689770366
1.82891091236515
3.03733578419084
8.16731725320598
5.59296310149388
5.68215939454144
4.74822555196049
3.36030446576346
2.67536409438722
7.67354835766795
2.10868231844341
1.77545860083878
3.67630503331721
3.56123229592102
1.85661670576512
1.74489333875594
2.69766888309764
3.96894846600452
5.86656533196548
1.41186955346184
2.69569618364455
2.79706630228119
2.18382039927914
4.65980830291439
2.72438993709765
3.59528479355845
3.01023762193506
3.14455754292008
3.89583104856044
3.83011472875869
7.58474306691201
2.36953556305359
2.06321134419553
2.3727353480376
3.3435141928513
6.19277999439664
2.64062837811653
4.06110118085309
3.23130156281323
3.09675752856816
6.02836371999397
6.45987284703908
5.12907860662281
2.65971432863903
3.12825714035174
3.43379669509258
2.04539218920935
1.23174066810901
2.61638343480613
5.22488107604278
3.30480251586969
3.79240568384819
2.49363573602094
4.33189854632941
2.66650395674196
6.74321366972347
2.24955534305993
4.65781602372206
1.1901330736614
4.06236660921147
3.91095285674113
5.98898381773471
2.70774484392765
5.03025440274911
2.21932946732081
4.57305080691479
2.4381270400455
4.26238814785622
2.6209666413469
2.34630180013386
3.01872116591849
3.57158954183193
4.78681271942938
3.48601910394966
3.25596553997648
3.53799130977937
1.92513352083276
2.7271170252633
2.07709032164722
4.66725018269522
2.12611624210638
2.92844591511456
3.49518742454956
5.4931763308857
3.12902471235039
8.12444376488369
4.51748000634539
3.94906478234037
1.72326613574845
4.40748860932465
2.75565893960066
1.88890112272169
5.7584606619284
6.32008895970075
1.39257454338864
5.36463422739016
0.703563180825681
3.87145795415662
3.22474236763013
4.60259926078619
2.1466586261721
6.43826575105227
3.66815908254322
2.82967291625525
6.98712891720528
2.14373646250418
3.79120968677535
2.75746232504267
2.14650119651512
2.21524230034935
3.54891031680301
4.94252330161315
6.06965081906478
3.6291430745892
1.57785174592078
5.34765018794179
5.85785209410598
2.74657882094194
5.07664320788451
6.13893041247591
4.17704612961319
3.11732531522443
2.82074565184133
3.66751605670231
3.98927607996956
4.56320065688507
3.30480746597381
4.76285691575043
5.96682040100328
3.57474296249223
1.37599741220008
2.66374798876991
2.20329834703343
1.75392262695162
2.80688613921112
5.28598189047896
4.07132717317646
2.74525048784007
3.36859054030906
2.94115357767065
1.53072539965472
2.96724737013529
3.02780042105801
2.87680091248957
2.36208673928587
2.95035395603068
2.8445191544327
4.09469400400273
2.53286794942258
0.555024419812337
3.66743631181437
8.08216699235116
5.79242434120604
5.67838643080262
5.61179330300497
2.69154916026147
4.47201586771713
4.93103489792946
2.47035110789404
2.0448858263343
2.46179427831517
3.57489722364517
5.79341290470963
3.907921686466
3.51416671169322
4.37886471353653
2.98677605162836
2.11573038689941
2.86037476795094
3.81857357723491
3.95862640373671
4.00983522464696
4.16263732922569
4.27871427769255
3.97494393646428
7.74100050299877
6.59466698700486
3.66923516816054
3.75173527846729
4.09561670168843
3.43697064932896
6.27517386881576
5.20280734743763
4.4250055903017
6.03985218261124
6.31485920412786
3.20936085642215
4.74484305816055
7.70036845124159
3.87559610413704
1.54804839003403
4.29657435657188
3.69299966263819
1.38271841348383
1.9539539368319
4.24051813898232
4.43193822227861
1.2210904574062
4.21676390743407
8.08127562432834
5.02822778402026
3.23925775612311
3.33952504166263
3.5037469546443
5.38410097882613
1.98479842530392
8.10766260890756
2.70543606402158
4.47821169145219
2.11642858075267
3.99288303827725
3.71811352837678
3.35601458596833
3.05290487894089
4.82116716420679
3.96911881570774
3.4833003905708
2.27203793009872
3.53966153669267
4.06969493504072
3.57698910041387
3.04469277401822
4.74418742133732
5.78697759000528
4.39168974889894
5.19106919569332
3.70333442402169
5.28244610392416
4.41679281040804
3.0369111092688
4.7291815094555
6.99066726907418
5.16546820028879
2.75416666474154
5.15094005062159
2.83222060090242
3.92466543431253
4.32035812758425
4.72773759247806
3.55029546784479
5.97102884935659
6.46462517708757
2.50755057914999
2.79105528077751
5.0770389269541
1.77624503987791
5.22329631856959
3.61061197758527
2.11521629195055
6.63947895920004
3.01632470314803
3.36631940394096
4.84451598350862
6.46590849085292
4.5890610929278
1.77622881622801
3.80988768474264
6.51108582021117
6.10311806051646
9.85632691721429
7.67113829423709
2.66876128850577
4.25335613039247
3.7611557621491
4.31333645475085
1.96293087889303
4.99828122279347
5.38597279726703
6.02472241954819
2.8457863323463
6.27782845551902
3.08990759515084
6.11942149570331
3.8691925915318
5.8593711721102
8.13937712705436
6.13851863133021
4.36000955304421
2.78824458815232
1.86006846828996
1.89527337249099
7.37528190283888
7.39595614844671
5.16851563177819
3.89568954286994
3.02772416195942
8.31368393344483
2.70220641097586
5.76937618060795
2.798338348897
6.15816510146636
7.42042174668913
2.19876735964169
3.7009609365525
3.52584290341287
5.2951324442941
2.03330819460895
2.32887931968216
4.39172004356249
4.77060125980873
2.08234931969218
1.63823502792999
6.71407425122461
9.56703166194978
3.64761968809388
3.19275476511725
4.28744900295928
5.52999139650493
3.24382643508226
2.9787070286699
1.98484573375994
3.21337195970788
4.28508352496378
5.5429593984976
8.63032883226884
2.43810740339826
2.19840490210697
2.65188165463269
2.49403551602052
1.65439848258974
1.86409714057411
5.71562490450758
4.14269028862835
4.18709294344823
6.86643056262883
5.65328840287889
6.15561201853173
9.64467327249037
3.06364102271694
2.9117945005743
7.21824055996217
1.25800320144025
0.662303125118821
4.28448094940507
2.10300345471089
4.87016712571704
6.83181442532641
5.40696331612255
4.27183707649904
4.73968227915542
4.49038872753139
2.394780665783
5.84273586850442
5.81735695802421
2.60092062911171
3.13734531073787
5.30920863170571
6.36628744299838
2.3260441450217
4.39312822709035
2.34004750019887
2.94728563099956
3.41647143638357
1.90103746756374
1.37954470114682
5.22441896652504
5.1716043486313
3.23696586903839
4.60014152454599
8.0118665788105
3.75752495631514
8.72072757394205
4.20622662907061
5.8177407749053
5.67310109308597
9.98849831269848
9.15070463150381
4.66800666862268
2.20224497153749
3.05112662735143
1.79391298717086
3.9267867662652
5.14033002654559
3.01604747294408
4.28781618807034
2.84023987017404
2.96955172684266
2.55849626971002
4.11672203895512
6.75084002758583
5.21413888109734
2.70784709308211
4.44657377989189
2.84802286926385
3.72774839796762
3.54693255871064
4.07525471539208
4.17905923185129
2.17876383913536
2.16022664942783
2.18621864448183
2.37292160093038
3.5119636435563
3.20688802069494
3.18492183670177
6.09916295423466
1.81169938544841
4.41222233519365
1.59584595562683
3.13478200635284
4.75156734912333
4.24203770363926
3.56514649852625
5.32494679288439
4.22591451047236
1.15804365065404
4.52375627683869
2.70491930862029
2.52814113346932
0.0214476213133406
3.21362486908563
1.50874460844196
2.45673884881881
3.23617747377603
2.8301616526967
3.13001247131304
3.27202641695994
3.7131940265747
5.7065319310796
3.75305422722628
3.01192641208555
3.91188096411091
3.100600964575
4.31626026350827
5.33822109295568
2.7828749016869
2.59952882186474
4.48274950763032
3.13090227967153
4.12220815144402
5.22200689406938
2.83744207868138
4.28662520611329
3.97335709930826
4.00822749018205
4.36991816951997
5.71046010904941
0.935042521834087
4.63206929828356
4.91208176462097
4.24976627550607
5.02371422860316
3.44677657195279
2.10943056513368
4.68055648675018
2.21531798328209
2.11140407737895
1.67956674704531
3.39845688125377
5.60791261517008
4.25564178447763
4.57737277342943
7.84941154466061
2.80046541511538
3.26987658439757
3.67551295074806
3.34816025291009
3.94898861567525
3.35094667540219
1.83981019515898
6.28330734585421
3.94386652879766
2.74916558998981
4.72375945380908
5.92959221219465
2.35004920633845
1.84324952400202
3.57116695726344
3.10159958026597
4.14810821762649
3.03751957126632
3.16695244745834
3.59023747839874
7.16430249736047
5.38949778271883
3.06888987854497
3.10258560889999
1.37293261957603
2.21771432987699
7.14423615988707
4.04876878578363
4.80125728231872
5.25318947547533
5.28551697705608
3.91761207076407
5.06804510794129
5.09660920756189
3.11758428162937
2.67301173328695
4.04068432169106
2.57119794387426
7.30477472048772
3.66098412992562
2.32998566820188
2.87976160869911
2.37507550759882
2.46426621421047
2.63507200086583
6.57961175442621
2.13811497133731
2.12754342192896
3.23492479712402
3.43284196178257
5.79854062119135
3.31484643249979
2.42598215699375
4.90212194190665
0.964586397180771
3.82030120389737
5.11516583682087
5.58454049719481
5.27455730569535
5.02915079441559
3.35948222944466
4.56495101314203
3.7700837002464
4.4300721204799
3.63841180683444
5.15294880960134
3.60160818733124
4.4168454715964
5.08917713452968
0.897430879083364
6.76080808426295
3.73066106438957
3.62147433942456
3.74416112316196
2.80921887204302
4.3408519728041
2.61603382684699
4.50521759860523
6.85425562492456
6.88921437971057
4.4827817096357
2.73257728071962
4.35551418388646
3.18477780117957
2.01286759654049
3.44761827705257
2.94294953040239
4.4438546709828
2.49744815433237
3.3511528032416
3.8233925705803
4.75453256188217
3.16444309822408
3.90717624889148
5.23876325101433
4.42554107890526
4.91668794986372
2.52021829381781
2.55049022514393
2.96455508797353
2.76244146264145
2.88232650432414
3.19260780675626
5.01486913898473
3.83465016906229
6.13742313926492
1.03118019019832
0.835190964701051
3.24062933827486
0.643572430314921
2.24869958106853
2.52474856316204
4.45583885134924
4.4687908618185
4.7469820222837
4.70624517462947
1.87301312076182
4.28276229154451
4.41608679745564
1.83334495071236
1.56709917016714
1.9994860963547
2.17258245828524
1.62911767297565
1.44603448759426
4.65650351055935
2.49897588124477
3.35833064256856
1.86324662080545
0.967495297775248
3.84504595231405
3.89272071330096
2.60144376197477
2.0796876882078
2.33644775071827
1.91612456663484
3.21846203247434
2.07780842155882
5.30433731692632
0.619159512296291
5.87581990385043
4.4513955538641
3.13312151836121
3.27136747268413
4.10795898218524
3.98210019109304
3.38516324940269
3.8457302759288
5.75996226269982
2.91642582311948
3.89392138904608
0.893359799541538
0.483426908126534
1.12080805455132
2.32161383555969
5.59386499549322
6.45136297729505
3.70914477482887
4.23681600682177
3.82312002991672
3.91428858263125
2.66984046622671
4.61672256870689
4.65670254165922
3.09545048969504
3.75911231516038
6.1830246828813
4.28348646370462
2.13498199895145
4.65560962166069
2.51611576207939
2.47466702742562
4.81041937389992
2.2657957226393
4.94000806005466
5.01491743767146
1.60050403214055
6.59395972802552
3.43798858381817
1.73763531470417
1.94492434846271
6.9737935484468
5.37546652330033
3.62390023594672
4.45366314806982
5.86733487715972
5.06693468238015
3.63460310208565
2.88120616453768
4.90981471597934
4.41155465280605
2.72844794337078
4.28464062098027
0.0214476213133406
3.37541422019594
5.40148893461868
2.66199006149181
3.01456068256842
2.31466634329482
1.50785572069859
4.91127552237649
2.53196830694829
5.15171576649237
3.51091848686515
5.20825397154912
1.85868961037119
4.40312533670492
3.27823218006996
4.35178592131112
4.38494776325997
2.40878660864065
2.7654937893954
0.915104000917411
5.63196231397281
2.00076032297556
7.40077972484374
2.97712595104878
1.55547824107706
2.36174154951818
1.078017376129
3.18970099856438
4.47828590302385
4.01803305720658
5.53651499920805
2.69295835909348
2.9467222766961
2.51213713237895
4.14302898289956
5.17638231167122
1.69833094656864
4.65247936616717
0.0214476213133406
2.88154452134512
3.64866640070232
2.73022793490549
4.58758403094307
3.02694513270909
3.60100084683272
3.55572249281162
3.25730548320584
5.03393869995941
4.6972549435778
6.06699384603303
5.8146179063392
5.66212272963907
3.84838307187277
3.6139906884979
1.80578706907926
4.13709799721371
