H3_JulyAug_Temp_Med_z
4.77122277907244
4.61149161284443
8.83840702923562
6.86457855784947
5.2166283087102
4.71064849253635
2.96104065102893
3.09666752434574
3.06956494826561
5.40724776431353
6.83306494528543
2.51247928145885
8.15416151553112
4.85136372734831
3.85353537122458
5.15686066979371
5.99905324559458
1.32319586056112
3.62589647767251
3.69320315114134
3.14024323748659
2.56551626183429
5.51807431562316
0.665550614704343
4.08661362734848
3.10085442270142
5.06565395705889
2.39210813842345
6.44850408131584
5.77276550789903
3.20472332047187
2.56522275917024
2.11625529680492
6.65810078364481
4.53433219723289
3.47833169148769
3.24143635314057
6.98065544934462
5.28235433533585
6.37750939866048
8.65470426871243
3.41781898114356
7.38185030383572
0.0214476213133406
4.50694794439162
3.34551184391107
6.79953998863842
6.09082609099088
7.95967217740632
2.47700926918011
3.88034191668506
4.21569164636397
7.05580660170963
1.99091440335205
0.0214476213133406
4.5180278419105
1.6651817909165
1.87722077088154
4.96848980916483
4.65004418194667
6.36962306671974
3.26890596943261
1.28619685338096
6.67710926183846
5.20131958133833
3.16078261209657
1.78856494828971
4.09196010793293
3.16732323043545
6.25118870790412
6.6592871936361
3.70729625076795
4.87905508088858
0.91351240465029
1.87716410578152
8.17745392302442
4.71544416555573
4.64085536869114
4.78537654360234
3.05598110306102
4.16085065335325
6.5066644633057
2.9677570985044
4.07098901610162
0.0214476213133406
4.91030633679872
4.49793330582448
7.14173279267962
3.78753121330971
3.53717936731524
1.1927138296933
2.62702678224183
2.19697655452884
5.12591953774785
5.25639149720141
0.0214476213133406
1.04441781992536
3.01871743896919
2.04430029182334
2.35256034691293
6.57897371921874
3.14254697554043
3.49521866658152
6.89157670761209
1.81826076492858
6.01886737012251
3.448640635198
2.55828135464368
1.91289424064968
4.96687972685709
3.85137587307734
3.29055101184892
4.74890160528217
3.31854978247975
4.32644525191271
5.4747992958453
3.18153337814334
1.20010738653675
4.97345169936371
2.68494588539976
4.88671629784373
4.92908201167847
3.34478615411635
3.4060485463914
2.12176947983926
2.32995604168765
3.0978320683198
2.80625719284796
2.03140375583563
2.63404110362262
2.71246088229189
2.42099495573935
2.47364054750015
2.75025873391108
3.14011664996525
5.18158944182659
4.63048375489001
6.19919940894598
4.38728008821434
4.56096173089517
2.608047942858
3.33772087928624
6.59402403329448
3.99213351408058
8.03222909170103
3.22643392282568
3.34090235045688
2.97439119526549
4.06848254534408
2.04295650106697
0.146253022127886
4.54706337146093
2.02881936010614
6.198175793855
4.3503521058522
4.50665388815916
9.1724177318767
4.92655785230876
2.6832125768241
8.92191795973211
2.76995019166696
7.56852030739216
3.60477312374546
5.41107273049885
5.97390704142433
7.69540697642897
6.01509099761287
5.09458116178935
3.83373457470486
1.56728536458107
5.95446505061049
5.83025342568054
2.24556449649197
2.53501605160175
3.75294772719039
2.7736413675874
3.61576188763928
3.25211632215562
3.59993096188796
6.82444140270999
5.1585032494523
6.60982391790638
8.77740970167945
3.88775558333785
3.15953336048887
4.69051399000091
1.92495195767029
3.13740586121255
2.75385069493041
4.15178728546587
4.35516789328093
3.94173104877534
9.44226185158912
5.64940775121261
4.25897463348071
2.88816935586227
3.93117069735447
7.37417836418879
2.58456203452805
6.12127627942412
4.01887468252789
6.09256950744244
4.59023781305389
4.68024177961703
3.49995599688331
5.46767292793629
4.50145622152967
5.55836719559232
4.50541981884918
2.58582567839103
5.46558148768404
2.45833312257879
4.17889039901694
6.98886441112237
3.02387851330313
5.44927071187446
2.13627029804112
3.65725724375917
4.59712017077114
4.55098826108256
1.87885313221326
2.3365189727835
3.71025178172793
5.26649425571337
3.79373108417577
3.47932736890906
2.5666461324879
2.02764810679568
6.20717295502315
2.07380438402465
6.48209037686896
4.1985493413028
6.17560756970789
3.62975447264594
3.5973103982012
3.58493992199713
3.18630004290478
1.9737597167663
3.48170233461106
2.79437101784645
8.12170881636613
3.76891571256936
5.04584610611147
4.71682872034038
3.53588356152296
1.65357577394676
4.72820278114517
3.25440123210822
2.27636779617755
7.53103320445535
5.12342975761393
6.98754940452598
3.794971353067
3.23902170205687
7.05103739470871
0.511931310665463
4.37845520233978
2.59096541016904
8.96772236821925
7.56092629792389
4.91189232479569
10.8076923271039
4.69244292867057
1.9854053421458
2.01508770588376
5.08180549263059
6.62233189372453
1.98670628841363
2.08332320711177
3.41224208944948
1.61688170283847
2.55389809360525
3.64704135708579
10.1419558878818
4.18520039491565
2.61141446557095
2.16506960728689
3.79874513714726
6.14699656180016
4.08326744775099
3.98062915429283
3.57608838855343
8.09075151405589
2.07291996096894
3.94818838793687
3.63413057814978
3.23428672037046
5.50124124667092
8.79225004318759
3.04297421269528
4.13858176448704
4.46710360557722
5.36158423404618
1.50366195473405
5.7106415324477
2.54920718678355
4.94903380359804
3.72508968255041
4.49534277467595
2.52616371098689
1.32862352445762
3.08494777804987
3.48738766037424
3.77309541571189
3.5597579217039
5.9074161413939
5.75172401766116
3.27359163672328
3.42663252712381
4.82724871071124
2.79466849409683
4.78587507314952
6.50021456105778
2.74892362378075
0.0214476213133406
3.84035884509013
6.38180680240088
2.00831688871971
3.41221432014106
4.17916428608193
2.57216523004623
2.89499385390928
2.87454745318242
6.09694935571166
6.30924727254151
2.44949602033396
2.3841033555078
4.34428766147468
3.15437304927397
1.13994242389704
1.71105432323189
3.47734006164869
4.85878312380125
4.69262753379507
4.75370269369451
1.84116384422478
3.39807843730332
2.17868197596736
3.5480751213328
5.13964311734268
3.18510672833894
2.40216059024417
6.59111996510641
4.56333565228611
2.36442023291486
2.80828142340441
4.88144511445807
5.75212892420975
2.206333309994
4.02106932974129
3.7339464019256
4.3716629543748
5.51877345250026
6.53087923837124
9.66342382005638
3.80981101942601
7.47184886428105
4.30490200367517
3.11363634716151
3.37298945771214
1.47466496435869
2.80836632696003
5.89579448766073
3.4662622612546
5.50688500393156
3.46200662397794
2.67515130327905
6.42222447693932
2.88556018721794
4.79486108831816
5.03381793213422
4.25058129344716
4.23257721393251
5.08817102107182
2.26390409619636
3.8000231474711
3.70451817160508
4.11544788081814
5.17411139315988
3.3254986744831
0.550877683417001
0.461020145928875
0.650155850547773
0.322059739406335
0.793237701872832
0.391786194965787
4.41552056081799
5.02446693101793
2.03164645882464
8.12612319297517
2.11077692689983
4.09026298209971
7.44021059442549
2.21869230527085
2.70952534969007
6.32932479644625
4.83583705232737
2.11639349438705
3.32202524925
0.0214476213133406
2.89249641005117
8.07031096832231
4.35042867175958
4.74099839916596
7.19691424672719
5.08832251592032
2.91721416288662
2.48646953084532
4.59203497172539
4.20420292440219
1.88736500865169
4.60298341582115
4.92720915237072
9.38856985312406
5.40454177813582
4.66585882458401
2.83994328281267
4.53092865799829
3.78546269400028
6.44599484180366
3.25794462566598
2.47717121912083
3.77420393607308
6.69274736800662
3.83256944435069
5.35657652615322
3.63230633944604
4.166387583083
7.39102024902792
3.29859155645178
7.24413696116598
1.81651082412191
2.67779578699116
3.58549843318326
3.25541821484035
4.46443061430032
3.3311596625836
5.80189640396222
5.13343082253712
2.71492103842791
2.67535199005175
4.13307539847093
2.7990143635826
2.53587664351644
3.2058522769014
3.3786505054586
3.61448526440058
6.4279805197035
4.31254753421581
3.27722551887655
3.80074567955604
7.80586648705612
7.36598360088734
1.85430194281932
8.45706687079897
6.09706562627345
3.60886712863652
3.93079467964746
3.33679564404107
4.28846988220279
6.27109102703774
7.67898806307397
8.48189223843036
11.5051404349998
6.33251427065253
2.96523419794301
4.5834848299941
3.8486358222046
0.0214476213133406
0.332816225713163
6.65401447175482
3.94010209535356
0.570649235003237
0.956091128538328
1.29379049854065
2.06105462335143
3.62755603587857
7.85960221754585
6.36031404429845
8.36964873991648
5.37198681381741
2.76063797692714
8.84921692883313
4.39773267833439
2.97529577865416
4.870024303244
6.30746708489575
3.77971910679695
0.135130129824234
0.248216524046173
0.165066738140371
0.323032194788959
0.0214476213133406
4.60903731129534
3.75361307875873
4.06879576127712
3.14192467005837
2.60195755300016
1.57703374009417
3.20571041652888
3.02164919672557
4.84895965359313
5.4343023097672
6.02078740843502
2.58878449936416
4.29589018663833
5.77766463466698
3.14272102734047
2.52834836931992
4.43528431234703
8.31416823309012
3.51064943669202
3.27885575881061
3.90768173526596
5.2937553920198
3.34716395732518
6.73402712839533
6.68147707633151
9.76301944302959
2.84682144371865
5.3656633857762
2.87183298325022
2.89681635294018
3.20291098038634
5.78304534773348
5.22920269236969
8.74701715607938
7.80028614586938
2.79675446146777
4.74540216824059
3.53226399746665
3.44145395007531
3.36645540219773
4.1734080446038
2.42843662633835
6.90838806791122
4.28379021218594
3.12244794023846
4.23913776979051
1.15382780476429
1.55452836298284
4.77396119567684
1.854622061147
5.57282264042177
8.40079462271405
4.34142081301098
3.59463982358006
4.61768440519744
5.0986490394935
4.84937383212552
2.75632419577621
2.92980755208617
4.15507269469391
6.94487203663547
2.80550228667208
2.91119079152875
5.10102386093856
4.3671888159804
3.83685980644589
6.43248357003774
3.74026004274716
3.51081222200737
6.39780937384717
4.87308489621229
2.6358219636318
3.80803380685209
4.66124477217879
3.33340588707956
1.4171980191561
3.23547968508431
2.29910010683069
3.19791680854215
6.60428186830258
4.28957723101782
1.48980255274043
4.67887976589784
3.13735221597704
3.47673189941043
5.21608042214766
4.68345875982572
7.715013169846
5.30443836623669
6.28760685845426
5.43614690359279
10.1108888652374
7.56319995156895
2.50988873606476
3.70754910317221
5.50870275568921
4.34541019972485
4.27260216795078
2.4054970776407
5.8730090275422
5.59093075085388
2.94805644698667
7.59811461107796
3.03916808938675
2.0327265813169
3.65969451893087
4.13502097165511
3.45711759379173
3.8940029198824
3.62238175422459
3.11144347026421
2.42183979750156
5.29910101044522
9.57656797724244
2.6287569735966
8.72596804420366
1.86497345093771
2.50427316060536
2.42252076118073
4.22125277280579
5.25551257651169
5.54667849146312
4.38490827263521
5.18122663496453
5.50061579944484
4.18546424640969
4.12610096258319
1.67900131799349
3.02491698047815
6.42397567968918
5.09910904940125
1.49675265380113
2.62043774596402
5.74238165143252
3.13261581615087
4.41448822605994
3.40291465893688
2.41381476702051
4.44200008238831
6.76931322669238
3.47751156497749
4.00212436043973
4.03226816877096
3.31404801492206
2.49173587456359
4.31383326542795
7.2879884720182
1.23200434350541
3.81405055060912
3.65176089799721
3.90872837460723
5.44416597539663
5.75198768759552
6.20186152818735
4.36006686581771
4.06069727810615
6.43644245716879
6.49683020812389
3.52421070451518
3.99399235845064
7.22120156054665
3.86320825159483
3.04326955777304
3.25921560543086
4.59160290671108
4.72947964453743
6.67251246796778
5.90476900141377
5.58780323966654
5.21101366567445
3.3968152027106
8.4879182750169
2.09271127045118
7.18474174884703
1.95263659891489
2.93135718065897
4.35081700580789
7.99131850163384
6.23143489084177
5.70159474110159
4.74938600709372
4.03919780792736
2.51746432187345
2.34498181370976
3.85503283691913
1.87503035251119
13.7652884520003
3.30598091244572
3.32627829588453
3.38562755325158
1.18290404162236
2.44399995864942
2.32250663153036
4.77073200301266
4.75017518813779
4.6311895365103
4.04359776563165
3.27959424117824
8.49309562579912
2.26929723675892
5.24270027539081
1.37836664623614
4.89929509611131
3.19405537517744
2.10296460609902
0.935227893541253
4.76080895125099
6.18150770203949
7.5211964303604
2.90119750132712
8.20480459125478
3.8920304789914
2.49869517551892
2.4458162952839
4.00362864064144
2.40665583570117
1.53592213292282
4.35387441254724
3.47126879393305
3.87060195969487
6.48317851614199
7.4053373447678
3.73268712652429
2.29931739979564
2.25119929106979
5.94869528357026
7.6634429789639
3.49161490003831
3.80663462570613
2.26244940332132
6.28646906188008
4.60115995752115
6.10201430476145
7.23803034133932
7.0395360981658
2.88248742367489
2.73084053583402
2.33019820284757
4.57082821059308
2.6821569652132
3.09279352723188
7.88313197860545
2.40521727154284
5.89498449142878
5.14655319057221
5.72169860391701
3.65157311737116
0.660763689889679
3.06522049561264
2.77854834662012
2.18630762603432
7.37561753128796
4.02422158267358
1.33074394139743
2.89486787518056
4.96969404785322
5.33833201625977
5.0694965907263
6.45775414811757
2.64647898710238
2.63251670051949
5.36339876111542
4.44221348666421
6.10629308794929
2.35640429024749
3.13446157818585
5.07586679319
5.16072806538141
0.0214476213133406
4.4845773614143
3.61650130905206
3.26332612603777
7.1477636454832
4.27310104453489
3.56363113939534
3.24371624421606
4.38270136259176
2.11314138989445
3.26297836713362
5.38594415377548
2.37509672016229
4.03720647333448
2.32882814130222
5.06894119086151
6.26482221680885
5.72583284642772
4.20844751965302
5.41422481368434
6.21699163368609
1.36167422387392
3.0675429909
2.95580295928243
4.72696935391716
4.78903448162863
1.87104248453555
4.45623565889786
0.987904292687538
1.84229890658905
3.72102368245201
6.16414796926876
4.12222968581569
0.0214476213133406
5.47231229473377
4.755750386378
4.66283086642925
4.63162859833031
3.01289778294394
4.90384349860016
3.13955789915572
5.16528722878461
3.84208223861304
3.00761740008061
2.7034436052849
3.79816404847487
8.26995750955993
8.35256332416724
5.27285112335669
3.1263935985072
7.10682891719069
1.71119632412517
5.21892639001774
3.10580251368609
2.72674713174467
2.16275037142015
3.82310956537492
1.88649112824471
2.48531260829639
3.34746660915619
3.46131081585294
2.45596200629107
4.84077360356825
2.86319254102638
4.37635767364369
2.17103374661743
2.77500832673629
5.60846873490963
4.35360018096947
4.38623776198594
4.32038527011811
3.60275506376961
3.63628977328446
3.15931617039074
1.55479025076134
4.51927549830422
2.64810197417881
1.60998752607168
6.21958479071314
4.08825905244483
4.63391598028375
6.00262714296648
3.86725221730291
7.51431210395579
5.27233003561765
5.55208402345079
4.5389724292653
2.57919620821018
0.87079441078238
3.15994321342226
3.94642952762115
2.20529446598611
2.70434925084587
4.94710679372118
3.41898625658058
2.8427462955744
4.55957711279692
2.99538789773926
2.02812744110936
3.08816389014372
3.23820946644865
5.81478542993817
4.42030389665225
6.02437488581279
4.25368379501291
3.97792956446198
3.88045879041917
3.03449982959389
3.30451629196618
2.40424084712385
5.74576773970448
2.60157079079424
2.6597627422182
4.15993522394246
6.36681937972367
3.22330308600043
4.76081484542113
4.50030391711025
3.08744939705288
4.18454629571212
7.28321249689056
4.59656137181523
7.90355028388126
1.47005609277487
7.92280998636463
7.04519517412871
4.07688003008917
3.3639395598936
4.58704779346926
3.65407650156413
5.36781282228717
3.66990835143032
2.36177697106434
3.82522054180325
2.36568118922186
2.42276355955404
2.45262782982679
3.92111546455067
5.17828006028609
2.51654712621679
4.22756296622114
1.41525318145368
3.40942885918469
4.85339538264357
3.57582074040089
5.59968169691192
4.66303279093092
4.54115072454632
4.44250539419855
3.606481867808
4.32471771016825
3.98627381514524
4.61782169699622
4.45312235797376
6.93570405556452
1.78238991618017
2.29455621526575
1.80552483438262
6.23892616667171
4.13185437176292
1.31799605120537
1.6234115942091
7.08242289489524
3.83039454859637
2.64798950133009
5.95611876295917
6.50284841172931
3.02274354690732
7.92304883196742
3.95586511319957
6.04300086437658
4.7187301545344
9.31151812654507
2.79983691002326
5.76647335821314
9.58145560170775
5.22773008711318
4.51909430536659
2.71070594774872
5.21131219214241
5.25484571606683
2.36512846971182
1.89908601146441
2.81613160998363
1.59141557743416
2.31760452368459
3.40953400053529
1.41749155494966
3.07278035984775
1.00758733618428
1.98169961385592
2.4389142986129
3.10850303965969
4.64002450176686
2.92141470334709
2.8187040078699
3.72691701568969
3.12126358323238
3.65062945924753
3.30795420541348
3.7110637214634
3.82526826720404
2.46165992689034
3.51895516867659
5.17312226237432
1.82768425525245
3.26275961231548
4.22440098003552
5.2524121305674
3.26180557091225
3.84835596981119
4.69956739618072
8.59883173710951
2.25155341959208
2.94266036964241
3.04352706392601
2.72441435383092
4.64199736484541
8.39626393970742
2.38745305461872
3.81925015047562
5.309038000775
5.45102007406096
3.01912472596725
3.98438124521676
2.95396717035046
2.31216912362289
1.86287993120546
2.13578339124406
5.16106184728669
2.25909666355983
7.27396685346665
3.56022554978254
1.43348343924209
2.44944139925433
3.83486803540954
3.32631313663616
7.8194258657205
3.61156478020433
4.47361213035949
5.12174128858831
2.44480282555079
4.52222791064604
4.40225753130008
2.02594458566275
3.06104041726425
4.55668288278321
6.54943814211442
9.31330482365032
4.81895691453126
3.71592505872303
4.04801484895534
2.07669326133259
2.39217543665379
2.28244726369971
3.90766213791006
3.41863519712779
2.00651769577945
2.97216149617992
4.33600280414787
4.0947556727998
4.21246570829526
5.39347724344979
4.12064796607849
7.41981878294619
3.95515170689229
3.05111096843577
4.34273253198054
2.53345270554405
2.14282569719922
3.57777806185199
1.45124523582081
5.02135241532605
2.59046240152985
5.53628689837324
4.41540289860625
2.58949480373782
3.77894868717239
3.00000945162437
2.14154003034411
6.25827743446022
4.16593670388922
3.63213487421565
3.94960543107366
3.56500039745963
5.70501279897849
3.47614228249464
5.53293295258072
2.9398799175636
10.0920691986388
3.20697443165629
5.24778208508494
5.89990426725969
3.50846590705149
4.20873018267186
7.040301215018
4.46341284328125
9.83068622351872
5.69276393508264
4.0779774171021
3.92193062706402
1.48271598648621
4.32755195266819
2.68775781771209
4.68199329220955
4.51416500427643
4.41421696688158
5.22367062002337
6.08618532714218
4.67262011083137
2.87594071440162
2.04806202503273
4.60271979066212
4.97676606431813
5.86380743262388
2.15678889984812
6.68573757500367
4.41192901782254
5.42261351101769
4.2060295460633
3.60844197854997
4.99947701467307
2.73724702263531
1.95060658001574
3.55528796720559
3.15150120904305
3.22711863934089
2.86381719791247
3.21572062141902
6.64487771762851
4.82640203355421
3.36012474508795
1.36614495580145
3.20818294002003
6.2156493372671
4.00150872345643
3.36511753411875
2.82982507100275
2.80136671505855
4.79039584747138
3.23133591576918
6.06519934872251
2.29110684329839
3.34316950161546
5.31993374238444
3.75530346182438
4.07059886846294
4.23676383672664
2.97573777521005
3.97132456909048
1.11355960803767
3.73349131821826
4.88620384160843
2.85851287311935
6.06346755044031
4.03821974894876
3.27951436952289
5.62941313332856
2.78049405620959
3.91150620031705
4.8552733377098
1.42806357691234
4.4367153143046
6.85779795831002
4.47722518767664
6.07055619363266
4.82499584361469
3.00029444158237
3.97289881808233
3.41867910762927
2.0482555811408
1.58692703839453
3.46418023535407
3.18348516513871
5.94846216028513
6.84487472709504
4.11485316528182
6.48152661322194
1.40876883016859
3.34508103219142
3.19467204343372
3.11577804287721
4.53738921383025
5.82758458457662
6.70181082412351
2.58429815028086
6.0568474970823
3.7637715176206
3.95408362324173
5.31272577172754
4.42104025216291
2.04248905799152
4.27414511039388
7.40522562948379
4.72359459993868
4.18387478555123
1.61891995724678
3.18801899873429
2.1479682582187
3.93878353916462
5.0568231097899
5.28252297915501
0.0214476213133406
6.29436879013428
5.61634072893002
4.08308252392405
2.83310190866082
5.20948738821109
5.66090193528277
6.45594084327792
6.12123929119966
3.12975402189567
4.35027696018054
5.96642843168327
9.37079744673048
3.85713867556502
1.82513267679988
3.12562089802238
4.57698040881738
5.0803586471494
3.24639903754958
2.91535042987977
4.43025919065439
3.72313024327839
3.17282047091632
3.35847029981787
2.49892077778194
2.428570688331
1.98670612085574
3.72212812247802
3.17864101424853
3.97060022946758
3.3755228672669
3.84521948939349
3.15017701586384
5.43372696510953
5.60100528870019
4.95332195144443
3.53405628688498
4.05905224274276
3.64769796808099
3.27277899223508
3.564398068061
4.53379459081067
5.36820647625259
5.30562381451026
6.12263547485927
4.43448013855762
2.0849687167966
7.03719083756254
1.92684593955025
5.1026252602264
3.122206328574
6.58776415577238
3.8192580617232
4.5144584155206
3.83755293807316
3.88231194405131
3.31116209641273
0.613700656914644
5.52854375589367
4.252150326876
2.29115002820154
5.57774866162928
7.50023388577155
5.17190563772528
7.0441536927813
2.61790786654354
4.82297176151149
2.267713268577
2.63073465060945
3.51179189560868
3.99764942394162
6.64750339207801
2.54248481138751
3.00781007692747
5.38648191684455
5.8843305174839
2.75766781961892
4.85599057780212
4.6032525445411
4.43495366902394
3.44641949433896
5.55503850617015
4.11406735217945
3.32114137692512
6.40137814367847
7.49429959563836
2.36458885353505
2.68265745153619
4.00316912920005
4.01890585391404
6.19302162825494
4.94088331782063
1.80492675319076
4.23778508272899
3.79748346228585
3.72082914808863
3.18842904779196
2.33194244726592
3.23601729412968
2.21715302379509
4.00415522742201
5.36023552435229
5.48652852246551
5.25045105714247
7.97285367616177
2.94643861718395
3.78516153561647
2.55612327686841
3.67826799581908
6.80940741711012
5.9345469207696
3.51372867477666
9.49814199637592
5.62370815645161
6.07538185015276
3.3463453528075
2.13151757431496
4.81447015404737
3.06381817222975
2.21528557033783
2.44532641811123
5.08158476459523
3.93666540298331
2.59248115976799
2.12129867043511
2.94463947319059
2.33668045905417
8.15470409775868
6.2995566258656
2.66780492890469
7.47785457549235
1.90557299786028
4.08516818461597
4.38054908682482
3.99914216855936
2.64871415158617
6.09198957267731
4.22367839632982
4.12697672124297
4.19840160972937
2.41231568770834
4.60774002127949
5.74228265175433
3.28053034012029
4.29394417970698
3.27064108141617
4.50169049989647
3.7234918578964
4.09242978040532
5.55037283624884
3.23937788521412
3.26998280315242
2.15890792070288
2.27380274641786
6.43734267637202
4.6870118955748
2.57137241778454
3.23266101782075
4.11441276673827
6.33884135748001
5.66177571843321
3.53011248156347
5.05016405061148
2.65801949719195
4.30184505467631
5.23904430429926
3.84944725316588
2.1709857749907
3.76274425750711
1.96620139452915
7.83290888034046
1.55224455601876
4.54599423678734
4.80488229201187
3.16743747390802
3.62343221178556
5.82094116417496
3.19579595509639
5.53577834658631
6.0993507577734
2.67358813492373
3.36067890311897
4.65994944912227
3.60353425529454
2.30758429699056
2.48055456945661
11.1477429966522
1.07280044611127
4.89404703213707
3.62312573309425
4.74583997750285
4.08838705493269
6.22773480462291
4.661859533917
2.15090446070322
4.94752191262611
4.02717605948377
1.7939778047505
5.96047662527524
6.33005126195937
2.4277910293957
4.96167944735554
2.99082631674461
1.42804944219347
2.36807357474541
6.6816749092052
5.87020199757131
3.44902213989584
5.35325020815438
2.24142845127767
6.10306361402828
3.04184305532657
3.68488053032483
2.70115501771351
5.04157459188329
8.76914845266733
4.06272183023746
4.07078204135387
4.26994325993857
3.92277556819885
8.27366630421999
3.18141144315393
3.73839420565166
2.89144069927198
5.77508201820138
3.86515687040926
3.15381500243215
1.68047553054959
9.25642949518774
5.89119747108941
7.2246643200633
6.57260569139807
4.96672686044993
8.83696575216591
4.02022999777795
2.85551818591276
7.12210860529584
5.6657809870204
2.73211555230146
4.4043651017453
2.57840442460636
2.85585881117145
2.99305237844483
6.32840228259057
2.79873086358544
3.77642083038669
5.87894438643851
5.63482365939458
2.08602016694049
3.1501159506961
2.46452111072106
4.70488223189505
5.93548780542287
5.84504663622416
3.00571444471841
5.50859404764123
4.31486223825339
3.48458593435506
5.8676652597256
3.01799420336394
2.37363908762817
3.37428453718766
8.00485272323992
4.34279201049011
5.66546213862538
3.8625901034853
3.0713387221606
4.00155061875787
6.33800874038208
3.52830920142073
1.93124291558268
3.97593738635358
9.68844298774573
5.77458481976132
3.35710678099348
3.78256915783698
2.02811310458315
5.32705227347269
3.82392326954489
3.22209754791352
1.41172395247809
4.04763015318593
6.43066808483267
2.69544791795802
2.35691970414465
4.35942704658701
3.60275145592053
3.7109833719267
5.47552792814112
5.10538701911124
2.20316072789882
3.007813856121
2.19501248429907
4.11255768599049
2.77766652613322
4.61539992653193
1.01453876493326
4.01424318277732
8.81794176477159
5.77261703981941
5.89626259718173
3.91098112001398
3.14708872912597
13.5337041245309
9.19906067493467
2.6438971393322
5.60133837831946
4.61866340961674
5.57209343215188
1.46785792689159
1.50831091283191
2.7766028175694
5.44783607483371
7.45429656963145
3.71614432976083
4.04872257786639
6.74050386081158
10.0127697952497
3.16603813211321
5.29206304048763
2.45822815504639
6.38927911989845
4.06094857040178
4.40687485202919
6.66859938516547
3.48159097423598
4.01996912164797
6.01302637118508
2.98748214864043
4.9103116822264
3.65085037941892
3.45388318207377
3.65903007824762
4.21522876970332
1.85149513309491
3.85942748583874
4.52387086932844
6.28677750743035
4.73935993588004
0.592586378687414
1.73963033714655
3.43000286302476
5.40237215017363
3.53243409640954
2.39013801011531
5.14084138566377
8.08868875684657
4.63631327778763
4.01102661718769
4.78251634111402
5.22295199265253
3.44225468018696
4.33012033944331
4.73571474846493
3.23949087119673
3.49284403312036
3.61600142595464
1.94885464447754
4.51606202344205
2.62785312433871
2.40238675694383
9.40386002022519
1.91673042939142
4.79708152374067
8.38542945721472
5.59602214236986
3.57570345846761
2.20867734738876
3.8885840343174
2.86861842394208
3.27448266145649
3.52641417946926
6.676129306715
3.81058370262454
0.629143680079718
3.49649411224155
5.52688432847945
3.68977745818601
7.43698704234602
5.8593854597094
6.08603760919394
4.20892272767674
7.86703110573633
2.44164979784613
3.82958478784219
5.5428592720864
2.5898735986668
3.63046303038852
4.25951250480635
4.48921929591865
6.29213464770487
1.83423247146236
7.3919000151139
4.591371528302
1.62411300980047
4.63089331133325
2.07615022403388
4.29298625734945
2.18962629485137
5.81670391500424
7.14020148465442
6.82466982625319
6.12876950948333
2.1565315701728
2.92011987234125
4.19348710032436
3.37780455029726
5.44875519314645
2.10082359590276
3.25670206360898
4.23868091591026
3.59999936505923
2.93827744619242
3.77928108779309
2.81082495984617
5.51100790078006
1.76974766359192
9.21467716114686
6.67792915917384
4.98052888725771
5.59964964868064
6.22043618826644
5.7550319374626
6.10096674569354
3.8162769052906
6.32718053500923
3.27570098023347
4.40171789741523
6.50047609683173
4.95698741754076
4.42612406527003
3.35582789180372
4.47117230834451
6.64246970799692
5.68877836203065
5.36472207956864
5.42989992962436
6.76964494014098
4.93594854456218
5.2096576660753
7.24075786585133
9.67961296894675
2.98795929853762
4.87297116456077
2.79709996021817
5.19133420372882
3.32335785427922
2.67996645313757
4.17407571098203
7.10667483223801
3.11016008461873
4.88874519130432
6.2090867693496
3.86939805479112
3.25696610381638
7.89540088508384
7.48056539313936
3.62141604321444
3.79981357602467
3.75458081046611
6.06783470332564
3.25836705656484
4.86424466483511
5.18569677341605
5.39240107561103
8.23625400721595
5.53085770997169
4.4725842836624
4.16970877771221
5.04865786461934
5.90822239707168
5.61852331323615
3.91259045679272
5.81427573373226
6.90708809807064
2.70489769940287
2.80050311916481
2.26788158634017
3.73209488588405
4.65281116086681
3.64154100274141
5.14139435971341
10.3281462230771
9.57341436949184
3.12966708974256
4.82401837038961
6.81001869703363
7.95881776957513
2.48924684078218
2.33427816438456
4.32247885651822
3.55261556781103
5.84826627288425
7.92673528629774
2.94923048807256
3.47033010206165
3.66253065037048
7.31048431185119
4.07733493124606
1.7412268713838
4.24965539885535
6.52351380186755
3.28971692555171
5.48352680373859
4.26026360336942
4.39905209209477
4.75124696165142
3.22559285517441
3.81869042676615
3.08481967642753
1.78457645671278
6.52835268781756
2.04622400345299
4.42847570584315
6.88400588323169
7.94037984157615
4.07364075757406
1.88737851965906
4.16202248507598
6.97538714550321
4.73029945365422
5.02006944661255
3.60982292692663
2.00324941556392
2.15815743570074
3.76067469235904
3.79785678349461
2.8580682844102
1.18319023869079
4.49290268789576
2.97527648196193
5.08408201763318
4.04307861043041
5.18404744573694
3.58813636180147
1.22953956751775
4.96810099222918
4.4809412392832
2.77552988936684
4.45890165723405
4.73438070212517
1.56294793104608
3.50816801156767
3.93659103456266
3.34674043911275
2.16722151220741
1.43662494530631
2.69391055549732
4.48605661887495
3.31111256991898
1.39234833040403
1.45688891196639
3.90412423372627
2.78410569658618
1.96420571438021
1.70935279124164
2.14934605150302
1.34487789573012
1.83088469090338
1.86268113800769
5.4621030790225
3.289138330141
2.7297885163424
2.7450406654051
3.8319145454459
2.51933553743949
6.48349749606498
3.34598278443413
4.61464746598472
5.98257344205637
3.5317300123894
4.01932027607827
3.67056504359925
4.20997555479588
3.85896372396519
5.37402842203925
5.98065291300209
2.20682271175804
5.92651027706987
4.9817642099016
4.04569595283892
7.66646611454866
4.37473272876882
2.59258831809087
3.98451117163443
3.69954054815418
3.12293834067614
5.7029836955225
4.62598870578207
4.02474203322957
4.66998192078227
4.13176575986454
6.93872686984476
6.00464882490242
5.83318827572726
2.4404961903135
4.09805945758769
5.54996816669258
5.35219628674774
5.49275886552775
7.28029753588315
6.50451818544652
3.87023781709104
3.0648309902218
3.16091166947994
1.72861395235526
2.74622522818428
3.68564087591904
1.74397485128727
3.04782808651094
2.03157713360346
2.81642130640388
4.00972689940286
3.26146140140267
4.93394176020554
4.67521170879358
4.74678017851797
3.10763934010521
4.67083748154658
4.495732636842
0.0214476213133406
3.60093191026699
1.84046053908847
1.39665027190891
2.22505535879543
0.821549167267901
1.341557376415
5.15028458912885
3.17938165233925
2.86682980023948
5.75391982562372
2.30751847731922
4.52205390887549
3.80825222965174
2.75619347961285
5.10506857865695
1.47902075971318
2.81108220513208
5.66008975253525
2.81759632013089
4.12124799153708
3.73431408009365
3.46269689315198
4.55833634305032
8.13313882220594
2.97011628155156
6.58217728474842
6.5302017605119
4.30620244565352
6.93682579668241
3.24066551424751
6.58137888428122
4.17729741249051
6.5343333109642
3.40803061297925
1.34405739046582
3.98485317607822
5.46034737825053
2.60590381303225
3.55689867117283
3.50848162189262
3.33691975653135
4.78327584944145
0.0214476213133406
2.29231643588426
2.99651300195362
3.37719742368285
10.5127531018641
6.02062505785843
5.65762161864912
3.57959059814212
5.47144892876005
3.04006100736334
2.78217990039499
3.46930759118647
4.04043319804417
5.10030132019907
4.778513909275
4.47251132067666
4.87792807188553
0.0214476213133406
3.6573997884719
3.51965560900045
4.91673377968001
2.35597868026771
4.48064664569074
2.91448862916523
3.18217583133914
3.0660030037422
5.50963223113232
4.66950641976021
2.2307948514054
6.4098316361025
2.9577031741429
5.4318650363164
5.09667211790934
6.70683205060693
4.74346780047935
5.10296101238245
2.62774696990884
1.96039771406053
3.37978119842692
3.22961766119444
2.5256401780959
6.93254693606877
3.2671070685586
3.05526519840462
2.89173741914194
2.4831578449207
2.53769002792513
3.41364354940914
7.09604199230335
5.48372771573378
4.99287841002701
3.04430782076732
5.00793651804336
1.44148062400145
2.53149821356149
4.78895715219299
4.97557864642523
3.72243770247442
3.52848712807472
2.12750234280067
1.71947741481199
4.6232757584696
4.44327288520458
4.99425163726609
5.4770301972433
3.01108614072801
6.04264162169448
4.86342377491004
2.41686380488442
3.0068437429333
5.10057819226654
6.60812851188201
4.10727695723999
3.05455629560999
5.80870371299902
4.30439053648769
1.82999004276215
2.82058299378685
2.21150974946999
7.44995153347563
2.85129310573895
3.65150284839993
3.7383634945707
4.62260835660965
2.49731174979944
3.41273808088598
3.57203872615032
4.32203010225908
4.87492113046463
3.23382540926939
1.80991809085514
1.53108318919024
4.01628906656784
4.10285624175751
3.87053987564646
8.27881717689723
4.78547877407253
1.71633107515948
2.4288604610729
4.89554038902677
4.34850360463773
4.31407289798839
2.55377534517762
2.54633713751155
3.48850540201742
4.44126761556244
5.14686977941493
3.89321773886566
5.49817057069142
2.4868725930626
1.83566073915074
2.1050918147164
3.07136914882818
1.55944685254361
2.48503214371853
3.56228665463999
5.38912016215435
3.3460641104773
1.43106369451738
2.71856975111005
0.0214476213133406
3.24256324012486
3.05373827361787
3.810328151932
5.15411116388583
3.65568440180818
4.260869310622
1.98540029395514
7.62850570877059
2.15495081297477
2.09515848813533
2.78433867129515
5.20182062588638
2.31124901823448
4.34546681055593
3.90249521996801
5.886216797274
1.59465889019061
3.08152764784885
2.89051453921264
5.99154898373759
5.29025416790651
7.07952321057145
2.60823741924129
2.03534030213248
5.34221733708673
2.99163335684236
3.58616982959409
5.85921335716636
4.94721151216127
4.91593896229473
3.14311662433761
3.10045490730652
5.72570527692834
4.93155616484686
4.66420566583747
6.95179810966499
5.22351968852622
6.95745780323718
5.85174944402517
3.54998269534248
3.61567604234992
5.54056786700942
2.34311409614431
3.05792718843385
3.55957013723802
1.40848774227071
2.46539069859443
3.48888386316425
10.0011450649978
4.82550641961997
6.16346076083691
3.61083756484885
1.38732903644853
5.66243687019435
3.17045743266753
3.08841606107744
5.80491293468373
4.18385095220361
3.37818294237545
4.81871816549198
3.22955943871155
3.79757618619488
5.44162305979578
5.1374024147434
1.33338188673161
5.35048185203857
5.40969007917805
5.51964576363326
3.85283197835156
6.416654528887
1.66013567750432
6.77652538640475
3.21042649876681
2.63966559227703
5.55093648452074
2.05145139653744
0.0214476213133406
2.89375004568093
3.96517956259149
4.66324237439633
6.47136514171876
4.15684697466227
2.32563433544698
4.37441205093711
6.0053756320345
3.02299095585145
4.48336871872007
2.32026395315373
1.60179085730882
3.04003866119203
3.71121426696751
4.33861672745044
2.48095211699525
5.1587500309524
2.2380125339196
4.74829114859927
3.86849633784911
4.43081200272512
11.489027503352
7.23779856720014
2.71945742285281
3.23290555972454
1.86913604156348
9.17162851746805
1.24360493153979
4.43389568573018
3.22122085911853
2.27112665868184
3.24097222105327
7.25152694077315
4.69641633147469
3.87187081693941
3.34287959815404
2.94941334137801
0.970553334208944
5.18762332212472
3.20644928270185
3.12484453847948
0.0214476213133406
4.14595790514426
3.06697562481639
1.89129561790754
2.02585465150683
2.88827773791985
4.12600545471275
3.01736393042774
2.12865969020453
5.96065986446865
2.31376860472297
5.87085619233935
3.46272279575439
2.57492580463278
2.00865934032627
4.5532593373787
4.12410656546841
8.99658766061336
1.58406073481047
2.31395750103849
4.55037980187007
4.81849668452538
4.39234899172227
2.16517056311524
5.25770062873788
2.08030273711234
1.32580670539592
2.80825549220388
7.15572280208872
4.13469542277161
2.97763362135006
2.78504018683092
2.99399351192224
4.76438675931179
1.89012565890958
3.07163406268975
3.80782521553729
6.45034200706419
1.90887561807993
7.18279505491551
8.87731539320569
2.14610253843003
3.92422481074107
2.395087265225
6.44420120577954
2.9056624387603
3.77602204329354
2.10461170271171
4.10819887679086
2.11312849382001
4.0182563770459
3.97812011516066
3.23472884348652
3.91351690573094
7.02087555036811
3.72651005979697
5.49426475577008
1.18757292092686
5.95042284896289
7.15420471411893
4.22629467047927
3.4178717232924
4.92437431617467
3.86155038200983
3.08457043179206
4.35127897865625
2.41516420445799
3.42925985083639
4.53189611497507
5.73757509906001
2.92151321441251
4.56241513363263
2.89429293536145
2.13336841730082
4.1825985332279
3.37387928282235
4.06425005153591
7.33067112951031
1.46098437185487
3.2533834460102
3.91070048474022
2.67723394313046
2.64107443729817
4.93723070625596
2.08459387503718
7.441179248055
3.18241039039947
6.39201009368022
3.58951202609801
3.4255245882026
3.86229528060942
5.3506815251345
1.59863675488053
6.38744660597829
5.92801597496055
2.68778701041157
4.07084826996552
3.73636435626681
3.98892420441641
2.54526980161274
1.59584931000043
4.15002033315771
2.66509491084452
3.89382690636685
4.93645320944146
5.73075839777725
3.66275188111971
3.09528106352762
5.3482515466442
4.60184972157904
4.10737666672481
5.06537855649532
3.10531715511101
3.22633570031087
3.22470223440598
7.74538838563495
4.70695707816083
2.19474598960314
4.69968831672933
5.12828454082601
6.86244967602834
3.71340275999553
2.6256412175236
4.15427519378123
2.52655607157165
6.68391933464668
4.96269049989873
7.96939858489555
4.90493960426552
4.88145382305887
5.72470516911767
3.57696989577014
2.73098186776082
4.49957971392397
1.27111078035681
5.74002649910422
3.06272291913854
10.0613645619674
6.32859863350054
3.00174706302368
4.94154862509637
3.22202857834627
5.05194254430607
3.97882472473342
2.1429514009905
4.80989664019944
1.7442488544872
6.69389492447215
3.25268041307505
5.97773930619689
1.58825869043959
6.79179598726682
5.15517499002096
1.05550480012558
4.58998995227084
3.8674469796609
5.92448519611578
3.56532960587812
7.73823127614464
10.2850731838191
8.62294248619289
1.85381641363859
8.4002026343553
4.7234053391456
2.55316252833874
3.75090766824976
3.2592469908761
4.28998448604087
3.33866104159165
5.06463489910375
4.0586395959178
2.04481770299054
3.17780863448918
2.18027312056889
4.3021116350526
4.39416666099923
0.317988621222739
5.13040408067939
3.50703449453557
2.377773263524
3.31453305831035
4.65623622209145
3.14146463604271
5.31424337916226
5.95002210764928
3.10867082823275
3.8272803305314
7.09487021107107
3.14465867167148
3.6903275443842
3.25934655985182
7.44933178034487
5.04537229617302
5.61539326618824
6.42462982547409
7.24039522283708
6.60253253253179
2.52315721504975
4.67345837300248
4.30717738505403
5.01448668642857
2.4588755605058
4.65250405032598
7.97210858147256
2.82875155112898
4.27539266627253
1.65903153033233
3.24155921884885
4.40213813344683
3.41106707457464
3.37565288886785
6.69431291329516
3.0753766756999
5.4187585840603
5.64798274346649
3.41597119549896
4.08427221745028
7.08057286748877
4.97313861243105
3.01294500358175
1.87518159618823
4.37755992505595
4.51293972863659
5.54374367300848
1.96613291597852
2.95967597741542
2.26867214213421
3.28632368520583
3.2594551404317
3.2329546199727
7.25094844638734
2.86783227615585
7.41525028682032
4.77016286704387
10.1045060619627
3.70913137530496
5.01397778092703
3.09067044125752
4.7833433233449
3.91887752339973
2.42909789906187
3.92792734894234
4.85932595894041
3.50732050368522
3.41507111547614
6.50268264485208
1.79822512297547
4.27086276315079
3.40167423685228
1.26436267594534
4.45747531193369
5.11729367317915
2.81851594376886
1.60114454794396
1.71991117499381
2.73631646262795
0.882947968689771
1.34129054790459
3.48545257233909
2.66752215964823
3.64921456666365
4.0154034184716
4.80208269943368
4.04481054367676
5.43271387221765
3.7644950036779
7.81578246160495
2.73986032934263
4.66252556466572
5.62630235721386
4.242366118936
2.95340288620249
3.48144775731861
1.70937770250726
1.39837364481649
5.08602672641462
2.91474945457102
0.0214476213133406
7.70112124030127
9.14928373539878
4.33927068669748
4.10088209171468
6.37403692056522
3.48839892447165
10.0424095469426
4.31126487572293
6.04719990086923
2.44704779004505
2.26200634935955
3.14347658484042
3.96890393999709
2.42207654500041
3.96616361956057
4.45755115775572
4.26627509378997
2.68639818329646
2.02715854008901
2.64310803824194
5.676568131868
7.60905567863254
6.331984801753
4.8543301250459
6.11774630730378
2.27727158890593
3.93381418798491
3.05461754735213
3.53379536925641
6.14371016002825
1.49627426318633
3.56525012577574
5.16851324083531
1.36487410999495
2.48929459470375
3.12710152183805
4.94943974311867
3.98304539300151
3.05450612542527
2.40928310034506
0.302988512526947
0.35718604734558
3.98243232421079
3.98504274744825
3.02699343544643
1.92656601168843
3.86040697443338
3.96783559652062
2.48964527199683
3.52665509805945
2.3510463089663
3.20878873098105
1.20289441556156
4.20896829408422
2.92196647211348
3.42310371251588
1.60995461722906
7.6034045474624
3.92506261698993
2.90659789297547
4.34939792523439
1.84669124122963
4.80371852173652
6.48603302429371
4.10070645435194
2.48957267171594
2.62675439377735
1.52302326369593
1.72750530997599
2.52063747549432
5.3601369508473
7.25417534779705
6.25480827713368
8.79637584570713
6.26509081246531
9.16551384830354
5.88732099488295
6.9415452609032
3.94044242326645
1.90107296516698
2.48536671198077
3.86666756674279
1.57693721988455
4.75899540069496
5.74657639224828
7.64693363927491
4.03768220309081
9.55149328412034
3.20348249622431
2.09421104525461
6.81282795376806
3.19281787189129
3.40706338698101
4.52896325731551
4.5962042711476
10.1068389795485
7.04661649712949
4.72564950915883
3.34785248707863
5.9085173360872
3.89186840042552
6.76730843508264
3.35969039423703
3.66351349270896
4.43670028808032
6.88524065456866
4.57733026022559
5.04669797009229
5.23503707657454
4.00610540405891
3.98320505687816
5.47144342863201
4.86090773180412
10.6638392661399
4.50054392287681
3.32578614175451
4.07536714021904
3.1216176260504
1.87797893382568
6.10825118738363
2.42743512765654
4.2483037159472
3.82914641812644
5.15429090533188
4.09631473436584
3.99604581708956
6.31080096344498
5.56205391391983
2.19519194788478
1.88094925199438
3.33287492827201
4.83723383720972
0.0214476213133406
6.71092926721328
5.84365170669589
3.26770278901986
3.0264459991974
3.98845905212387
4.8736668236848
1.65339511677185
5.39264090883864
5.39635719634837
3.89889904429705
3.08266386368311
4.63784561238666
3.03384536088526
1.63564195018132
3.59594203903704
5.92705604114386
3.37189643416391
3.81481473024634
8.9254169203352
5.80250740591979
4.73102625760084
2.78631955683838
4.58197616884131
4.21529444276631
8.10922817887566
3.36529317099214
4.05424606433512
5.40284454292934
5.86168667262688
2.57264765021555
1.90786203048523
5.41136698190445
3.97165295384715
3.52758383160467
3.27253205670867
3.46065238133134
2.940750793148
4.48060340337768
2.39050928693261
4.58642555864142
3.10622154743745
5.19441043657788
3.61697604744652
4.2458468945703
2.53904540855018
4.00252016633268
4.81491744500996
2.55823907093132
5.20247837852027
4.87609300917157
4.02273793860169
3.63294038145852
5.02501578241348
4.93816900946047
2.92764247805168
5.07212077436911
4.10949651254273
3.70460979472894
2.28536750622702
3.28703807846395
2.09439539956971
1.53808306316455
3.5116926098551
1.95192380855399
2.70735382702048
3.45023105606087
2.24986445308539
3.8940481198122
4.1022009776671
6.82418757052366
5.32908591340216
3.54471266561463
3.3541458996541
2.20186620744952
8.84233937235469
1.26138939197581
2.50308786913737
3.10677473781526
6.54647990475686
6.32525874482343
5.62621857192119
4.57352057955489
6.10140215120438
3.13068093915053
3.86166870344795
5.05712720773293
4.07244001770988
3.23535744731077
5.33030881855665
5.52208154147654
4.82761369929937
3.05131314813026
2.91488979279853
2.6058928314522
4.4701170702092
3.05560737789608
3.14590020471249
5.37756739300741
4.52210065812347
3.52199832458514
4.69131821232707
5.18965380223929
3.82063294248885
3.65335731743856
5.35201054972957
3.68933071010844
2.08329373747655
2.06817121560962
2.54795949643702
4.48623335470319
3.08367246781245
2.2068001079448
4.9304205313623
4.61926666503605
2.54613644521784
6.77403860350751
5.09420627934682
5.62749434920491
3.82600732357747
1.18498931172272
3.09407697514816
3.31320979889361
8.11364996315039
3.62170815073975
2.4183209574683
5.10048165605387
2.83753500897578
6.5388924429103
5.08045939338655
2.79491122215089
3.16153229010957
2.54306624063432
5.87426123084075
4.0404350273967
1.64039652149816
4.8165969175171
3.2123655363447
4.58233016064592
3.09751263950406
5.49295414354365
2.00002282324358
2.22291316339122
2.65915431349359
1.48628408443389
2.35164372327048
5.93829908642862
7.67089943859794
5.57826772700736
3.13308623631356
5.3707450416232
5.6906874361924
4.1858058935101
4.20764594317297
8.58867277427461
5.80519378114835
3.76444783129172
3.40534594043175
3.99796585399905
5.82602484933971
1.33924763224098
3.36240325706254
5.64521450737896
5.55120541520336
4.80421508908835
6.32856293629212
3.0611596966471
5.12205470382218
5.65839833549922
3.88359069842127
3.98018438879124
3.41920151684455
5.64858137798989
5.35747229302499
5.33204106168564
2.60371901061787
4.06935920152543
2.09721463456779
3.79787065502576
6.1383372751327
2.07050409956065
6.73161295661659
2.93419482312597
4.13625691919598
7.55032940920181
4.18022678788751
3.62213588439102
4.91691412444682
5.25622186096009
4.94171143107379
4.88026291665903
3.53750064116671
3.28836950351105
5.77885007229931
2.00648040933082
6.78088094864586
3.7194933627372
3.50421571064895
2.91494643659219
2.68944035446616
4.91017651981539
3.54830309780551
3.89466405536601
4.47716728582375
3.15071466631543
3.04385316689627
3.08319027701825
5.49236851138576
4.67630615786801
3.70774455727516
5.2943554161616
3.38761073124785
4.57074903789742
4.24079641774967
3.88294843994639
5.65542723157756
5.89934330667494
6.68478561178745
4.97466758143234
5.00591908375051
3.91277081506438
5.53212007887395
1.90357476058994
1.76531114050424
4.74727388595645
7.09048619693818
2.99343272347899
2.60318043407754
3.10172370866682
4.20334702232116
4.49539436279025
2.59841268566237
6.44766327620376
2.04273115642208
1.82241934906265
4.32685358796037
3.17397606309616
3.25151813917878
3.54450754968024
4.11371951662477
6.01343091687233
2.61090681424373
5.9486489436989
2.95155478335095
4.24308789792685
6.87886310804057
3.76154659582512
4.57084218181454
5.05505320554994
7.28977143311521
3.38457453958683
6.43982604537724
2.51301772510709
3.8907894656191
4.60959499725669
4.68412923371105
2.81099157273958
6.10566056687722
4.63204213657065
2.93295011239562
5.61571573980228
1.71377784012844
1.85386760916156
2.14158552006362
2.03051197052824
4.55829529374623
3.19037547055028
5.79613296962169
4.15681898527661
3.467488788844
3.11936676542545
5.32549044918186
1.7258107963968
5.25891790392104
6.33514713679482
6.20001144285309
5.3844278902401
6.43083195729972
3.33561958345784
4.76047925525325
2.7102981768357
5.15384733456505
4.52925214738658
1.94813490552663
3.48224560354168
3.5391177439713
4.31168809572099
5.81336151212675
3.32984782832315
3.55627780752618
3.14787226351014
6.82665706044831
4.31765200783294
2.40551758318306
5.92807272742179
4.92189860651662
1.68569535221767
4.57793201575177
0.61036940683909
9.21798079688067
1.94880176337919
3.08107758558312
5.61185594527555
5.46844162714913
2.41970753854631
7.02224406994437
1.51887950683218
4.41834634556798
1.12481459364934
2.80787338148969
3.81960354161574
3.63990993220688
1.31590169221175
2.73167388065713
3.90745615988648
4.04147087404156
3.96510418354604
2.24013814711736
5.30579696437223
6.18814977876953
3.78456514892797
1.72590720573227
4.88882334024457
5.64918167516682
4.2072468182699
1.67951417807538
4.15432528891472
4.49153110773719
1.94752915534321
3.07267276293848
5.33637554293293
4.63326187376601
3.5713269924659
4.02153363293553
1.06098555679674
0.0214476213133406
1.78730332297152
2.46039260946749
6.45872879200755
3.47878688099006
5.88455540312406
4.86914047565346
4.39256622835032
5.17228900400199
2.28544696928681
1.79888843794566
3.91471489968099
3.56137380890874
2.02616385835779
2.68962046100712
7.22569637739741
2.35593986796101
2.25279878412088
2.92038839841544
3.90315481530367
4.62356034865758
4.87635158526412
4.86921546405086
5.20909188159343
5.84718466619957
0.0214476213133406
2.52308151523159
2.86237337823331
4.46627132825507
10.0712987711669
6.79208002770907
7.56354458808963
5.20025038329763
4.72686546144554
6.49282786372029
4.9435064559726
5.26941384368324
2.38173141054547
2.97525623667687
4.90622904429087
5.45087798548813
4.53351644670529
3.74555655511147
2.29574547619932
0.0214476213133406
1.9875295259634
3.14695178952428
4.98816655087102
5.6653833460433
3.10375892266094
4.75782448398431
5.26722456661995
5.28581457460242
2.81276497497665
5.93398904306693
1.82629032749929
1.70040059441668
6.47620695471862
7.34441296711347
4.58730865686315
7.39973544144729
2.73023800197864
3.54945124491287
6.04850788805373
3.24437025189494
7.26789408230422
4.56695880280196
1.2296288945752
1.87000752133035
6.16749697732844
0.213772144060208
0.94727481159332
0.626858640134478
3.01837945029067
3.04802276998151
3.45323022644607
3.76186177743689
5.50258620747797
3.59252971304001
1.64047080894012
6.20563172136434
3.32052427066939
4.25443416570504
4.54529322568119
3.78453874534608
3.12164132000294
3.50323054527568
3.68919095363946
2.43795656323667
3.14167312747225
4.93850918284062
3.92110247564895
3.70206771784016
4.00007362489372
6.6923369321949
2.2321979674971
2.61848720817487
4.70283618237527
3.43779458655306
3.93087529505401
2.22430249739312
2.02908323207515
3.16939931270733
1.46945007104121
9.24630616098257
7.55954769808222
2.73119638493974
4.62390494355552
4.65429884945938
3.30998912829047
3.57204815908478
4.16224102448312
3.77292422497167
3.98846560715535
3.6299819187814
1.02817058868926
1.01586682146727
4.07522546169412
3.36751335592944
2.43364078263732
2.66598623552428
1.70878035744773
2.54331906635026
3.46092426803181
2.92227024477202
4.35837118694032
5.45329777949537
6.48394800506112
1.73398082027038
1.51951895617807
1.12775087230984
1.06212868599197
0.528967742772293
4.13825297421624
5.23919000906505
2.93562550162023
2.40717891074933
6.8048367858809
2.91680795345223
3.09876610111505
9.46293965871843
3.4538957476917
5.11910266079655
3.34975831593077
2.29086286139067
2.28725472766961
2.50809525463135
2.33387114368796
3.76620564622803
4.20837274551207
2.51098875200847
5.86209091344315
4.43922624428724
1.35153868016311
7.44157042283248
6.25612633028408
3.57696444948778
4.21210241971883
3.59729133917937
4.00656053872552
4.71961849645537
3.8334134683197
2.01215789397269
3.80118863806341
4.79515984751423
3.81635223126687
1.76105232959372
4.45867753401486
2.87856909234009
6.1889533974049
8.29550451880992
6.25447778569988
3.60069677811103
5.16506987134366
5.36873229906683
3.19848770272437
5.67705118506751
4.07154880748854
2.67060308584228
5.21932643473632
2.87437755561072
3.42812083942978
5.89892982302238
4.56694063131288
2.20405244708676
3.73011589543332
1.8895597705888
4.48477936005863
3.73778741804175
4.1736739234259
3.75751791554027
2.993652698515
2.62660127784248
0.0214476213133406
6.17117276282857
4.26846814605538
3.15459097031134
1.55981094431928
3.22902840663818
3.46104983041557
6.24640956667094
3.09500746600618
3.75410778862042
2.35030416746208
9.20739969715039
3.62291576920422
6.76441914371196
5.71954470425162
3.81174843338705
5.92752132817769
2.42187936692691
8.00705517625394
4.94568348613805
12.272216938071
2.64954372964428
2.62454712427741
5.90705843014494
7.95561375368702
7.60919258598117
5.14238826405692
1.35778996824537
7.37783743277022
2.6713953840995
4.37284436720378
5.12382938250712
7.16351455708503
2.81429168869947
2.38976397867234
5.70374019049802
4.79118725346515
6.87423328646479
4.33956542679181
2.08015160949151
5.8094819272504
2.4701366754344
5.10765172334543
2.42671294310342
3.61987971708702
3.90570486762606
8.01097545669019
4.16117261416465
2.71463957439555
2.31238276193224
1.45097296104103
3.78875824242262
7.62742235521321
4.80446643988831
3.63791822689098
3.30907144649193
3.47989788849063
3.09335080620988
4.11214668183075
8.25779655284541
4.25138181134113
3.829959586451
1.87417294802814
5.90708307588142
4.31309997892423
1.72845053817536
9.1195047035699
4.8872131269419
6.6954047790247
4.48505097217768
5.20930538223059
1.69887389097427
2.04889650617097
8.14127293482371
1.04331766198108
6.66872625285424
6.09586250576063
5.38306199273849
7.44593300825526
4.16200675172472
4.90157891601068
2.89190794380533
2.286385533026
5.00372190941161
4.35048656229021
1.84919184172263
2.95665049962566
7.05960919897265
6.61139191293848
4.01019873502933
3.24203259844906
6.55179294233019
3.53299126107627
3.64418512471958
5.11567191427734
4.95543425958278
6.46783615620869
3.68979827473327
2.63257352221868
2.79653753277639
5.57629991721682
3.03084415836953
3.5342211727991
3.01765960714049
5.21051236734634
3.83860893904294
3.4903379363275
4.46668352419735
2.66973771139736
6.78015436457608
2.37202531394767
6.50746032869499
3.12749005457709
2.90416227266837
4.24571752238181
2.69612228830458
3.63421673124153
3.11966748938431
1.57234588933016
2.21737544499059
2.92290127606257
3.35108104551338
2.51127033939705
2.97367456450407
9.14154647363259
2.91410400788156
2.54205663702115
3.06109195939951
3.51100660439288
5.79486457026294
5.81436537115203
3.67309967675704
6.89681453001397
3.07112907981575
2.85111649448779
4.85376966220357
2.88646067814391
4.56506212092075
5.30102091831073
3.16118400511274
2.16037584280201
2.26394041500185
6.07775706923777
1.85483858013107
2.90485921571412
4.16064219236881
2.49558951989977
3.09579694645122
3.38145715387238
2.99799653626641
2.62897846343213
2.87165980652919
5.29030377522163
7.7043136271972
3.78359378774801
6.63133667295257
2.87200844687784
3.45893035007217
3.6630739953135
3.53391065076426
3.34346006115258
2.51085459184789
4.61141330766171
5.35778595232571
3.79090196851276
2.72896708829591
1.46739626778992
4.13303420088969
1.14992739254028
2.14929418431963
2.50303412772176
4.20445054831309
7.10752432288493
5.90786467494901
3.20382782804524
3.45112513289142
0.0214476213133406
1.77516344910022
5.18983535953493
3.3223623840762
2.34774237357183
1.61147744183646
4.19864614044731
2.0985170847364
3.34222889834214
5.68522299988737
4.50621915704899
4.21056557648278
2.82291777156042
4.9286443287038
4.84628339391582
3.94263043166239
4.91049638786731
2.05812961798044
3.05805316103023
2.88272119091779
5.08236565192604
4.99193759184133
2.59368200793782
3.82481843753538
2.44225455875317
5.31097077726937
1.04632711771731
2.14751501030816
2.53877259103819
4.17982246273903
4.11942237469637
4.70712383645156
3.78372088582489
5.12201835460977
1.76934768117205
3.12562174733248
1.99864587990163
2.38787830353092
3.94750286534624
1.23129180610216
0.696862864922817
4.52350559186227
2.0890165280862
3.22513889383327
4.06734240442857
0.427576133584986
1.14312308399617
4.32563925238178
2.22131952421242
6.5013512606112
4.25979119322704
5.65209367093522
6.81877876128144
6.33870447557837
3.86126983046835
5.84818626428508
2.87258213284805
3.4832605545133
4.4722464350775
3.9683338896845
4.5006848047492
5.89063590134321
7.13769247857801
6.14052061230428
5.01208393541282
2.38501955078076
4.90239718510653
7.3310896082976
2.70303463881698
2.00440008839122
1.29580735151959
4.17260535035738
4.54566849718341
2.64388147123094
3.06716048540119
3.45693594682564
5.29536518711931
3.7125914922973
4.07417259940769
4.75265028576526
4.65868133503037
3.83991033969056
6.28237894848711
4.42078136334681
2.06892935631488
3.16693471193365
3.0536258970767
6.70107377731301
4.56877403547899
7.5320736050944
3.29219613405525
2.42178271584379
3.2158062042559
2.57137233828266
5.00743191926197
2.61008222022115
1.56661652911857
0.438899896629621
3.13434464409056
6.15284405882953
5.38749415565171
2.40442175589251
3.89092551088732
5.02195112923194
2.93933802134853
3.11532630408359
2.7154652086049
2.76261267691476
3.14301990293965
3.70503858680024
4.75027697934498
4.36634290380365
2.07462840926826
4.85626427920388
7.29231489307903
3.70342807529944
4.50598309564335
2.92022275982059
2.33914192257702
2.48010406759341
1.19330389484648
4.01047285573561
4.2166029577951
4.04962434255402
6.19680605405409
0.643173059993257
1.14048090595605
1.09826838920716
1.34136058443647
1.62242852149153
4.78013590923785
3.86599406716797
4.84789706745689
2.25954887695281
6.56206162329446
4.0323769505853
2.19524517932202
4.54163652468086
5.39878266556484
5.48142600106876
5.39751120672328
10.570256367273
4.84004949525794
2.44973961661454
3.93079598810603
2.22760342689891
3.72799588342379
2.25206790272814
3.89133098562779
2.19017082622082
3.42537253477538
4.68432813396141
4.4322949064223
3.20632322126806
1.99185454412687
5.95222630152187
0.0214476213133406
0.615208172977455
0.359264314366477
0.389647850291581
4.92798823882989
1.7542556451542
1.08785924855847
0.7198800119443
0.381380814074207
3.68986349392787
0.597846676022154
0.676245191395141
1.12293877402236
4.44926634399416
3.31819115209862
3.11760407152569
3.93726390001853
0.867070976021614
5.65544649248065
5.83299465407445
2.42663057863883
4.33700043471078
4.80088524242536
5.54189973777477
6.17668816495258
4.37509933800798
3.82037572437718
2.6585262386431
6.93886758122652
0.65793847823998
0.775074500829362
0.859451907869246
1.17965703397921
1.33393248038229
2.56328554292915
2.86920102476971
3.15622594320715
3.7474014984545
3.29490507013903
2.24098952958235
3.68447204536542
5.86677923358139
3.18679075235603
6.91245461760223
5.50635128833263
1.69947021066739
5.29187876838561
5.89259935486258
3.17147834357587
3.40622428138626
2.85758901352838
2.0537265471146
5.57051438239797
5.77130577036801
4.9487872056876
5.88292382907254
3.32245851821948
7.76244442723198
4.12105195296122
1.98084271586684
3.17249505470332
4.8019584848555
2.81949672297958
4.81382087825641
1.94290747965737
4.28572524291231
5.84083367822659
2.82870540501964
3.69136530727276
2.45731927887913
8.31858714723966
2.09347872568762
1.77407116772565
3.49551131610871
2.96952372804397
2.87759705589475
3.02616890189534
8.18480094619825
3.14820625282873
6.8778580485116
2.44225979829962
1.45973214490933
6.9007299360305
7.84145600620377
2.89726000002669
1.79011060423977
4.37259354942431
1.20563288717575
6.6791874700982
5.61682767616116
2.01408502921511
1.80432961878856
4.71169666153874
1.42372804403045
4.25347235275663
5.8089887290155
4.28609291285919
5.12732642280807
0.875280116643491
4.40297528943804
5.71603189060232
2.91672257324377
1.81615257051876
1.54102768815766
7.15469347297277
2.56305973072452
3.56358612319441
4.23667042305985
6.73937372078978
2.33190496786539
3.50912410994728
1.4307775723878
3.19461149085003
4.096689345799
3.59682455470338
4.24033443099947
5.59550894265373
4.36604159678806
3.00053009534021
12.7180755518054
6.59102747139071
5.48748223302223
5.70814090855717
3.38756922049044
2.73136255871538
2.15794902522834
3.80603615845372
3.81469432262286
4.31834225719561
4.88998064041319
2.93606605146596
4.11494832622926
6.19528488586611
2.9638234791404
3.93052782189955
1.33261340838113
5.00324545672728
7.64008682588211
5.13954687129497
7.00184200405704
3.85864398961174
2.83233075241621
2.13243256361559
5.95932993736061
4.35319689031106
3.99297612587494
4.59642408676757
3.96405383601633
3.2796591812586
4.6337178889068
4.56410352623295
0.899332607529972
4.18817281199904
1.31940312280183
3.08225196992635
5.30433960930577
4.81568950125766
3.9575932900065
3.12489157134969
2.06153363769292
5.42586592363843
2.64656980194234
5.00496584877401
2.63976836520051
5.94212447280543
6.26673994726148
1.95088152989935
3.61225012976631
2.23075248707261
3.04219520670825
3.26438362954321
6.32804383094642
5.29933648384474
3.73365054718257
1.44422196539533
1.9909407386596
2.84058350449147
3.83397594671129
2.10300984192012
5.0226964112014
3.07896253600555
10.1703385000393
3.30624248959664
3.54925135238977
5.69783093244765
1.94653213545627
2.20068181953483
4.1077155964913
6.89028250924093
2.02431185402304
5.30282111492916
2.04931978162288
1.97492160225952
2.37851652588758
3.44292547635388
2.23900385618143
3.01107646592869
4.38700797358352
2.7115380705323
3.61017424139937
3.08087993852295
3.3120907789181
2.17635174704377
4.56109548620697
2.19273692130239
3.7229468639626
4.70567903998456
5.87413707838444
3.3219372952717
3.75976780415271
5.92672448921444
7.28696900784896
3.17374165561449
3.40065647248148
2.48479529568384
3.95802944488824
4.82730720418186
3.18467092582283
3.23800541622158
2.92167702950638
4.02205329296912
2.53365837627578
2.59420814355951
2.77472644618322
4.55025195236577
5.99093705222629
3.2818576265576
3.64797412431644
6.00173811619864
6.28423003133878
1.79746087790387
1.3201700510852
3.26702211603886
3.65832418249579
1.69838389154184
5.81722577690855
4.4305239306037
4.37863073232674
1.41356440249845
7.04759460754091
6.26858492530487
7.7205845150508
2.71609058527096
4.25809499783518
0.642386485331547
5.41650992898766
3.08384235930407
4.55159717486302
3.59218720771896
5.17279781463163
1.8792279652931
1.00930140039418
3.85000110397036
7.89104620252805
1.20076072654226
3.05918238784789
4.25207882648712
2.7991452455027
1.79631523459848
2.7555493196745
3.67614937923397
0.855607083036468
5.72940349912764
2.38835881936722
1.26148482553753
2.06505422953034
3.94825949883383
3.74958552881067
5.09173258212165
2.29096880465221
4.91127053126372
6.19967206626778
4.12775176326927
3.33389256741654
3.7566446462797
0.0214476213133406
0.0214476213133406
6.48779862703568
3.57748128962922
3.91337569830735
3.53547927435877
3.48458902445552
4.33604225248525
3.58849254604819
4.40243297751303
3.11453079661327
4.73753320310332
4.50090085622622
3.92111511263772
2.87270441781924
7.3574992621935
3.82682312206556
5.33378492692967
1.85034331085441
3.30687643920679
2.73617150614202
3.47020328385451
2.71557101779902
2.60697842126436
4.9002981019038
2.05049627914802
3.1439545960147
3.44592097838154
3.46740749590958
2.22780666146218
3.2477685721072
5.47309005354963
4.79410606397496
4.5835749540983
1.79667698559431
1.860234388628
4.07246398080933
4.14335121839979
4.05331642859894
4.00513613479592
4.12198846965046
3.59718845804203
3.33913188606614
6.68379283666444
1.50165888065841
2.9464700939995
5.19582020322474
0.959195156275717
5.84689213626153
4.44837482376753
3.69304895034741
5.01828167510387
6.99425682962207
1.12813986630535
1.76409390599891
1.94182421345494
3.10599385328373
3.14894353901932
4.80816323702407
2.3117235881683
1.31453168965783
4.41975709831224
2.87396766159726
5.00669386903198
3.26640572971772
3.17955826279822
3.26680411012946
3.42977668553309
3.71546204334688
3.79507292794802
4.93850807276628
2.47096271090993
2.25456367752316
3.2118318448238
2.35171383008995
3.14753752550888
5.37023567699943
3.8851129142083
5.65427506246678
3.18495580403369
5.88808876425173
7.63483584492097
2.60760420908703
2.72564412261898
2.95278458883266
4.36267358610809
3.47079027466526
5.10822614262406
2.9456403755206
4.76314805956441
5.40653083935663
4.05448186846392
5.39283168578516
4.01995498955279
6.60566392123758
6.22664949846312
0.339155781701887
3.46724037518898
2.21294515277382
5.75507266538907
4.33733430541773
1.78706587630233
3.16690022528243
2.60322148531791
3.63477876783013
3.58188828929384
6.58435029334357
2.5923660999975
2.87217347540837
3.3701876024496
3.0271804698038
1.95718061341818
3.53634164193379
1.33425111597166
3.64442297259967
3.24161409311118
1.00336113972048
4.92040986869153
2.30479362265585
3.67376420833489
3.37167559722723
3.57477456077454
1.99881413391522
2.80756444321628
2.14656349245902
3.86876989664918
6.13196636247039
2.34725578348141
3.82406330500378
4.30967020273669
5.10001405206035
3.59197945811898
1.92044016564476
4.26332907709848
6.46329856470371
3.26226233198936
2.87718166841403
3.58935110477006
3.5877356173698
4.63902238811705
3.7280666845345
7.26771853161739
1.92954213728707
1.98004782873319
3.45169997175322
2.98155304196082
4.83624385778556
2.90056300402093
6.15062757111847
1.16986866294903
1.13893323681606
3.32940571597885
4.36195902299172
4.57260626411365
7.04231477427874
2.76910695103899
3.48412201922927
5.43196309165888
3.2583997483857
7.78238049154531
3.19421862757289
4.58626963740259
3.05490605739415
2.65577144846435
10.0735966706135
4.35341399810308
3.43891272452668
3.93552156982134
4.12980721431961
3.31473478509843
1.63835978883072
3.73374336151861
4.44832724317626
3.60724028731824
4.25021501560835
5.36103737076052
4.61419629096074
7.64274594612859
7.30113656683746
3.55998199506343
2.59642873884802
3.59671422481376
5.52890537181275
2.36594400386779
4.90031456767499
7.32600214998733
3.09574652465893
4.43172684630241
0.0214476213133406
0.261554154980144
1.96631564666693
1.8205897580411
4.19271355374818
5.67486900607344
3.22398246274914
2.46732474062439
3.76322397500438
4.25278891460833
8.09053237339797
3.95735853972713
4.52898650778136
1.8787825540517
4.01421807658137
8.19589405002155
4.86237032022377
1.6944528234202
1.44931187915238
2.85819527381114
2.37701694430923
3.46125004570291
4.09102294210258
5.36229814349593
2.28502525290981
1.96347973783257
3.36593183344987
3.172833037576
1.68261648877135
3.22086650489248
2.4049941249879
3.80835828034377
1.62188114127214
4.15573682952521
7.30064657980903
2.87682872753086
4.02158505752772
2.23465385907595
5.4110080129339
9.10563377934051
3.13559621312919
5.02271969662884
2.93909149107529
2.9875526473207
7.24736151678176
2.56524868473533
5.27324080312395
1.72837448533171
4.61308093016893
4.87739274845111
4.4515863716052
5.0251512038509
5.46306593918665
4.92252475250521
2.60318493484619
3.42541654922704
4.87906290043817
10.1864625850697
3.72292841962153
2.94394316930579
3.31795694214765
7.38944275744038
4.37391998929114
3.82276328592597
2.15710740081573
6.55493638748368
2.89098089220144
6.67015735962211
4.43137482407864
5.01247723634006
3.54966033407069
2.50993134581769
3.28575835274929
3.78838381016168
2.95451936103209
1.33465407565635
5.52297840219962
6.15685977579548
5.22642810475814
4.9062688249424
2.71022524999828
3.69546121009496
1.97277405618025
5.00300798726285
3.03339009178571
3.64830766811546
4.28575977038197
5.71083759702037
5.26450851854852
5.12804273968659
6.87618231791499
1.75149112140954
5.37391032782307
2.66220897711112
5.14561161214275
7.40836724117907
4.25320422380396
1.58450178904579
0.961649206511934
4.58011260130939
5.35901565266369
1.83299487727294
4.71190503913271
4.64064318016676
6.27597739381518
4.43701906789516
2.95086230847107
4.31132728641292
2.34551777467072
2.74670830132199
2.9122613988873
4.69819690097831
4.47313244165323
4.76145582344595
9.02272874166716
3.14632275526491
4.23547455495445
1.25575064100442
1.52160391132243
1.9991038886906
3.89997908856435
5.10710088322649
3.9059625922086
3.94305225553949
5.42200199726503
3.97625273724816
1.83329671131881
2.20198520895115
5.75646246105274
5.56097166756334
7.11040451372955
3.26682223561493
3.92754792328642
4.2576594852389
4.52621712557969
3.44440826742806
2.94290771458044
3.05540259940091
4.67068165883841
5.304243724199
4.30543530222689
8.29879781831269
5.80912197819006
6.16921456053423
5.62630320117222
2.68639080812627
2.12524864645326
5.3568122282016
4.64007266288641
2.98042026619607
6.1687849088578
4.75845723012246
6.53386229186099
3.06494798694103
4.27059405685793
0.0214476213133406
3.45422808109467
4.3635136366743
6.78976027724953
5.77981368706593
3.94458451763327
4.00716873802845
2.42947964091544
4.09880669211307
0.0214476213133406
0.0214476213133406
0.0214476213133406
0.574262587826008
3.63128091490758
5.59308735048825
3.24548785422586
3.76857670274554
7.10588543751651
5.19966689172048
2.45268039930837
5.12983458234782
3.00266609387918
3.63569153860197
7.64067376025602
2.05030271967246
3.92135788588647
5.92101231501501
3.05634740282141
2.45131893217675
4.03233589761168
3.76690103217629
1.56462370023264
4.54260157255319
4.90408130977464
3.19913983762223
2.05595251839091
1.43232574843283
1.21311236769687
2.47419757068378
6.40205520243234
2.8492070397846
5.98097623427489
7.87968357397894
3.84273354474675
4.68619131926815
6.11573474547793
4.07019384848876
2.08170910717146
4.17510624793914
2.08267940587916
1.90990622045979
2.98081593319302
4.356870134885
4.6832822144493
5.09034426815857
5.34946448084484
9.40988388337952
2.55902501910708
5.33999635505997
7.62104246300616
1.56333828271677
4.51948513495722
7.63874347133959
8.88998310576146
3.65685107205919
2.6697432547913
2.40915462071075
3.28866167167367
2.40133853013084
3.57776028242566
3.82388635943033
5.90563134355715
4.7738882855378
5.04618620667609
3.34594155904679
5.34052879474073
4.36868846723402
5.61780996183512
5.10569196109649
3.76475694054961
0.728401295999868
2.71010537820072
5.68584371391413
4.34025609668792
2.75142204627953
2.79206182426784
6.12114715138749
2.98838850775026
5.07714840374244
2.81980976826361
6.76789364287585
4.5473637693803
3.16880916162738
3.2593124636935
3.92394995567177
4.81094866568407
5.9200819282204
2.59067458496379
4.88971702149979
4.17446513792979
3.79426186738012
2.28450018691157
1.8625064168058
5.55249429433716
5.36989982648982
7.49592629620341
4.3171500728399
5.35162701284027
5.36628645137058
7.49952526616655
2.24280247795021
1.7706009895075
5.5114896007936
10.5214303244961
2.02013807845008
3.92770246278181
2.83917845629374
4.0077477528973
6.58257423214442
3.2837183970705
3.61240122292345
5.45365457638151
5.30610685728706
3.86077932942135
3.67144169874704
2.41435076248181
5.51882062860018
3.50910625096987
2.80570915439348
3.70180236790431
5.47231742624372
5.6116265055744
5.66389266005535
4.28838939564763
3.37418903212448
4.86075100102647
1.45664817161542
3.54851643811602
4.24318755938735
7.86533873523581
3.64956833807726
5.60689987239688
6.73640006786613
2.91975196560773
5.49547430010414
10.096641825143
5.45382741168227
2.51577265984014
6.1051654157698
6.34665377936909
6.15293737560272
2.49162139119839
2.51266710984035
4.59973266989292
3.83733342868698
2.3717678468586
9.28809690453812
0.0214476213133406
2.04571232115964
4.82989226216051
5.0628301019095
3.06244510621315
4.28377224524047
11.0709633230516
1.93164242476039
4.20531918368498
5.70611218351422
6.46908887266159
7.58685079230234
4.32128042870448
3.02260810625635
3.84503143677063
4.49329443448861
5.52354951335246
4.12543187528644
4.12965471527344
2.37811419545171
3.3539690415231
0.994691250497183
7.05531089708508
4.7996565076626
3.05496207042532
3.37501510617604
3.63523423354553
3.54952543171956
2.98790578523719
3.56511022968469
4.82556205882625
7.2220139422673
1.39872051787237
3.13695337339107
4.42482390622542
3.94674786649936
6.15658024464773
3.40343525141818
2.65034179028352
2.68442587591398
2.02627588769617
5.83363929070081
5.4757261462661
4.26480242935068
4.20459552551182
7.23534954734774
2.42190745007421
3.90762172799327
5.1732567065742
2.6800146541694
3.02140374219009
4.34104213664533
8.51716243390491
3.94555147700956
7.87625402680247
4.72552230286578
3.06470123984492
4.81010789855495
7.25179970918551
4.25600865996086
5.05134400319562
3.32255791347271
2.68329371134789
4.43102154893542
5.66598697600025
5.72215204527297
3.79566073480307
4.51460307508841
6.90404262764525
2.42795939300935
3.22791282937692
7.91837998439192
3.70881054906101
3.28918513712
4.06630889058803
2.87577216799317
2.76265606430387
0.0214476213133406
1.43145160944419
3.04895054254718
4.31302649148293
3.67420017282161
2.74391290944011
6.13232908674638
2.56062993939091
3.02578313946176
0.701152689894343
3.62659532713885
6.36744958900814
2.38513262070742
3.26030372177853
5.78097273972343
3.66243614984627
2.40070121676246
4.32580188536295
3.7037229539314
3.75887098779464
6.32326508410612
2.13654999672129
5.82200199566056
5.82984114839856
3.03329553396623
8.22963897535195
3.30007528344514
2.27780455184162
5.9382998627274
3.46526470519261
3.16679981953228
5.8472610519615
3.1904552443271
3.38739258773592
2.58491047214108
1.29590767777891
2.76219003582963
3.13224445194694
2.96082851215777
4.20742133245606
3.23794346742276
3.56604993462382
3.3611624315224
4.16029180463845
3.32411395035455
4.30492735878658
4.21566052116685
4.63833415891035
3.67889672293169
4.08695618075539
2.48278424693623
2.90766527859942
2.0620199370423
5.55256288359194
1.51026025294032
3.0250255327044
3.69897896163065
3.97665680650152
1.34151983252774
2.71796958753448
5.39671528025938
4.38434691607025
6.67665696845898
1.24317843115925
9.91038572908351
2.61354852167071
2.57521796868687
9.21164905954698
7.18514990206902
3.94969184302298
6.82748395685225
6.86277270287397
9.94681604240008
1.74532382838618
9.81858067436864
3.71430368777891
4.85198983710164
4.39494937924747
2.63627538608257
5.72383542589701
5.17031362825199
0.0214476213133406
2.89407902107015
3.75648768945185
4.54030284607842
2.09941322784221
1.92608607118353
1.81597953136593
3.89016330991902
2.33339274136101
4.2015024288439
4.45549519654674
5.24446908777687
1.47536361498799
2.8392332884211
2.36213170390464
3.60838330737843
6.07855527250213
3.0996701499302
4.59562172579569
3.96147291829478
3.45606963016948
1.50185552719364
3.50682778538135
4.43261615737617
5.40684434061138
6.104056434829
4.36473084855485
1.86776243751774
9.82238887290766
4.17688891473916
1.60430947320108
5.86514663646745
3.84555752772847
2.65630464368071
3.27238418867968
2.39958494254183
3.59198422004254
2.87339810295776
3.92353907098365
6.46087051805334
2.2128490316141
2.97500212027888
6.54419295446305
4.57287446937665
4.91625069881203
5.78763933668341
5.11908923049243
4.00391267705509
5.52981677967568
5.4326437830792
2.83665688192752
3.60980274162924
3.21756193324444
3.37684478240121
2.94029486234942
3.13586644416517
3.61579162507938
2.37685911669863
2.23505287895846
0.967713616074394
5.02718344616244
1.81525312844075
3.29126555768259
6.64414523172204
2.85672237526184
2.40071449897799
3.33341819996073
7.34354881786314
3.95882108439463
3.49911303849677
2.98843321546851
3.42461654284577
4.23099610488727
3.26931314249219
5.88222171149722
3.75160986303886
3.22842055675559
3.29841843815203
3.04013855304848
4.32630844471071
4.00077714506469
4.29397731584893
2.15382194050542
3.80897892664997
3.46356134169545
3.93683421719215
10.4069864851305
11.0175339851091
8.38029919468281
4.59790202486875
4.78570550886364
5.02574086054193
1.81971024154145
2.75756934143014
2.78588236844649
6.31981235277357
4.60873139790553
1.68946705721814
8.10819488103215
6.44568244643575
3.03550006405777
3.42150069360846
6.16721908350419
5.3549625028841
3.41928358291797
4.20174075279653
2.69882780305409
8.75842792165147
5.72754807734489
4.96134006297656
2.65262248589448
6.44618028419714
5.11352297938361
2.30603577838382
2.31123085905194
2.63031625245651
4.87238131768834
7.38414640358957
2.94931090300686
4.23788251330447
6.74230537812851
5.81808086666089
7.67568267251765
3.1531499823477
4.99092160192601
3.30004112567814
3.68748287656258
2.2473844426936
7.31911070315978
1.39094686204369
4.53859357032281
3.27992750006854
6.92504448727932
2.83249187587853
8.29210492445315
4.03206499941287
5.30902986079349
3.23762168554288
5.33054518335435
4.54965902680227
3.5810921171803
4.47271754877955
2.06522060675651
4.66958787906936
1.92227636369404
3.96403667534378
2.79091701649501
3.61689901461835
5.08879675431781
2.76870652031083
3.75686076902803
6.22623975061993
4.71904417386557
5.61369943362825
3.17083059708058
5.41445541826155
6.20796732911363
5.83048538574075
4.59611435893575
2.9281450155614
5.70293073746797
7.19467649143755
2.98387228882532
4.0176814623791
0.0214476213133406
4.87701649879604
3.81896454622783
2.30376383273906
3.6006513558189
7.98392581802016
3.86969888872082
4.38873079467502
5.80327386830313
4.15905540654488
0.0214476213133406
3.47620154093463
2.87261762454834
1.85992160697383
2.21637153379941
2.35996088404959
6.01128830796242
2.62036328766376
7.42650179765676
1.67621167244582
4.84330604679103
1.87883313179918
5.16489473192962
1.18129169183219
4.51777702093548
5.83397401658106
9.35888732562904
3.06337417157842
3.64471419791322
0.899270018250081
3.7743719141773
2.54192985836369
1.73036309609118
8.30822319582772
3.34410879215881
2.95072859704005
5.83825927626651
7.58331797611576
4.37458656921652
4.27913251465396
7.09079520148571
3.32679261827332
6.92487684890045
2.88330388386066
7.44486087127891
2.36219045981131
2.9431801196502
3.44814398531867
1.89757841709164
4.08315021080657
5.26449898154043
4.85173188798302
4.42459911897318
6.19597415733667
4.86165709290873
2.52762305155681
2.88776121365236
2.35167039481875
3.80442875707224
3.45772997637553
3.18975439736288
3.66797786215962
7.07547391453074
4.54981587052859
0.0214476213133406
3.7777861193903
9.53267445533948
3.37962711135296
2.72273268379338
8.98202184838404
4.51522710791287
6.88980641697239
2.61520279453366
3.50855614773254
3.06374348699922
3.24771772484395
5.91257514720928
4.0857496628336
4.72955532816464
3.05819284751528
4.1536568695117
3.24159062747249
5.46634841378025
5.43925579834517
4.50183035882175
2.80331333172547
5.39578391246403
3.69882145827503
7.68691096308649
4.25318989195772
5.2711639121815
3.64286167393762
4.27319410553151
2.59207139050904
3.10798626698047
6.56520240180134
3.37239597038662
3.55739387857797
2.2458787150057
3.85879665321024
3.17278620685582
4.8158545788259
5.02689779684845
3.29192868601993
5.05952365332842
7.62338240841672
3.16970878522218
3.62965399410891
3.59541252628671
5.18898059652266
1.55374240909403
5.42082611121602
4.35511721053423
3.4999191895184
1.68510603803554
4.92292293446806
8.57919338253666
2.75618746770291
5.66666451449845
5.70607274310465
3.12846496057513
4.59860236486861
2.43243465163821
7.91875511750951
2.913382545123
4.48007383999564
5.01293721622977
0.0214476213133406
1.74859513971027
2.26680508246737
6.09267060952264
6.38646283033444
3.60802396317784
2.02274209685429
5.86462781975678
3.03554805200648
4.16618236425722
2.92634333593498
6.10663109260244
5.20432383196158
3.47229007445477
2.96767181502481
3.1406468723541
3.70620080721153
3.37097121584012
4.33767484857011
3.22434298491641
2.28786554690333
2.39110863828005
3.80242178048502
3.78600708881993
3.03898685846746
2.00501834292656
4.34823797891913
2.36518771524843
2.60641247989075
3.10055915660906
5.30692999059434
8.76161118345879
5.43363184394841
3.66339077440203
3.11715560109056
5.0750492137992
2.03353783317801
0.92209227961757
1.49494204582166
9.30937520991134
5.37895581421938
3.36528455217141
3.99530115792368
6.21330018528179
6.96411693166226
2.5632959367451
4.3317752880232
4.88323185890985
5.32133715773193
2.59028433810742
4.01383802209995
1.95845564394107
3.94467979260919
4.56332942243955
5.11063436116692
4.53454627291132
2.35316477481297
5.63662226297473
6.13766113420877
5.50719271485107
6.21294476928566
5.89193361342879
2.55257832448068
3.17484520171229
4.48178345386812
7.82260806446184
3.76770625980117
2.04667606116322
7.10528660378112
3.79736815909315
6.23516248719622
5.03982428344857
3.81780083727296
3.65808138441152
4.97899421360568
4.99599081545331
3.88078362722443
3.93311793323749
8.46832460783059
4.23386899383178
4.17260733836132
2.69500576375783
2.49236886294403
2.62258350530822
2.75275646684248
2.87546888321591
3.58871772359356
3.55761970978733
1.65373334637829
3.3071840255509
2.63000769070723
3.1022097874662
5.44352319107087
4.93755363095226
4.64983494749219
2.67014472895585
2.56858968251077
5.01119564229106
3.3887529532844
3.61443701170523
5.76444137160188
4.87938163887314
4.94339336467711
6.08412938288768
6.74906161693924
6.78487541344548
4.23251617140551
3.97246242405907
5.42247815177676
3.48774536938888
4.05082772635004
4.7794294156209
2.9082121884278
2.33204368946859
6.8463259361515
1.46738194628187
3.10711834482801
2.59257728182954
5.99866065478922
3.93945653361971
4.09729644317486
8.12993593902867
5.64790487367588
5.18634843714067
4.00652352915426
3.10849251879266
4.37187076187298
6.09577482180655
2.33022954477107
3.15209842823944
3.93644343064016
6.39955583305173
5.44578355425579
3.56969159017961
5.19408364996568
2.19615481290001
3.30713640593067
4.63346788863674
3.68820938353377
2.7203506463875
5.31560874191882
3.25575938388044
5.21340362053451
2.82363430138812
7.10154369001696
3.92975340310431
3.75087331126523
4.31769651660053
4.25067541624269
3.27991296760312
6.95243965458059
3.42370355851454
3.49304480345052
4.66020136968621
8.42736967893136
3.60202878832762
1.05553146471834
5.94201746963017
4.51510495433339
5.11162074984018
2.23699071716552
0.248205675601093
7.32683014388377
6.4815068065676
2.74772281429411
6.62807133733571
4.64349307342142
7.46134500233931
3.54070613586345
6.15894966567922
3.20322019104007
4.47793989523557
5.77587789519181
7.12540169482613
8.00165466573571
8.34608982123171
2.92886113677967
3.89835374388009
3.86815591650632
5.02104389114102
6.67756239802654
4.31662570304734
3.9240787912493
1.34476637611639
3.59537530933623
3.93024469522933
6.52459158260883
4.52008944227688
4.23401955663006
7.01434530538491
3.35342207072986
4.57246132504874
3.87815247596425
3.19156710528233
3.01985115373325
2.74248703800238
2.40597706890828
7.75302340658003
6.62824310274272
4.60035530323061
4.93508124217202
5.7680795844495
5.0277932027779
3.63255617849278
1.77768702078481
3.19572075221786
1.84536765610585
1.08770493092605
1.78870132404164
0.0214476213133406
6.30309161326063
3.80285051419156
3.64087167283129
6.91881529133524
2.44808584988675
4.34992491884845
4.32175226449669
2.50537687737003
3.25894923796108
2.14851992834294
4.05808361611082
2.44364430857842
3.54058594000707
6.60634576353663
7.62459407507563
1.78493430920568
5.01042643823299
2.18463779804054
3.42845856934002
1.18538159644286
8.61444797132311
5.13824788758332
3.00447238886092
3.41542269078812
5.66408936043021
5.91335288777923
6.38454897119026
3.20741842038182
7.40992674388102
2.04520540486685
4.49277657736459
4.91087883147065
4.9546738638005
7.41738990174685
5.26377412274652
3.4245290340253
4.13470599916628
5.7836537363953
4.8168412640947
6.34968433412511
5.82548322325545
4.53364173929296
1.88733417738954
1.14465565246432
6.92599547838278
3.34363619606796
2.9888684562043
5.6941888566037
5.50634693674563
6.88422838402933
4.27143029751042
6.18230156786783
4.1066496886239
7.06366151844506
2.13960851741882
2.84769824280498
4.88768315672286
3.22986229664281
3.97739949628981
8.52923549385652
3.23651765038765
3.91883030833784
5.24089417306502
4.75385129291546
3.55003892793228
2.02768113554204
5.62401608619967
5.49982859245974
3.96280401976401
5.12120056092449
5.23625649994497
3.51379137623224
3.3121690505215
3.16422462334624
7.14941336176055
3.45419527781563
5.937091746055
1.76562917617858
6.88746843342969
4.86381609651762
3.26492048074542
6.03867885597438
6.0787924545246
1.56196978269417
3.66831356784209
7.33118408254372
3.21116886711055
6.48131527873907
6.64588789009166
2.12070188352415
4.58647687781526
3.09962863863509
3.85713523093546
4.40931834878293
4.70581857375756
10.5951216594697
2.79371433050682
2.49231105307865
5.56082431730199
2.60766081307223
2.65271250327511
4.04600942933447
4.90651793854634
5.17544042393175
4.71155350921039
9.47007552079983
1.76474401655475
6.27596609604929
4.27219610486712
3.33191693757643
3.23953592867725
6.37630705432112
3.46063167354363
3.71632425830007
6.1199595133529
3.35268025325921
2.2673073724229
2.6866690671757
3.64046903416368
5.01703206427149
3.91041829424654
5.07299131264038
2.84203371715274
6.04304471638222
2.22236808561089
1.9171567533962
2.86852515254588
3.55797589469359
1.86149038177049
3.5712991083772
3.72506851286337
1.57498369682314
7.04396113559163
2.35075586837988
4.13460158898069
10.4280688500039
8.06388064823748
4.96705832502416
3.37817336112713
3.43584356571916
1.49216926277379
3.56337063220214
4.10469353606376
2.020629412966
3.39705434795047
6.90561797847592
3.32343818450978
5.31447457750801
3.5691830742881
4.47633583174722
6.454647094263
2.7257148953241
2.2033704396558
2.38558847924756
2.13164695011684
2.52295402290053
5.80992685335302
3.09198362512397
4.01560440225983
3.40556622384995
1.78721472991896
5.39515760916409
5.34510479006475
1.96482017747945
2.60232086216933
4.63844818633522
2.82063328708811
6.39046372750389
3.68992865339671
3.11260868827458
3.69033638050286
5.68942893351113
5.31671996036197
4.31534207213589
4.76876659288876
3.41967309721125
2.97250157116514
4.32774728256182
3.01529705597031
1.95247644253797
3.12655741518926
3.91882908139839
3.71432197924601
6.51654648514458
4.43712744800883
6.18586350311185
5.85808744723459
2.92277466358774
3.05889496426549
5.14922561210965
1.98637625402168
4.02021586046802
3.50637077827772
4.53881330384728
2.23227745454454
6.66266038349626
1.80516706741991
6.79147475086972
1.6838118690582
3.43322038400454
3.38281836211927
6.85291559901687
2.70187051681873
4.3363630202401
2.78551893351248
5.12362348830094
2.88807291133198
3.22347062147544
2.27946964590246
2.74248248618937
3.29715854095478
6.27196238917452
3.93005015737663
5.11069919111137
3.45581222032207
3.64087685218886
3.28149335671419
1.57523794878543
5.43445519040312
3.77675320000268
2.97409822858714
4.05948570325152
3.7595347888221
4.60904837610739
2.05208067415618
7.66789287357385
3.71416571722531
4.01672640667991
2.35840644467727
2.49192682683556
0.0214476213133406
5.23572504965131
3.01772056372912
1.85017751203426
4.11063832993216
5.34693690378759
5.31049009945256
2.39839981433853
2.32060207461511
3.65996163160187
4.54314909263841
2.91627265655625
4.38616312277624
5.92817244903675
4.34250765092475
5.09940122386719
2.08586897430067
2.93918854537885
2.700319623826
2.67917559800903
5.18360422304058
8.68165295485615
3.99520793749291
1.32337522202752
1.79376613060335
4.26254543934081
3.13345072281989
1.90580814290754
4.00445853380093
3.03672010141342
4.58290101299023
1.25656144705165
1.78078331991752
4.84371958199589
3.95519378339736
5.90254289034524
1.83218862227385
2.44275504625917
4.35355378872953
3.00297936997562
3.71722818234099
2.01988632984903
2.32606204717929
2.58146455049796
3.31741382949309
7.09912788342584
3.04715022455131
4.75648156150529
0.542231060920481
2.40400747000115
3.31641934330732
0.313938490312715
1.85361977486636
7.07611426597196
2.2452624479224
3.51771775830861
1.47958888407153
6.46693438240418
4.26054466862994
6.42065675870875
0.98164738061575
1.29067790720982
3.16342107832274
4.1666491159208
2.85841709728289
2.78002172819356
3.26069819602073
2.99872640751695
1.63412881820245
2.58738689693237
3.32954501212199
3.99365131370176
6.21265290498324
5.1889671152768
2.73791565560315
5.61865981769467
3.00087711762091
2.36573588096386
6.1189184992458
3.59201973367131
2.70950996542576
3.02969246132828
2.38023588245834
7.15143009500095
5.5051859450164
1.80628199150679
6.78343568245589
5.13499346833981
3.16736583264476
4.47696198427253
4.61881396043044
3.88373783751296
3.6278838024005
4.0325611717332
4.60054149426789
4.40474833429364
4.72555938545355
5.11900520553637
3.2253389968009
2.16659162040301
5.6333635096565
9.64388061485685
10.507154128129
4.97002090341832
6.87162455273667
6.6421271864086
3.99272487344972
5.36590086714117
6.55070400861489
4.37317555922106
2.92187417291469
3.65308981826444
3.0487066811168
3.37994340560501
6.10051749840994
3.07744310023159
3.07330830126476
3.80352846624863
3.41623317749649
4.8809505759022
4.92913750614302
1.97831291985778
2.57105307101315
2.83774758592623
2.16502419032064
5.88204376987405
2.79180705429046
4.21975038958773
3.39235448526399
4.39701880908404
5.35973362426727
1.27893244387427
9.86075406900213
6.45773237046778
3.7750550196861
3.60834176293218
4.50148539373804
3.37154052652323
8.54548683123861
2.75856411109467
4.99966863780785
3.50836861077123
7.30838447193645
4.48615946812854
3.55046580180507
4.39801453080876
3.68962117264024
2.06210024085888
6.14039089431873
2.69229227980312
5.1660133115511
6.38668901994324
2.7006188157282
3.26867792096117
3.32929650748308
1.13459451614021
2.45629399603282
3.73860390945184
7.81669484881239
3.11522179789303
2.06635803552779
9.93423132737255
8.54722128627815
2.5880691733732
4.15205487764337
3.94379456946249
6.16964610992382
4.27692395925341
4.25995825174174
4.24604218674159
5.66304363873834
3.78317286773158
5.70783359137453
3.4994879912461
3.03504260229662
4.25509197376227
3.74388234952204
8.38681563240686
6.8158395093824
4.46703077475182
2.18514279895808
1.8963894813748
5.85976320732952
7.99491863955495
7.85016543368344
3.72550522091443
1.91560435966789
5.3957702936237
6.29640307631808
5.77684051725248
4.64581864863804
3.18275141806641
3.18798029817828
8.69902097296914
3.48710336698696
4.2925768609637
4.62120482542062
7.51136731916035
5.76731869064938
3.55141877264837
5.6724227685935
2.57108813960322
4.28397417971719
1.75093208613944
3.9086541901092
5.45707604085979
3.62758944739227
4.69628288385415
3.81999173955488
3.11948049468062
2.99395992771955
3.21764192833215
4.80542772469628
4.93947758806223
3.60221392114978
7.11469471079848
7.0669160472215
4.46200272323929
3.48986698433412
0.0214476213133406
3.54888450615242
2.52379378925715
3.89546603301495
6.77887605601225
7.17235384179465
2.098430442577
4.78402263013639
7.79481554634341
4.61578240994673
10.675585137815
3.5477673307857
2.95250972006461
1.97751265329277
0.0214476213133406
8.95445784202565
6.99326153947027
4.77860544609674
4.10887951023106
5.65086885029605
4.1973404867308
3.07703395526772
3.51130442389514
3.66221701080122
2.94444227084603
5.21007622627496
5.86639503509851
6.17531755128398
4.86910026965466
3.5773761629619
4.03587412295659
4.05467910668364
5.25141497862162
2.29671775700219
2.80092505947141
4.13176448674355
2.63334636208015
1.57800124421555
6.27862775579609
6.21777258155347
3.36480612863976
4.36510647079456
3.70513709376069
3.42771633568452
4.19102936364001
4.11816522601316
3.94193088683463
5.63338161727594
8.12883450258118
7.56295690420179
4.78177818633893
6.3760280390183
6.50397606828819
2.44085838582815
2.88268718871844
3.20965943206582
3.56709588115581
2.40258497953871
3.19425423449138
4.99960625401542
1.68669427567358
2.84714550489742
3.1542649637259
2.85770494496908
5.14350053375965
4.8572871224589
4.51684275681435
3.71407932680033
1.43335374177228
4.57075958181878
1.76617131838529
6.39597946232737
3.73947292260535
1.13426122253671
1.93790467110046
2.92670358154363
2.45816685410026
2.81152193079201
6.25928154093349
1.87097169572022
5.54891095220594
7.54294023563922
2.53831558697682
3.56581329122295
2.76797733103695
4.19771318154288
5.34613598968359
4.91623504500883
4.44177122687871
2.50619827798495
3.64057542261917
4.74566020947567
3.98752922745046
4.28057597303865
4.46457531198972
2.47346730756272
1.93781283522145
3.8094363912257
1.794629828527
1.91600009832952
1.53913609677664
6.43707300849276
4.96972535462205
2.18637824691791
3.21749171570426
3.64288677267775
5.44064836105174
2.68397392775415
3.75371383903854
2.63970462353404
2.28568412451861
2.7730721600488
4.42876770793966
4.01203104651811
3.34336049486631
2.1914169896586
3.80043073701697
4.62112237070161
6.21872826439927
6.81331235861864
5.32418601042207
1.81309377803851
4.19636415916393
4.10818862371539
5.14692539104871
2.85255554824435
3.5810932633169
4.29617142816902
4.32087537682452
4.99615676518122
2.83648318163975
1.3854310993245
1.62738727702716
1.91869951144652
6.50921884559654
4.83484826463328
5.4391454950668
4.56366194051303
4.29614590443447
4.30948048360816
4.25908849013391
1.96774503757417
2.54093072553142
4.96493611054736
5.79335151839768
4.01601484995271
4.47410973322528
3.62566317604433
3.52502100362273
6.31757664161373
5.9238311629778
2.0786802337685
5.01602509757819
5.69639027767775
4.09393056091786
6.41043832773486
6.23890787850695
5.89940174872852
2.39235243148651
3.82725092302101
5.53474886860445
1.21631151588982
4.48367959366247
4.77986500994316
3.71257387484858
2.35490406141837
9.51289381199422
5.96135829340157
4.09181052942155
2.00254245638238
3.20780892112606
3.07247829861188
1.09356300820445
3.99921194601361
4.79296559129903
6.10846759338598
3.80753209165721
5.49849818386217
1.70653865049509
3.12809540719278
1.99290744971967
4.67922381433858
4.11686352031602
5.20306552054948
5.47487938354022
3.59555350444628
4.73752249650696
4.45396400903658
1.83570749820099
3.40489438949025
0.777686661413268
3.23032339011836
2.91297617239098
1.98799031641342
4.57101631813279
3.91700119976595
4.43309196488032
2.4540315323024
1.95245662981241
5.14944470295047
6.4729392838008
3.5821161134653
4.02719009534836
1.67454507550438
4.61184017491943
3.7195151281102
2.34347490195655
3.32807514670882
5.14652653533536
2.11123277646787
4.65130924059403
4.92961191460583
5.1712991609578
4.79481612224876
4.99704188945762
4.17413072267279
5.6814262688584
4.65299396616847
4.74869737238991
3.53384435501743
2.60223945996774
4.34660520666405
3.51201860504957
2.00091317956771
3.10209278839975
6.2908590184427
5.36013880695543
4.74179875040294
3.55805855455273
4.80742315857806
5.09448167673478
4.46717301104681
2.03874212626719
2.0949290135702
4.14312702505555
2.41966876256458
0.914618999379232
3.20821040146968
1.66291478299484
5.16722931462519
4.38115636689865
3.69204389757955
1.34444916388952
1.31599372881051
2.85764239715313
2.47182297470346
4.02910573713121
1.41406766880533
4.46613959729566
3.15112294353954
2.41450409229467
3.69014736218902
3.38207901999022
4.29226907722573
3.78521561084415
5.71359938911715
2.85239166415626
1.98680804000338
0.593980162391982
3.23597225032326
2.49783361934981
1.141339734169
2.56405555701751
4.88707684305887
3.88184812656095
3.07895462068336
3.49014543919617
3.53784848995263
5.19481063980361
3.25498941206396
2.74685928800417
6.23390135229187
3.98685793758452
1.5488667158221
5.26400141792575
2.13051218861857
3.85737768577631
4.28202433353467
2.59914131188832
3.97841684353051
3.22031661565937
7.50366482295926
6.95255630314186
4.29646393007704
2.93362957941405
2.27317851876857
3.49032059362686
1.2700893038224
1.49095915306944
0.748270019384803
2.58653867333872
4.80892521530809
2.81516807081762
1.7324048359713
4.76816137087378
6.05479112179897
4.68013973802973
2.26027819774761
4.18032802106298
3.56459308533958
2.0199568226517
4.47310057887689
5.2372981469198
2.99062717172262
3.38063454536174
2.57690742839877
3.85250222719971
2.78339997528189
3.61919589300275
4.85089145663657
5.15961862415063
6.69036375775523
4.2365283659354
3.86410548133697
4.4631305361123
3.9603191377646
3.00129405944113
7.30798306389761
3.94045338554153
5.38257500870034
3.9693067962999
3.45968971687435
2.67732801860803
3.95323203259174
4.37028530637883
4.44266052154123
2.91556225326184
2.54352576879806
1.54433518302202
2.90840014061257
5.0955109117768
1.52115601032687
5.3578054242064
3.38542442721455
5.17737646644487
3.25433436510257
5.19150975243259
5.06958098343216
4.79195625160165
4.27746576140056
5.57210163134448
0.782254836675624
7.46752623729713
2.53673749365218
4.04493937773875
4.63747336508244
3.41803827742239
3.33938713419
2.21490077053519
3.49895976388905
3.78718391542106
4.66841358460305
3.8866854137489
1.51389668597838
1.57190560456253
0.592710683646098
2.4264286932045
3.56382111734309
3.83254027075238
2.52523534255829
2.83620682884989
3.81794630487751
3.14702873101744
4.36541736778131
2.01193305264188
3.4343714963374
8.5479216585778
2.25186310897365
4.88827462411233
4.64870434083871
2.55236869924852
6.46724816775096
2.51846105376816
3.91913708765519
2.51226799916249
2.6132475359658
4.71462250212355
3.13176054058393
6.96824458168943
1.80721468525627
2.25770034705171
2.78466891982815
3.0427581388477
3.4213336562055
2.93007215383312
