H3_JulyAug_Temp_Med_z
2.39174574189483
5.7576794606388
9.78045865421517
4.47216309053242
4.93752137251262
4.22303356506789
3.66242325983061
3.35649641720817
5.88510884135462
3.80690304212727
6.7662306533238
4.45626615186232
2.31500903235802
5.01283582914051
6.0752360375712
10.7918388447111
5.84852582053623
4.27508814272767
3.67700480458784
3.76787301947236
4.59046781072087
3.02059733929378
4.13924729924817
3.01428987674944
0.884095147542576
3.61758568811966
5.62459197379377
5.56982632663596
6.10927814598174
4.28843180381876
7.00358829461534
4.86168361796998
1.51386358177679
2.76281390685159
6.52823082703559
2.91802741127146
3.33729160234727
10.6946430731785
3.16988071891835
4.30457388629469
0.66969073756129
3.84482627847319
4.72428147175238
3.71422055857405
3.05382532063458
4.04430733648035
6.06568196018452
1.7460236481403
5.57409930795554
4.19084704241418
5.55208150497433
6.18078151264807
5.97648217624099
3.38075793175871
2.81864887860213
3.59054552672524
3.89672629708604
3.63076478411513
6.43976843659152
5.30302543760697
5.13402207086013
3.24978907268839
2.56631037084036
8.72319880175183
2.86428564969496
2.32535961894072
3.29505862404481
4.7415097028312
1.68844375475937
6.39654343065138
4.32284898822244
3.36852568660785
2.59074488107907
2.8380905248342
2.43833323116008
4.43228870892264
3.22920078307583
2.83914360760343
2.46691119046531
2.17355305884052
5.09474100679134
3.02635745839688
4.85435893009763
0.907210529231206
1.9562766214255
7.19167022423686
3.20061821412211
3.0311656710679
6.13036426145137
3.23701784565864
1.67631369787559
2.17364014528495
1.79384321455646
4.14110163638106
4.44066307183554
1.94201790130958
2.08532613680767
2.51159472160298
1.94984531217064
4.22297603887143
7.96586462200523
4.19085127083681
3.91919353739022
4.30835515024744
1.87374269133407
7.46868298000882
4.4194677174347
6.13142791980702
1.89703206972649
2.88668222996374
2.59917419024957
2.40069451895225
4.54106667318363
1.31867279025222
3.84773243853364
4.51206571866155
2.49850280688392
3.70373044842202
2.41438599251168
5.68167413013881
4.544651557108
3.65561339238354
1.65450893551275
1.93959873269784
1.91771533968451
5.6361650113101
1.68923176293208
2.291912359132
1.89366762280889
2.89006963655793
1.4377911927854
4.53969776039203
6.47093406213139
5.22178793084702
2.91328052505937
5.88884434492324
2.448360078784
7.29936894883178
4.20440396008081
4.83648563146044
4.09701288760946
7.24261269299675
6.00965065038484
3.84904290634926
7.40241735571933
3.05883386132103
3.25393082736263
1.3059164079799
3.3742410285756
2.82043349967424
0.000483227801067046
2.40084108187259
3.41245369151185
7.14669634694232
3.72483985946109
6.00234443803948
6.71089639102771
4.49939595705666
2.90104450724029
5.46111565762164
4.06065980939014
5.82613053520112
2.24665096158341
5.57519926369958
4.61252972109565
6.53065224223421
8.26673807924286
5.9009817246842
5.08913107114214
2.81597663292449
4.33914766517373
4.42200833148609
2.44730362837119
3.52516620807322
1.41351390762567
4.93691979956652
0.0683301812129332
2.1395846408063
2.23283144837959
3.60513054333598
4.59736153066601
13.1458829279839
10.0531517221589
6.20466748113459
1.78512396228459
3.258110459132
2.87358232484699
4.0119969669288
5.31093894123271
3.8809434421293
2.10016096748022
3.9656535429315
9.1584099525796
3.92031173873451
3.61616617922947
3.13063084786827
3.66029946773763
9.29364475736836
4.54387948957216
4.88068520929551
2.81601396704015
7.03077603565639
4.71524611695813
3.56026058606572
3.36137100195498
11.433860446723
3.79392269668186
3.88582324551788
4.54417381246214
3.15211174261206
3.07833231532811
2.50661134800929
4.52978044323225
3.31045316845139
4.11347986538527
4.72311058189766
3.04361795506839
4.21152410507254
5.79303710229557
2.51164620685656
3.51906714115704
2.32761924347088
6.54380803482282
3.4080873204261
2.95174720381259
2.94758075024306
3.06127089521904
1.10083920206619
4.92361270506465
2.76200382383591
5.80127115577928
9.09305262666528
4.83732299598307
5.0502475729948
6.53204761978633
4.99332507923586
2.44300658972479
2.85903310073072
4.55106679820725
2.21837479167234
3.61077109008397
5.31147114272184
2.1364849258354
2.10381088570071
3.02590396288232
6.42094044645879
3.98785833593064
2.69246477660908
4.46723089089286
5.67589692314997
4.01307230651541
4.53302416111782
2.35709387600336
1.89924036066243
4.97633918868255
4.14880050524352
6.04769190409239
5.72244807947058
6.90491926903908
9.25108167495108
0.0683301812129332
6.06414470792984
7.08746731458017
0.712477264921562
3.11500520885525
6.14069437734974
4.90989460449614
1.98587666199034
0.890466127296359
4.15793262286679
3.98083965019435
1.10631304838747
2.74527697489613
2.34400215298156
3.69630351880679
3.63269515854317
3.24909538401252
2.19818628957396
3.47572754002363
2.73368677126723
1.79410213489768
2.35505413313965
5.95913299969457
4.44163387484703
2.61503150353491
5.66480362731565
3.24227996168218
3.70788963642086
3.91381211887606
5.41710453530482
5.44414758505162
5.15061751054917
3.96463850651787
1.51495636032999
5.74125183019152
5.22174628834421
3.31467337426338
3.39083883083792
4.77751818890583
5.20733330640464
4.7683673501613
4.19404133789241
5.05599133656438
3.51589672343919
5.34834345708788
5.19929326410753
4.46621691101342
3.70000564073546
3.43375458982161
4.98258370841309
4.22674256934068
4.29156402255704
2.09779607065496
2.20609600403155
3.08797308944205
2.36746201360639
4.55049714716914
4.78583614647098
4.31677935410701
2.82631074605783
3.6934400141954
1.46721102065825
3.52699018255731
3.11139727776783
4.40179245573602
5.31901107550282
4.06624702158687
9.04994413854379
2.59170862925084
2.23675021966762
2.83159493685094
2.84721226052379
2.02896387439379
3.68965023274058
4.08793364036466
4.71121392058302
3.5307521247192
2.50453878245861
3.42008518450771
3.44654621550113
6.42625151643148
0.747139617417095
3.39209690409067
4.65117942681742
4.56836792033118
3.84049268088346
6.07584018722551
5.7035884088211
6.16879559592316
1.58945543438002
4.01400368457583
4.80342757623407
4.62951904197224
8.09569937327888
5.68792739740762
5.88910224422243
6.5224712597302
2.71112646150865
2.45124306376123
4.68542565967235
1.97004180343461
2.95327076361593
5.05157202581219
4.56068244948463
3.64716428873417
3.38269155306393
3.08360433671141
2.19578095521123
6.4071230257944
6.06167687134824
4.33431294638325
5.57849235179678
4.06334605902446
5.87061525204736
1.40025111990928
4.34936809234456
5.76377786984418
3.24743509035083
4.37507605388701
3.99911823206379
0.762189771666099
0.459059870886117
0.819902577392702
0.618577509687078
0.839077146968921
0.629490605390432
5.79180915736742
6.1891198733152
3.69339490133833
5.64354554305507
4.75742690201145
2.03850619527395
5.13974414853544
2.9296705178081
2.51559879367727
7.04635538637941
6.05641266359815
6.11783150196215
2.01224593810562
3.04881239920583
7.10140144655719
7.56136982477367
5.11910308262876
4.02288718368027
6.68594469818857
3.53410053444523
2.10234455858338
3.78129752172123
1.90290430693659
1.90424213888738
4.13412218018255
2.43506208972179
4.81290406269018
4.78639800313015
2.5253652722913
4.53244983596213
4.0331937025393
5.46020515279284
6.04095293374771
2.74408133978733
4.42465374130141
1.59082694547278
2.41463363616912
5.30307346403992
2.40918477042689
7.05689707606148
5.23647041319043
4.36028607197689
6.20156736477338
1.95951670213997
6.26347320982831
5.2099012994609
4.84395775122179
2.15575179670872
2.69923920222248
3.54791306138945
5.2311906331064
3.49906796906535
5.45009868920198
3.498547282578
2.71400924403674
3.67173615710814
3.79976013183305
2.98098829826145
2.10532634870675
6.37313100953703
2.05592776094112
5.78208614982892
4.33167174229372
3.87240241774925
3.82373340402178
6.09458839588554
8.2350234935286
0.0683301812129332
5.22566763646538
1.77668696371198
3.21986927744612
3.31564811686903
2.65830416694847
3.72886045268358
7.28760183668287
6.22691784179011
6.41013645955984
10.8437278508392
3.60107190140747
1.59306159155055
3.94396500634499
4.92403517509703
0.313786650822478
0.000483227801067046
3.14759841067319
4.39455837336053
0.930255855562002
0.484843220929403
3.29245286567159
1.56480176154473
2.63825949749335
5.80271999381482
7.27516960378304
6.49381630187699
5.11651188468037
3.89104471768118
4.94769448176909
3.87166029873754
3.0253889034039
3.86516812016824
8.99847914699506
2.76466453598051
0.266477530775488
0.268909900129088
0.131467501292788
0.375482203182048
0.000483227801067046
2.33828970509059
3.41920283570837
4.50479781001417
3.66374773239473
5.69650225618215
5.52993120499292
3.71608010298972
2.54971898787361
1.72397753361821
8.96156344273997
6.63996673199392
1.75359256271399
3.6876527628784
3.84427181871695
2.92094435715553
4.15545828345358
1.41915378027118
10.0908069063687
3.13314394181826
5.66539906179733
3.1571400624817
7.51825932383703
3.33805388382285
5.53070250984226
5.49562607473715
5.66091005820167
3.12012552121628
3.88846844620548
2.11686186286529
1.58044220305728
5.28168852501604
7.99591432892013
7.91121049818215
3.45981627713383
3.30801842547484
1.92768966432668
1.85031629336978
2.2035671440316
3.25607120214592
8.44380117920314
4.1988705916472
2.70581587048517
5.13279069721565
2.46836526977495
3.13480741464332
4.47503100072697
2.79268101122006
3.30090853866539
2.37148027039063
7.03631104400445
3.28495376863036
1.95945741969983
4.76586513836266
5.8277641215358
3.80862841439835
3.95159109135439
8.55903600098888
5.06532650185505
4.16036350142875
3.9689873541414
6.65770689933184
4.21144806012991
3.37952574584212
7.07507319605215
3.66009175234953
4.94301742795542
5.80127710144933
2.60541289661923
1.95946276610181
4.41702970901674
4.20605756997717
2.13541398593491
4.27554631690618
7.00569600346611
5.16772155427199
3.08385211986134
5.40996550575648
7.59224491151358
4.007892377692
3.70078372608057
4.33293211553471
1.70779680121975
1.55519047187248
3.69034698759287
2.05934064446215
2.36332585970983
3.25131325028801
4.18288741260975
3.76125378898016
2.97882479366359
6.63005105163515
6.18044478495339
8.16745113760643
7.6423120853281
4.09518820344779
6.52439737177999
2.54181411111426
4.83747469748712
3.54505983665596
4.84779963196936
5.1168814719453
2.98129438328106
6.63717815031178
1.9226716815272
2.15869235352662
3.45447669533571
3.19481779493476
4.40589833016057
3.05210144579294
3.50888957976413
2.68868887599787
3.01205483509115
4.51240224343997
7.68034413972582
4.01062092840787
7.94482956771596
5.66044164228402
3.13782213108123
3.70108234595154
2.98284458048426
3.20042686134095
4.45424484752282
4.9773966447774
2.3931246025795
3.96006949520424
5.07115987567842
2.75410511985651
3.29078203325279
3.74127288980946
5.79965623137924
2.78638559575052
3.47355487334506
2.80819299470213
4.3944741745697
2.62202286006017
2.84495328473601
2.36069360061958
2.29214306746555
3.24084662455995
1.01684205339732
3.63466247054595
1.99583944911691
2.0997170409662
1.95301490462309
5.64580670547731
5.18457930775674
2.86003331478051
3.42555237521286
9.67224411746528
5.37852133673962
4.39498778100946
4.1384761136253
7.09147504791625
3.79557311692614
4.19576526734177
3.91659117009395
3.49599457321006
6.71900548519413
2.48535978396594
4.89193040655306
4.76205281620903
4.94615667468825
1.88773006237614
8.32201189111105
1.92573412659585
4.2553644872837
1.91621171642587
4.55631029187483
3.44094043850802
3.46570753188138
2.63691916624829
6.57489538542684
6.86263655822718
2.9705430994815
2.77190337810878
3.29902627463987
3.6189556564846
3.9053720658287
3.50862765673901
4.02709012829162
3.09283420407782
1.29098997776059
3.18662852819333
4.79908882189259
3.76925456968718
2.3784097519899
8.30702324310096
1.63421310865264
2.07727631515157
2.93853659202335
2.96786616897228
3.48375217199276
2.99850340300597
3.73701998320563
3.69388107763133
7.88683622876405
3.58210971768641
1.60641739697561
6.37623181631901
3.89745398318986
6.11922877231594
2.92499015043444
2.38677490097971
2.28950553258167
5.52577742768832
3.87700952455021
5.2010788079995
5.24215316652312
4.65394630009843
3.08488190232415
3.46846482414713
3.1904557171488
1.75185980940323
5.14361444534446
4.66126031945907
3.70137450078059
2.64646969173874
4.94423983930154
2.87129187320256
5.30666893535626
6.23525154088401
5.52589981706747
4.40461010085558
1.61738005800501
2.57942347348239
4.06177713545461
8.17955388750299
4.25742936842724
4.40491184285659
3.34900238264608
2.20576347422294
4.28610275857357
6.03508521953945
7.20635446250117
4.35271638997268
2.3710739198578
3.54902278700936
6.82555762819158
5.7164257184534
5.30400363637764
4.5444546699524
5.85814596775109
5.3342611670602
7.52307527415305
3.49458341671644
6.59750210762085
7.25682350816191
1.97480880032323
2.30398372456641
2.56926745314868
4.88709916456044
4.40161766714974
2.82977676685369
1.88372964143838
3.96356704837952
4.47776611928691
6.67312546668923
6.07635309077348
3.03446854539053
3.22171121081838
4.21688500669275
4.00075144028771
2.97527201690204
6.35491473804827
4.22892517596868
2.51517242800807
4.46076961806911
4.16754923403551
4.715319791529
3.78089976934857
3.35118052346063
5.36998688325606
10.6318083745494
7.24973690806813
2.82437827650465
9.64019918977521
6.09420654151477
3.25467902356925
1.71488450988801
4.97063699218353
3.63089701236012
3.03916525302551
3.18171757861419
3.46068170168959
4.09192926396519
3.75057326030938
3.44964429672631
6.90380369924634
5.6275326720775
3.58324020904427
5.02694140146143
7.28963690924389
2.89014985274056
5.74837900582439
0.792347084636307
3.07902778570444
1.34629693297266
1.06542665927344
1.88286390199535
3.71276979028236
6.52746294695353
2.20069924277925
9.51280536697299
3.73268743279696
1.80596122824144
4.84018511000093
3.26746037504846
1.47064201003156
4.42705479285908
4.2381854265367
4.21130814596723
1.53538437303424
2.12786696676196
3.44613128874305
2.6991440372282
6.1128748695853
7.43846059099832
3.12968955160885
4.43672537114313
8.50353537803782
6.72933547485227
4.17820906913026
2.47823395235513
1.91613429165856
4.83725325064059
1.90232453846568
2.02725664714809
3.36530979881566
4.27348801701375
3.23076969461285
3.15799595596513
7.21558023861016
3.16673277617335
2.23568421985176
4.85674926846901
4.22789131260148
5.31111886111739
2.24657838566207
4.23629055763894
2.89843870101711
3.41778318111656
1.85075079072391
1.75043968324469
4.45936535329605
2.33026194668634
4.3090764762195
6.65277755705966
10.5868373081471
6.40063297498354
8.34273266291756
2.36791757572746
5.13647997259204
3.51830816407175
8.28059079513526
2.15997097483036
1.78023868005869
2.37778027873331
2.81101786198862
5.17987321920729
2.90757037860784
7.04034552030221
4.78976129216178
3.30423849002784
10.2889097751189
3.51565653332371
3.17091608979202
2.10816692245511
2.52506356916172
2.06486173763543
4.27575723828454
5.31388104569465
5.59030372639947
3.3078088243979
4.57465356901857
2.61705659478471
4.67166126042646
4.26894199106183
4.58486441693812
3.91604657516922
3.50092541218888
5.18344390343461
2.77379580736111
3.91804095501398
1.83917176355658
3.46504352507638
2.94861748528929
2.63015070641541
3.28418047150818
3.10378974347875
3.35788407720592
5.98091501415387
3.77983756469883
1.96647234186385
3.19259879623316
5.42552686570383
2.76976479780909
0.946461202589088
2.53843933480179
4.46161376714764
4.29547385291738
3.55132826312961
4.54692552242054
8.80095067546438
5.43062442286243
3.85751962610814
3.84759275527501
5.74702800158228
8.39907825203097
6.09740325418381
5.09042739954105
6.41831526900845
4.5705697966585
3.93211140758626
10.1060033500182
3.12495888661706
4.35711521796552
5.60676337478844
8.09494196774445
2.33781392926886
5.38947329786465
4.19147613099322
4.55125275513887
4.67884281685064
2.37366923464976
1.46123448850062
2.38298668377799
3.53037234569106
5.65012385548309
3.18666847105256
3.73665442334826
10.0235686803276
2.77454142338641
7.14547276474068
7.22851789313732
4.0019546258402
2.16385078821229
5.84002929918682
4.01170371591481
4.64221883381772
5.02503370738359
10.8052716758482
1.9412012821153
3.30766600942094
6.90521273311573
2.08387332131884
7.45626771389063
4.58089667560516
6.30587817893898
3.85818085930089
2.9392809443834
1.44704591104558
2.17298035307032
4.33187422803355
2.19871640026576
2.49794994345151
4.0282222312434
5.17220111578484
3.59620363337269
3.22931816233032
6.01468578357278
2.8814554522216
3.55306150960488
2.14129805653919
3.72398472252674
4.28386748171573
4.72471473580925
7.83635001127076
2.72340464615106
4.79587694506738
2.91270287433003
6.05986446701583
4.66043607193559
3.40722815906178
2.09282915432273
2.86364319505041
2.21085291607667
4.34722002677326
4.91333534433036
7.01597317911029
6.77097770806247
5.07319166432455
3.44836877520117
1.79662101415327
3.98525456921645
4.49929287027752
7.0310057618377
3.65267388161916
4.12280100652648
3.1536430388004
4.00424979066159
2.10832202265991
1.95204579998
3.12379584860698
2.10763904755341
1.21471107793037
2.76611490806665
3.12508099263892
2.70990362022763
2.35326632682149
4.57288875620053
4.0973232716653
2.68856207410309
3.94431481024406
5.06593040496985
2.60311480159772
6.3801171568461
2.83126801339936
1.20876553508268
3.83887170159905
3.54608888708109
2.18184095629244
4.00911098095347
1.80958463082155
4.43306359351334
1.78335043359027
6.33814410318029
2.97350166556423
4.21596325599422
1.19736802701287
5.88633034657316
2.63577714413543
5.64838309245533
6.96797048716309
1.92706520967678
2.12445224722863
2.79603663071799
4.68705413783505
3.06482707139498
4.73360151991354
2.92811650289513
7.61246839943782
5.40221899448544
5.63655930772356
4.01174398169974
2.92815865808753
3.19085256323229
5.25139883014899
2.18084423451628
2.96393531363029
5.66852442891335
2.96056070898459
2.97371837362244
5.29257473109493
3.26612124594876
4.54651510308027
1.80356782230103
7.6063696583259
5.33617390499123
1.0503970508016
4.9485235494748
2.93542931507927
4.42750438525313
2.48104017361304
4.06481584094718
2.33230152482488
5.17093194177786
5.19931374083171
10.4360910014834
6.44739245040102
5.85904292824506
7.44650550489298
3.47680884268826
2.32738455340387
4.15335910403085
2.38390322332466
6.41135076751392
2.85814044407724
3.79665753014695
2.95545082863126
1.09671788922673
2.90002461885973
3.57583386529713
2.93373888038487
3.12165802078105
5.20337714141672
1.84582311305441
8.05528528631883
2.9555792033846
4.45818642614573
2.33538457906543
2.9880661719365
6.67164847159808
6.33014242527971
5.77413211832955
3.88170939220639
2.19028277593232
5.51775547200091
1.45396603482201
7.46494008218901
5.46004673943203
7.32881658993557
4.50599594603896
1.76165709898558
5.60156105683935
5.04783468503296
2.54552644960999
2.17679691340735
8.31715388867645
2.74358210192562
2.18059983400227
3.23086493105034
5.97254604073805
10.0556216976397
6.03016197363135
4.17845738655146
2.98741943447195
4.57829895920211
4.92611787089434
3.41266428098716
3.93775130255057
6.59300312982224
1.15048720758475
3.270844103351
7.42018938904425
3.38203767163781
3.58764412905939
2.36786559614684
4.74479557995667
3.03065655956697
5.61530345509024
4.35780607315479
4.56130734393574
2.76693315687859
3.52918461079585
3.5496334091787
6.37884609237285
3.8740079842708
3.30987738346818
5.01286984522809
2.81140425969995
2.8290287818467
9.60989357189981
5.89574704871435
3.81222957367734
0.770443974653035
3.81404849280068
2.00279621858994
4.51945551847373
3.96102845293134
1.89935106318781
4.01156645100604
4.63582912969468
3.08041261060943
5.85145349710623
4.80424159962689
3.18461600209433
6.82952310407733
7.30233254152721
2.6495059832014
4.49377499026608
3.92987003713423
6.25286946957256
6.37900671769501
2.78972835743332
4.24274819841519
5.54324101558551
10.5434524208923
5.54302595139344
1.804611512899
2.63473590468181
3.29400757333522
3.42240880399265
4.41236053202781
4.80451441061325
2.8359103795768
7.57374411182479
1.81496251050913
3.36012162060875
3.88770198707396
1.04512638202366
1.62113823634681
5.25801630376783
3.47703355170786
4.81909315702847
2.7220265582888
3.48848988754547
7.67699657623181
7.54256832553916
7.18433340676413
4.4316965090791
4.23903858648843
4.42213603688906
6.72553192931539
4.9356841188038
1.89695595215071
2.18830019657364
4.2133908047635
4.49741819756044
6.46762569524237
3.14334140344131
4.21673748363459
3.71974224471406
2.36692968466709
3.86957106882208
2.48691289221815
5.85236674238475
3.21107978084519
3.36060144931561
3.69778106681788
3.41007745737064
3.21953634706846
3.63859663810832
4.53031355591605
6.59486028153826
2.65908438608273
1.7480816666692
4.8770158784142
4.1468555861993
2.43408392999891
3.79711319017689
6.97315505241659
5.08168423401049
3.71578750799141
3.19849701469742
5.91723687419259
2.04598336743528
2.88820198503803
1.45928052839606
4.06414427815691
4.21579376172635
5.29688212016161
4.47317721132659
2.44612599470797
2.81051672066235
5.77321570642477
5.76994667598427
7.37030245556635
4.46112505361674
3.83652959316951
2.3546361735988
6.13006107002812
4.31108683736833
5.06732406346662
6.60226627814908
5.88638810140593
2.2798595970156
5.25444062950398
3.20787295037583
4.94616383801938
3.08177245691422
3.44232059673817
4.74454569501211
4.08070140790207
8.1731604204885
2.53695347513272
7.90889317056855
3.03195624732307
3.64969272955767
4.10229727651673
1.48612488633409
3.17841033508864
3.7009491887328
4.92014337649577
2.93312509170369
5.76535184518928
3.3124303163716
4.43520593895234
1.13760185249988
1.3247534358939
7.39950915569195
3.71507057420648
6.6820403202566
2.32718311249012
4.68963016376998
4.2583768754085
5.42808217455614
3.09569957143045
3.4425987354196
4.02937907333689
2.1291176672758
3.54018675930967
4.69667018175612
4.32851205687546
5.89655477158673
7.00030840992291
3.51708772471112
3.24236318608482
4.32023667537285
5.43450373267354
4.8846029263158
3.73814894484874
2.24203007123153
5.560947815793
4.42361264812185
5.78280372426114
2.51611013705516
3.00252088808866
1.56401988852008
6.58204957531206
2.30127960029711
2.53777204573704
2.76235824926415
3.99007491497086
8.41620083366074
2.0442196750942
5.38513492635776
4.36864983364177
3.40569609593382
4.47556613508973
4.82767365271076
3.03453158279939
4.6226504237602
1.90732036479032
2.08481536850191
2.14069923663639
2.66356246999879
3.30593597124826
7.22899548036399
3.00822217005144
3.68861604691064
1.79259202064603
2.79776537077817
5.7895525273071
2.77834329678296
6.84657861428703
1.86772385652516
4.97416759917281
3.98441976893205
2.65416423796809
3.34188628641937
4.39123094436962
2.15383335624886
1.57715849600171
2.99119653946132
5.92423178721162
3.09850157527338
4.18376392670218
4.28466946434902
5.39982064729488
1.77019808297489
6.82736831964372
2.23163518747235
3.17374162037103
2.43185117508584
2.26605578735756
4.45398442071934
1.57056452414161
2.13157197310837
3.44482343074717
2.49393053257919
3.51000862586773
3.35648096477635
2.59892503747207
5.71722763852637
3.93040395569487
2.14692774748699
8.63404557146626
5.06039178161717
3.90789529267806
5.6384932607256
3.79869597366582
4.13031527856611
3.84047339408748
2.19515567382661
2.44891205892837
2.6520569170526
7.64939906653182
4.35750049758702
4.34986136725359
4.69654439670516
8.00965656217211
2.56347675609835
2.79273532215421
4.66894267267401
4.55972803336459
4.53158954125399
4.73588033388926
1.87861222940281
2.9766145121024
4.33947754699273
4.47282998183657
3.2165987622926
6.2791719140799
5.31026793980936
2.66551046216564
4.6617397116963
5.77395200830005
4.10805502825847
1.91740973870993
2.18039976116754
4.48937172673779
2.49601030992231
4.93386598672913
3.51135879796884
3.03217176526764
8.04047581223349
4.47471187004095
2.45023675821053
3.10725965376341
6.13793222665765
4.63611085535063
4.13529988593556
2.38206155463706
6.30403719056581
6.2664368170825
1.04262953225744
2.31823966374606
2.14638932545648
4.88981366686505
2.74708195005058
6.61977444423013
5.23707912608911
2.31981169822863
9.98322567515253
2.19489209235028
5.78119776289499
7.50444781332783
3.9393994322594
4.25068743493961
3.46863990483933
3.14005730734509
4.75331635610446
4.08989877653771
6.25250768106945
4.27619183249111
6.17970461950389
2.25581684583747
2.56800063369663
2.7604919960608
4.35312978174883
2.24049868544977
3.83358046961863
7.1915959465068
6.78075610386426
2.96698535231807
4.15691698808682
3.23786675193199
3.61414765841837
3.74035717747806
4.16980813867497
4.63844399096826
3.75926268614459
8.34255128176631
3.82512617674483
5.63720439004248
2.59851713300624
3.56885091813961
6.12662410424743
4.09930931661237
3.68275492194424
3.93864135156238
3.37424485862015
7.33718328060682
6.45201714935798
5.52785838417581
3.7333237338293
5.52264050211959
7.73012808173277
4.98581127206369
2.36929688389533
2.58153037841057
2.91971106673996
7.47630334150145
4.30909170429167
7.48971159118077
2.89255536370985
2.60080804208291
2.38562454256127
3.49405014275505
4.48787790288074
4.24671429027006
2.87044373957242
5.18247025711265
1.08469304889881
4.09684908590738
3.53325988675428
3.87238725245095
4.56165001320914
5.50032813092173
2.76181667855516
4.1323638363024
3.20311042490386
4.32644435097516
8.47168331636806
4.95887662998672
2.13660979841576
4.27669438499015
3.92275053584563
2.26667135093394
3.16444117597769
3.37978074840437
6.0570131115627
2.65537779582331
4.06820296121228
3.25879055548552
0.914378193725599
2.00337007457473
5.60283591113068
2.19397506315469
1.57718785613818
4.73623028038676
3.70523377434748
4.1889305425629
6.63975623818689
3.992737932474
1.61640190193493
2.4395017314986
3.22359842795659
2.9171177643718
3.76467976195019
2.13977675463786
1.00108686110202
3.6321127170805
3.60106607171776
3.99118426975697
4.44703317211489
5.81704794734645
4.77405637407287
4.41028836184346
3.57102778709296
3.86214468266903
1.44521079441468
7.00627197347314
2.66750678690778
8.00619349114965
3.95676617184927
3.49876043423542
1.95485176681947
3.64273591264508
4.62384353015262
4.33563073223913
3.41779398723247
3.72440950211663
2.40742129260555
4.9469869164785
4.30645268730052
4.57052417229242
3.29009004207968
4.43625709084572
7.49361385375845
2.41314680480249
5.56856975211953
4.17588336169452
4.22416811119481
4.54204473525196
3.89714508769857
3.33964196736871
6.49570960212831
3.26630388840898
2.31899855784167
3.31767424131008
1.74122597308434
3.47406344127078
5.49005904318863
2.20910943109627
1.97862680310737
5.67991902224678
7.02523297540961
3.91306542002376
5.02481179592437
3.67654984973962
7.37113924855457
4.58326986721453
3.34224396706802
5.55397404088692
3.4133441532168
4.66940162787543
3.03754828928504
3.88065477859807
4.75784041487652
3.43893662552638
5.43317355973548
3.55384892795046
3.24754383051499
2.46348267436338
3.18210384650903
4.20079562366432
3.5361544533484
4.04729456224577
3.70450053731831
7.88767454210133
2.6590425187212
2.7401870441716
3.79820244691248
2.37983646695612
2.84956829461665
4.0412641151539
5.48138527399497
3.84836005408574
6.40549547257419
4.68546426344336
3.54032490104855
3.2003194544875
4.48825640032469
6.73271527591399
7.46088036819447
1.98818334173025
5.40804367014149
4.60333367794153
6.41062480339517
4.3110758960616
5.03892766350422
5.53946391085924
4.17807287479446
1.96556375178985
4.73797391247092
2.97635677366038
4.95413201242241
5.22787137384917
3.62292062500736
3.05072143694689
4.86348283281816
2.86437261566672
4.94828314272015
5.78462406674948
5.68783874232937
5.23457664083733
4.0692186555549
2.52017552858389
5.27900289081261
6.27346570359037
2.93284792427802
2.17737535307708
6.02578833742974
4.76932466098844
6.51242841592232
2.68643400425894
2.050841278169
3.79244497787487
6.03505296355394
4.94082756513199
3.53675244705781
4.02350531353976
2.96850439773617
4.55913729738613
5.67376443012205
6.91184502319494
2.3384413008659
6.45254752478651
3.02292348202314
1.86114914181974
4.40945641951666
2.13754084939612
5.34377446363509
2.24400901230456
4.7396943715238
12.0763574282271
3.35996313299863
7.2062256900924
3.89973182454665
4.06831408670603
4.37722006035018
3.15308142859852
2.46242241166547
6.59827316362446
2.8281328057965
2.83767550439862
2.55449508461034
3.5082898769579
4.09678348830784
1.34157978832315
7.32470765099535
6.32546422663964
12.1844601339232
4.04953046669288
4.98762070139575
3.15550647772488
6.63783964825908
3.20931941478531
4.83595633758365
5.3680589948837
2.85205022298382
6.79657901793169
5.47294162240342
1.65350545812852
2.90097795093194
4.22218236223538
6.04519841649931
3.19373741074093
4.14671591789988
1.78758372576741
5.74050536370062
3.84455426647958
2.34793844359739
4.35799094600349
7.96963418629382
4.06387564367293
5.11980380459998
1.56792115471652
5.32391506282508
2.75613375625859
9.60235500227376
1.09786037332619
2.29545993188823
5.78495755232878
6.06765702762264
1.51188274312363
4.52379674020163
4.9157125927369
6.57325828628333
2.31255818022294
1.89141535156592
4.58724939497774
5.19521403512455
2.15211476044444
2.36118684693859
3.58081977528279
2.27716666962086
2.23468662050914
3.14796881186103
2.29143874567208
2.16718213920486
3.48037196691721
4.35133123052024
2.34435158909532
2.3677543594019
8.18237498765386
5.92386420429794
4.34422605402243
2.36366881212031
2.21494535913861
3.95744365859429
4.38027108411538
3.33015438901269
2.86779607719073
4.03437965333663
3.33926280437052
2.43891295680092
1.13150274337086
1.17489781168236
1.36750640699846
1.02703792051526
1.22910448446027
2.6444258805374
2.45805793131922
1.91929950629989
1.30592581467209
3.4696556222883
3.81193008293996
1.95502467181952
3.10803994654691
6.92858703482483
3.00369192398004
6.5939699192222
5.12302400828413
5.94946535473235
2.28933528665343
4.23029825575849
4.49504015057816
5.86936014833325
3.01165258691805
3.78284420493333
6.37495203362715
3.35286182730545
4.87097903711127
4.75380118929245
4.21030956490668
1.02444564232816
4.14678592640528
2.65654342163683
4.21962610416844
5.57160466306297
5.8953729546173
3.2124745241216
5.44906951948527
4.44694971266755
2.74963619720457
2.95993613462518
4.07595617106878
4.76526013414217
6.96222969358236
3.59469594497954
4.84861978317361
3.10792412865461
3.12145105271334
5.3097784043334
4.40773977192128
2.89071133810707
6.82518036109058
5.93590638900973
6.10266420708829
3.47318874034294
4.63836796004915
3.92850861518
3.67337891202588
2.67697018085707
3.34646300209553
4.62429562875383
2.41517066764861
4.23839702200106
4.09769437666741
4.75607362644184
4.25678631150037
1.92462899774541
3.48150870929804
1.89335315043454
3.27853325069402
2.69356875548415
3.73421602936462
4.66906164351712
2.94343332037415
4.09608444709804
0.0683301812129332
5.37344975471345
2.15497891367568
3.10188732872927
4.03600322504422
2.34819415874269
4.87890823192595
2.25629583148013
6.93166431448277
4.0148857171973
4.80788614704211
2.55631314797973
1.14189720698927
2.50734258072998
2.32471575720961
3.08896214277887
3.68387982590687
2.3927147146634
2.32129315827085
3.47708041654356
1.83539152249064
5.84722854648469
4.22911754134341
3.22910501747151
3.69089730420934
4.9249432973433
4.21820383803239
5.82491075594205
5.06273419527518
6.08636701773684
8.21266987257145
8.47013387764358
3.39321059609387
2.66954720274123
3.1576023070381
4.7923741823808
2.71753098913904
2.92464566515213
2.30213883799742
4.00391033143443
2.55229411982709
3.58744133790111
2.52410190735416
2.51128187060115
6.42057413911995
6.79339238193655
3.45663633288408
5.76896421177764
3.06809638317887
3.63048876190687
4.17347198765983
3.84605329505516
4.06124324086009
3.62889456036041
5.10632795015238
7.64156896227309
1.80790029465727
4.4882845656837
2.27809689050417
3.98592003589004
3.36094032339617
3.76028528163667
7.94536829494492
6.59400387302212
4.33241132173845
4.62151832055741
3.59348726443285
5.76838668563645
4.14879747884752
3.38349433220178
5.71249284179063
2.22078386549898
5.51540139029947
7.48581814217308
4.81286878763866
4.01899527223274
3.22301607588746
4.39054015748402
7.58717018738896
2.655769415702
2.51549014830471
4.17484681197625
3.09465056013348
2.33622832300295
5.43093921243091
4.01590135500369
2.90368319246099
6.07526788556566
4.1552975513083
4.84895638598186
5.20934545950242
4.2579174672898
1.59768562680415
2.19147151039787
2.71568486776425
3.13782302346981
2.2891564410371
4.58863723939697
6.21319345828449
5.83199019095583
3.1436048342737
6.8421540890235
5.05356115184265
2.20203741306189
2.77461446678292
4.14827108665958
2.86298627094691
3.28686656472093
3.0499225910914
3.00640210278329
5.67164540296664
1.26083220324085
3.52851622478439
6.60238328705689
3.72110482340971
8.70973723272403
2.62207892319157
3.19843484394131
0.0683301812129332
1.58044097462342
5.42557385342187
0.971358102738911
2.16416152778619
3.33712784372007
1.66124060742516
5.85449382955579
2.64643939447369
4.49220111123321
2.6883527802503
3.68998110413835
4.4513228075535
3.92596651981989
4.33557929999569
2.35113390261914
5.72016277958549
2.75117678283594
7.75488816022548
4.49628979196342
3.57743175424674
1.1396344957374
3.81320094134372
4.07891970420487
3.91114519573749
2.72932351259963
3.88541506266275
1.92341792311401
3.31940269805097
2.60076738495038
3.49585756829015
4.82690914418734
2.3641937379869
2.69581208205172
3.21392797479736
1.97528301878405
2.84717962847515
2.97431473822048
2.46694765869149
2.31243109047728
2.54618615374043
4.13013844898479
5.00852533914947
3.94515152555611
6.1716084539692
3.74167313059605
7.61219986097355
3.62623247139253
4.81998264531219
3.07405386180838
3.04297517050023
11.0356482369246
0.0683301812129332
3.64575692776564
2.36809439893961
3.98416641460393
5.54501163331791
3.47072789163689
2.89400085272469
3.68502340976376
5.9246461632085
5.3006891058668
2.99500914790875
3.78651509364429
6.36247953247703
3.7145902998478
2.12172310556046
4.34044134068124
8.43435618049876
4.76589852637628
7.59942051171687
3.84039098888087
7.51494402802277
5.1100050167794
2.3608867741455
3.51492661621968
4.63600526393989
6.26480782620894
4.98451157064666
5.81854911007116
7.28462726650981
8.63008736711583
6.54983467554072
4.10399507709357
3.19886858427179
5.08408394499947
3.83924867054768
4.350655543055
2.83318954284328
5.89200453513328
3.22611677543533
2.23840178879043
11.1249522385282
1.70061679387574
2.87203963897544
2.17629010066655
2.3678321888226
3.6632798954057
2.54098145663543
2.83914605526532
4.56485206044332
3.66130040315751
2.56150303726481
2.06682773022809
2.71940187533476
6.64455341922446
1.16137536147966
3.1851875845679
0.436233988644112
3.60226664496391
7.74348718904142
2.86050515473036
3.58537223623598
4.10796411524484
1.90573548602838
4.73285345910753
2.94996489684639
3.23439481683266
3.42482626077965
4.14358451843822
1.29881657905254
2.8036534373034
6.392601867021
2.51645228848155
2.0051464776299
7.51620954977492
2.85046950091883
3.16253912173165
3.60259792997923
2.89465024553312
3.88995266402527
2.24223597634747
3.23737490838923
2.90890492429327
4.247193500521
3.93019530076915
1.62597521512066
4.68763331258123
2.80011561138487
5.76361552310151
5.33350418896755
7.35204753345067
3.94756355116458
6.44163738890976
1.48189789964304
5.27294884072294
3.97922418823966
5.32659945848779
1.37690928612594
3.45418251045813
4.78530594696262
3.55820502403582
3.9275528846622
2.86897917851986
6.23048581698996
3.16458418609044
3.83498298023885
4.27296484408956
4.18256634628139
4.01184836122266
3.85669790507489
3.5287905732161
2.69404209220827
3.48002657603445
4.09935035348693
3.30887956294058
5.37783279406738
7.73211881132776
3.60447680586961
3.03124440172497
1.82729671620493
6.30519933373056
6.17775497167788
4.52860980223545
6.43912488915599
4.55900408125337
3.11074179037553
1.3105488657479
2.26124571688507
4.36512653581641
2.27289141556227
2.92810689117747
3.22428442608932
5.63800617124524
3.05030005323247
3.68776059115373
4.41042633143759
1.66948924381354
3.88273062340495
4.332677121775
5.35825511409574
3.04623254583911
1.82430420064845
6.52259839617803
7.6710986346315
5.38203048675002
5.15717815661907
4.05421553875983
4.59719900382541
1.91682347129141
3.9351342859385
8.56130524081051
2.12888900967971
3.16107930810564
3.34386403928397
3.16720588256365
5.51583329837662
2.60784481457953
3.8072863503021
5.10488445382201
2.27712501833642
5.11100385638361
2.7695536943877
4.94834645495462
4.03998948860414
3.66139229888279
3.89653089736907
2.99854230526215
4.31121010566561
2.7842652920636
3.60431577853439
4.36856384614236
5.24361057897239
3.87188810484489
7.2184638849647
2.21730130404555
3.60237068795147
6.57857342022645
6.02583519943463
2.57860205301263
2.11751843460491
4.78211031729216
3.16483561964729
3.25230754797189
4.31596889457337
3.34974339451982
4.43229326194145
1.87772310427899
6.07642192591105
6.30014490306659
4.38311791390853
5.14318030684185
5.7405963848772
2.95861529212642
2.38465417760192
4.23637754137169
1.67043045332512
2.26150472330837
2.66975144456952
4.00304762718277
4.72606707624437
4.18665325347543
6.16429908672104
0.914942586208127
2.73998356057678
6.80408615511687
3.88363836338431
3.83825101113428
4.29756493847986
4.02833558013492
4.29126684009143
2.97898992256552
6.27712633695942
3.6495591471072
3.24229152833821
6.48419047227692
2.2783959803552
4.49572560656428
5.00966755984719
3.46754021009824
1.09578530370367
4.67942037065627
3.81025309912656
5.98177558720804
2.80090377173118
1.42492250803878
2.75904800661897
4.13019492698505
5.81892239019786
2.6462185668615
2.30485059928007
8.29521178981013
3.40288952527048
2.45535202294077
0.0683301812129332
3.00388082379971
3.46341612184333
6.26029274998399
3.58759053625538
6.73947618023323
3.79366872672062
4.3934295456887
4.09280772883093
3.5028796584108
2.96338300228643
1.86814410845726
5.33028118374754
4.6362352202409
2.2774417716597
4.81453882175628
4.07615635967266
5.266951608404
3.87817236412687
3.77633599445574
3.4825930021376
4.27139678456297
3.15439395958517
5.00142229524833
6.07289204284589
2.77984773091559
2.07247954582805
3.41997937982976
1.65085420473939
3.67319036565696
6.7587616811611
3.54473126304001
2.93929226469452
1.8411015716274
5.29057553663478
3.54995850234914
2.5176611973395
1.498703129837
6.45017045723721
6.41644417556649
2.09936178383092
1.6202190383815
3.15601109093668
2.84864231147395
3.14877950915995
6.38308233563522
3.77949188671712
7.19825719485071
2.64029025253743
3.12805655310063
7.36325587534971
1.44398842339826
2.7023797791468
2.01118050809592
2.89778686730916
2.03867503072519
3.16831345797748
2.35480553669822
5.00307348988769
4.68018113565568
5.41833503288016
3.10483517834057
2.94278313482476
2.17209173020077
5.4152199954967
7.45395418937259
5.09054945642681
3.14481747581512
2.71306261703332
6.24918705373013
5.78994762778142
6.52422389000509
7.12375304548877
3.66884887445761
5.13756049495308
2.06117872924202
2.94709108791013
5.73533116350578
4.48796822977327
3.84878665448427
4.55170307989947
4.27041247638368
4.20346929178859
3.10756924937739
3.37347835264307
2.57316346588982
4.72834607472114
3.90254841057492
5.357408151736
4.88482924610785
3.17284214430763
6.13485070240716
4.051997390851
4.98085761055606
5.53524870212701
6.20993283267165
4.35445203370811
3.08412613404674
4.6933709483262
3.61151998015813
2.31598992700392
5.19679286640983
4.00965686195869
2.75329635086527
4.53702949073062
3.9628073959556
3.60532531194627
3.15477470231281
3.74745477235287
5.15914830065471
1.4664944439862
10.1901357005865
4.80511386386663
8.29806892074076
4.23432166531075
3.10262009934748
4.57722143725418
2.35779192623333
2.6964432170597
3.02823651904332
3.64391277952632
3.33486401351528
3.65748490477818
7.17501335527827
4.48286001422318
4.07176542457066
2.49182288451962
3.12767452620636
4.17325446000587
5.0104949995915
6.4787692482163
2.30184744006545
1.97299973665548
1.09346892090094
1.63418565138877
2.52181243185128
6.13846901611493
3.32956057180909
2.60041940015591
3.07038576191073
3.21965094631045
2.1721236016464
3.26126739154459
6.49468779081766
3.60449455286404
5.54411653574646
9.53920574845032
5.47411152508815
4.19507702865654
1.73429247169989
7.18383865496664
4.13453503350004
4.20722657030963
3.19439872692084
2.29568585727477
0.0683301812129332
5.61331716503285
6.49661656126157
3.82303308636376
2.25142800977383
5.96317668767648
3.69292132345866
7.39799396448574
3.52138181313221
1.13941473372926
3.1889588962215
3.31442619445938
2.27850619297585
1.91222587605277
3.37444675068005
5.47197308351341
1.91221244483621
3.37978633569225
5.7032887239341
1.55165494037431
3.20428233262048
6.72850105950806
6.75947192774197
2.43525119806856
5.98133963821256
2.43439533941347
4.14774109909727
3.81151317607873
4.50421429311027
3.11354616996694
6.82042813603468
4.12430463404292
2.23035657461717
3.0201485991411
2.33721707126017
1.83044263851592
5.70764274747026
3.40749532614546
3.80915119652614
4.06541733968649
5.54498172283306
0.508336852017646
0.000483227801067046
3.60975782038333
4.65184022838857
4.28866450524125
0.564412767956047
2.91635986708195
3.43658360446538
2.83777993865301
3.02785879918434
2.29727741779665
5.40974585327123
5.33638730964253
7.36212462417217
3.10713949466383
4.23529271840415
0.956375190880111
4.36302772983493
6.10998308212108
4.52641712040749
6.55671008411624
5.98879251703484
5.84583908280839
2.68964500968789
2.25642805013697
3.19017988861148
3.89150789243751
2.27879050785273
3.9880079731765
3.75545771527674
5.5181769177073
5.46023341697621
4.66629144723212
8.35605038655015
6.13722131449974
8.4681314110895
6.84526554841033
5.75706531368911
1.36414378118504
2.87623708411399
2.2407385300988
5.09644889361811
2.62710503341631
4.04536769824813
3.30819871261822
6.14848816456245
8.4102153337631
3.74354357179829
2.10618377537874
1.75900947378186
7.97748363039804
4.76362383299528
2.43474472760357
2.23050424004033
4.01581773672574
6.34255063984561
8.81263682141306
3.98401597070182
4.32645921091247
7.52507322173632
5.56697602187457
4.54558931022682
5.14923959972049
2.28957109346622
3.46442010789934
1.65353288141468
6.91075294737582
6.72089987745462
2.95381294586766
8.58278451797178
4.00477609221321
3.98224887277752
5.73542194433883
3.46341434298236
6.36440195488299
2.40984603711334
5.34685304279775
5.58432467608325
3.37328984804873
5.03169779398923
6.06561228698193
2.67272420121783
2.39223553887676
2.63811994414443
4.44393013451265
4.84316542144939
3.07204072822514
4.32577031225089
5.77693303219507
5.96949200109986
4.00755243877158
4.75276658194749
4.50574016605187
5.70021576235338
3.54947430752339
3.76055497637204
8.00875010075515
2.12190941135532
4.60745382943365
3.36560838635965
3.37562109314365
4.51443866480116
5.69081395354293
3.88166314400176
5.61698184708571
3.46296289989095
1.18217668403482
5.54431549664505
5.5230786364516
2.53718387193753
2.80424800020734
5.12894556969566
5.34050964139395
4.09938173160402
1.63766114282339
2.2911254509696
4.92028296584434
4.45264283346549
3.07553018418658
3.35361971281424
4.30668746463115
6.64644785230369
4.30942849103971
3.95168629132419
2.56217280117292
4.8061346460349
6.08736200273276
2.60967915232013
4.5812290680437
3.18452584464068
2.57246848981986
4.05885814846425
2.75676516868013
2.88122961418127
5.8219437884939
2.37245594474335
5.29434106009345
3.48027473778823
3.35448620629273
9.05157664992894
5.94597152715432
6.51933271212984
3.18220218148208
4.85126619489849
3.92868095918249
5.25408385649037
3.01403991005259
4.61270360895695
3.99961027415104
1.81786459737237
4.8583004310108
0.0683301812129332
4.36496182170346
5.37766469172193
1.78958918285918
4.82992578041559
2.09859304597044
1.48259414406989
5.29235995909275
1.48854374637725
6.02289324064117
4.03937506683373
7.14890578438473
2.39306280682981
3.16352653623399
4.9430496002758
3.13771384737396
6.95901921260568
1.93503381232966
2.63766936557713
2.68506283926914
6.36513882368248
8.69489680588381
3.3674664295335
5.10457460802322
5.9633295934096
6.70585577864586
3.66319001722733
2.08414207563552
3.97615211523856
3.47748251873746
3.28089493961035
7.13196712880589
1.16478635097985
4.70947331186642
4.31670446659692
4.1964637476716
7.48965686704848
3.49384311518359
3.22030698912025
4.17657534933172
5.42213626676887
2.28216761191982
1.18780040590207
1.99704854719977
4.28539321183642
1.23117427307636
5.53943280332666
6.54563248216274
2.24020780138979
2.22239487713584
2.12304104751545
3.83888298196452
3.0364761710347
4.4157776495027
5.63080229395126
5.48835840713789
4.35592561831914
6.26825109957805
2.13495477219955
3.93154405310285
8.15738574049079
3.97800188542658
3.5405862714493
2.1230171791692
5.39221527385946
3.14569107765445
2.48756023128211
5.70111846937125
4.40224518853262
7.11861459795406
3.38799716892352
2.75944198628962
2.45528848058321
2.41460086929118
5.76260703494846
5.7066822973701
3.49820349938284
4.64017488842388
3.64080540855792
5.3830669097827
3.2047364443913
3.363498086898
4.37881261695922
3.02171687188302
4.7882752421711
1.2727270243893
3.09136072623834
3.32092275660952
3.60259013194863
2.72746924139665
3.24379489902128
4.15251820009921
6.4713294496243
4.23517149620419
8.56374216279436
7.8592423661876
3.8965516056227
5.05329402908975
2.63474944125956
4.94501462525808
2.3522159171067
3.00744522873415
2.19596617483843
4.36903594834447
6.95871239400477
3.90311934329989
3.59491406393427
2.64571568644455
3.12263187990807
2.59813825127405
3.55626738157181
2.71347592290199
1.24217722367517
3.31454266687614
4.06678983185376
4.8711762692823
2.94078769507559
3.97683555377989
4.8156698187373
6.1079131904198
4.88085253783202
6.05283628759052
8.36690186900726
3.0040765413472
4.42789059412861
9.62001021516404
5.88759143399988
2.93336940054288
5.53708473332753
7.77013777293321
11.7006896149578
3.95487853550021
5.57563652141995
6.41679038994512
4.8687886390561
4.25238479723865
5.86135560255115
5.46249376670129
2.97107908698928
2.8862773732278
5.19525035817302
5.24215730088482
5.12513084647536
4.94299011220716
2.0654798978794
2.71395611606029
3.35945015158099
4.64519247240366
3.07488023364984
8.59850033014727
1.73350421852457
4.65074230000564
4.58191142265499
6.18535491062912
3.64605166023507
4.2395002003746
5.33127437939611
4.55611925572822
8.98849607376435
4.60144361797251
4.08724203270757
1.94005421793757
3.14681285056414
2.50827584008428
4.23408358770731
5.82660681158464
4.44760814459665
4.15350710850942
8.40677577483624
5.30109623318506
3.40926299875924
0.0683301812129332
3.20077332845527
4.5461968946753
3.18572021527909
2.87039738274721
1.33474118598374
5.85883913173276
2.99466302135196
3.87861688029321
2.70397447218916
6.74860318946337
2.9594822665268
3.20804890859313
5.23254906184361
3.1077388300037
3.50094349548297
4.99009610717572
8.17664738737821
2.36126127296686
5.26922788880848
4.03686011090258
2.69320330028881
3.54360868936053
4.43341087946748
3.26249582700405
5.24427130270108
4.09083790909921
7.91431866885741
2.64561483663289
3.62616635702174
3.50845102376552
2.25033534847579
6.48344000744277
2.77235504013234
2.03796330716088
2.73253851631093
3.84178985866987
4.27515227950579
4.12361516904535
3.37764780642912
6.036634392753
2.87062743422515
0.996614713241254
2.05968293855706
1.69128730139914
5.65317545926625
5.18673448547802
6.62482023493902
3.56107821099392
3.92948664583572
4.68215033341162
7.31701215449543
6.47890396235651
3.69881648248035
2.59334340042852
5.8163455179868
4.89822216817817
3.85874750850232
3.95081536391597
2.98777789643174
5.57554095217907
3.96158490563796
2.12235265103353
2.55618270677698
6.89013328124615
1.59766917638708
2.68571584127901
4.3023066134866
1.09044976506919
3.124817101436
5.288787036476
2.77796319915482
4.93762990067804
2.84165949417773
3.09408461756554
5.62045116965699
3.47226045339505
3.52297385932349
4.68094797317233
2.04934023732283
2.52424157914777
3.61041944190929
4.01114020059688
2.79781967439254
5.63215053113488
3.56199451448491
4.96004057196319
7.74470090874496
6.70900940255048
2.39373551439815
5.51768007335836
2.95275927471127
8.42285798818715
4.01565058511641
2.88696992896465
4.9597386641188
3.09554780062322
3.75699287541477
0.994995598731561
6.08702545897408
1.12569043897149
3.46054912185745
1.31935902309256
4.80056633393488
4.25455114188558
0.000483227801067046
5.28706799289149
2.23901022345237
4.54009582544444
2.51422757746649
7.50584529785129
4.50099097847372
1.77495826932876
3.16738125746092
2.75180890001717
5.04290796219791
3.32062997401896
2.66397382518889
2.99354778311862
3.38096307303582
2.60047641954005
9.40840080703309
3.06635875357829
1.82693583378263
3.04363782779804
3.50185564454633
1.90413650921562
4.74379078258733
3.03907818533273
3.98017606879434
0.000483227801067046
7.41597631502097
2.39263443585966
4.18622911796098
4.22900258782014
6.74148784268386
5.66244753764335
5.01719629954381
6.96233923954929
6.03351447992863
1.93648614101603
3.42516693287114
2.234796883578
4.28489310556068
3.80901181564479
3.66728612923672
2.23937213973913
2.07470250457236
4.61571646984244
1.310604428334
2.83191969365334
2.28431345184338
4.86393296119946
4.63932094611413
2.96646612756548
1.98624060680768
8.04924827356045
3.28828513889807
3.08313251921945
3.06281133887045
2.01502373084521
1.44250082682235
5.51725861993969
5.87016058896063
4.53083077094419
5.82468500649982
3.16132557205391
3.89903978861679
3.97558227537332
3.41757585248513
7.37833867474334
3.89075042433366
3.71163799419974
4.07674996562255
7.21972816971741
0.494544629630423
1.00164844492865
0.795040688666803
1.95559085039874
3.49457696150115
4.16953451478725
3.23529665565241
3.1121779653173
2.23476951335502
4.98933973769548
5.00272303745288
2.77362964621194
2.17453632370555
4.5677612203827
1.15403361939572
3.32223085537717
1.51940201138589
3.13757620195896
6.20426008963001
2.71460378600684
2.06336078996919
4.20984381780197
4.17259384126758
4.33948429934927
4.51499802712306
2.29866579248698
2.65082080259532
4.65081031626939
5.03511859391531
3.28080013724696
3.96012563738867
3.49980743026265
2.23219638087106
3.41779907686994
3.42779291582701
7.06407383530991
6.72640145999819
6.45145374361991
4.89808968911371
6.63743613113627
3.38319667320224
6.12863116953277
5.16836593294908
8.97548017875488
4.54347200847894
0.950139857432866
1.35614624945656
3.26517138857256
3.41422020603344
4.52568740939402
4.70772930235395
2.27353853502976
5.77800655881947
5.27718568169039
2.83457487137279
3.59111143845474
2.35574192007696
2.53942508653173
0.870575543696278
2.46736644867964
1.2359162596091
1.48367794625713
1.51067287411756
6.04919692255451
5.77135974400642
4.52335707967686
2.02899319522416
7.54284317989181
4.78694463312275
2.54843604884667
6.78104963152568
3.77920454672976
2.75828987460298
3.81239150391925
4.50580591856404
3.8586064080744
2.75484743395639
2.70668416328377
2.69957186496989
4.21530072908891
4.29804061069059
4.03196920174706
5.92410942221411
2.29572061031519
4.87769139364987
4.78759464400087
2.82599394498021
1.68770007432898
1.64255489193031
7.34801141490889
4.4806223859935
2.39177321018372
3.42342243621333
2.41768517204399
6.68825178159054
3.43614341599173
4.41956551385438
1.8674596287312
2.96973734376364
9.67352445070758
7.3567799230613
2.78630886256708
2.44640416940021
0.0683301812129332
4.6697166066002
4.05058216639865
6.4237289675116
2.41157449629468
10.1455149720269
4.70860044601227
3.0352639100598
4.26962724900397
8.84055290905449
3.79786285929563
2.60814373366428
4.24578561226819
4.33206550997901
3.99301435773944
3.55851527970082
3.22634231785669
2.80037720888015
2.51448526022205
2.33247939883565
0.000483227801067046
8.13693062727298
5.03547202996457
3.40599615720614
1.13289492441349
4.22814786732578
4.47123875958503
2.87886187100083
3.47398112908486
5.11137450961783
2.71927058790995
5.59884028382571
8.31836972964141
4.37873955880754
6.20768880636438
2.95869704169447
5.503027322527
2.04140217677254
3.94623939864377
5.03903320276583
2.85811009337219
4.94397605526577
2.96850898420551
4.72677073790776
6.59840207682859
6.42800947912758
4.29277760126356
2.72498062376857
7.644453117957
2.24756161496216
4.20829377212912
3.4287740370052
3.40698774240306
4.55935325127507
4.55496391595774
6.72814842839911
4.22714366658872
4.91502520722254
5.07459981732089
4.48206618131346
3.84107907027929
3.09702618599237
4.79648055077878
4.79176440418707
4.93463211812319
5.03266296989628
8.69065327917503
1.67033402456849
1.99153123077963
1.42131354887561
3.66829246440911
4.24267011356868
3.90011072071683
5.16189484382996
3.99231070350702
4.75145399988072
2.79966968846747
1.98930882029679
5.57828066112715
16.006635781355
2.70988283380713
2.77793283104064
4.24737531370377
2.80643066665022
3.06110330864201
5.11742453644459
9.12765790179586
4.58737664084082
3.50684870595849
5.05483729271454
3.18383271697023
4.9642826661801
1.90630339328845
5.33047917225639
5.46769441719961
5.79215315875757
2.61554695404137
3.93556795256792
7.62891846124537
3.51181043935223
4.69136693558166
4.04648989121376
4.01486956867067
6.17087693116005
6.47144873064887
4.50269459604941
2.90846270575089
4.56504080336759
5.05287398206248
8.64175293257419
3.61361413914394
3.64796436331172
2.88016763042971
3.26374817680213
4.11956127639036
6.40989988670911
3.80052531281234
4.65030757095313
3.7742907311153
4.37861349377229
5.41361881599061
1.7843474267077
3.34319964703341
1.10211450969344
3.1974160177493
3.46172519478025
2.29361839769874
2.916104189267
10.6893500340715
1.29489966370061
2.84820484124477
7.63158272098408
5.33731456710295
2.51215873384471
2.94969640106283
4.6764937570661
6.29061555064471
5.33508180819528
3.46077072228872
3.41973356682057
2.00320623717675
6.28457394825496
2.9245727702311
2.39228557270634
6.16203736182759
0.0683301812129332
2.44707569041337
2.40568790429882
3.53878148944953
4.64638232944725
2.6273037340657
2.94283950775455
4.83286133274956
2.7456595675069
1.73249034409286
2.38806588656059
0.87175453401115
4.85246143750477
3.07146625442946
4.35391087353635
4.74579563659154
4.97412575667962
6.95395755625235
4.5744357432785
3.19684972302944
3.13574497606289
4.01336468724108
2.07397616652143
3.6977413962813
1.75391821559574
3.35367612254479
3.1961276349875
6.47199900577212
5.3821277548979
8.56245425699481
5.16863295684785
2.70285133882036
2.65527635916293
2.6926060949674
2.57529020652243
6.35984611471273
5.13493857644579
3.24557116550279
4.65510541270316
5.72274840279789
2.13533092228311
3.24662328895238
5.07614366079868
3.24913335117971
2.60631116458738
1.98257628294044
5.3351440031352
7.26803664605753
5.31995879060393
2.24142008988609
3.0835663934979
0.000483227801067046
4.49077957288748
4.15830080412461
2.6946131929526
3.22880357373945
4.9129481206225
1.98254074950579
3.10805268741224
1.93889646479176
5.43614664035671
4.15623098787824
3.30301948233678
3.68198119773599
6.16015580957747
2.99423786292612
8.01090000035407
5.48375023355597
4.10952658708622
1.77619954320045
4.35848737518438
4.9028411402557
3.46395179289883
2.69230199586722
3.44465106119134
5.99165536431682
5.97854669531435
5.05669335961776
2.20539354930467
2.98285125281874
2.01502863464162
6.51328459467827
5.2929085663332
3.95920155682374
4.49122854108826
2.24053423699052
4.83340465385406
2.80177425753398
4.48351372350066
0.853869485439394
1.05299506632427
0.630076442933828
5.11558708322759
3.63479034907324
7.06945767924655
4.74735124606594
0.466040066921571
3.77923334461278
6.03490838790519
5.61493207017253
5.86420462123397
4.05417193522681
3.75063007114497
3.56164389492426
2.77122001159129
5.49907311902077
5.77548379054922
2.45475345809561
4.7436509813609
5.56926533449141
2.63434710692017
2.76637850813203
4.70481168442072
7.64011932853015
4.75394904925505
5.33670089361599
3.12578943905221
4.2131958145473
8.25773799488671
6.36433792577113
1.66270225815102
4.22103655073018
3.327298232401
4.72201181211755
2.19276396811557
1.96989489911111
2.09157438630804
5.55232010548542
2.39408000081622
4.11183496425101
5.16615392685367
5.19346513954593
1.67018186253022
4.34052865947381
4.00622522280925
3.53235039599031
3.41866040311577
3.55919812348718
6.91053971568065
3.75705087730541
5.31972654064813
6.25648557864347
3.52411164055543
2.64490737624028
4.52715847666565
4.08957834104693
1.85232876777964
1.03390708636005
0.980949194512608
5.05089825848729
4.33777960959133
2.02313112195513
4.80832968338816
2.31355296064111
2.42230486950568
3.33660707861805
3.35899059433552
1.95345401802085
6.27106909149146
2.68260897235183
1.95301927859526
3.99205377591736
4.46173468659746
5.04338086588011
3.44137727373577
4.40985275685771
5.5388140287349
4.1929818905404
3.34175147855252
3.92116448519151
1.83285759333094
1.56804391449501
3.80697696154617
4.4024281698305
4.40032456430429
6.66892791131591
1.52288973843445
0.334838004232916
1.25867796441931
2.10970266032026
1.10582753419937
9.38064864136149
6.44119359290613
5.07850645544445
2.56697543462138
5.94005483392678
2.14963079405383
2.8600649989056
3.76659011748569
4.51144994565196
5.29778985458267
4.52076558960679
7.30122046547637
7.34092281826058
4.37974547256924
5.15104994568122
3.68481814764491
3.40302379541689
3.42509538716078
4.03846755695929
4.15507418304117
6.11510576791364
3.91121263388854
4.19432880620939
3.99686791319314
2.56019318413444
3.282669469535
0.000483227801067046
0.516662245378952
0.539430685515581
0.226020907260052
5.25856729937224
2.57470679403571
0.874644990014533
0.707227390673744
1.40008999421919
3.15277469815268
1.07259972737553
1.07813935709616
2.09622272811206
3.60881171756117
1.87102173691689
3.03714547289672
4.33479918814883
2.58954375995417
2.27715678482584
3.15610842054727
2.31764468662787
4.16528502709522
5.41507392263965
8.25383295180768
3.21648046954155
2.14810399949626
4.29300074718465
2.49320115895797
4.92437591537711
1.29294610367071
0.857904437052296
0.822915844588914
0.760203275803504
1.59298935742721
2.20508398351168
1.96483324015933
6.17027660910497
1.34987552823664
1.97382667789936
5.97989521707129
2.12042815912106
4.916739385007
3.17152222550022
5.51343424058538
4.84091888049978
3.3169139541708
4.65892915097818
3.63382141767708
5.48557676182366
2.78250688586624
3.51823198040408
5.13719452652403
11.0262208265063
13.02923741874
5.6461067717473
3.06439312483648
2.92405700536437
5.73509233175963
6.34647706173678
0.0683301812129332
3.75729634250089
3.33736055160991
5.8992305247464
1.62551462257217
2.48805044759328
7.54630733587095
1.96146959826256
0.0683301812129332
4.49909045685101
3.41353162948579
5.86550992425225
5.80058405666084
1.77503236352493
3.84323232868538
3.15143050603544
1.69496773982824
4.89808219055868
5.26959361838567
5.08702470898621
4.09054164290701
3.66217318371084
2.64093858620745
4.80434548447174
5.95395903307512
6.72906969201656
1.30353713525057
5.45871455331147
0.0683301812129332
4.0573242872632
1.00427293875792
4.05390868037667
3.21207456122814
3.31841833213035
3.23680625597306
5.81139672565396
8.073691253588
2.84044482197566
6.19858288844152
0.554822682836117
3.23445941233462
4.70776228368555
5.38712844085106
1.054175446738
4.11376205350598
6.48094383345573
4.4530434178674
5.81634928717017
3.15203065934014
4.35384975104766
3.99737030385727
3.96201890075606
1.97793622846527
3.4948877489481
1.82137949880104
1.98916287673595
6.38074513317189
6.40136054077054
4.68516075624222
1.76226027548024
6.56637798809655
7.55373615484563
8.56109471823175
12.8591087181327
2.66693509533256
5.61683361828945
6.64329781666125
7.01748754650692
6.82730231956331
2.8918927300012
8.36944810982171
6.17923432488912
4.76475955110226
4.11699961734188
2.91959523505548
3.32872862242853
3.30381755094577
4.34452091343176
8.51622105709088
3.48061304688608
6.03205744231026
2.20468650174072
3.64597312751884
4.38223506944924
5.10585820510856
3.98096278596494
4.13816761231628
2.97152973401513
1.67334353395058
2.55586988100437
2.87821794005908
3.44334641360419
9.31312697417476
3.68666663648766
3.97831107742422
2.94319241602189
4.31978879816848
3.47674928848739
5.50418823293663
3.09395189852888
1.61160820652385
2.49172217842316
3.54675409356555
3.69852973307333
1.9431158610824
5.74461058574674
6.06336676148113
7.32219364671475
6.67040957146117
5.88804050636184
2.45203145528991
3.76865304477968
4.59777888610971
3.42397456179213
2.28683069965984
1.10164763212992
2.2198769294558
0.79970546341169
3.54936945386634
3.7348482093128
8.7055640513316
2.82839975727164
5.59982443129024
3.65423842988888
4.4138274905939
5.48085786251049
3.8738919364478
3.27267848493415
5.85765825264675
2.19607167333073
5.03096029414318
4.27685596883319
1.25281304248917
4.44142725932196
2.40061027383197
3.24714537419116
0.0683301812129332
5.32419446930433
2.83757467583272
4.07598627493505
2.57921237468852
2.78738713711572
2.46688041640499
3.55671846353715
3.29951669066352
1.80076914881132
2.76325006657405
6.41166106831388
6.13702466714085
1.384655461501
3.06214688560388
2.48898911023995
4.72377968899683
4.51928790419314
3.39361343911286
2.40687640551092
6.3167085901781
3.85525916060462
4.36494495193352
1.79201396132453
3.13781148758079
6.73423603407944
4.94736302056113
2.97183024424875
1.29584490651059
5.51578579752161
3.14918292097884
3.28373917307152
3.51346142365147
4.91175073896268
5.09432909500818
6.02809204144736
3.55567815526687
1.74339751250849
4.39609665083346
2.21554432760454
2.05856191580276
5.38662225718868
1.81975015197577
2.42027915518175
1.9908933654067
2.56071064553291
6.88922528737088
3.08503831930836
1.90998460009863
3.94154176651795
3.02425657408169
2.91468225229711
3.94106485204569
2.91162956228234
4.91283972269386
1.81480046594507
2.43298597280147
5.81006547789868
1.24442532265712
4.73916955420249
6.9624626080013
2.00382320752958
2.63997778426875
4.29377238374528
1.90484781804373
3.65135457048818
2.12398660120479
4.33221596668884
4.05057330614164
2.06577163946391
4.7011304876426
2.27099783690385
2.3608699087125
6.21004095494209
3.61570942121215
9.15797613455667
5.57414847816017
2.93076117364204
2.01316373723812
2.68039391138292
2.70670085088166
1.16195002648373
5.17321130212594
3.52279416853788
3.23061330704729
2.76830436537626
2.30716087124289
3.18894109981016
3.62711671410652
3.7345008489676
3.78567402435892
1.48922041436114
2.34539464145726
5.07988705098103
3.70524110461372
1.4806165933126
3.41942291566687
2.88195595061167
4.70263186101719
6.1113471271278
6.56291662731756
4.01217195763984
4.02486433593212
5.263212241524
5.34688593624921
2.68646004646631
3.09023016904396
2.56300334842566
3.77007315052961
3.33606661474699
5.74633155292024
6.43655581895873
4.31887329486458
3.36026510079132
6.56586508527873
4.60323131848984
4.89727169991822
2.17138227486654
3.3196145505884
2.97189749537907
2.65468110419894
6.40482462897192
5.45161269244326
5.63133662182771
0.853586546767474
1.41421555364252
3.23258929930234
3.26343343010051
2.7439740672572
4.56051750404299
4.4358291484783
2.43909389430769
5.57357025641037
2.38787746846825
2.60609089190721
1.60941775225666
1.75777117251569
5.10761527908286
2.92560177303083
4.55050610265594
0.0683301812129332
3.64927937583333
3.17263832473184
7.30416854213983
5.13583608607686
4.6165108616981
4.78403470130805
3.60712329189966
2.28028542360346
4.85743140663653
3.2889393666087
3.46159926126884
4.46917232343539
3.72602881391706
3.51816250308686
6.04227955153731
5.24777156068079
3.54080558642713
3.70321071659683
4.93365936410668
4.1185334534542
3.22563577186458
4.79161585387864
3.76279475825597
4.99895059373549
3.67877952970157
1.12195777097078
4.87977409571597
2.71732624159924
4.48661280062422
4.94973736036294
1.93358325787747
4.34497870157904
1.98783082881365
4.77207311056407
5.42369358956077
2.80010777758145
2.53180611075105
1.47231469305584
1.75918088157527
3.11816854240991
6.78582048682655
3.2436266481621
2.72988083265121
2.61824960864441
4.20812376388933
3.0006387196446
1.31577148361539
5.30796198389268
4.43733895220991
4.52258945151061
3.98855685206214
4.76786720179068
4.77736793865786
3.15710919155793
4.53836119803635
1.89969330446203
4.37456471983762
2.28499388458891
4.52562092558677
2.34699431975458
1.65415241617296
1.71577418238965
4.30971882169056
2.8814659303772
3.53273992674862
3.91303175672906
4.72727088798849
3.41794938918332
2.00513411535676
7.49824578044779
4.61405068240474
3.98124906951648
6.7389793238885
4.97779583474187
3.81222908922895
4.51474926508081
4.05653087205157
2.7297592966316
5.60836188013972
2.01858276032791
2.86249877438275
3.11331562582587
3.98171627024731
1.97520212982135
2.52861929466562
3.60217727734688
4.55677773932425
4.77179592896167
1.95487595872327
1.45253811083996
5.3954666614426
3.31535613057372
4.86311543703986
4.86954393465507
5.28988458356477
1.75303082787182
6.8016038872141
2.76042714762375
3.65806284650837
3.59963556685982
5.33186191486308
4.25424983032636
3.01866647407134
4.4218793763912
5.3490444870353
4.2706398430049
6.80145175917781
3.28184052623416
2.28892852317589
2.9085314184163
6.74011022151232
2.79043868950433
2.49817858435018
3.20965556424827
5.47792184870846
9.49006765950046
8.07237340110342
2.18080041692836
5.43054554400262
3.98864096761687
5.66782997100258
6.27884742226353
2.82730018376312
3.14285016879944
6.85466831000858
5.40050875641234
3.4551841023993
0.280037671234286
0.343315936528792
3.12225819755628
4.36039716805336
2.89239451223574
3.65123190575164
3.57163779991973
2.46090451770993
4.6695099681307
4.69164171395031
5.35273061932438
2.44872878803962
4.88051502699079
3.96948956165434
4.52275174301725
7.28297077501581
6.68133918940486
0.608963789487222
1.92568860995245
3.79867374331788
3.91723749932523
1.71081186892508
2.69408424441199
2.35651796816325
2.55100549445454
1.00646776452294
5.98041521916476
3.82558989138707
5.15256189812403
1.74259265167745
5.91411638791705
1.82712468085185
2.35762397736662
2.85695731589576
5.63790575888668
1.8631059170502
6.10852501828486
2.81241924178177
5.44412245235922
5.66858806713505
7.67753999993238
3.7550024951388
4.00323276742985
2.91384964696256
6.77954958806994
4.05553708336916
3.27977607215514
3.35390580466429
4.92510959429745
3.37121527107895
2.52196685147685
5.29946204507434
2.42377909528576
4.69469270141086
4.21673672987048
2.35870077217777
3.68046769098211
7.70455041263977
4.88474714378326
2.41319826091813
5.89525672377071
3.21517011821054
3.28712941952575
2.74282267093031
3.45839679986246
4.28238881248364
3.34043770533263
6.28309642186528
3.30375456977334
4.60194135328179
3.40408318031998
0.0683301812129332
3.46819425740792
4.80261889663566
4.5615707620501
4.61660666047717
4.41917609195809
2.0816233657865
5.43024585709364
4.30330006897382
3.81280983117431
2.69617027322873
5.17486792397125
6.63684582752464
5.98167247139524
7.7310190316656
6.41222366493459
3.57397597699234
4.8323713292608
1.22447362088122
5.32415402161649
3.31570606101564
5.35712669794354
2.17810493545455
1.94147486163242
5.04592062213169
5.75000011907028
2.7965962464125
6.15000170104299
5.63372856546417
3.72302387260155
1.69239532706015
2.36013422384446
8.32396676752946
4.37084227075826
3.58975763386885
3.2436948288772
2.76441085388174
3.99507286932115
3.20235269901922
5.3608623933714
5.66166455767912
4.34061849141761
6.09001280408515
4.90594874815625
4.56136043294854
7.99056308660093
1.15868722715955
2.5882839813485
5.94228135158554
5.99362341026445
2.45869923580533
3.86278935141499
3.93549961034935
4.58550871021674
10.107349042089
2.99932498286193
4.44606002640045
5.33507644468023
4.55798375889952
4.06392754205872
7.96857507538728
6.49859613281204
4.09780735433615
2.74828652052699
3.31308152765658
4.3095389995324
1.82671184577012
4.9164871982333
3.93744544119432
4.94042849344153
2.97787843269525
4.6099709946221
3.67395894395585
5.24414247902739
5.86585891934283
4.98163982544577
2.5985228675876
3.41579439923118
3.40578611779377
8.59991862920918
3.43475691394461
4.02549950049032
3.87279500428094
5.09524052933519
4.71930214991803
5.81796923618199
4.80084673035877
2.1308925823865
3.78189982494084
3.6847259029689
5.92843527874453
3.73398852679914
3.93512926412277
0.000483227801067046
0.548141069405776
0.000483227801067046
0.000483227801067046
4.06996849657434
6.53514255504837
1.77024526202771
2.63710675888253
7.74371862386649
2.54932179083953
3.5131342810388
5.5750183092559
5.1952647878238
1.73853617195971
4.22755181188213
1.92301982779296
2.13671289689169
4.00174696365276
2.90894255593843
2.63253147988262
3.32073799752472
2.93022573933
2.80420904164011
4.6048989306044
9.35965501503538
4.07428337628613
2.53699512146076
1.69032741278133
1.24317784717637
5.37566283813739
7.05553336307477
4.61598595628912
4.52620602257749
5.0287308483586
6.17378704827595
4.7514496667356
3.0889277739666
1.90239433819386
2.74855757222727
3.03517640133423
3.52698084906401
4.27034906339351
2.06972673743616
3.67663459716674
2.68150684612851
2.14501148607695
5.56815558736605
6.74262938572443
3.39875281818494
3.70809575177799
1.2477414061623
3.53278846406847
3.42867408178188
8.04761616790538
9.41886348431401
3.32174288691214
3.64607733505483
2.14536299856522
2.92669796482884
3.1140633861735
7.62025536569837
4.72140492621851
8.08351797689549
3.31697009350748
4.43952010823966
3.86920094150436
3.88986556558346
3.51828236637802
4.3191399181466
5.96532388226463
4.34468653327345
5.1670949829193
2.04743057974688
5.90529129434395
5.56138982140055
2.77698019852631
2.08095659643266
1.88722939824614
4.44646169144373
4.80447224028273
4.11446973636442
3.05205101827801
2.20118709904
4.84612027095208
2.35295310495939
2.09916937006175
3.60095523909952
6.50171705961253
1.73816647470579
3.56768769027058
4.94439043396585
3.91862278313189
4.34210851656433
3.81978809429339
5.75780175262339
5.32230134487981
3.78959551159987
3.58446421608467
11.099023339329
1.44331683897866
3.56474933332793
2.44139050407343
4.11925753091026
1.80683650944426
9.21542979649514
4.08020627703825
2.82930924187267
2.67626966549141
3.70173720894372
3.42818410339079
2.45968068088376
2.33284962756257
4.28994082532675
3.74457690803265
1.75235652649281
6.42649931923589
4.86372658465494
4.81004031012247
3.31113459570315
2.24090004488583
3.24995129197675
2.59348015761639
5.41688021956624
6.25284314298688
4.72250137299245
3.51390143760658
7.49397354879771
6.37318533869101
5.34720252710755
2.48794962982705
6.3661257100632
0.681012478085579
8.17073260774021
5.12018055268943
1.5311228312698
6.67175846056127
11.2787573056264
7.6554859582666
5.47879003663271
6.75296796433691
4.53124362275235
5.44425792236497
2.28413976782839
7.79391393516438
4.88155828496257
6.80583184663841
2.77274649569164
4.27844339519568
2.45252397667656
2.79257929048803
3.92766161928317
4.75598720709091
3.71066933985077
3.65047713823474
10.1909835041854
1.55921759896473
1.21724963303528
5.41664581263821
8.70952593873648
3.78061078009272
3.9452280656779
1.98632668677355
8.34889177338215
4.30987402081358
6.01161830576117
5.15392733476981
3.92019732027316
2.33120604063052
3.36256294075597
0.0683301812129332
4.68016708845705
4.19167668728587
3.31003473742717
1.72823646879249
5.51794342287184
2.45831393187502
3.34003707387684
3.37654418029053
2.26537384151883
4.99401274254233
2.97229381929472
7.34733971167014
6.57853649283943
1.9225114857197
6.76761535450718
3.59844512824526
3.16776339525182
3.90676503014617
2.86372328152068
3.88312029333801
5.19040085438522
6.60210895511718
5.12308176457744
3.62971620728017
3.28692100145769
3.46718910252957
4.31295075238313
3.10023888291651
2.49134968355662
2.93726339886592
5.83792146733047
5.05517136741759
6.44019288561418
2.15842536658861
3.01344769824397
4.73663043857827
10.1847972255834
6.00937181773014
7.14880514672843
2.1868782007988
2.62328434635546
4.53009241219392
2.75987004571356
5.01323603265131
6.84660003525018
3.86541627597886
7.66437644084249
3.94335375252162
5.40802992559117
2.75054991815113
2.98750694676086
2.11146221092341
1.99534525439044
2.92032537607521
2.01215496931237
1.94212587845605
3.96527963628391
5.61300669219549
2.74386244282433
6.73228235111485
3.75469309399907
3.17272832023774
3.73056236779453
7.46802005241202
3.56978075924535
5.07523663978394
4.06559786565698
4.24101542239295
4.64743691016318
5.33429915574451
5.53602861148565
4.39251867017264
3.44911555172253
2.5018711932023
2.42478553042356
3.69695153109611
4.34910830160959
6.79127248601923
2.7812593509385
2.2052288694636
3.14756755097351
2.76884785975394
3.89019216491313
4.66026149101388
5.56998268391742
1.93209413244634
7.41794987372436
1.1389181568008
2.89010973756756
2.72412896872909
3.55133448195541
2.77148733120662
4.53046661791517
7.12369990643141
5.3931005891524
3.49172121026322
3.84133072849965
3.0616018963356
3.19178977369673
6.41749548969428
8.36368120895811
1.99068636397037
4.01274882826813
3.02986435118783
4.35099785075864
3.32620383228924
3.59163438070775
2.67546141186813
5.59035611515146
4.69097392727711
3.05479264933047
7.54356808689891
4.19966390520569
2.45410207248563
3.06591662476372
5.06391860044709
2.8795724591177
4.59890939742409
1.87684683672291
1.80949324666502
3.94680021438517
6.02189868232725
10.8631025070496
7.82903545669073
3.49107770929611
5.8420084029011
5.03099280482908
4.72860207566484
3.6242351241151
9.6375074129066
4.38708014353532
3.53720024720833
4.20360190324826
3.9315229838337
5.53727018130185
4.37784296336811
3.55580148783439
6.16600054919829
3.56955791651789
8.35740136768543
3.64383913862277
3.24595140570426
3.26598710718933
4.34629966404991
6.24525106121541
9.36757339354623
4.33867041308853
3.51317136463179
2.66762732820919
4.19387877207061
2.24905178188528
5.92979756157169
5.53242715872135
1.37666678340744
1.78989307636578
2.8691238620574
4.20180128077424
4.4009733810612
1.7711171351089
8.81597134251033
2.20787591394481
6.94837576035345
3.0966612135262
4.14588944280748
7.440151206718
2.21914569161109
5.96168633542244
7.37162128307608
3.13105489812674
5.18412726258339
6.39504779366562
6.05828135720496
5.13971688293038
6.83521227199398
3.70480296925379
6.14014930814509
3.24797770472104
3.56112333302234
5.59000280545225
2.60634129635703
2.11704946537068
5.97538754825671
4.44692417925279
6.10795394634409
6.04825222046292
2.57581626514656
2.90845087435376
3.7918891508987
2.65461511057356
2.35850515340084
4.4852082601145
2.10442359654279
5.34342512134221
1.97411748241562
2.852589849996
2.77923675765472
7.02827642199616
1.96488608291158
3.38955767990516
9.17488867816925
0.609683159999566
1.82190357296739
4.38886705693502
4.51638290243046
5.28499539456857
3.07838777163844
4.05247190647037
5.41453415911422
3.4720435318466
4.74406029253566
3.40801770980937
2.71730405467576
4.71514454289933
2.87650275412186
3.65203169309209
3.33793089734761
2.34909802601496
7.47350883401149
6.11683098016127
5.27335604141068
3.92352857347909
4.02613286558988
6.03820975906184
6.24236648684094
6.97502825901652
9.17471324626788
3.43295336616814
7.45427149895634
2.60797130181022
1.97963763078517
2.1460959831996
6.63349627035513
4.60933099490219
3.64953629425446
5.5743928163993
6.8153558620936
3.94119807208992
4.10989783373884
4.47701027252737
8.05795152233869
3.41823235322187
4.91139432004096
3.10975266981097
4.53536698704614
3.63911963922492
6.62000805114332
3.79331600574434
4.62832392474522
3.2894867346627
4.98706310226935
2.2370572809522
4.5828672654237
3.6629909315122
4.73084749923298
3.31154227924771
3.54527879907767
6.50214258462008
6.26573541920417
2.70235602046127
4.97901106763101
2.4422632749157
7.50204530774185
5.59810741109836
4.53501978351896
8.33623363332282
4.08760309476396
6.10166837220214
4.88076816661599
1.39672261177387
2.77306696726716
7.57740536498944
3.4980925753079
6.20975530238969
4.18311533691938
4.12667672743252
3.10647329044798
5.01554239276467
3.53484695331344
2.75275691518201
4.12696526565702
5.40681508795419
3.463734172213
3.338517184114
2.79340582087171
3.95403317672458
4.74196299033281
3.40852232142309
6.04016369133934
3.46186060816318
3.69572417062831
3.36245934919815
5.23369259889857
4.64196827024445
3.60578229134351
5.54108774441802
2.31122300754229
6.71855235662871
4.8418730183142
5.25402411715142
2.74612804938363
3.29430876762936
1.76977869190165
2.29090110861857
2.34077780851975
2.08323376587675
5.1628534364969
3.36344019086905
2.92806539849835
5.13019037809145
2.73668858764187
2.71985781900021
5.45859467591314
3.48581457409172
5.53624756069686
6.48074032083741
2.84897496640506
6.22146994542566
1.49161750923523
7.39275883669935
3.67438774162213
4.46159387900462
4.66195668049901
1.60533879741049
2.84446318393025
4.85974503055425
3.15120629639416
9.23590778501394
4.68784461614482
3.07970578514236
3.87676005228188
4.10733879455006
4.227922815133
3.46265150559126
5.54080803405933
2.84417224883142
3.95972641685058
5.44888829712355
3.90799779412095
7.89145573587486
4.69391436913084
4.95396666595022
3.84417499143862
4.24284328220511
3.2547593176199
3.69623134635377
5.72074684703385
3.94425547626283
4.08529067231393
3.3476894989685
3.83638158090267
4.786131243855
4.97095700773489
4.56303795584972
4.14355430424281
3.07679925812356
2.75120123799585
3.89142428315997
2.94665426171005
5.02693873787943
7.15498600329498
3.02840079832843
2.27872274664489
2.24397826612812
5.86275068045726
3.81559998162007
4.0632068952297
6.1533320068027
3.02236149913594
4.14504035353356
2.84870544728119
2.90453826215081
2.59825239007342
2.37837847507921
3.3912702190378
2.37889851575271
3.34362798983474
6.23582078110704
2.85519926444841
6.6410762048627
4.91883986353073
2.8189712635987
4.30360088550723
0.910830003824725
3.91300296042341
4.35143210144004
5.16501816479601
4.29034413149964
2.42048908392084
5.00265587207866
4.20810415281415
5.82385864309777
3.73755183883734
7.28889310126403
2.83516968504493
3.9553415589225
3.92756541412827
2.43770300411968
3.47960925874052
5.32087685996046
3.95813142955175
3.85451164398059
5.10610342017918
5.86975125098829
6.08208574605785
2.94545181554677
4.88786147282195
3.38422527756397
5.15211086332193
5.85543278332853
2.5167992158341
0.0683301812129332
3.30752484244198
4.35093789614735
3.64256179306854
1.96178968339713
8.26447549977383
7.11416342976991
4.46881097565352
3.35993478721062
3.01060870646605
5.59312379420152
7.30463438318635
3.83619438287531
4.4367124050133
4.2353534136153
3.59807990037414
5.46041999554506
1.31224843264531
5.7578822185889
1.97056366800637
1.70839795927318
3.95927201601939
4.56333603527833
2.91144707362772
5.20750532049378
4.93334978606784
2.71554131757801
2.97962116604963
3.71899972341682
4.2038426077578
3.28261449301648
4.06896798323715
3.75435873407392
3.98773930825391
7.89261285623986
4.04991457187403
4.03825239941729
3.11207935197161
4.0790992632789
4.31559680354809
4.2601616385327
2.80107909269231
3.87535411102952
3.65861535792396
1.85256112587146
3.2464550310669
4.31524022296038
4.69797708774936
6.44217658301715
2.31525251945276
4.12472586733581
5.97718647035625
4.68187046110123
7.05627601797108
5.20365297266189
0.0683301812129332
5.9287112049985
5.16378140746618
3.57681512603663
4.4287423939694
3.08595142232729
3.04462166035727
3.54274259243019
5.79984387258025
7.22578311146635
5.95670785329658
4.44127936336703
6.05251866637265
5.36756698754626
4.2165479311332
3.20548052984588
4.49725672368793
6.02281510917453
4.15454124493928
4.83384552593605
5.06853801361041
7.77462716525056
4.12320777771948
6.1146188848345
6.20948657961436
9.47417579231151
1.6627339603649
5.5993654865917
2.97621539953192
1.9344919505055
5.76001221847049
4.261766380991
5.06382294290837
4.95323598226843
5.50180560785606
3.84275806619026
6.83136051941585
6.08690449580272
3.77230867391927
6.07213323318168
7.72721045943877
3.13573487728179
3.72163734961651
2.29861456525802
2.26679392590418
6.06886471590356
3.99331904367038
4.97249581176204
4.16581951557857
2.12822427974447
1.70934387597445
5.15913659827338
3.84254805558633
3.0859197161316
3.09005491563943
2.28168093283021
3.12463170058319
3.49423422036084
2.24796663866888
3.49224010759448
7.31779160144967
6.66992174518442
3.42493958593892
5.24890559929572
2.97465244545587
4.62792085376975
2.90885108281632
6.90573253503057
1.86069128080448
5.6265597317093
3.84315047876949
4.28475293588175
8.17794436341932
5.28517241592897
3.14037537264031
4.83119154586283
2.14060660598192
6.75435005514299
2.73568045297856
1.68344848109655
3.07072225638582
3.56143443711608
1.79689041933293
5.67087708705756
2.68869797415204
1.16645975157506
2.21072920305413
5.55961108497022
2.1907018461705
4.64929186126112
2.30266897305871
4.09395883664528
4.58237376042125
5.33731148413015
2.92816069197133
3.44435280515494
2.51518306883145
5.61105024855204
2.51554630104156
4.89991259822049
2.57307994508452
2.57851221060821
6.11851845362443
2.35883125046129
3.96020917923392
4.96415286278674
4.3030320543656
6.01209058891209
2.32178487256784
2.5494477558829
2.38442402305979
3.40222100020609
7.15010941627876
5.36893645587149
7.01316295444771
3.41255930763404
3.4024099992132
1.58483214930714
4.61482905845427
12.5754599238936
3.87014279522447
2.39047298598409
2.85604539459303
0.226629334584464
1.7764692630341
4.82302279774386
1.35482811357901
4.53608864809116
5.98416757129655
7.68190623164027
4.12223938521575
3.70226710364383
4.20316439477411
2.133958848583
5.49508045638768
6.24896355718387
5.79919826794198
2.6373559234939
1.92197881120979
2.67778305712386
5.54824442005834
4.24025437242705
6.49394233450958
2.34270553440959
2.09303105932187
3.06116305818921
2.86922822850451
3.4126374705623
4.57193473245398
7.21987656756091
5.23685433026885
4.9557990960194
3.7405811847865
6.69011821711663
5.07640405434663
4.81304465910647
2.94061610387744
4.39621049805849
3.86494880195838
7.58524856604463
6.64835505944089
3.57085229335262
4.82715963642714
1.94554446011213
4.27075654725154
2.22886755978861
0.950667593416675
2.37257849739848
1.77440730665936
1.66833923826213
2.7333635304922
1.3853091482176
4.07648014150869
4.81408233839563
4.44920966750433
3.93056288464486
7.81440521551009
5.37052633080707
2.5773942730396
4.07669818918286
1.75603312612128
2.58850116027262
3.13947378177958
2.82661439174902
4.45749542748261
3.22818497361773
7.63405352505765
2.76752146240446
3.51420736086106
4.11626268454194
4.04167978151824
5.33350018841713
9.02172204127543
4.02743673550567
9.62855619771444
6.9044375232472
7.59344769116545
3.43394808069226
3.50138344023998
4.96487455835017
2.74252191811708
2.81427660224577
5.86313977128484
4.50639381674936
3.48049090234839
7.92952265518258
2.99919899976186
3.22703609793849
4.38014875472105
5.93072881340888
1.32071523990035
2.06012147720531
3.34470946941768
2.90817355680708
2.43093385009804
3.2937867819093
4.42947989178561
2.6907544180608
4.46272288989149
3.14164426102524
5.06240290617343
3.56099112382579
3.57203627943903
4.25279084262523
6.9775290259791
5.64990244569556
0.0683301812129332
4.1042184305329
6.96242047598152
1.88659666354873
4.91431917355202
6.28213806213424
4.23815018427286
4.90450033637303
5.41055317197268
5.23450888554747
2.92318079514458
0.815851252310394
3.12832707589258
4.49072014494176
4.69443059906151
7.83923952006416
4.89846958633311
1.85404167034341
5.0072061164459
6.72126986500274
4.54211851230899
5.62305489520105
5.16352796864719
2.66867772321083
7.71022926354049
5.44944644907718
2.96881293786082
1.63717692724216
4.76979041228067
5.27613109355797
2.30255597588054
4.10155811820217
4.06336774257722
3.82844121279591
4.66079293889731
3.81309886960087
2.5363243245411
2.28034787832005
4.80467968356702
6.45898637690948
4.47767507802207
8.85119846407182
4.047672784125
2.02093909370489
4.69175508303922
0.0683301812129332
2.75125810157675
8.17866450448812
4.25168889437246
4.38948505703012
4.88240384148523
7.32840900261887
3.90729780626052
6.83654213307244
2.29857780558308
2.46253078071875
4.55235447340218
9.06444086575689
3.78107885109338
3.98057221788366
5.361645924537
7.49255981105795
5.28748033447412
5.72004289210277
4.35210581967287
2.30649579170973
2.87795931965839
4.99612229205821
2.48306482691378
3.35795187742455
1.95948741737303
2.41843478984459
1.8140769591053
2.36447467636576
2.60898107363143
1.64465247530092
7.44066794040354
2.79942098578053
2.28664058349089
5.14971153932743
2.42832290338102
7.83565043816186
4.98554520663188
5.4236374258489
5.41444182088667
4.57705014026157
1.27711433604694
5.86911739961058
2.97856694070699
2.73653371540501
2.06326616829639
2.0700892887722
8.32403850924989
4.51971753295073
2.18324790949467
6.28942063525712
6.62267037245648
3.07277982093698
7.10759486838357
2.80046779571423
4.23548262693632
1.12131153729313
3.54844294563483
3.61517910552271
4.07717569170318
2.30376837032966
4.84247195789947
3.90287587182518
2.39970516946571
2.51021942707147
2.5297396513064
2.61136713570314
4.03373482351461
7.79255724486083
4.76387683045184
3.77988695366181
3.04924819045401
5.62137080886144
8.17831710608959
6.94723713246373
2.97425763063077
0.0683301812129332
1.53629408222146
7.49508410989952
4.24411126287223
2.00224269173364
5.7985500962266
5.11969443896759
6.2360968974601
4.69817372247949
4.10187208287927
5.12664861937712
2.01799554264028
3.22114919846312
2.72570098831769
3.59314582642345
2.90178060761865
3.2446198390454
2.96377759669684
2.26214907643528
5.81016368537602
5.77780445794143
5.53674720986849
1.90281891176696
2.87524526867574
2.18700867722746
3.65569346249759
3.83798149115897
1.66051041545475
3.37384831748297
2.82598446743105
7.35712142729638
4.16451209339867
8.3807406749211
5.45437692613864
2.62181740532257
3.15534084438254
4.16888658597868
2.30690439376979
1.08621613595728
5.20311683083108
3.18327221315696
3.56779614267518
5.1545466580785
4.88359838927271
1.47736106019593
6.06416380347307
5.59986165832516
5.71740029865841
2.92894265227419
3.2146956117773
6.35173351951646
2.39114626138283
5.37939258002885
8.18737738190902
4.70830369524483
2.46856753856875
4.52101126679719
3.82129922263847
5.23332796486943
2.7297978663611
8.61776449462973
6.05576873127851
4.07654187604715
4.30120461241173
1.5097616261442
2.6887965087835
2.68941804364968
3.50608814799275
4.01649290320711
5.50045131919548
2.06912909059707
1.60031938768337
6.11225073156065
4.41323798317133
5.564404888316
2.437917120292
4.20695641002918
2.6373794236899
4.01398274024987
3.54404266342498
3.18226993148163
3.26136537370585
2.78928342794266
7.76286871487726
4.07720286482831
4.85052445226484
2.645902879735
2.14245376654545
4.37886416604589
1.5834082978526
4.60409809200118
2.77435161043262
1.60640888920515
3.69403659282529
2.4385524916388
4.29201483729562
2.38595384740148
4.51216535105471
1.80884486292928
4.58785144897662
6.08453050467448
2.62957608167026
2.63286268934284
2.63452826565068
3.38564375386923
2.68378664458308
0.303173098565608
1.71308036238281
5.11841848136979
7.82508182657908
3.08129143897566
3.47836820783305
3.35846121355015
4.226565537866
5.75689455249029
1.99672320714605
2.11950966069738
5.12388172506466
5.74051725530324
1.35842188716495
7.03726234175696
2.73537448394592
7.62483337311138
2.74699732497691
3.01871280053902
2.26989440257538
2.21981644381358
5.23496766727638
3.28864887425258
3.02959256873152
2.63976887316648
3.37195053219216
1.04463901182272
6.06250408723529
3.37332407898256
3.23398259537249
3.15499506010337
2.12618613577383
4.11498898452444
2.11389180389262
1.68319598978518
10.1373968332959
5.74429811669448
1.09492828055575
1.86343541735942
3.86222541205064
2.35660077448894
3.29478541727513
5.33473450939851
2.76163526015779
3.92771403520462
4.37484295854753
5.70305181233992
7.83122334797234
3.51719089105464
2.0280165320323
7.67049096256536
4.72465727589317
1.46540417895247
5.14439498580679
4.18276890904374
2.51012248052233
2.46643375462266
5.11598167763415
1.70132435790242
2.80721714007199
6.58495513372237
3.31981920567677
2.72183889622589
6.33416590099936
5.26256603168087
2.55108354665696
2.63932092929265
5.06849608361866
1.79233075868945
2.58885003754731
6.93966728029675
4.45871207578586
1.7727961006017
2.72563786063558
7.25836993448077
2.00575927672202
2.68912070499569
2.51432993949998
4.56862351030223
2.50147005144872
2.36232892227003
5.00723511193291
4.58290729767918
2.81031021878314
3.18660427098862
2.28848957980743
1.76003937387624
7.0081602843776
5.11260611325849
4.73378488171418
6.50356874800947
4.43792018982926
4.25364175204348
3.78927681782931
4.72531035560521
2.86714270451719
3.40136165677362
5.08110333166834
2.80435122842552
1.18116308998878
2.3468224915472
5.91020945510915
4.15721666679681
2.39198939139572
5.21067776163916
6.53279412677071
2.95430987762628
5.66131133863817
2.58527764877829
4.62691196035218
11.4188986424602
10.2522998540283
5.55647515928294
6.03834059102413
4.36292047122665
7.77781564267797
2.60714748224779
5.91270405917723
5.98951526828225
5.55738034607279
6.79028242302668
8.83126020194926
5.01921797856486
4.60213570778155
2.48794601457718
4.06316855265387
7.46560764495239
6.78864468094621
2.9907943169298
2.99243972757125
5.1242659749764
3.4430448195946
6.44346605071778
8.92170394170838
4.09826248955778
4.40924702908211
2.54226073545185
3.54511533071584
2.20909434277621
4.62891464196055
4.49644093092586
7.29807828522409
2.94438751166964
2.54603016072107
4.22963177718185
2.13501493875437
5.67765161360457
4.01337211606184
5.23782906109284
6.06456766393596
4.71765650599543
5.10668794168469
3.97872607654006
3.68715738969958
4.16234260533025
5.50172922600424
1.70370598076618
5.64050039436711
2.48075277382342
3.4548027950285
3.83556183974164
4.5689871314232
5.46619398193941
5.7775334803431
5.68359143847698
14.0731368525238
5.44780248042147
2.36332984294027
2.89756944455348
2.56204437422181
7.14464698195777
3.88863137145711
9.38926067901009
4.13192730747701
2.09525633086111
3.47044697799393
5.55798757753816
6.79038912702708
6.674631461282
3.68827548610017
3.404294897699
5.39395230348054
2.93831542113521
6.13004319119665
7.5012092869967
2.18423003369683
6.38790203999699
4.77507188109863
4.66983491297995
2.81130128461305
2.37969649992754
3.6057051335032
1.86956405143587
4.34827258589659
2.68405799159287
6.80303415688533
5.32525259556323
5.19459040822552
7.38683070765997
4.74954656183545
3.83439561168569
5.01611391685167
1.37591188693081
6.10720328235498
3.80522685643743
4.17763152337464
5.17663967830758
6.03342233913941
3.67881538147036
5.80543016712021
4.75294526873061
4.15280880653157
4.71420869627112
3.98704486228883
4.86830125940926
8.3864994237172
7.97257276923467
9.4488184418157
3.45362736305822
7.75508723148077
5.25842810488792
3.62113886003817
3.33704703810994
7.04494169005961
3.09684673993135
4.02583514022364
2.03164688330395
2.82894460469482
3.77505448427349
6.07133876722928
5.22881826032822
1.9799386353464
4.00539924945653
7.19475573984971
3.29640880546513
4.26483541827366
4.13630658908661
1.91003385861814
5.50030575294344
2.6235717808178
3.19270058047711
3.73243653599341
2.9625019634166
1.02548823590251
3.12486407890701
3.74000491048072
6.29112620116966
1.50780501622244
6.80679472858759
3.63359969402175
1.52898053821745
3.37216591276761
3.86012423536965
4.87673941260472
3.32015554146464
4.981293995963
1.26098251138821
3.41695230307728
3.10464605037891
4.44598083714128
2.95697144614096
4.80289684420323
4.19439627567799
6.80542632073805
3.63840046706231
3.32450274558936
2.34627504711673
5.958902916678
3.37013694927091
4.05771416382713
4.06194155381183
2.05153013588368
3.08048456866174
4.58699038176109
5.73380228421861
1.7609417294607
2.47200240501757
4.09225914142382
3.5543305399215
4.12623166922783
4.83274755405067
2.40411944489388
1.51970544154279
2.91462810168242
5.30882511003226
6.87021115711508
1.88202064476829
4.55592008086016
3.36692152843209
4.03187300428334
7.83230132669377
3.16000330900279
3.66445500399921
4.40072768401678
4.22656175090779
2.86502642429767
2.37734168492037
2.66336016811616
0.0683301812129332
2.5079213177167
1.99155079508368
4.67147407809608
5.06807697164407
5.04187032284442
3.41358715084679
5.22490801796647
3.13512013325059
2.97922671891143
2.82196884554905
1.81933652740295
2.44996949955655
5.26504579002375
3.99121210438706
1.67562373816526
4.57910336733002
5.92250534864896
5.18533796427825
2.59498959246155
4.1863751608502
3.47421512641946
4.09022739172846
1.3985724112618
3.10422885587104
1.83020034920104
2.26432152010636
6.29925373030875
4.14396459934721
4.5980691443859
3.71509145242572
3.88546205281547
4.06077017047232
2.36743716885205
4.15216829184823
6.63609495204027
4.66611438892493
4.33438107015519
4.00643758103414
5.35365483176486
4.24882112166543
1.10049608804792
5.20572072196288
2.97277725065934
4.2936142229427
1.77383494297458
3.54951124765995
5.45000575189026
2.05130552997104
1.5553319866111
4.02384508683475
1.68795908815844
4.03722350433707
4.89544749888467
5.36924399200297
6.30200874944391
7.25188825512785
0.884237778174408
3.78635265405872
2.75496279431684
0.736944631689215
4.38435245137726
4.16976828819105
4.38447760253534
4.44546697126135
3.18895976297343
2.16007382367582
4.1027461021734
2.60609293889121
2.58528194477189
3.41814340576557
1.46599546746651
1.95836363237667
2.7029891822133
3.79016133384686
2.00604038864321
4.61712829622344
4.46224927114778
6.5488544263779
2.87808805851304
4.06815091991543
4.12968289457928
3.4046307741086
5.78665087298786
6.31960079324006
3.25714615712699
5.84424027866025
5.42135107132851
2.21089996109838
5.80179615712003
3.0467832167584
3.43166107749011
7.37455704851533
3.39611426710874
4.45054020748751
2.67084395096491
3.50737166218657
5.95232522081421
4.93037915911967
3.5637779412423
6.86457420100424
4.51209908821943
3.06582748152259
0.0683301812129332
6.37977209273402
2.30502520395986
2.43502528100481
3.26471310092882
2.47273314273578
6.32803298535311
5.55913025555978
4.83504305830175
1.39258896632113
1.64267390106764
2.58348510313101
3.26384611612041
3.06973091670453
3.07103727395504
4.45483880633204
0.964919672990808
2.01361593917803
4.28745864605313
5.10630509851686
1.82088930127856
5.57255021491227
2.60027696979213
2.85639243323159
1.28586955152666
1.49011624574142
1.50208578044215
2.43045101051675
2.36940295749893
1.01779812031239
2.23083473688305
2.67880641103322
2.75929523258621
3.0173467391549
2.86727523561479
3.81668907884095
6.0480039099356
2.23444197440252
3.8683194156585
2.73688621937233
4.97470709111932
3.9564384633658
2.39681383826183
7.59611393640463
3.97459556001112
3.0708379570601
2.29852293466954
3.66249422544112
3.62956536520904
4.39336062304292
2.95830478478005
3.74154549279518
2.43169380395279
3.713647920008
1.83953406232993
0.595338836405825
1.59589351988216
2.55819927470131
3.90026138677909
3.42141846995338
2.6558437114168
0.91369425695051
2.26585802495746
2.79352749570126
4.57541748446258
3.28183474387933
5.4901828859257
3.15698981193528
3.01856147033405
3.71466525579272
5.29015428780205
6.47509382782302
4.39506968965719
2.83699052055395
5.20186029211752
4.16174899075525
5.53398082761683
7.6330476295319
3.38208450065255
4.49596812398082
2.73072994974027
4.58655131625507
5.22844376762946
2.61254347693559
4.84861908937819
4.04438168095645
5.68322018165715
1.97060394393143
4.88735206219934
5.65540486106811
4.42529638191831
4.92939424581752
5.08845119578555
3.53006845706587
6.64805691701557
3.87008732182382
0.0683301812129332
6.1626887969093
3.83991432600761
2.11241607012561
4.61537864880863
2.73461701314324
1.9838579546248
6.09208347922897
5.18661462419295
8.1948307186003
3.65823006381543
6.40255572357875
1.69026196519486
8.14502326892698
3.32894164527725
1.84026170567578
2.97114066489111
4.63246678967266
1.62989966054395
1.47352909262273
0.428815133211203
3.3185494157214
5.06136583517979
2.30846007074487
1.10921615288424
0.957136862680355
1.48097135002
5.94460876357983
2.61086303434378
4.18883034597478
3.01843696502234
4.25478967728431
3.45886262550992
1.58740489718646
3.61677272499939
4.50010493517442
1.99548573089055
5.42705523107165
2.00015457143152
3.41801365495223
2.70737571352374
4.06126162701141
3.11501456906375
3.81456668839155
3.43581851708618
2.11174194141793
3.19858297821634
3.77125855821414
2.70314383950595
3.2618257668867
3.67982928872386
2.9996029692575
3.79848469066366
3.2364312384451
3.31273533696312
1.80683563739997
