H3_JulyAug_Temp_Min_z
0.981587
1.49839
2.49876
0.985306
-0.564609
-1.0047385
0.1363465
1.0443875
1.686734
-0.813257
0.21958
0.147428
3.56128
-1.91353
-0.3845489
-0.3395533
0.7581315
-0.5496262
1.226609
-1.0877295
-0.290765
-0.275045
2.651895
-0.3499605
0.3208525
2.216885
-0.926021
0.591072
0.872668
3.301675
3.166175
-0.3544145
-0.312085
1.61888
-0.321826
-2.153255
0.063488
-0.120854
1.955585
-0.0928350000000001
1.859295
2.119465
0.342115
0.8626785
1.114647
0.884571
1.245965
-2.30227
-2.910235
1.0982575
-0.8734175
3.88533
5.158275
0.2028415
0.0787875
-0.9099005
-0.13947195
1.139141
1.98291
0.519054
-0.64891835
1.0000795
0.2134855
-0.036435
1.2537575
2.477365
2.1477
0.54621895
1.41785905
-1.492875
2.81015
1.990005
1.11747
0.419414
-0.4579805
3.72149
-0.1325497
1.63709
0.49078705
0.5241095
2.084586
0.4974625
-0.48365225
1.029329
0.42922205
0.0792235
0.9324185
-0.534433
0.29766455
0.6602071
1.1010655
2.26619
2.289465
-0.461004
2.103815
0.5385835
1.29178
0.7798231
1.6739185
0.5117365
-0.388635
-1.351721
1.25673
3.38624
1.1493835
0.90858
0.164614
0.328559
1.55087
0.832102
0.3419139
0.9659005
1.556362
0.2169374
0.822927
0.836245
1.415125
-1.314519
-0.3894745
-0.5995375
-1.747044
-0.083875
-1.45017
-0.9053915
-1.4029075
-1.3085
-1.98614
-2.103005
-1.5060555
1.589425
0.7930885
3.06964
-1.792035
-1.24679
-0.1771057
2.178065
-0.6183595
2.569954
2.935245
3.497305
-1.7125325
0.308022
0.440151
-1.84038
1.510185
1.411805
1.3637
1.380918
0.21059
0.603208
0.08601693
0.710003
-0.441063575
-2.2963585
-2.28415
-1.746085
0.242969
-1.257625
0.1765895
0.39743
-1.29945
0.5154605
0.56750215
2.611086
2.40274
1.467276
2.819715
0.439471
0.9069375
1.016077
0.4838205
0.387599
0.2698399
0.005387
0.6193823
0.11441915
1.477418
1.937675
1.468825
-1.1492935
-4.089735
0.3134585
0.203136
0.143397
0.297507
0.715827
-0.4087205
0.1826665
1.997645
0.0851705
-0.304721
1.292326
3.00733
2.09604
1.447199
1.610534
1.820235
1.619585
0.7405955
-1.0551405
0.18738305
1.59308
2.187845
0.024775
1.427105
1.227093
1.733182
0.425191
0.4498265
1.1724231
-0.35104465
-0.3943175
0.78345455
0.6464595
-1.27345947
-0.433382
-0.75495955
1.219465
-1.782983
1.644721
4.16947
2.185515
0.87539345
-2.191545
0.6176575
-1.663115
0.700609
2.10014
2.140825
1.304134
3.211795
-2.62397
0.3588635
2.3557075
1.633245
2.75121
1.2261245
1.027125
-0.834235
-0.317286
0.29033
-2.442725
-2.86091
2.358795
0.410087
0.573125
1.25497
-0.11096
0.4012175
-0.20259435
0.8360435
0.440082
0.6813345
0.6521165
2.353405
1.0184635
3.484225
2.562775
0.7764085
2.003966
0.0753525
0.9703265
1.83329
-0.436432
0.21549
-0.51439
-2.61184
0.7566355
1.5869965
2.91482
3.090375
1.7003815
2.363845
1.1697265
-0.2086455
-0.134294
-1.617817
-0.1116865
0.9355525
-0.994037
-1.840515
1.33681
-1.1386385
0.08143635
1.114895
1.95343
0.10059625
0.3260471
0.8966575
1.36174
2.873235
-1.5782449
1.053148
0.429742
-1.232585
1.181436
-2.605555
-0.2221393
-2.30986
1.377995
1.329765
1.828225
1.6376795
2.47847
1.3336735
0.0274915
1.0651005
-3.01143
-0.2784395
1.19555
0.922894
0.8732955
-0.15621275
0.2948105
0.694793
0.6742115
1.533325
1.029457
1.1117375
0.5141775
-0.744393
-0.9156685
0.8403545
-0.089046
1.40602
1.806895
2.58178
-3.3955
0.606702545
1.1040565
0.290535
-0.0567505
1.57394
2.70757
-0.959622
-0.022185
-0.2736135
0.3335855
1.5608385
-0.4302959
1.2382205
1.013992
1.47657
0.856897
0.9005055
-0.8138175
0.7506935
2.851435
2.726215
0.7604505
2.346055
0.176897
0.986098
1.983994
2.181665
-1.896228
-2.587455
0.4251665
1.24722
0.943492
1.1390945
-2.0619845
1.07872215
1.803605
1.892435
0.115265
1.074278
0.7145695
0.4368815
-1.514805
-0.0692515
0.906442
0.537376
-2.68157
-0.5772065
-0.792048
1.565491
2.64886
2.594515
2.432855
1.724255
1.6898655
2.117685
2.729655
2.40004
2.148285
-0.9633535
1.44649
0.4572135
0.958663
0.649124
0.1101475
0.64913
2.99219
0.2640035
3.76243
1.788815
0.404345
-1.0208055
-0.27241
-0.200658
-0.68758035
0.072736
-0.20349085
-4.414295
2.15133
2.3869
-0.0205255
0.119825
2.173598
-2.198305
-1.1652585
-1.3569155
0.19742
0.4716545
-1.1738455
0.457249
0.208973
-0.709502
4.185655
-0.4970695
-1.0554225
0.8332475
0.56185815
0.765591
1.121007
0.7383285
0.486506
0.771669
0.18123355
-2.2077055
0.358419
2.89289
2.42024
1.20659
1.159272
2.434035
1.277844
0.3859685
0.770239
1.5703645
0.73359
0.9573281
0.7679485
1.88067
2.39795
0.5122603
1.399855
0.65006
0.46958
3.70554
-2.336495
-1.422855
0.6388305
2.524435
0.875512
-0.7351705
2.403435
0.9697895
-0.598195
-2.09506
1.729444
-0.512041
-4.134085
2.66898
3.823175
0.8665555
0.450502
0.647542
0.4767755
2.03781
0.7916935
-0.952526
-0.87019465
1.284465
-0.3359405
1.3723575
-0.9719795
4.38151
-0.4456055
-0.716386
-0.2019
-2.346445
-0.8056635
0.911203
-1.5427795
1.978201
-1.021842
0.3974755
0.5779545
-0.1907245
0.125094
0.111149
-0.553144
-0.684972
-0.1157465
0.420039
1.14113
0.8239575
0.054303
0.570302
1.439026
1.019505
2.7720475
2.24363
-0.30880825
1.1896215
1.34760565
1.019106
4.095125
2.120603955
1.141168
3.08876
1.456665
-0.410717
-0.1372865
-1.818907
-3.965625
0.8472975
0.6805115
2.379455
1.979575
1.531365
0.046391205
1.784704
0.8108815
-1.0440145
-1.873465
0.110677
-4.614705
3.07307
-4.820125
-1.726725
0.201792
0.738753
1.82339
0.4436
-1.1088495
0.450076
0.999329
1.104976
-1.2124505
1.074144
0.6766155
4.256815
3.0228015
-0.176173
0.69881653
0.223285
2.58287
2.882895
0.54916745
1.274405
0.58169175
0.5067625
2.148075
-0.063092
0.91519
0.2441625
3.261305
1.4522105
2.081575
0.8190715
4.15941
2.615805
1.27753
0.3738805
1.86072
1.43336
2.477735
2.4785
0.66570345
-0.2821705
-2.30011
0.449809
1.60383
-0.9402385
-0.529568
0.6911795
2.0228015
-0.6385455
1.21171
2.05061
5.786985
4.93744
5.036995
-0.3898575
0.6451395
0.7114585
0.6481145
1.677297
0.05481475
2.183855
3.665775
1.241839
0.239845
-0.2428465
0.8661075
-2.386595
-0.714639
1.901345
-0.35044735
0.416337
0.73675
0.3035561
0.8898335
4.69036
1.0860985
3.30407
0.9270645
1.3067565
1.730515
0.522051
-2.17306
-1.279006
-0.224696
0.914914
3.457055
2.541435
0.5356015
1.3501
0.6076175
-0.481727715
3.57078
-0.1136405
0.701481
-0.6761525
0.550514
0.078016
-0.3489425
-0.829341
1.98687
0.6923565
1.1883554
-0.3683755
1.30375
-1.0244645
0.2852135
-1.5727625
-1.6333135
0.135535
-2.73919
0.535427
-0.112899
4.405775
-5.349645
2.062055
1.2203795
2.73042
-1.85361
2.56841
-0.235293
1.2267865
2.54723
1.471085
0.1993685
4.76628
-0.43605195
-1.366625
1.03453
-1.0207545
-2.12141
0.607394
-1.03030875
-0.2676195
-1.2342575
2.10875
2.10966
2.111565
0.583017
1.799374
1.873435
2.431515
1.609355
0.64256
0.0538185
-1.97301
0.0964275
0.3951495
-1.347124
-0.0775595
4.78088
2.726655
2.67383
3.01737
0.199515
-3.440165
2.883555
3.46257
0.698398
-2.505515
-1.639125
0.28463415
2.466215
3.312255
2.0202805
1.114021
0.4723065
-2.421275
3.04945
0.55885
4.10998
1.251821
-2.30301
0.008937
0.359385
0.5753545
1.484584
-0.39966
0.1712365
0.9324825
-0.361205
2.18682
2.488555
3.50986
-1.977435
0.839149
-0.2158015
-0.31151
0.0124815
1.261015
1.55715
1.56723
2.291411
2.71002
-6.00176
1.0549675
1.82952
-1.15702
0.02385
-0.7741145
0.581947
0.7518037
0.0509825
0.7119155
0.193621
0.0875300000000001
2.752325
0.2571655
1.041628
0.7579355
0.06665
-0.237665
1.16493
1.54407
0.9181837
-0.606001
0.7511985
-1.4044405
0.4627435
2.300465
2.246055
1.0247995
0.751465
1.2712275
2.387115
1.976665
-0.612207
0.0633428
2.950005
0.03711704
0.5506785
-0.5497465
0.1158925
-0.2009653
-0.5028315
0.89201025
-1.539005
2.606571
2.436385
1.949755
0.361702
1.161223
1.276516
0.03893115
1.75868
0.58026235
1.1013235
0.74319355
-0.137145
1.438685
0.5408005
1.300545
4.51956
2.63641
1.496555
1.5027
0.983967
2.48888
1.7572
1.859995
0.8249975
-0.32702285
1.53084
0.8339315
0.849832
0.14553545
0.9658195
1.56667
0.819866
-1.414655
0.1326635
0.1097995
2.788345
0.2661205
-0.109706
1.41761
1.1356804
1.59418
0.854608
1.12819
0.5993795
0.29378355
0.339427
-0.081427
-0.2744888
0.863318
-1.1501655
0.754489
1.0077885
1.3233915
-0.22374
0.6665505
1.1677555
3.110475
-3.564885
0.8632255
1.52482
1.98013
3.35307
2.949125
1.91144
1.1385865
-0.064163
-0.141217
2.625575
0.468835
-0.1331155
-1.0656535
2.969825
1.4012
0.14751925
1.703725
2.20733
0.458275
2.418775
3.969465
-0.2884495
1.1956155
0.57117762
1.458135
-0.856242
0.4269155
-1.025574
0.601869
0.072683
1.2450695
0.6516405
1.224654
-2.094465
-0.4099195
0.31111
2.363535
1.0450305
1.302385
0.3550365
0.793055
0.577836
1.0614375
0.28245445
0.2911785
2.536835
1.19554
-0.1812825
0.5560211
2.327365
2.51412
3.12401
1.895795
0.2828135
-0.045125
-0.155143
0.113576
-2.8265395
-2.1405745
1.95781
1.95734
4.127965
1.1993775
-0.157766
-0.2364785
2.514295
-0.349064
1.520043
1.637425
-0.9079391
-0.81957245
-1.732605
3.939815
4.027805
-0.3562755
-3.032985
0.1096655
2.41452
-0.22514825
1.336325
-0.380135
-0.1914405
-0.9428205
3.461235
0.3353105
0.6854055
-0.2360845
2.121765
2.13218
4.938015
-1.80726
0.640685
0.55581
2.03463
2.57118
1.8226235
2.479955
4.865155
2.19659
-0.630873
-3.377
1.101095
-5.309685
6.48721
1.082788
-1.318465
-1.430915
-4.195585
0.734161
2.749035
0.739423
-0.880708
1.2602045
-0.073259
0.610779
-0.9707238
0.3022185
-0.740376
0.6263175
0.846997
0.22831415
0.2488816725
1.54608
1.235485
0.8999475
0.0089585
1.232915
2.555485
1.944805
0.3299395
0.911393
1.35133
1.312732
-0.335824
1.0466365
-0.5298795
-0.382655045
-1.209764
-0.8372915
0.21515
0.614355
-3.123165
-1.220959
4.129085
3.157155
0.869938
0.980224
-1.49203225
0.13741545
0.046092
2.921275
0.223186
-0.079915
-0.219641
0.9202405
2.31886
1.54171
-1.17875025
1.2735805
-0.5310325
1.2715425
1.355197
2.512975
0.86254
-1.1180525
0.8948105
1.930285
1.623945
-0.00878499999999993
0.21296
1.2167243
-0.1765155
1.91878
1.152177
-0.089849
2.95102
0.632149
0.443314
1.512065
1.94239
-0.050375
0.549248685
-0.313119
1.798815
0.840956
-2.3134
-0.325791
1.3019995
0.6935093
-1.0693385
0.2965
2.993205
2.946475
0.671332
0.6292735
1.26861
2.28958
-0.1837745
1.980049
-0.6846425
0.2163395
0.948179
-0.1543915
1.2577515
0.4234931
-3.005345
-1.75071
0.6070175
0.2767285
0.443136
0.871442
1.2123215
1.05739
0.370245
-1.0729535
1.109479
-0.2694615
-0.059217
3.721115
-0.326678
-0.87004
-0.359344
0.072679
0.378888
1.1332855
5.076985
1.0317335
2.09937
1.1296765
-1.775525
-0.657641
0.47595605
1.53153
3.613585
2.133985
1.3884875
1.414745
1.2920645
-0.484317
1.0777029
-0.5225055
-0.8902795
-0.3786405
2.536737
0.605713
-0.0845577
1.1696795
-0.37820185
-1.278391
-0.4287815
0.900718
1.009794
-0.2690135
1.714305
1.65224
0.7563905
-0.72834965
0.12945015
0.013402
0.190102
1.5513555
0.73365005
0.747165
2.0208
-2.8976
2.058905
-0.3770995
1.009135
1.588065
1.151408
-0.51719415
1.0607355
1.5910785
2.535685
-0.6463405
0.8005565
1.638809
-0.3062105
-0.2015325
-0.3273255
1.65186
-0.5004995
1.5051
-0.023781
0.3333945
0.8053865
2.373135
1.9203835
-3.757925
5.35597
1.52201
1.21917
1.588698
2.57685
-1.091392
-2.998065
0.1494765
1.12652
-0.393819
0.307367
1.390043
4.32039
-0.3962745
-1.46604
-1.71217
-1.4629
-1.3572235
-2.86178
2.816025
-0.979525
3.442415
0.9158055
2.56883
0.1272165
4.485885
0.3457635
0.1652785
0.28834
2.736705
2.4767535
0.88991
1.073185
0.32771665
0.2816075
-0.409445
-0.09314
0.487712
0.478329
4.291955
-4.082405
1.92907
-0.420016
0.9231035
0.3724185
-0.764804
2.262175
0.2741935
0.40294975
-3.063785
-5.53615
1.91905
0.6061835
0.512875
2.782345
-2.29902
-0.713837
-1.001857
1.230137
2.253375
-4.884915
1.072339
-0.5904205
-3.097705
-1.67621
-1.739785
-0.667835
-1.0090785
0.1028835
0.9120655
-0.6371545
2.444595
-0.0840905
3.694565
0.7256775
0.4086865
0.372744
0.1072165
1.7477375
0.9207085
2.339305
2.15413
0.501136
0.0299105
-0.789647
0.81552275
0.647133
1.3041585
0.101523
0.986219
0.3056659
2.598685
2.723075
2.75123
-0.0678945
-0.0408375
-1.994345
-0.60774
0.2979695
1.575296
1.120721
2.03922
2.28818
-2.182405
-0.083714
3.18652
0.717081
0.9435425
-0.073221
-0.005716
1.3440245
2.130634
0.6285835
0.12380885
-1.461659
1.29773
-1.2655905
-1.494435
-0.04583045
-0.81580811
0.1528875
0.970575
1.632005
-0.3296525
0.1817095
-1.391472
-0.4448015
1.483955
0.5184175
1.634715
1.761875
-1.352215
0.6052865
1.57904
0.4476925
0.305955
0.7888835
-1.09105
-0.1587225
0.8233075
0.9486365
-1.0193185
2.0693205
2.346745
-0.096079
0.8088725
1.384135
0.4047385
0.995124
1.57602
-2.26262
-1.897308
0.433955
1.526755
1.3678875
0.224276
2.196495
-2.13498
0.7182938
0.950079
3.293745
3.028395
4.25841
0.73903
0.492359
0.5046285
1.253805
0.8949555
1.356266
5.68173
-0.674013
0.329404
-0.1932485
-1.390658
0.3835946
1.817855
2.2128
1.713665
2.31063
0.67410585
1.296706
1.38774
-0.7794175
-0.00935699999999998
-0.5094185
0.922044
3.748805
0.10984025
0.982027
0.2289265
0.02142
1.0949055
1.318395
0.36756
2.384705
1.976935
1.00478
5.3757
-1.641625
-0.945996
1.370297
-0.782352
-1.993865
-1.068699
0.610983
1.557785
2.844775
0.9386745
-2.912155
-0.144191
1.122763
0.481973
1.476677
1.8251
1.1930615
-0.1750145
0.0594175
0.897761
-1.194349
-2.975025
-0.888855
-2.114117
3.192315
1.118165
0.2492405
-0.9919255
1.265235
2.436091
0.0932395
1.8873
-0.7286305
-0.726857
2.59883
0.1593595
1.003606
0.1673345
1.32993
1.3891425
1.858464
-1.5633235
-0.25365
-4.470315
-0.346798
-0.5030255
2.66644
1.454565
2.105875
1.3187255
3.157035
1.149538
2.2124875
2.731025
2.431845
5.25608
2.04406
0.420549
-0.8130215
0.754505
1.406126
0.7905161
0.593754
1.254
2.35679
2.33842
0.9040705
-0.9716055
0.357724
-0.038834
1.36017
0.69434
1.2315155
-0.1238215
4.09464
1.141905
0.7603025
-0.6070055
-0.0612561
-1.69806
2.2534865
2.462105
0.25114415
-0.35633305
1.26111
2.259065
0.80864
2.19487
-0.219753
1.3680895
0.708987
-0.9446695
0.7840705
1.24117
2.24787
0.070061
-0.2575683
1.9066715
0.6227613
-0.6222745
1.31852
1.583474
1.420495
-0.327375
-0.8938795
-1.081435
-0.884056
0.2093445
1.147615
0.4642101
0.62946655
-0.067328
-0.581655
0.9415855
1.249155
-0.0424
1.358945
-1.1473005
-0.5249635
1.370972
0.4724355
1.18251
-1.471004
-0.7122955
2.49095
-0.9122795
0.2925865
-1.836555
2.09365
1.359137
-0.4252155
0.3486945
3.569685
2.50146
-0.343505
-2.522145
-0.5942165
0.018475
-2.45756
1.191169
2.2007865
0.5267105
0.6070205
-3.036045
2.852975
0.83846
2.730885
3.71785
-2.42085
3.065215
2.52453
-0.643319
1.213505
-3.17179
-1.88132
1.18907
-0.3124945
0.36493585
1.446576
0.5276645
1.3422415
-0.521898735
-0.2589945
2.039772
0.085731
1.671425
2.23839
-0.0743475
0.5475586
2.42463
-2.015242
4.10046
1.263795
1.170349
0.41923605
1.050804
0.5241835
1.5485525
0.978381
1.106949
0.83303
1.5681875
2.76999
0.2240345
-0.04003215
0.3594785
0.023071
2.99112
3.42207
0.1790145
2.589145
1.109684
4.48783
1.20451
2.661235
1.669035
2.227935
1.22754
1.75307
-1.45815
0.214065
1.962905
0.517536
1.398265
-0.887992025
-0.06179
0.094922
1.267067
1.893753
0.745969
1.406168
1.9287305
-0.2730561
-4.236045
0.938314
1.049798
0.8583415
0.9196265
-0.4930775
1.24585
-0.4871935
-1.0418745
1.733027
0.0801765
1.599535
0.473876
1.2626445
-1.74625
0.3008205
-4.198265
-0.169884
-0.092073
-2.34553
-0.0729855
-0.1981135
-3.43445
-0.556369
-1.116336
2.69521
1.422665
2.50328
2.948775
-0.344664
-0.4904805
-0.272075
-0.8988175
0.2202115
-0.183945
-0.6176075
0.2593405
-1.094455
-0.1637355
0.8996615
-0.1850105
-0.92489
0.829352
-1.21841
-2.6430535
1.1975065
0.8504145
0.3769725
0.9522165
0.925374
-0.890796
0.825363
0.8280875
0.038905
1.16029
-1.7620815
1.92217
1.062476
2.67129
3.77125
-1.5687015
1.0011555
-2.042465
0.983313
1.79002
2.111585
0.00581999999999999
-2.3510145
1.211096
0.3469285
1.2862155
0.775771
-0.356835
1.3293545
2.221865
-1.24013
-0.180826
-2.37252
3.521595
-0.0735155
-2.51676
2.0268535
0.8762955
-1.1773745
3.32748
4.384095
-0.507248
0.331402365
-1.5378735
2.811845
3.01582
-0.4699055
2.719885
0.172916
0.9627775
1.58014
0.963606855
1.0548825
1.23720105
-0.274264
2.558435
-0.5913665
-0.194535
-0.8858245
-1.300645
-1.2515985
-0.908118
-1.59371
1.031098
0.501582
2.15806
-0.454978
-0.952164
0.641039
-0.463092
1.004308
1.301924
2.022695
1.2920145
-1.0507335
-2.325647
0.2150305
0.8700225
-0.06268
0.1166926
4.418265
2.719025
3.43616
1.28054
2.70749
3.00044
0.7474875
0.4045005
0.9344045
2.27354
1.2894995
0.1256575
0.413066
0.0993945
0.452216
-0.276892
4.327745
3.524995
-0.558824
0.660214
0.27699
2.43565
0.793949
1.166232
0.39215475
0.681283
-0.3119751
-0.33818
0.85095
-0.2290194
1.1185195
2.12784
0.416237
-2.468605
-0.629437
1.52196
0.837241
-0.725368
-0.277877
-1.0179415
0.8535305
1.2701515
1.4432665
-1.0629575
1.166135
2.60275
0.3581095
0.096787865
2.798365
0.078838
1.5681475
0.452913
0.0879765
-0.724118
1.42648
2.051945
0.6347345
-0.82851235
0.0337205
0.6843865
-1.308655
2.93165
1.44337
2.18604
1.5693915
2.788545
2.82422
2.78302
2.768855
1.605676
2.54674
2.09759
5.531775
2.7133
1.66559
0.516479
-0.02951
-0.7470405
4.61421
0.9233555
2.043757
-0.6311535
-2.441735
0.770495
1.0136855
-0.767031
0.112757
-2.339195
1.0129035
3.745825
-0.353095
1.062881
0.4209435
2.25442
2.62852
1.9142015
3.12284
0.05422
-1.793285
-1.4227725
1.208336
-1.0684605
3.101445
1.91286
-3.23915
0.1722845
-2.17951
1.3735465
-0.728826
0.150625
1.36193
0.8361775
-1.5847195
-0.02185839
-1.1536665
-0.5991255
0.539257
1.240565
0.434419
2.897585
1.806105
1.9468765
0.9819825
1.92861
0.346621
-0.31431
-1.105965
2.214435
1.30002
1.4666345
-0.6625961
5.093955
-0.217999
-0.2267645
0.7881465
-2.75174
0.8231185
1.054209
0.1716945
0.4840405
0.8904025
2.076675
4.64408
0.421005
0.246294
-1.426825
2.638
0.685733
-0.025835
1.296258
-0.822939
1.693374
0.857024
1.26836
1.026108
-0.152623
1.376225
0.8472655
0.651886
1.351928
2.1421445
-0.8823085
0.013599
3.49809
3.633475
2.91463
-0.295112
-0.18184835
2.429395
2.18612
0.107715
1.6415385
0.1259635
-4.59179
-1.172346
1.1039125
1.959125
0.349143
0.5888528
0.4485265
1.7766895
-0.653817
-1.92546
0.990975
-1.411675
0.00473635
0.113589
3.85598
0.418238
-1.828535
1.2460135
0.0718
0.99085
-0.06092
1.65263
1.274823
2.949305
3.13364
1.607035
-0.8157665
-0.07226725
-0.9476265
0.7857485
-0.6667425
0.045589
0.10279
3.715525
3.658415
0.699452
-0.100335
0.297692695
0.280278
2.354925
0.567443
0.4640395
1.63671
3.06584
0.119005
0.939937
-1.890835
1.761145
-0.27119239
2.56692
-0.2190785
-0.18390035
0.548545
0.5102319
0.555174
-0.4796565
-1.24363
-1.3151725
1.681875
-1.532205
1.55724
1.382693
-4.05989
2.86824
1.036535
3.167255
2.54073
-0.3008905
1.023853
-0.9767175
1.511465
0.941942
-1.095632
-1.71759
-1.1289208
1.32561
1.089737
1.69765
1.0481745
0.9127335
0.606628
2.327365
0.638035
0.972648
0.714999
-0.589403
-2.362395
0.3253313
-0.075459
-0.0324249999999999
2.460805
0.321315
0.0776755
1.16515
0.802899
0.1617005
0.00373649999999998
-1.0746195
2.51753
0.73839
0.022466
-0.518371
2.072825
-0.0919765
-0.389254
1.274775
0.221767
0.3627085
2.76351
0.473674
0.95629945
0.285015
0.39144478
-0.3089615
-0.431282
0.3144925
0.3297285
-0.84054
1.3017485
0.9050285
2.075365
-1.0650555
0.8692265
0.61774
1.44251
1.020385
2.078545
1.44235
0.403759
0.575886
3.80332
0.746037
-0.329826
-2.581545
3.21885
0.7231235
1.79321
6.1222
0.766832
4.30115
1.66074
-0.55594
-2.260125
-3.52403
-2.64889
0.572235
-0.41021
2.358405
2.5251164
-0.3578325
-0.4306365
0.17884235
0.46360745
-0.20315
0.590868
-1.303368
3.55042
0.25686325
0.9156605
1.2667845
0.968176
0.4754105
-1.290545
-2.807595
3.32452
0.024564
2.114255
1.3184085
2.59845
0.6501075
-0.68173765
-3.3961
0.884214
-1.682775
0.597611
0.603677
-0.1759517
0.9000365
0.2621649
-2.154265
0.62167
0.8883085
1.5744985
0.53578205
2.978845
0.4719515
-0.178354
1.374356
-1.366487
-1.096855
0.488804
0.2692365
-0.421984
0.5214285
0.400626
0.787584
1.2716745
0.6043375
4.085555
0.9349265
0.13191195
1.0270645
2.808805
2.318625
1.98389
0.65362
0.981052
-0.87409
0.6700405
1.95141
1.15762
1.052032
1.344735
0.3490095
2.007935
1.3857215
-0.860935
-1.6412395
0.109505
-1.858685
1.93171
-0.1993675
1.731405
0.2607
-0.8818735
-0.426615
-1.545224
1.63248
0.298147
-2.009883
0.7910495
0.261935
3.26125
1.088155
0.450713
-3.05407
1.64957
-1.425923
2.24603
1.018658
1.852755
-0.5347375
0.394487
0.808736
-0.588545
0.3356284
-0.89462375
-1.220756
0.6077555
0.611301
-2.18935
0.847476
2.091695
0.3795186
-2.712225
0.9485585
0.235731
0.0807355
2.713765
0.28601505
0.7151955
-0.718148
-0.230529
0.749159
3.444545
1.1517515
1.30463
2.31584
0.772725
-0.40862
2.98034
0.6784625
0.7181135
1.193959
0.752963
-0.9548325
0.934817
0.7047775
-0.7023535
-0.9029495
-1.000577
-0.8209845
0.4460515
1.7913915
0.18081905
0.9302475
1.8470035
1.163071
-0.041355
1.83349
0.903141
1.84261
-1.1859055
1.205725
0.92881
0.781853
2.042345
-0.763227
2.1849465
-0.730015
0.0469999999999999
-1.3524955
-0.601597
0.0664
1.1161135
0.7808405
0.44084
1.212566
1.50278
0.089949
3.58338
-1.0487075
0.15889
0.496565
-1.2684405
4.641785
0.49964525
1.3072835
0.2853675
0.899694
0.752772
0.346653
1.3417365
0.235099
-1.634715
0.3244265
0.4515015
0.738158
1.24908
0.7856015
-0.9915545
1.846317
0.225295
-1.7045815
1.2966035
1.311119
0.6543145
0.880845
0.866704
-0.17272
-0.193225
-0.5024915
-2.49427
2.11874
0.736985
-0.9378145
3.302665
-1.2098365
1.3687525
0.6649565
-0.36468415
-3.725875
-2.666775
-0.0629325
0.24587
-0.5209005
1.31913
2.24049
0.543376
1.6578
1.255115
0.9182425
0.3921175
1.3197505
2.88608
-0.2082322
-1.294641
-1.235124
1.367156
2.39163
-0.5760045
0.335065
0.08321
-0.2474215
0.885983
0.225969
-0.348242
0.350482
2.66319
2.35284
2.252315
-1.54918
-0.368135
1.64274
3.059475
2.66607
2.30377
-0.235319985
0.0429911
0.296511
-0.66991735
-0.071805
-0.398247
-1.067235
1.75413
0.970202515
1.538755
2.946445
1.64472
1.4187635
0.71957
2.64847
0.4001355
-0.199092
0.7178045
0.564
0.798146
1.0063485
1.278935
1.692127
0.34704515
0.8481065
0.7920615
-1.15772805
0.436857
1.534888
0.6017405
0.2089775
0.425613
1.1412185
1.5831135
1.938235
-0.3187245
2.65768
1.18563
1.678543
2.05486
-0.4531565
-1.82451
1.186104
1.119662
0.2738985
-0.2482775
1.7647035
0.2508446
-1.119345
-2.525836
-1.63318
-2.07304
0.3422865
2.384735
1.1004935
-0.415378
0.017143
0.5704285
0.821806585
0.8319355
-0.564187
0.5999075
-0.0734935
-0.936953
-0.000179499999999999
-0.8785975
0.5409555
1.454265
-2.39572
0.426104
3.389275
2.305975
0.680828
-3.36689
0.152864
0.8988975
1.86991
-4.11083
0.776919
-0.4121195
1.5821
2.276385
1.0201525
1.4430725
1.68858
1.95643
-1.0104195
0.609465
-2.287145
2.756165
-1.147409
-0.056416
-0.12035
1.315064
1.53046
0.1606995
-1.78879
2.486095
1.31965
1.840705
-0.5613575
0.2470735
1.629865
0.9732715
2.21119
1.74122
3.0035
2.06055
0.5138915
1.672705
0.1257745
1.1020565
2.01582
0.0943985
-0.28681
1.7414075
1.4517575
2.6738
-0.325966
0.0950375
0.6991525
0.105407
1.8934875
1.7937155
-0.9734395
1.6045
0.3905325
-0.1661515
-0.0324415
0.158923
1.94629
0.684657
4.61751
-2.23377
-0.721359
0.7933266
1.127775
-1.446235
-2.1685
0.7094355
-1.40976
1.1024865
1.0764255
2.500555
0.1424515
1.685355
3.156835
-2.28116
0.076868
1.168944
1.4904175
0.4546745
-0.2646925
1.4693055
1.8861
2.37692
0.7209545
1.372315
0.924102
0.9479165
-0.198317
1.3241585
0.78840915
2.245795
-0.176163
2.091895
1.1087315
0.7732265
0.364135
1.1240355
0.501615
-1.70143
-0.3360949
0.40655939
-0.5024275
-0.879604
1.81189
0.677373
2.164765
2.041065
1.849293
0.60479
1.3489035
-2.68128
-1.112836
1.089489
0.4985618
1.899345
0.9464495
0.831401
3.297815
0.783107
3.28769
3.99263
-2.346395
1.24447
-0.2074146
0.03269325
-0.352172
-0.62813915
-1.0335395
0.4439765
-1.243269
-1.3579245
2.229615
-0.49208775
-0.7512635
-0.48427
-2.046375
1.761705
0.6794375
-0.7996985
1.072959
2.510585
-0.252627
-0.1111445
-0.044184
3.028535
0.33168975
1.084189
-0.0195395
0.385622975
3.694725
0.3741625
0.884984
0.8189585
-2.0205525
-4.292035
-5.53917
-1.8916
1.29703
0.067147
1.84236
2.127195
-2.171575
0.8934295
1.3709655
-0.541041
-1.902135
1.87075
0.326086
-1.60095
1.185307
-2.091605
0.222706
-2.571225
2.47249
0.914135
2.444605
0.7195445
1.674303
-2.36865
3.801725
-1.1353695
0.4069205
1.204913
-0.4721447
-1.1591045
0.2171025
0.950363
0.333367
-0.777681
-0.190667
2.34771
0.540912
0.780085
3.657295
-0.556438
-1.143445
0.378487
0.3989845
1.523165
0.251079
0.466635
1.12213
2.30506
-1.198889
0.511035
-0.5295655
-1.0692585
3.07584
0.363809
0.5840055
-0.0324403
-0.439925
0.43853
0.9951055
0.1733525
-0.143652
1.43067
1.181137
1.4582405
1.353251
2.12844
1.2461415
1.46206
1.4429305
1.4491955
0.7272515
-0.58026065
1.2177
-0.0702022
0.9753795
1.076742
-2.837225
0.266365
2.592855
1.836535
0.224914
-0.018795
-0.321468985
-0.33156175
-1.168674
2.303745
0.1002538
-1.800835
-0.14926175
-5.43551
-0.385828
0.5412485
0.498936
-1.2187785
-1.0743085
-0.28105855
-2.23766
2.654935
1.0616535
1.82298
2.77434
0.296846
-2.63069
-0.5239788
0.6785715
1.100277
1.97085
0.562724
1.413085
-3.24563
0.2799485
-0.2812085
0.3606215
0.54041025
0.6757686
-0.3622025
-1.5784715
0.86446
0.023063945
0.0869885
-0.595653
-0.7184035
1.046584
0.6841015
0.74190335
-1.090405
-0.6994285
0.71363
0.8132405
1.547275
0.0120845
0.44298875
1.7128855
1.33895
-0.349304
-0.4057665
0.533106
2.505775
1.58661
-0.000728499999999993
1.0139885
0.884775
-0.22561535
-0.760345
-0.8692715
2.877855
2.626755
1.2263305
0.958981
1.674013
1.14698
0.1515425
0.547605
2.261785
-1.3146325
1.0141245
-0.7823745
1.3851785
2.037035
1.7919555
1.202869
-1.618575
1.88387
0.858023
-2.715435
0.7910205
0.1672295
-1.340445
0.3661655
1.0389535
1.331535
0.557565
1.102754
1.0691415
1.328215
-1.344612
-0.5903135
5.12486
0.369426
-0.59758
0.689137
1.77511
1.825805
1.582015
1.558025
-0.444404
2.09908
1.51446
1.900165
2.314835
2.190877
0.6499185
1.3526695
1.478995
2.984665
3.82606
-0.2910945
-0.34067795
2.05384
-0.475805
0.8580175
3.80334
0.9497125
0.139062
-0.153891
-0.110137
1.9165965
1.667915
1.064285
-1.1689295
2.60572
0.4923786
-0.1182865
1.090788
3.108845
2.64662
-3.415595
2.72584
2.40332
0.2921305
-3.230465
3.222715
1.1873945
-3.119455
1.961095
-4.734395
0.5317045
0.31391
-0.0226695
-0.4725755
2.418075
0.15152
3.43811
0.754586
-0.2184395
1.65253
0.536904
0.779292
3.04055
1.144658
0.8143805
1.5406305
1.037025
0.8196564
-0.14396
-0.209544
-0.169626
2.121835
4.657205
1.3114345
0.48708595
4.138945
1.89439
0.63273
0.8431085
-4.427255
1.665378
1.057127
1.51317
-1.269853
1.81869
1.92032
1.265671
2.829125
1.8427775
-0.3906535
-0.161924
1.0901255
0.669359
0.2493515
0.763817
0.8830555
0.857106
1.611957
0.3294245
0.6269215
0.564747
0.5958465
0.1508635
-0.2813715
0.2544505
-1.774365
1.5905275
-0.4961385
-1.504449
-1.94127
1.198108
-0.15879
1.38524605
-2.802705
-0.318579
-0.8636725
-0.8334285
-3.273895
1.7509825
1.3132235
0.3701785
0.1381715
0.756402
-0.559922225
0.5797215
0.3818745
-0.4369785
1.8014
0.6014645
-1.23572
0.0918455
0.9910355
0.690205
0.27718705
1.2568455
0.5211007
0.753999
-0.53232375
1.0243755
0.05895
2.638195
-0.049087
-0.1777685
1.1322671
1.397107
1.8037
1.73454
1.26669
0.8557985
-0.7232315
1.6857
-1.5244425
-0.1650525
0.880446
-3.66414
1.467025
-1.811465
2.323115
0.729707
0.204791
0.3888755
0.83946715
2.64693
2.68935
0.1885415
0.30901645
1.717448
1.40101
0.375112
0.16681
1.361271
2.3387285
-0.413597
1.359865
0.400255
-0.5152105
-1.324087
-0.019933
-0.140923
-0.0618055
-0.880091
-0.6583865
2.15366
0.5457126
0.730811
1.31154
0.6194139
0.68065555
1.530835
1.1447535
1.865985
0.453281
-0.6067275
3.10977
0.454621
-0.17866
0.095584
2.094395
-0.033069
-2.17336
1.9284245
-0.950733
-0.50301465
-0.00702050000000001
0.934329
-1.643805
-0.046327
0.146397
0.53241875
2.496563
1.42341
-0.256578
0.00135349999999999
2.473355
1.0100016
1.364485
2.08764
-0.250101
-4.222795
-4.25138
0.9353505
-0.981463
-0.1699195
1.1155245
1.231087
2.08148
0.232857
-0.536745
2.82293
1.007527
1.738907
0.21295
-1.1012685
-0.752975
-3.34902
-2.017005
-1.1496015
0.634123
0.41565
-0.2506049
1.309055
3.12788
0.5111935
1.984635
0.834811
1.40213
1.1900585
-1.0348345
1.33256
0.998446
3.542443
-0.16005145
-1.954942
1.869777
-0.6715335
-0.9174375
1.241574
2.51764
0.00804000000000005
0.000398000000000009
0.92488215
1.2639355
1.8091235
0.983891
2.15071
0.735788
1.28101
0.27606
0.190833
-0.8330875
-2.3774865
0.664943
-1.5708685
1.986
-1.576693
-0.310702
-0.13825
0.16779755
0.2086105
-0.2195841
0.3334955
1.5953185
1.131228
1.52766
0.315771
0.814208
1.7223225
0.9084095
1.223013
1.4653925
1.6503905
1.370013
1.891135
3.72491
1.4470035
0.4938385
-0.1351455
-0.593722
0.776429
0.4734805
2.371845
1.95713
4.4004
2.177025
0.53448
0.5334535
-2.314935
2.17869
1.49956
0.749273
1.578785
1.481235
2.648165
0.200441
0.0566605
0.0744455
1.29236
-1.800615
-2.734435
-1.084764
0.993606
2.49929
0.835667
2.628695
2.13861
2.99352
1.46052
2.435255
-0.0259995
-0.54634915
-0.68828
0.0778495
2.33802
0.30147
-0.078674
1.603335
1.93568
1.67152
1.04833345
4.01626
0.8218915
0.33560395
-0.484328
1.103583
5.002345
2.076845
-1.347624
-1.575434
-0.502876
1.06808
3.37468
2.40145
0.5528935
-0.1797391
2.51298
1.2888005
0.587259
-0.68144315
2.3604
1.511995
-1.103292
-0.418928
3.335495
2.18128
0.3724098
0.178135
0.753863
0.04211
-0.1039005
-0.4458565
0.6137185
-3.654595
0.59384
-0.315164
-0.449405
-2.304085
0.38787455
2.099945
0.847118
1.301498
1.50303
0.4500835
2.53427
0.5701925
0.9551595
2.54633
-0.5191485
1.0961675
-0.2625265
-2.0118705
1.624651
0.24473455
-0.4542935
1.8769745
-0.327825
0.6482445
-0.590419
-1.210944
-0.8451855
0.23019
3.76477
3.609745
0.12405425
-1.428045
2.15274
1.08613
2.42032
0.6628025
4.469645
1.91008
1.656705
-3.759095
-2.77554
0.8125165
-1.90629
3.29785
-0.4838715
0.652749
0.7354035
1.472975
2.01071
0.90744835
0.3803795
-0.138418
-1.755885
0.12701
0.7804365
0.361886
0.240309
1.81949
-1.974265
-0.570896
-1.0430335
-1.73335
2.865615
0.4953715
1.53984
0.24019965
1.77949
1.398055
-0.011304
2.809485
0.1901535
0.420833
0.6426645
0.4959305
1.091651
0.307195
3.41706
0.996253
0.154753
1.8619625
-0.2398567
1.28687
3.840075
-1.081245
-0.91014985
1.081144
1.91331
1.629669
1.1160685
-1.454755
-0.8285955
-2.10079
-2.560305
1.163252
0.7756825
2.895725
-1.438637
0.246777415
1.82074
-0.95997975
2.247555
-0.127343
1.598695
1.0912305
0.2620135
4.02024
1.067929
-0.726595
2.03462
-0.056573
0.9505805
-0.47013665
-1.076945
-1.05606
0.9818585
0.1161945
2.00631
2.33467
1.189275
1.2849475
1.336135
1.1559945
-0.92587185
-0.62855895
-0.2815335
3.492315
1.821815
0.5114525
0.8006755
1.165275
1.498924
-0.25172775
-0.533632
0.0318635
1.3558265
-0.754172
0.203362
0.6507935
0.1058755
1.1231025
0.70147
1.1295015
0.6758175
1.048536
3.04693
0.350345
2.680745
5.055605
-2.470455
-0.24319245
0.059005
-1.2786125
2.61879
0.7988775
0.504937
-0.58149205
-1.55709
1.6615585
0.747593
1.021813
1.62712
1.474675
-0.5002539
-0.169435
1.1835435
1.064446
2.3375
0.7056885
1.85688
3.611165
1.1571725
0.704094
0.1689915
2.7221
0.327266
0.505925
2.174705
-1.114225
-0.24048215
1.686155
-2.365705
1.494712
1.467604
2.77878
-0.7638405
1.48505
0.5830456725
0.053794
0.4246045
2.54342
-1.596715
-0.945254
2.027345
1.2618
-0.8264165
-1.0661722
2.609405
3.0211
-2.320995
0.920297
1.546855
1.8828
1.36857
1.541247
2.687475
0.811878
1.7198315
0.601605
1.2531155
1.1537065
0.1417925
1.630065
1.46901
0.442365
1.89306
-0.8011436
-1.772895
-0.0514245
-1.961975
1.84112
1.073681
0.226335
1.1520465
-0.700767
-0.2752455
-0.219
-1.1732825
0.0238155
2.393465
0.090078
1.748875
1.122066
-0.542943
2.29847
-0.6170715
1.019679
3.38976
0.499625
1.81358
1.0027955
-1.530118
3.52545
1.203185
0.783154
0.283222
1.951605
1.693535
1.731245
2.269645
1.6480285
1.9487975
1.91682
0.7223154945
1.87731
0.348279
-0.2807595
-0.844955
0.796577
1.4006865
3.55498
2.2956985
1.29568
-0.4591045
0.7211385
0.9393428
1.2570042
0.27392
0.220823
1.2772945
0.935953
2.63318
-0.22233
3.6532
-1.480375
4.64741
0.9445415
1.4978075
0.652631
1.1461225
0.582367
-1.471695
1.71544
1.82621
1.183015
-0.4907055
1.064739
0.729138
0.945101
0.919855
3.094405
1.4844655
1.28845
-0.6816305
-0.4063735
-0.7758825
3.19856
-0.08141205
-0.62639
0.3996503
1.988905
1.3089775
-0.9564495
0.5377085
1.27854
-1.4609
1.321055
1.4527285
0.517057
0.906013
1.004132
0.985114
0.946529
2.34967
1.979605
0.9672745
4.06065
1.884775
-0.305433
-1.3521245
-1.97474
-0.286306
-1.3322345
-2.87096
-0.1400315
1.2462545
1.0513785
-0.31860905
0.584143
1.09186
0.8718955
0.888979
4.52326
0.921305
1.7591345
2.39633
0.2704852
0.7279345
0.289283
-0.5237565
-0.16476145
1.0638575
3.736775
2.139995
3.644945
3.34486
-0.864589
2.04876
-0.5622845
0.032909
-0.474792
0.9648725
2.16342
-0.25729805
-1.302435
-0.0047950000000001
0.7321905
0.5602688
3.6702
-1.5411605
0.617075
0.194267
0.1003446
-0.27575465
1.217273
0.5699355
0.018625
0.3371425
-0.0291545
0.523194
2.171285
-0.226948
-0.743944
2.493095
1.1412075
1.61912
0.030146
1.1987355
-0.329528
0.3883755
0.3896405
0.381284
0.3044117
0.25399215
-1.34876
0.997464
0.17248905
2.93794
-0.6756075
0.643014
0.4129165
0.1206215
-0.7479248
-1.15709735
1.135701
2.18802
2.92778
2.58005
-0.12531
3.05937
-0.916682
1.9629
-0.52664795
-1.365934
0.157039
-0.1869755
-0.7834962
-2.53153
-0.0366535
1.73789
0.26785395
1.496094
-0.810143
0.4800715
0.793025
2.120965
-0.2396565
1.99234
0.31540345
0.550763
0.4467745
-0.4826355
-1.55732
-0.578927
1.4239915
-0.59
0.524791
-0.0690055
1.356998
-0.1988795
-1.055455
-0.518698
0.195832
0.6359425
-0.302602
1.638505
0.8671605
0.6879685
-0.090739
1.31848
1.113325
2.812395
0.5764225
1.54901
1.4963815
0.8434715
-0.663073
-2.5400885
0.589643
-5.629175
1.3928115
0.022306
-0.0110435
2.274844
-1.526435
-2.34118
-0.25417975
-0.026368
3.780555
3.52414
0.25675205
0.4594135
-1.588165
0.9457485
-0.908436
1.1725415
1.264598
0.47660045
-1.2400835
-0.064706
2.55578
-0.929425
-0.095822
-0.4502
-0.5336245
-0.8119009
-0.389996
1.138525
3.359125
0.280113
-0.5169515
0.596844
-0.00739500000000004
0.8361515
1.431615
2.20125
1.198253
1.7755855
2.1655
-0.476356
0.2168076
0.773617
-3.69839
-0.168183
1.88982
2.0220675
1.75778
2.918105
2.148545
-0.0698455
3.039562
-1.63374
1.51309
1.597205
-0.413975
-0.3046645
-1.4266055
1.145806
0.34739645
2.445675
1.986977
2.258156
0.154985
-0.2799115
0.699509
3.59485
-0.436931
3.154225
-0.1193957
-0.422221
1.83645
1.58926
2.28316
2.79258
1.37485
0.08214275
1.0861695
0.687558
-1.355157
1.156215
-0.693729
-0.8070905
-1.4454935
-2.081265
2.72356
-2.06934
-2.374365
-0.509835
-1.6210155
2.69429
-0.7838345
0.8699885
-1.030946
0.851913465
-0.0752925
1.21485
-0.731875
1.418795
0.3720609
1.471855
0.846887
0.780979
0.226125
-0.6360845
0.575566
-3.501875
-4.15691
-2.834845
-3.651885
-3.114235
-1.42006
-1.95264
0.7577085
1.4706395
0.481337
2.82725
0.776803
2.96962
1.71176
-1.03713
1.634905
1.5373965
0.073302
-1.387705
0.43567465
0.9448734
0.18194465
-0.270338
1.76893
0.6363325
1.3292915
2.65643
-0.163392
-0.651872
0.91742
-0.167862
1.260275
1.61733
3.48609
1.83725
1.530055
2.406155
1.998515
1.84853
1.80723
-1.3638639
-0.464428
1.23724
-0.52387947
-1.455498
-0.9951845
-0.0325125
1.8964
2.52053
4.46682
0.0132295
-0.4611435
-0.3888514
-0.402159
0.2363235
3.631825
0.0715505
-0.6889925
0.8137245
1.5757425
0.005278
0.9890185
0.708675
0.057867
0.911463
-2.00954
1.25608
0.6814435
0.3979205
0.096182
0.691793
3.09126
-0.616934
-0.6653646
-3.41896
-3.26923
-1.034642
0.35839
6.17757
2.89629
3.82305
0.5690595
0.8739395
0.081553
1.127465
2.69969
0.93453995
-0.206948
1.230185
0.50426835
0.8866955
-0.5007675
-0.318625
1.1838595
1.87681
-0.060921
0.794606
3.88594
0.011796
-1.4171835
-1.2171215
-0.651235
-1.346879
-0.100223
-2.229355
1.727115
2.346585
-0.3270019
-2.15087
0.9183465
3.30867
3.75631
2.931635
1.99083
1.438806
0.6648775
0.6431245
-0.7438455
-0.55754623
0.6823635
-0.281062
1.61429
0.3413255
0.4165795
-1.2180355
-0.9418125
-1.122575
0.3432155
0.1712385
-0.386981
1.516523
0.762986
1.3712435
1.363345
-0.5269305
-0.016214
-0.9962375
1.6139715
-0.469008
-3.2601
1.033114
0.550695
0.597107
0.2718985
0.221841
1.163354
0.71168
1.0648915
0.9355385
0.2922325
0.4053065
0.805456
2.677815
2.198265
0.3521445
1.0306005
0.341363
-0.19385
-1.0448295
1.6302585
1.19475
0.99799
1.1787295
2.266615
1.150395
-0.0054545
1.441259
1.736127
-0.15553
-2.430465
-1.014772
1.52593
-0.1855425
0.0916555
0.3220285
0.8810771
-1.12087
0.0731835
1.0839365
0.6106235
0.0497555
0.952014
1.0319275
0.023794
1.6487275
-1.044235
-1.2776225
-0.0339625
3.434335
1.155776
-0.9761395
-0.518063
1.4343
0.2316535
1.5088535
0.73354
-1.735705
-1.388352
0.0258695
1.44843
1.0995125
-1.509745
-0.8347175
-1.77231
-0.997899
1.98309
-0.017725
1.0290725
0.122451
-0.102581
0.0954755
-0.115045
1.410967
0.2124585
0.8020315
-0.00844999999999996
-0.0714895
1.4120355
0.448474
1.6143215
0.926213
-0.72654725
1.612931
1.60307
-0.545929
1.307611
1.684173
3.006845
0.8906955
-0.0211699999999999
-0.1505
1.683784
1.0516965
3.54755
1.3559175
-0.1713795
2.91654
0.682335
0.4038085
-0.1802845
-3.41949
0.3265383
-1.39982
-0.366779
1.7082155
-1.25608
-1.2263065
0.7737495
-0.6189285
1.307235
2.30551
0.696605
-0.0617175
-0.630659
-0.17400465
-3.14402
0.639999
1.1057385
1.5746195
0.413141
0.10373805
0.7363955
0.8980175
-2.97667
-0.108473
-0.097633
1.31599
0.4407341
-0.28031
-0.6998345
-1.959277
0.560153
1.69549
1.0448105
-0.5295
-0.218051
-1.56997
0.228121
-0.7500615
-1.182706
1.1071535
1.2505475
1.22707
2.65341
0.4401845
0.99649705
0.603814
-0.192517
-1.1813733
-0.175717
1.1121865
-3.72998
-1.521275
2.289285
-0.663690665
3.502285
0.862175
1.4552585
-0.95287
1.636685
0.789017
0.2569785
1.28011345
2.33766
1.2301445
0.6720395
0.0428815
1.197602
0.379724
3.48295
1.0022085
0.1760915
0.9651425
1.505779
-0.4906835
0.207786
1.83773
0.5438825
0.0733765
1.147951
0.3149445
0.358938
1.581745
0.0996619
0.8808025
0.7214815
2.89808
-0.5925965
1.0058905
2.945935
-0.61229715
1.773715
1.0110785
1.3453995
-0.3551545
1.379958
1.0626665
-0.449735
-0.465864
-0.0412305
1.36805
0.2990345
-0.345565
0.413915
1.023978
1.2295665
-0.8744275
-0.83802305
1.0369825
-3.03471
1.04786
-2.30084
-0.664888
1.004469
2.07136
-2.01458
-0.3584175
1.775395
-0.4637285
0.9871045
2.145685
1.568039
-0.0579975
-0.77970825
0.274365
0.62485615
1.239297
-0.122843
1.2840205
1.36465
-0.8347135
-2.56874
1.813725
-2.1408855
2.484875
0.1414275
-0.866133
2.45472
-2.514815
1.4463985
0.6555425
-1.3747655
0.333622
1.70006
1.758472
2.241755
0.190501
0.3498715
-0.1244045
0.4039315
0.968374
0.527243
-2.48977
0.168488
0.173294
-0.571386
1.399235
1.45944
2.00494
1.539505
1.609898
0.0808695
2.898345
2.681615
-0.726598
1.83429
1.848825
-1.520251
0.9896335
1.7859385
1.7271135
0.52519265
-0.1069975
0.873971
-0.91391
1.4312625
0.00711600000000001
-0.3596465
1.0018605
2.30409
-0.81146
0.32120345
0.215596
1.1689325
1.691945
2.33548
2.00667
0.139576
0.63406755
2.588225
1.68148
0.9530915
-0.0991855
1.0244305
1.1277055
-2.33074
0.100908
-0.950736
-1.275866
0.217853
0.281775
2.493565
1.81857
0.4587745
-1.9076
0.69469735
-0.7524685
1.0514284
1.86232
1.488307
-0.4012275
0.48815
-0.66989805
-0.0416185
-1.916165
1.1177515
0.398782
-0.4096445
-0.058349
0.520784
-0.679706
1.526145
1.67235
-0.6317655
3.928115
1.1619445
-2.21983
0.236155
-2.13242
2.376705
-1.5303505
0.1313265
1.4912035
3.18823
0.8517116
2.1885
1.699695
0.31427
0.15291915
0.4759785
2.7444
1.858165
0.235915
-6.85164
0.7818345
1.8440725
-3.257225
-2.002655
-0.8230465
0.5825265
-2.0805245
0.33186098
0.1757125
-3.725355
-1.094858
-0.36668565
0.623068
-0.25295005
-0.892779
1.759405
1.722465
1.1353235
1.743595
1.89802
-0.779274
-1.141458
-1.038515
2.63706
4.02785
-0.05165
-0.37522
0.990892
0.8012585
1.15273515
-0.256776
1.40146815
1.73618
1.430738
-0.745721
0.19462
-0.25405165
0.061495
1.719805
0.768366
-0.8445825
-2.475325
0.6509925
-0.839293
2.0589
-1.472085
-1.998055
-1.3449695
-4.22447
3.186455
-0.72684965
-0.4834385
1.0812135
-0.145094
0.191487
-0.1831614
0.9107405
-1.200544
-0.77898
-3.324105
-0.916577
-0.4564415
0.56289705
0.8312245
1.5140245
0.3135055
0.064694555
1.157801
-1.4824
3.91447
-1.53413
2.607235
1.693905
2.46498
4.270725
0.4510375
-1.66849
-2.47991
-1.9876865
2.55669
-0.2965674
1.1165145
-2.2482105
1.102164
0.363814
0.9057125
1.0977185
1.0835174
-0.9105165
-0.36059545
1.0406425
-0.953715
0.061194
0.1318385
1.1816585
0.576615
-0.592491
0.2976425
0.563799
-0.2245921
0.60371
0.2897395
2.506555
1.903585
1.2805975
1.1045265
0.7108165
1.174945
0.035574
0.8048745
0.736259
-1.46587
1.086539
0.7402195
1.565825
0.924772
2.4072735
0.4636915
-3.272925
0.00881999999999999
1.525525
0.835871
0.052165
1.2983745
0.8156775
-0.8730045
-0.976117
1.675425
1.1049265
-0.4552455
-3.574605
0.9410055
4.38121
1.7031083
2.485705
1.6329545
0.6260545
0.5413925
0.7770845
-1.3178
1.1718365
1.91907
-0.7888505
-2.701535
0.5045845
0.7076125
0.5242635
1.8068485
-0.823109
-0.6709015
4.424625
6.290435
4.12394
4.869415
1.61642
1.462945
2.312115
1.78084
1.464287
0.3813
1.494155
0.5531
0.1987935
-3.36793
1.097973
0.7466815
1.10783
1.371119
2.13708
1.37871
3.1821
0.087074
1.616737
1.9477515
0.15470453
0.1473265
1.339425
-0.681942
2.636835
0.6288545
1.395625
3.55613
1.167811
-0.1231033
-2.449615
0.5340815
0.0871
0.739038
4.70707
2.986125
1.678915
-0.0965225
3.02861
3.02675
-0.44245585
0.963006
1.50463739
-0.3403435
-0.140835
0.2022895
1.830115
1.9271
-2.40305
2.32618
-0.4168795
1.4244385
0.63810815
2.242395
0.578237
0.766569
3.819645
-0.3607105
0.20536155
-0.2988575
1.72066
2.62296
0.834674
0.287309
2.857845
1.241872
0.1039105
-0.4124425
2.7898
-0.1417545
-0.10706905
0.704718
1.389525
1.49093
3.495255
2.77725
3.768115
-0.0285205
2.485105
3.57202
0.912981
-0.3474695
4.283585
1.995735
2.518765
1.0993085
-0.539205
-0.206797
2.0711685
1.869846
1.2383965
2.33747
1.7204715
1.1123345
0.1059421
-1.73064
0.7729455
0.895829
-1.4265075
0.898018
-0.6530625
1.110506
1.2186905
0.51077865
0.858723
3.90079
0.5559785
1.69191
1.231775
0.8927205
1.1676247
0.63462985
2.602975
0.913389
5.05072
0.5038935
0.8238465
1.634565
-0.331755
3.243495
-1.1053955
-1.414128
1.245785
2.00464
1.445775
1.890855
1.480193
2.402935
1.64785
-0.287561
1.705815
0.016934775
-2.3675335
1.2076955
1.241884
0.6905645
2.87673
2.277535
4.5492
-0.360876
-0.18712008
0.4666575
0.421352
-1.5387945
0.2817445
-0.6976995
1.2400945
-0.88934135
-1.0926975
1.93317
0.885976
1.165904
4.415865
-0.3035435
1.3410665
-0.6438215
-0.7256215
0.9030945
1.3138175
2.389305
0.921685
-0.515526
0.165325
5.418685
1.142364
2.278545
1.144786065
2.73277
-0.37031195
-0.570143615
1.408065
-0.82639615
1.6356405
1.32791345
-2.085775
0.545154
-0.448127
-0.382147
-0.144445
-0.08098
0.076925
-0.3364055
-1.0904195
2.35443
0.045445
0.465001
1.3280385
-1.90976
-0.2784695
0.55991675
3.13212
2.098295
1.4117613
0.8966755
0.507544
1.4813285
0.3504765
-0.234116
1.0197495
0.589029
-0.497424
1.257715
2.64517
1.3748705
0.8576525
1.424895
0.426319
0.4923275
2.28273
1.2042025
2.45336
1.84762
0.616982
2.450785
2.709765
0.7921395
2.72288
-1.3048925
-1.195519
1.4137
1.275694
-6.420995
1.301873
0.484852
1.412095
2.11996
-0.66868275
2.62804
0.998489
1.8443605
0.5140425
1.203366
0.178264
-1.15215535
-0.59637375
-0.318535
1.55119
1.614935
0.6728605
0.7216105
-0.5470025
-0.21610245
0.971015
0.2845205
1.4709315
-2.17268
0.90067475
2.01002145
-2.12064
2.354725
-0.2491619
-0.381468
1.0260355
0.7465355
0.7627825
1.4280635
0.984999
-1.5105715
0.1236245
-0.1084145
-1.1725295
-1.198555
-0.36890755
-0.15199545
-0.08991
0.2867575
1.086175
-0.269328
0.09253
0.69519035
1.30879
-0.643006
-0.45956265
0.275803
1.1393615
2.35344
0.8024235
1.09742005
0.262235
0.371231
2.585795
-3.2497
-0.8628135
0.197612
0.959511
-0.2798495
0.7135225
1.63739
1.483425
-1.9412085
-1.858095
-1.8965
-2.57041
-2.197585
1.767665
1.276482
0.9140945
-4.676025
-5.563455
-1.3911165
0.8614795
0.1287
0.070325
2.23529
0.35054
1.558985
0.00534500000000004
0.0800295
2.602695
0.5357055
0.3159015
-1.82618
2.08586
0.6515995
-1.73076
0.735904
1.522715
1.340292
1.757695
5.071385
4.02553
0.4149435
-0.862645
0.30906535
0.1876945
0.414469
0.0838095
0.2599825
0.2547215
0.1613245
-0.148765
0.1680799
-1.240095
0.1614625
1.3552035
-1.79187
-2.035105
-2.73707
-0.246485
0.4288185
3.713275
2.326035
-0.4406845
3.416555
0.858867
1.604625
-0.8510395
-1.194835
1.80497
2.6895
1.669145
0.7667115
-0.201205
-0.2834083
-1.615935
1.179247
3.863325
-0.46494
2.797795
-2.85902
0.581402
0.618306
-2.93556
1.090147
1.74632
2.59716
-0.9706905
-0.1520255
-3.57191
-1.077086
1.321439
2.377205
0.2081555
1.4222
2.94217
-0.114124
-1.314138
0.365379
-0.70644
1.806965
1.626155
0.414005
0.761193
-2.181965
2.31782
-0.96703455
1.466334
2.338595
0.75282005
1.287178
1.3532495
-1.94864
0.5804195
0.8900133
0.8716605
0.93267
1.50092
-0.935318
-0.211669
-1.071383
1.42496
1.1436725
0.811748
0.51747565
-0.3766
0.5946165
1.1718735
2.87246
2.268795
-0.157974
-2.65047
4.097895
1.8700485
2.929205
2.27214
-2.990985
3.06099
0.4099405
1.1776185
1.31526
-2.249035
1.64499
0.797988
2.669595
-1.80502
1.47075
2.47645
4.49763
3.088925
1.5054735
-1.4418775
3.970275
1.862625
0.448121
-0.147498
2.77107
-0.6156325
0.833334
1.1059665
4.90775
6.60739
-0.931837
-0.0143205
-0.08234135
0.1011125
-0.6505125
2.4326045
-0.32273
1.443809
2.11984
0.23194
-0.3954825
-0.1526555
-0.10420125
-0.444311
-2.40944
2.12827
1.8977775
2.6477
2.081005
1.0802115
1.168172
0.715483
0.773725
0.0893421
2.530595
2.52636
0.8266285
0.5181515
2.178363
1.072441
0.2086215
1.804885
-2.095695
-1.657643
0.4278518
2.39828
-0.1498095
1.368935
0.809692
1.612665
0.656224
0.12069
3.780975
2.71733
3.642275
0.8317425
2.569245
-1.326482
0.60198
5.314175
-0.4374575
0.5368775
-0.5190315
-2.10706
-2.705495
1.27628
1.5853685
-0.2520635
2.13256
1.710146
-0.8712
2.62699
-0.2106525
1.4211275
1.705915
0.1822211
0.9260025
0.107928
1.416602
1.547619
0.387325
1.837545
0.51835
0.1825853
2.342845
-0.9269855
0.05505455
0.5928895
0.550303
1.1996855
1.0298795
1.404121
1.4200525
0.929371
2.44011
1.0994005
0.4171175
0.397103
0.9652905
-0.4311385
2.232655
1.412065
1.3278445
-0.569346
0.83675
-2.744405
1.49479725
0.523424
-0.456927
2.01847055
1.496760975
-0.5816205
1.69416
0.8513985
0.820041
1.215815
-1.4849945
-0.6474585
0.646745
5.356805
1.27089
-0.318309
2.07543
4.62404
0.8237295
-1.853192
-0.6996415
1.5097815
1.357187
0.0211585
1.0911325
0.9058
0.153894
-0.369726
-1.467376
1.38193
0.134739
0.2206145
-1.144985
0.3785405
-0.7037725
2.333385
1.6533805
0.08657975
2.305665
1.467385
3.255835
1.350049
1.5183425
0.401412
-0.9613134
0.817798
-0.88617275
1.0914785
0.861337
0.6694065
1.3428635
0.8413755
0.723333
2.60488
0.3099565
0.7133955
2.096535
1.398435
1.867785
1.241475
-0.302945
-1.35058
1.902265
-0.6609165
0.354236
2.29703
0.485241
1.897695
0.261035
1.801775
1.652976
1.077531
1.08203
-2.251045
1.098155
0.4270995
1.2204585
1.38224
2.670205
0.8158255
2.136005
0.642705
1.83669
2.856085
2.83969
2.34896
-0.901565
4.260115
-0.05805305
3.73413
0.190878685
-0.195992
1.1609045
0.872378
-0.26369955
0.202316
1.0539215
0.26117
1.197301
1.0651955
2.90002
3.07234
-0.11559
-0.4882465
3.05669
-0.0285445
-0.05937
0.0212345
0.136929
-0.8305737
2.699094
1.417185
0.26837755
1.2969005
-0.7907225
0.107015
2.32082
1.13022
-1.497502
1.191259
-0.94492
-1.302205
3.019405
5.672565
3.392735
0.654563
1.2272345
-0.0051485
0.644081
-4.504615
-1.3082595
3.0267
-0.534877
1.957455
1.950195
0.50801955
-1.17834
1.279035
1.155939
1.984605
0.866804
0.1798285
0.54442575
0.016391
0.7248685
2.310805
1.4815635
-1.5012765
2.56733
-1.0389215
0.5322593
-0.9016955
1.37941
1.057097
-0.3979085
1.545796
1.188657
0.7829785
0.73585
-0.2304215
-1.055268
-1.209272
-0.3854055
-1.81379
0.3215795
-0.855762
0.00406450000000003
3.220015
1.920575
0.0262405
1.042505
-0.200845
0.157705
-1.494
0.7075295
0.511175
1.3026874
0.14386135
0.7902405
0.9059356
4.19282
4.262375
3.731745
1.215348
1.485915
-0.0307175
1.0140765
0.970233
3.072275
3.657925
1.0524355
1.1857605
-0.468036
0.350984
2.71016
1.75464
0.9259915
3.124955
1.372356
0.453505
3.705285
-0.3272315
0.99307
2.20517
0.4579974
-0.6337895
0.8470915
0.4353485
-0.289251
1.75592
1.504808
0.8951205
2.61145
3.8536
0.419901
1.60716
1.883695
-0.2844274
0.445091
-1.344936
-1.235355
0.606652
-1.189952
1.1816675
4.965285
0.1003559
0.2717524
1.373425
-0.15443349
0.6271205
0.6896125
0.187238
-1.05255
-0.3620965
-0.0375295
1.775695
1.2435947
-0.345082
-2.811235
0.2225255
0.9608195
0.5262625
2.00043
0.1284235
0.925852
0.18815
-2.43227
0.34231285
-2.826165
1.44108
1.6699685
1.525323
0.495575
0.7075125
0.9111155
2.63044
0.471961
1.474835
-0.578867
-1.2792885
0.606589
0.301918
-2.012395
2.10771
1.048905
0.196561
0.10718345
-0.79064
2.258355
1.59379
-0.251228
-0.256405
0.5093366
1.114292
1.4005745
1.5137605
1.533965
1.40105
-0.1612
0.3710995
0.3374142
1.4054205
1.363806
0.1808595
2.35603
0.4351685
-0.5892655
0.7457465
2.776595
0.264589
1.561973
0.264165
0.291247
-0.2012225
-0.5860604
-0.350061
2.5687
2.810705
2.291855
0.760301
0.382861
2.423445
-2.822395
0.7523845
0.7136283
1.91036
0.970633
0.9260645
1.27339
2.357495
-1.568215
0.7082375
1.391035
0.274085
0.5871175
-0.25611409
0.534097
1.245179
-2.484765
1.174637
1.267055
0.210072
0.5098855
1.063416
0.114896
1.137015
0.9402755
0.45222715
0.3589895
2.94966
1.457195
0.430649
0.8949975
0.0685045
0.7250115
-0.539908
1.139212
2.665315
0.38652315
0.848397
1.36178
-0.913714
-0.639457
0.3190534
0.152664
0.9051215
1.704577
2.24382
0.8321241065
1.534445
-2.040902
0.1269725
-1.18101
0.5985945
2.809985
-1.647405
0.186726
0.7634135
0.7957755
1.5536925
2.7513
0.6633885
-0.7408565
-1.4117805
-0.249664
-0.510924
-0.09906345
1.3838
0.936689
1.75791
1.561565
-0.130997
-0.377554
-1.093941
0.157954
0.5471165
0.910676
1.4420045
1.797865
0.829856
2.4023
-0.047703
1.814435
1.3581955
3.907865
-0.267768
-0.109068
-2.21429
1.808995
-0.6996335
-2.974685
1.52851
0.341492
-3.285375
0.4914235
1.326162
0.325665
2.385105
-1.539525
1.2027175
-0.938284
1.223257
0.3645355
-1.52887
2.242095
-0.01233705
-1.072527
-0.2891309
1.140651
0.4608295
-0.46152555
0.5250535
-0.565526
1.6578595
0.467535
1.0305595
-1.0999265
1.817895
1.7652965
-0.36914645
-0.2908505
1.068586
0.8809105
-1.78133
1.920335
0.578034
0.6242245
1.96635
-1.7730755
2.88157
1.84666
0.30317
1.4909595
0.7237985
0.8988772
2.63464
1.2487005
1.72682
1.4051275
1.9396
-0.945487
1.64695
1.0478505
2.05028
0.00705300000000003
3.50303
0.929734
1.108938
0.078833
2.543085
0.3026345
1.5786395
-0.3014995
1.978095
-0.4571035
1.3259205
0.566806
-0.448815
-1.00683095
2.98905
1.31203
1.381765
2.594195
1.0567665
3.373665
-2.614445
0.5963015
1.586554
-0.2589
-0.641678
0.352235775
0.033354
0.716811
-0.39561
-1.02466
2.07677
-1.4953685
1.267645
1.213515
1.396335
-1.0317315
-1.122635
-2.530085
-0.924376
3.292395
1.067342
-1.2849085
3.826815
2.531415
0.752063
0.9357875
1.72011
1.121567
0.227024
2.346945
3.205765
3.5446
0.64925
-3.148355
-1.671685
2.31317
0.549464
-0.9537955
0.5297723
0.4952545
-0.00167499999999998
-0.890288
1.0886535
0.5401605
-0.437694
-1.31598
3.10302
2.52138
2.613745
1.26597
4.018835
0.0688195
0.4076794
1.41619
1.792175
-1.477085
-0.640194
0.5573015
-1.6672
0.86719
0.427247
0.8127725
0.449839
2.46333
3.54983
4.08074
-0.3164795
2.033005
-1.292475
0.9229475
-0.2323315
1.133917
-0.79162565
0.3615725
-0.165476
-1.125595
1.3515635
0.6771425
-1.2187605
0.18661
0.1584175
1.994715
0.63734
-0.5844285
-3.339195
4.540085
2.671675
1.58432
-2.19383
-2.004775
1.2102765
-1.3703815
0.555117
1.0965695
1.85632
-0.0554755
1.358505
0.801496
0.63676005
0.928666
0.908809
0.459472
1.10552
-0.6168075
-0.968412
1.1349945
1.34871
0.4460075
1.61546
4.066485
1.26857115
0.3867605
1.300419
1.443245
1.267347
1.954695
0.2371835
-3.25145
-1.606101
-0.882574
-0.369863
0.7038705
-0.208925
0.113239
0.3504765
0.1549425
3.30738
-0.19888
1.0469565
0.5651875
0.6722515
1.2742755
0.98859005
0.842531
0.8671895
-1.26229
0.631596
1.698815
1.63104
0.8051167
-0.00511899999999998
-0.23250155
-0.5423773
-1.3419465
0.5545645
1.2618885
2.2531
2.154825
2.08305
0.6189175
2.07549
0.00958049999999999
1.66065
1.900038
1.58496
0.838382
1.0019436
1.488519
1.6822445
3.13902
1.63791675
-0.2302415
0.2899587
2.0313215
0.4574055
-0.158595
-0.4439345
0.8601075
1.1584955
-1.869395
-1.1305365
-0.32068345
1.1006135
1.46676
0.7036425
0.4592475
0.207488
2.62256
0.011173
0.435854
2.569844
-3.979345
-2.843695
1.270225
3.0945
2.03704
-0.38099235
0.4942865
-2.266895
0.4222855
3.40482
1.433425
-1.94475
1.775475
0.522862
0.81393
1.1211335
0.959976
0.1126005
1.92828
0.528775
1.919705
1.324635
2.89605
2.049495
-0.110355
0.6454945
1.139554
-1.16301
1.256665
1.56138
1.202703
1.226275
2.16735
0.1881915
-0.178149
-0.1092915
3.066455
-0.2769374
0.7800315
1.205727
-0.4320025
0.193675
0.4551095
4.035495
3.790025
3.078995
0.765101
-1.147588
0.338108
0.654443
-1.013252
0.086411
0.086977
0.649473
0.0569525
-0.38298975
-1.63329
-0.11224
0.020915
0.6171815
-2.37584
2.28397
0.955671
1.4541785
0.0113835
1.92503
1.107345
1.063041
0.6090232
0.7715055
0.4362905
-0.1798705
0.4154295
-0.9989285
0.9340635
1.009932
0.37058
-0.2658215
1.0743915
0.6590235
1.42812
2.221015
2.3818
2.095272
0.667895
1.4781685
1.4615655
1.338
0.15892445
0.987693
-0.9038002
1.2799
0.9599325
-0.660337
1.961049
0.949916
-1.6923345
1.50645
1.0127865
0.82911015
-0.236965
1.39763
1.2643935
-0.057498
0.8142625
1.28363
-0.2704187
0.3228205
0.8954259
0.8612255
0.6664755
1.0904615
1.057108
1.0297295
0.858465
2.48734
-0.05584
0.8334315
1.833527
-2.1227665
1.946725
2.75784
0.834762
1.425535
0.9701885
3.01953
1.021431
0.6980385
0.1341595
0.0835885
1.3282015
0.2448
0.7175085
0.933983
-1.228205
1.652598
1.04909
0.4422526
1.944365
0.4657565
-0.248369
-0.7684565
0.78340215
1.605995
2.89221
2.51759
1.0077135
0.3958755
0.42708995
-0.8612735
0.7107325
0.282547
-0.1742507
-0.812546
1.86874
0.2808685
0.299095
0.63415355
-0.58651
1.6274475
1.56921
0.5364745
1.2929545
-1.760172
-3.325845
1.13978
2.0243885
1.66448
-3.92395
0.218836795
0.048783
2.198825
1.1759665
0.040775
0.5789765
1.976096
-2.570095
1.2064985
1.3067845
0.898568
0.489022
-0.843079
-0.87196
0.627207
0.53649935
-0.2242095
-2.41845
0.606143
2.64337
-1.31042
-2.165945
1.105902
-1.025941
-0.8193485
1.4668305
0.8223535
1.32789
-0.8077855
0.1441865
-2.921
-1.8197285
1.8034
-0.9169715
-1.553327
-1.182565
0.6968395
2.79565
2.039605
0.816473
1.18588
0.955771
0.5197085
1.46969
2.386505
2.935005
2.260485
2.658315
-2.151117
-2.7065935
1.143687
-1.7749595
-0.333813
3.5898
0.19362
1.890585
0.5533375
1.68732
1.63542
0.984214
1.049566
0.390117
0.9872545
1.359535
0.6459435
1.402115
0.730464
1.252617
-2.128489
1.140772
1.44639
-0.037872
