H3_JulyAug_Temp_Max_z
4.71467431220385
6.15559028847192
8.12615315990059
5.06084123367784
6.64014688542561
4.19795642090653
3.81303994180346
3.82543726363316
2.39781912583102
3.27315252548288
4.86106844974424
2.39118366315492
4.84022319626538
4.9166870920553
4.45918104038862
6.00673282839007
2.37404107034323
3.45669252857461
3.75618509901892
3.21512993130638
3.95079279057992
3.39845765616507
3.93553708427702
3.59826484465061
2.34675191547817
2.11763332432105
5.94577892833087
3.39010670333891
3.92871071474803
2.82055049775586
2.53996927419421
3.13805988225421
5.04648981838409
2.27471971722018
2.02127474236306
2.9193749500984
2.6077794527068
6.08893690898047
3.21468971794247
3.50325173244482
5.43511777236084
0.0214476213133406
5.81367575593171
4.87513060478679
4.04004842933067
0.0214476213133406
1.76811151968653
6.28521762592258
9.58415885849081
4.58317707608173
3.94255162088329
2.88188287389248
3.38566400268154
4.84405562836562
5.13819653951973
4.27035233460393
3.62853636607301
2.70782392514611
6.30468192395772
3.7532299119072
7.65807773614193
2.27833900060532
3.48142411927852
5.80428212170739
2.60778342420705
2.10427771277972
4.35606095425992
6.03483272345051
3.79234868300592
3.95677045101597
7.84766526809981
6.85707294886167
2.55524467239232
6.99729641165505
3.1934166281653
7.95574778939288
2.66896021920939
5.00396740280493
3.18660142261795
4.28052591187356
2.44282614733288
1.71503639128893
2.50880253375084
1.23305907007642
3.8127107416927
2.51724134180215
3.41349467333206
5.08832299063172
5.29232538255866
5.28484297321382
2.37290537542129
5.72625196716074
3.69953893823893
4.94528711440523
3.31897050313184
3.1245966416101
3.18045017741029
3.02484507065618
3.7454805621947
2.40578160459807
3.5994439231768
3.80125711367069
4.41649993900977
3.97832917054998
2.07286203170093
3.35066256218493
3.6200845925052
6.09417987817188
3.93572317902859
2.70000611005027
4.10652611129895
3.22869515910452
5.17169355107481
4.08045993010379
3.75786472760791
5.2069721756003
2.41925795319762
3.95898869329278
5.03084837745422
3.87433972369552
4.53418126355113
8.10315021450062
2.61927137280618
3.68687068147691
3.29966487065461
2.24308490674177
2.25444495090764
3.04767968601712
2.38437046982464
4.4573841597228
3.74415833394441
3.32167326396753
5.26653440631302
3.90644737389268
2.03414318470887
7.30011604459597
2.22864209399568
5.04647220878162
2.54112071704547
4.336241333516
3.20758959401178
6.96021856691587
3.35957535053265
4.88945962753186
4.25419242892288
3.18474669104989
3.72661386621535
2.71810926199718
3.95510540599175
3.33661803249156
0.824081359154069
3.60263643445127
3.93769725957502
6.44628908516229
5.46497896876531
4.2498577251131
8.07874130805861
5.86005377215859
2.18770713357163
5.14505189139849
5.14702009542444
0.916421247085505
3.34061160407777
5.62172991229963
3.35659597203601
10.3812508568264
7.9601586116225
5.25129906652627
6.93630469690234
5.96027743722071
4.58113044833754
2.57979293832223
2.99469529365287
2.28004079718332
3.43143140277654
5.27016034896121
2.23312956659635
2.43664278664955
3.66631233313282
4.58721055416885
3.97462405321454
3.66091623079783
7.20079788355736
3.61240313012444
0.0214476213133406
2.60762965325535
4.85517918514913
4.76924907599655
6.08959314842668
3.56417516184515
2.74625535584256
3.38397333721908
8.51280414648319
6.77853958289098
3.27217596171871
2.37594286848584
3.34499492953797
5.36797126033501
6.56053986026855
2.90613699196639
1.78640265659141
4.14026436459552
3.01659302037016
5.76131503983764
2.18122805161249
6.27080295317773
4.8339089630865
3.17789605395454
4.04908672383933
1.01643668504707
3.14939194955114
1.31570074813561
4.4666095535532
5.74856460814551
3.38890290681267
2.55872504698415
3.51873375451854
5.00123520829908
2.20426792198773
2.10908479455252
6.89314147065841
4.1305485265739
5.81056800787764
7.01005736673901
5.61635296837003
4.98609082193243
4.02151954751373
3.59491267747567
1.74933677215554
2.08656037937662
4.95433047241478
5.36226274042963
1.98525211972344
1.02173167645915
4.33762982240524
2.88489087552579
5.50659010649548
5.62687769632231
4.77298337106932
4.51374884978252
6.37359516420483
4.70363130725089
3.85197696311953
2.94633826579033
3.63585441622651
4.93296118569831
5.961110345367
1.73631587767748
2.35265572599984
4.6327230081349
6.22759096027913
5.40160335716134
4.81807719636168
2.570156808862
3.25506746462196
4.92397286254228
3.99251910524054
4.57637923542079
3.77584671056807
3.76151384047397
3.70015469870993
4.03231772554445
4.95341883692998
1.48215579096964
2.54784454767701
2.87176546800183
4.32554076602035
3.75773074701927
5.1492753568233
2.20966887641367
5.50570240645221
2.7659261607955
4.79159655759697
2.74990068376865
2.9601013300521
3.60876976234971
4.33030046069332
5.24752232036925
3.06981784463827
4.4032014582538
1.15673479600416
3.62128676635704
6.30609570770682
2.22236290030048
3.73294391108384
2.36452284543639
3.29614658675026
3.00936875725217
8.71008356150362
3.3370778004273
3.3336402053
6.95397575314946
4.50681525196812
2.78251713327245
3.48767543806856
6.53150557464672
4.12895737792194
3.7138744222813
3.9841923736108
3.89361245125854
5.91106895983284
5.01270413162574
4.13495785824321
3.28054495476374
2.92418134821007
4.21969613107485
3.49548878549873
3.12312504330832
5.47901260866087
3.46749011893055
4.42080188504086
3.33515242696958
5.4097644174603
5.46184618566175
2.13201547285151
3.61918162838674
5.52254350356561
4.91991664107779
4.37515956547186
2.61999435510619
4.76850325304975
1.2721883516673
3.5172473353791
0.807357959519986
8.9857522924936
2.6089216737157
1.32059580982611
5.25298406508985
3.58788077462897
2.65795008111978
3.12217406985057
2.79636495076325
2.65275802858792
1.9988105921258
2.75626631743402
5.27329307744015
1.52893345153351
1.67794948149311
1.50455776849688
3.41604893626181
4.46687064694517
2.27700314598215
4.34041511644983
2.54039583810127
4.6269883623158
5.22468564419412
3.59309447949029
3.40069980799515
5.02841293773078
2.95624701676307
1.95962753690091
3.61092269529911
2.46654392713365
7.69861689215355
8.30022786612039
4.4998493155657
8.86116975284021
2.17091840775724
3.00193331619752
2.1313985953849
3.58489354302769
1.31669393268591
4.53242912598908
3.25734488595422
2.50304149166414
10.5452261863072
2.86350211129836
5.24853924571992
4.64003982700329
2.65203584663397
4.22854135978588
2.44940490057668
4.32759032433701
4.08599175645635
4.10284518394044
2.63859739618522
3.09386539919976
4.84079287678081
4.37575101668437
3.39185912290306
0.926381616458794
0.25877432061722
0.892842419252729
0.814998316042847
0.701159956711398
0.703238788942243
5.01674086491505
4.30947018207166
2.9926825303205
6.36658227038045
2.47363361106208
2.90022075262058
3.56947063978846
2.76454316251677
2.91635710375879
3.19758322069533
2.54169775418002
2.18849613033695
1.71478871436445
1.69178310174073
4.30213983080231
9.831261952264
3.44741274429151
3.958798332629
5.08631881529197
2.73405212735799
2.90726998845247
3.32679283991238
3.67970730842614
5.77569621668091
2.32278226649296
4.87083383963756
4.1447157774027
6.98260359468629
6.76884065398865
4.30374533618212
3.69122633352906
3.45686739798399
4.29652556805364
4.42231729742795
1.53090410602473
2.33112229804333
2.26471556462065
12.3089698762935
4.76311358394054
7.35264824690179
6.75201633492115
5.0349403366267
3.8094241742203
1.38566193513573
7.1288252927808
2.73241024356094
3.29469470962973
4.71885176113443
1.83228197504302
4.2279435604147
4.21162820238019
4.79193365041277
4.71619247516361
2.48768997124841
4.64162147154112
2.75997682854511
3.90700407643302
3.05641350018547
3.36051595893483
4.09188207558291
6.1065865170535
4.04512533273909
0.998981626489752
3.57583708302772
4.11672784002177
4.30967488828743
5.92487209065668
4.46703483125902
5.81321178494927
3.54522694621646
3.26080269812901
5.44045165342874
7.25628432388855
3.17457514381476
6.98112348390471
7.45937912314192
5.58458183264904
8.22377822642147
5.73121656307065
7.32484368861719
4.43261931411127
4.10022410705759
0.509667438948383
0.367640346184615
7.85408028900711
5.60116278689479
1.09808890937676
0.173571976954707
3.22772627522411
1.71454017041928
2.82784915431479
5.04399138663244
6.42755869309441
4.65057895770018
3.42451436590185
1.19476007511636
5.77969570668866
6.72598503897552
2.42979971623749
3.352615587498
8.84780893712213
3.86295547982862
0.0214476213133406
0.19240059253637
0.0214476213133406
0.0214476213133406
0.388745669018613
2.14521946771375
2.9636290497686
2.24190451633033
4.26178911232343
4.43456826000957
2.69230829759528
1.8855545213236
3.95474021980116
3.8430483151423
7.47585276552365
4.71112243564018
2.18256225835954
2.45350821594491
2.72978782043753
3.43445955768932
3.08327344071436
3.43476982836309
9.70979331780705
3.79796286156018
2.11876114176857
5.81016586157935
2.77701492694733
2.63292645925453
4.64684032425724
2.70826955734365
3.65155221391751
4.00259271868575
5.40936387243954
3.68987872229455
3.0090594147393
4.61634256076674
7.69441253917818
4.17012475488838
6.65443019848288
3.8090158948476
1.61355830813114
5.06976404692019
2.76649606454541
2.85510687937917
3.97938770082106
2.78029421610817
4.46428186725724
10.3513139173595
2.55968811515838
3.23951386729852
4.28721570516128
1.1560685572154
2.45420813963225
3.47346184623052
6.4473757586431
5.08753133884371
3.13603237523558
3.80264722229311
10.0182602920744
5.85317811798996
5.55064903841302
6.07153067189204
5.77442582407968
1.98283422355434
0.0214476213133406
5.04636767183097
3.5770482429168
3.82725659432337
6.21929573199485
4.39954565178784
3.08851175222624
6.44467978864964
3.76502135334577
4.58086120558124
1.60544749976022
6.15791763410282
3.14147881051399
4.77166416204868
5.83753847493871
3.2074499718568
3.26946793897144
3.95123126247208
2.47740537311919
2.93252084322258
5.21505363759974
5.31717238610624
2.05349249697879
2.25436497159355
2.48957863236394
2.93021854375252
6.92866161039346
3.46329130465187
4.84271589612945
3.98444909840944
2.47172260157801
6.02281465254589
7.54954158600577
8.3332216195617
5.31459687487276
0.466464186013373
3.31944377905858
4.14332882601663
3.98999474628567
3.37411112660448
4.8488495246444
6.91921324801905
1.41641075985098
5.82320011013675
2.7623513187691
3.66795481259553
5.57896327421944
5.15672566023293
3.60981005777739
2.79263297517396
2.88751960787667
2.75447373048213
2.8216743683917
4.84451701281033
4.3768899303494
3.56041057123974
3.16478840981192
3.18877764011273
3.30395032208448
3.61503219453348
4.86826777928944
3.69932741481618
4.58394098237005
4.43280747679492
2.75313261451891
6.50920674402265
6.80806305677615
5.06344709491002
1.7654264394962
4.75077884666731
5.34229617178923
4.42299999023789
3.11209142788137
3.8841737112574
2.89243995503837
2.8312910940898
7.27106381711798
7.13889638834448
1.83470681422958
4.77063152629295
1.86971397158214
3.33312253664608
3.72193021812572
1.87770352579644
4.90979091844936
5.62326869704314
3.48682311126169
4.65613026783832
3.55102601100513
5.49824809283977
2.32605656633652
4.86463549609132
6.25813678695254
5.39941753452298
7.72818702962369
4.71424401316001
2.06053044830123
7.64051375817687
3.26017296656538
5.43858864984681
3.37189100016421
5.65063028115896
5.97716389192162
3.08474844099572
8.88948000576534
5.73056236992408
2.9307883289377
4.16263308041995
5.04278810381927
4.82818440919447
2.58894970949344
5.79311971113882
7.84186807313439
5.50947561975956
4.23305281691806
4.89581720121333
2.22220762459215
3.22075962215526
3.26284581986055
2.94077243366319
3.049781163362
3.7882085367559
0.0214476213133406
5.96786545664619
4.10571047494508
2.40040472191633
3.18713227626768
4.52117775320874
6.77940340015853
5.24099426671496
3.53126619306293
2.63812020574153
4.14720745371468
2.92494066641219
3.06035661697549
6.50815977137011
3.44915441971425
4.47946320628029
4.99556162731667
3.47164955638135
4.58970760618922
5.7203776395649
7.95999701186053
2.75025238555212
4.68339614773742
4.07120178807881
6.1465517996613
2.90850801899116
6.37227654295771
7.05375870043603
4.29379745021303
2.20651850622063
4.17184389065037
2.11483230977547
3.31099454747824
1.57334335854142
3.01565771436051
2.61919454478355
3.08289141891573
2.89951754698403
2.72140982325459
5.14692075782762
5.73469700523722
4.01350138020272
2.82624261790749
3.76371230086349
2.59140273885848
6.01654494446983
4.72373789387084
4.89770232518848
4.0982826821054
2.44959114209442
7.24822476350291
3.62869146481113
4.48703877450621
7.91569218879124
3.72511580715906
0.0214476213133406
3.51197446413748
6.9203236362849
4.67214059124854
3.04596729377355
6.61612159654853
3.4247923972189
2.66158953912766
4.31949240306275
2.20733441218671
4.78719299264209
3.06565293100634
1.23680800186416
1.88751592168468
5.54636727543732
7.08881132094866
3.04246660296415
2.90998950479391
3.14998772573303
3.82264665804857
5.45533418215262
3.70280926015817
5.65271342121296
1.44913619838668
3.77427172862971
2.71862242269949
3.83683785440597
5.3422731659689
5.47425378112883
5.6162906105965
2.89050266770072
5.04577594827428
1.56290433373443
3.19826007977195
2.62832882399046
2.65841224739686
6.05226569758999
5.98131695187626
2.48261536697756
5.30484937855232
5.09083609908243
7.86429512207919
2.10929991928722
4.39949826724827
1.99551670108548
5.30970723457617
5.44069798474623
5.31523331312034
5.15322910330391
3.67315829100443
5.05046156826149
6.22549645417994
4.98865759447477
2.6437058440466
2.37397750138041
4.13707759697304
2.06292472510735
6.51691753937765
1.37517993417992
3.07144948426837
0.844560596875978
0.472664337414236
2.0719405609302
5.93269326596474
2.75660819642911
2.62553815531142
7.00562433753546
1.58649789610371
5.11087447554667
4.77909660794254
2.85687756938893
4.68145114003148
5.11087351785514
5.07148905016581
2.71746603508608
0.0214476213133406
3.13784579027901
4.09262170258361
3.61740264373989
6.86967881769238
7.10529530578552
3.4366384671417
6.58084692877684
4.86912907099633
2.53333489280921
3.71771645937248
3.16715003778108
2.27224531018923
4.78864009534535
1.33180771232632
2.38111155104903
3.04157534875642
3.49840924015883
5.67532867341119
2.91190206940055
6.57682620356481
6.18015139776974
3.1567012495152
2.08264889308248
5.38068585736926
2.95935112332628
3.67837006598222
3.10144115370095
8.54418519285486
3.03078765615926
4.70136984787598
2.17096343613398
3.95678897672536
3.57137234705048
3.61363488533373
6.05633379647623
2.57912134472638
7.8225032831648
6.15521359779727
4.21198453374394
7.4620735504282
3.52766152738616
5.70759041592185
1.71920110859374
5.07773875955757
1.14832974185586
2.63135607071608
1.37339070432791
0.0214476213133406
3.80218919284077
3.08123059636052
5.1544710198117
4.03767957183716
3.49237050468015
4.27076116790292
2.00952468380603
2.64314523145795
4.41761997272299
4.33004107716714
2.20153130747554
0.835414604747369
3.22628373059113
4.30695645495432
3.09852667544343
5.25357594377695
2.50028803468145
4.85863395196052
5.07860469357972
0.0214476213133406
3.06408173396172
4.00168937295307
4.41079621705495
2.72232489504469
6.21675658777865
7.06222082880336
2.48391949920576
4.78190895981165
5.46172917680632
3.41886891303209
10.5116439233819
3.79146695376514
2.75225718220678
2.35061951592179
2.38624783635779
3.18900299228541
1.27374059879442
2.49420313248852
2.33746447257173
2.65345962293461
2.51930510971384
4.23234754363666
3.39284502034992
3.57082605065819
4.15695047974651
6.23041718493512
3.95853456492516
3.70684395052087
9.49132235263862
4.97758521047195
3.95596373140277
1.75130310349104
1.05685270227696
8.82645434628596
2.34904257713975
5.95416548354572
6.00023378415241
3.6760744771365
3.67788540389816
2.23441536038527
4.17603028352382
5.61091855657885
3.77112930145905
1.85395044873784
1.56221228147022
0.0214476213133406
5.92914522877067
2.1906136028368
1.95764395978539
1.26308364010913
4.54961378904953
1.70466052366666
4.5098507572439
5.24857369412245
7.64390205021641
5.70846329152435
4.26813363045957
4.63287684247914
8.26108419254277
2.64362456061652
10.2148736783919
3.80405670473596
4.27875303617321
10.1080267945001
1.679061218251
2.68565529874064
4.20425481292967
5.55281038533439
3.26664943528347
1.99244709244973
2.83552491593211
2.29633945224466
1.64482250009979
2.11188858624329
1.23193836607102
2.24749875483782
3.98099599125584
2.31665224000223
5.15595096833598
3.43234394439398
2.81459584534434
5.52795875102353
4.10655288188603
1.76029224270365
3.64137115933371
2.72498862746398
4.47313908075437
6.37275500257328
5.76369925705251
5.65992119212794
4.66226176579004
5.91952115626525
5.54237737039584
3.71601812147178
3.82310578143308
5.29243871777046
7.28027104879418
5.95783898433083
3.88228980983362
3.23348077835037
2.89716813934455
4.14432008950335
1.58572270051857
2.40280003644618
3.21860204338369
3.7183307752377
4.44927054982641
2.49077116802956
2.95375053440437
1.85744780694597
3.55458580171134
1.91151328834037
2.2719140111041
2.73617695802649
3.72448703548362
1.17179065643083
2.86575195470819
3.65735248098947
3.51625467198559
6.96999460337858
4.41710606618137
3.25411265601197
3.98531053151818
4.44466968048872
6.51135961157184
4.4313653086521
4.33684538933407
6.29550217680832
2.12391150896855
2.43057554499365
3.37297688726625
3.28566066558404
0.0214476213133406
4.48755453256131
3.92947834531072
5.41587878398286
5.76987699365776
7.81762147155345
3.82183530215949
4.81806372725095
2.07094621513593
3.19991068499519
7.8200839626481
1.34685738818041
4.78435131851808
6.00126529906172
3.08881711533182
2.76767918891651
3.5436077048336
2.7286188280778
9.92608529659715
3.18010479721915
4.89345571243349
2.9628271097649
3.33966380779502
2.16091705106567
2.1639620961244
2.40533030535518
1.7660636090225
4.46060890280571
2.23027890916376
3.13856265094183
5.89035144518668
3.5844994414681
3.35142389914188
2.32470677035297
3.46032428450148
3.58888318990465
4.47230913838935
2.04351924035066
3.5384810030107
4.19561151969815
1.68575788447619
3.99768286520001
3.6733734902022
3.64587322658114
5.43479538220818
3.37948314954113
5.51535920103846
5.55945761368365
1.94306397032385
3.30293314813766
8.54168313098568
3.47947667892222
7.40466730021178
4.84826474409168
3.50318477982763
3.19186624835375
1.93918914853629
4.33431305520378
4.24625142042978
4.73306679798512
5.10239353238735
4.2089522244295
3.97319762298686
1.03311827857998
2.90536957734694
3.806700473712
2.68802176055466
4.11479693173402
2.37745805072428
6.10110747770195
4.18782883972635
4.23505879061448
2.22737753719582
1.7373816319912
2.85852461339864
2.01392338191749
6.74197951227065
2.29308938847068
2.14046411690762
1.80282686628182
2.76852845303631
3.70204540183678
2.48396635291729
3.92516642900959
2.14609305201443
7.50076582542421
2.57664548809029
3.17753658972923
4.9587688136311
5.33702501303363
5.45272447274153
5.12556531278688
3.30784238522397
4.57594827159109
1.01738258859216
3.69698710982271
5.15892052801496
6.02145714765916
2.02516795262077
1.93486131572595
3.35795181763347
5.8202353532576
3.02655200692745
2.84473702291494
5.65780440302979
5.62032134785186
2.08482373760555
5.02034518017532
4.30876380273233
5.96819523999657
2.4351527225467
2.62666843141548
3.3675269718688
4.84289562180673
4.24510885151393
3.46433211108845
3.71433393012519
3.0274763709904
5.40891127530507
9.16554693863424
5.08262775240713
3.53515530205756
3.85068745327229
2.71568093712715
2.50483207267162
5.91125444097371
2.69772405830534
1.25847524213248
3.88258992497521
5.98309069760176
4.55163803689454
4.04130198365007
5.83839025482176
4.86861149789411
5.9556355532362
4.93220709713788
4.25952323190269
3.74677375881314
5.36801349172385
3.73926359880023
4.63051706140369
2.73161034393276
3.85219183560257
2.44812778254883
5.27554537326242
4.06509700536877
6.48463501408996
3.05608312438667
3.40460849604891
5.06077863641967
4.57663942651725
3.63345225231055
3.22240476722597
1.9507068065085
2.04878987617
2.24183256415645
2.04496400155149
4.89812435362555
2.29603802890523
5.38474660274123
3.27126662772828
6.18250932837092
3.5408229992466
3.53825999998621
2.9975048402903
3.89292321950576
8.77520662204312
4.65474120414376
6.01655987139011
1.00663981385391
4.10352837657865
3.45708839901278
4.71626722142538
4.20921798537895
4.39661657815573
5.08529560658856
4.85188850766449
4.9781526538391
4.05103889785145
2.12581992485375
2.30355235477413
3.31672828198212
4.26063017937686
6.21347305436668
5.91013849307247
6.4578328034274
4.36113997592176
5.38569705084717
5.20220017657193
5.73865720718065
2.11223269516259
8.12290089998501
6.55745040392756
4.11611227311898
2.96496698218315
3.752884952982
3.18685360410879
4.98130440459493
4.02182299318042
2.00679696058369
3.26000029955197
3.30834081338804
2.68738885262384
3.1413625922484
3.62105137038577
5.69688588354162
2.4463418841735
4.06782310234322
1.66161692278781
3.88242580578796
3.22956697497816
4.77345278392046
8.73020164925551
2.19309710001228
1.32919955780114
2.70504996125349
3.79339507321175
3.05719508448472
3.78650015110631
4.91375918674726
2.6329572464139
6.06047009968783
4.54893463355975
2.17521200803551
5.93610061775754
2.98675237138025
3.62459512147209
5.09934265000314
4.0973959765832
3.25793465165362
4.23747173072826
4.13459693128064
5.30346623949204
7.16664792435973
3.63751565720972
2.98520372107393
4.24981062410565
3.10390709021606
4.55880216471751
2.00652490609434
2.6985638635128
4.00617139011012
2.35427956968466
8.47865758486595
3.88451804793295
3.64786221008865
2.72226911005544
8.97370700387647
3.84336014929613
7.03768249487192
1.85402047772766
5.53638035655198
5.03974142668006
6.68032049749895
3.71991990383908
3.1037792756829
1.46784801111065
2.4978386117397
4.7423543021973
3.08717641877019
5.57023895522844
3.244293240759
8.99099540841456
2.75120059692803
2.10292020150756
3.41033348991841
4.7013520576994
5.42777540408456
2.4503990123075
3.034581787563
4.27544236453731
3.89352750492019
5.9795302062174
1.38532592346867
1.97176874806328
1.84603090488942
3.83637955652926
6.46125006818757
4.34162119760779
4.87919066754207
3.1923273389848
4.49991254772163
5.45649414897794
4.80475406579207
2.88987240875641
4.91043489859245
3.71073010844908
2.1301389925597
4.82728834354657
3.24558741091603
5.77531661606729
2.86255045584601
4.81030961826621
3.84323021116333
3.71596107619924
2.79560339565268
4.72909912834135
4.07726538207126
4.87791166157972
4.53073940828896
3.01305558720742
4.75659387690208
5.06692486411267
3.2051025332807
2.33227925204432
4.4476942135785
2.84669820799772
6.26133830654095
3.04343075881756
1.84539191436617
3.19341713836255
4.21691006924935
4.30851664618941
4.70680238201009
5.55446081297408
3.63828339370169
5.3686092468785
4.1272858340999
4.96788699296019
4.38450212738779
5.04112867949877
3.84740776439484
2.22315045470658
5.2701411492605
4.29213059448436
3.12779273230168
3.83664356997998
3.96233607076352
5.26588303537918
3.19251795247146
4.56625893095623
4.37653152377444
3.14708198200353
3.90712268040964
6.47586796989433
3.49328319847527
7.56252270717383
5.3399491413922
3.84847888515709
2.63014592022003
2.99272854469342
3.16107270098614
3.2496878056481
3.07117215494404
5.81740654099992
4.42747182431359
5.12665897703241
4.04835929418345
5.01837871562047
4.52338105670437
2.17036050575476
5.12283831843344
2.82920498828395
3.93930135094589
12.4284768634533
0.0214476213133406
2.97503732829563
0.0214476213133406
3.37771774404717
2.99212792284629
5.8835595385989
5.73108662366376
3.27194651621614
6.58099510410709
3.41653791981927
5.72557646707906
4.50070406394105
2.98059787589767
3.06572629022335
2.90462232576765
5.47288443323334
5.28483617384957
5.4436557461534
4.18872819798728
5.42533133103655
3.61218144010859
3.19215195869078
2.44590303638264
4.41336360032798
3.78719281997343
2.58242743739814
3.98686275033013
4.29489500820127
5.80393792380941
0.776775242563113
1.65688119114473
3.81688203677956
5.8730788486136
4.40428163385108
3.71540943345204
1.85388546432107
9.57473771877466
3.23613195379476
4.50093345331325
2.55515437014286
5.10169470477305
2.55498495368322
3.78519447230446
2.77808034473706
1.65814159639132
4.19639794992613
3.32686373656261
5.94804325755164
2.98759999022222
4.38129422666023
3.64909311896284
3.6682958180831
3.86070264471143
0.0214476213133406
2.3585420374793
5.01347322090223
3.86748785109969
4.50154090973584
3.83916824295238
1.70634317616694
5.47081508248301
4.12769408335593
3.673447071819
2.95513769157206
3.9241286751578
5.71207537112409
4.46595115784791
3.14836854092129
3.5837907888986
1.8352415622049
4.62243820088713
4.65369081470005
4.43370286954561
4.08788011823051
4.42313792005686
8.43569179147725
7.40080573401179
3.21507487049377
1.65296832410142
4.31182912003437
7.02315699798521
4.90536284407304
2.11838979416842
2.98825856399231
5.52974457643712
3.00978841118403
2.13527049013553
5.11120881841353
5.26412734751795
2.13432417731963
1.96937192632371
6.45481254985697
3.7280148601466
3.67757360632289
1.47606614378077
2.44833141371791
6.86727723695244
2.69810107024007
3.66779994582853
3.61738287371566
4.0304843565021
5.07138950832335
4.29038718530445
5.54928746120457
3.75037086658033
3.47728785378143
3.79593022263674
6.36968287632639
3.026701773815
4.53970031065311
1.56964867507717
2.6507804620661
6.09710410333359
2.63739773593429
2.27121067751666
3.93153531949724
5.9679275666317
6.52454573558088
4.08636805556733
3.00918788131894
7.64125522276328
4.89096915884158
2.70098750548907
3.29214688650884
3.66499048372446
3.00744081109264
4.97325875462031
2.96523613041981
4.52802967445446
3.72247677641098
6.26300407254229
4.98509683516833
4.8864229777574
6.02450432029932
1.35519995646052
3.73581913581591
3.64425675569581
5.13885886792513
2.82983490531398
3.0915793975504
4.85502631893831
4.65774838168621
7.74238230964694
2.13873601779931
2.64028857971625
7.02286240821865
1.65568910999614
3.32680067156765
0.385149990142273
4.43725849244858
3.56399137162376
4.06210498585343
5.18640393734096
7.74757905084128
3.75744067148495
3.43570247611094
3.432784717773
2.52048874017571
4.54362814420489
2.29773232758309
3.66633247060565
2.94640669121915
3.50157727696734
2.88383969787581
9.71955501964967
1.21427080403099
3.18889419335351
3.94624640583756
4.16383683400117
4.61646592783965
3.59461393280285
0.812681119426371
3.29185395810887
1.87434921837791
4.20325216876606
3.58008374372387
2.83084000409492
1.42847649489126
3.49799949522664
5.15477499164083
1.93051872690861
2.76261498420739
4.01941662437407
2.13465852311201
4.81436848687099
5.2835963815817
2.24569967090854
3.51048036592194
4.69097821653183
3.17343603857639
5.40816715364631
7.975450197203
3.76997814082191
3.47896337025269
2.42916111494649
3.77894515987462
5.27378057479622
2.15803922872358
4.02171074460371
1.88203206290797
2.52676677013055
5.77740985870096
2.67865768305911
6.65655585567913
5.37277812364122
3.07378858785924
1.92797171190563
2.98190918450732
5.44820173786502
3.09577010463554
7.43059847968241
1.70347068180748
2.9842181065914
6.47927647373577
2.11160816366159
6.90669872710969
7.58934087601555
4.96806499940609
2.71597328587521
0.756285715422093
4.79422724952047
3.51228562211483
6.20818470710164
3.75306445969717
5.21729467742443
5.15925496081221
3.99342159263715
4.46105377834783
3.48997539806186
3.66532172927694
4.21298072243734
3.15892546023908
1.96075383316212
1.57610402652336
4.76960582790369
5.63130371303354
7.41863403675413
4.49222174824957
2.93265906189362
5.3745291225278
6.53461287842741
1.9906918055024
6.77545430024075
3.93519683827744
3.64447189619718
2.86964744337373
3.13886455641355
4.859654194945
3.96281763778782
4.73011961143184
5.54893460113446
4.68134920104122
6.09091038266137
5.19110124953619
6.19550577954844
4.49646798031204
3.9315572757389
1.7718363905597
6.81339697014364
5.2769567647272
2.10152334068102
1.57803960095656
1.296612613485
1.84727607790312
3.66910048013588
3.29065787295738
2.5431904284192
4.71370910042343
2.24635228675028
6.00638265921879
2.84088479104843
0.766557359501833
4.41581615794423
2.91089955520613
4.00618791631134
5.72938171566918
6.16970125601774
3.79499932856148
5.39497441819042
2.46953610484454
3.97944822822453
2.90616310457069
4.7069282065747
3.71551055797265
5.15238201632131
7.05510739916682
6.70679957052345
5.00169902719551
5.46977248806492
6.42732881396554
4.05065361715236
5.24628127929842
4.73398099519846
4.66115418744484
3.00009755868832
2.5867748218809
3.87620125326181
2.55002679241987
3.81700723448718
7.96670587565233
2.9182424940321
3.98536427471052
2.95535401136332
4.74826892058862
3.95163174385215
3.61313057927268
4.63091223264646
2.79353668925671
6.30637439083129
5.08449596091321
6.57224417193905
2.76454864817755
5.36459566994223
6.69769288712155
3.67257198693927
3.38234521898175
1.95425502031404
7.68232365519865
3.7730191251529
4.95025125896388
2.1471487647669
4.38921281095062
6.19002261116685
5.42607921056913
7.52065129080263
5.38079248023363
5.87576449493969
4.11483667637404
4.86076335411797
4.505282641227
1.60629067658793
2.9786963728499
3.78310798454919
3.40745327240061
3.62657048482982
2.28219071554055
6.80261403875531
2.26768460276758
2.14770915377067
5.55111368961682
8.03597553074075
3.33097343848169
4.15624664879436
2.34882261538599
3.20559912487479
5.81354684413899
5.03227560475141
1.31350640129373
4.248565444028
2.40377753331101
2.82113332878767
6.55311506115157
3.02455641943107
1.66203857852236
2.26786620174709
3.20582471516833
1.97366048226718
2.41222434188094
1.49136519250602
1.87479728728712
2.95170504236298
1.65220003593294
3.11464806592168
6.14339646084971
5.67123151103091
1.88596712230999
3.05434828291756
6.44313863198424
4.33024181736462
5.0568641133227
4.08990056052172
3.20295191727172
1.99857046537071
3.10157337785805
4.35976733990074
7.73731173011762
4.59852322594101
4.69431425911598
7.7949458477182
5.19686887406612
3.54211634184831
3.80534772501777
4.35335423998526
3.80115352555159
4.3440125599358
4.51391644105675
4.70905354412233
5.14727311437985
4.3197506220423
5.75259887597269
3.402124830503
3.85932249723773
5.83744075376428
5.68299518222568
1.88804789666257
3.18103989846599
1.70878562150172
6.85716965350137
2.69683165513651
4.54771801748521
3.47110611240061
3.90221046253871
4.57661901799428
5.52116511079616
7.97478002216448
5.49479612220114
3.38594526031698
4.51817726842025
3.52702920744614
2.81671580051059
4.42007351079662
3.43978864377565
3.20055080183034
3.62152641209543
2.43727443916626
1.34964058109921
3.32015314089294
4.73694378101045
4.13507834275486
9.56521173344843
3.42872205238147
2.65791820978753
4.3363430505468
2.71237284567625
4.30527506439061
2.49681058714503
4.87798132094298
2.18960917616709
2.8214390646125
3.05151562547132
3.60996053757155
2.92314709072732
4.4551200387057
5.67767223889359
2.12860684775486
3.2509593922233
3.11244579410914
3.5663840019068
3.47601336105312
3.92136412665197
1.95644656809476
6.78008357209642
3.4173577916614
3.13547055162692
3.45808588227222
2.28528320509484
3.52656110247469
3.00160546524679
5.41433611760313
3.07513817874094
4.81842308262729
1.73545573176729
7.8382360085484
5.83677655139003
3.8804999204797
5.33218924180301
6.80993195359967
3.88488407379933
4.80314681481661
4.24072063509712
5.02052819167464
2.84155248937709
1.4362580636444
4.47459817327209
2.69160947723963
5.69125736022975
1.72736798833972
5.06878116249633
1.37215735593169
4.89923026738416
2.17154760380905
5.94607617538991
2.69892064472413
2.32298489717612
6.39513264235661
1.30375206691648
2.15195228961924
4.40640806247483
4.14048772804732
4.72454832524106
4.13026904448318
0.0214476213133406
4.27845923421368
3.92648485047754
3.28692701292052
2.46933700725526
7.23446725247712
6.76280966924646
5.61560510439281
5.60294882159738
2.4099046921572
4.81475609059648
5.08896885599589
3.88990372649747
2.63721460277394
4.00684141500863
2.50464895743385
3.73361644216696
6.09143202762558
4.42158644990271
2.61369553716322
2.43217416914194
2.76379062420868
7.76241486955508
2.62108825684193
5.16641896729497
4.49680156434567
7.25068611862139
5.08909449402071
2.08811206739389
4.79938222741299
2.81235775449458
3.7880788029606
2.60831038900159
4.78886580681179
4.85555215164628
7.06933758763758
2.67796588956967
1.40795075639903
2.1025554950254
1.75903616589338
4.42533229920539
3.67758511982028
6.07391427931284
3.32397694831114
3.22890373220599
6.78346105458018
5.29495553759414
3.38012304950212
5.81908290882402
6.46554533244695
2.18458592658898
5.54325926478374
4.59432118044561
4.8769546903724
3.03774013614088
4.15242644871937
2.13965748874311
2.8773292175455
3.70549017474064
2.68474469921445
4.2427698902009
4.45983183335763
0.0214476213133406
0.0214476213133406
8.11281222908069
2.60699121815957
2.69215044003364
2.80219559844448
4.54630235177403
1.94793259305922
4.74479703910736
3.2201604854584
4.8824250139452
2.54121660714557
4.29551953757592
3.67933844018064
2.44467333329575
3.34665053411155
2.03962644026193
2.50354843346238
3.50346632300375
5.98063773223493
1.43660599903591
2.83551861592505
3.24135013175963
3.14572309134322
3.57573134231666
2.52038395379257
3.10384207532588
4.73861979227853
2.75915637655009
5.83641780014198
3.481967980322
4.00174069405971
2.69447739114703
1.54953372803391
2.68973831887271
1.99190942490036
0.0214476213133406
0.0214476213133406
6.91725014452469
5.65130996919323
4.62095790780913
3.86158108338743
3.40446968756539
2.40378355170833
2.59949855140117
2.86412385613172
5.45542157988378
3.9477730903621
1.68447063047589
2.51409224227683
3.25872560160718
4.55288513374499
3.06728948878009
4.53602661592098
3.21566962813406
4.41300118557616
6.18419487362071
3.61872505472273
4.58458853804627
3.03213150788074
4.55438290240877
6.79502857131041
5.06517543674591
1.5386510358809
3.33321700318744
3.99286994818018
3.61978412848654
6.13517909143276
7.45253639072946
1.98543824386467
8.67971656199413
6.48422582585106
6.03638185832672
6.2712643172602
2.71735147363362
3.8404723533225
6.17657113121102
5.60261859313753
8.04315256145301
5.49712399404408
7.18685985353937
9.61601616960028
7.79722187870639
2.31278960832979
2.10542285347924
4.93791933999165
2.07872942795702
4.80875765456708
1.78442902395878
3.95025230094435
3.43799068264715
4.34777927872323
11.3144101433095
2.95827514822013
2.51781392358367
6.24666082697176
2.86708172446119
3.3345410328548
1.889810418793
2.51920022361452
3.23541653496134
2.08770561573621
5.38510328442867
6.77421209536636
2.39175947301637
4.18250317570043
3.68056225571672
2.06265233059691
7.31267520739196
5.5992121159245
4.62522146232091
2.27966163824293
3.69858028337182
2.63629073328372
3.11099888352339
4.79488782189635
2.69465156466684
3.51440323535247
2.89791468775403
1.50034173104647
2.34419810442845
3.73556907277144
4.75217680277546
3.22621352479206
5.53700490335626
3.59994158875357
3.6085242147153
2.44879541779967
6.55901873439817
4.28563367046092
5.98300322915393
2.63026979562633
2.52098618498616
4.04576586495703
2.48025736232869
3.19796466430844
2.37663839183466
3.55334915369256
2.74403478661669
3.15778265182086
4.67214833603773
6.13044956626869
6.4777850464
5.73911245858091
5.34919752728785
4.82777554411233
2.90761985968026
7.12970179851242
2.88238642526582
2.20757399750813
4.16448429463521
3.02447751310259
3.38959589109242
4.87770772256569
4.25059764679225
2.69209016424927
4.95077662871235
7.41151675910257
6.58541273466812
3.85898806063571
2.21817241111945
3.12640895869727
3.32125081276618
2.97194118354441
2.69711557605653
4.01578330423987
2.30224679782075
6.59334512288231
3.28110697650668
4.00708541546551
2.94763258326177
6.37939021301154
2.1173916190679
5.56087069884556
1.78634824725472
5.65435259396126
0.0214476213133406
4.13236621079551
1.95687399250857
4.19144881736275
2.87167729002676
2.57272165650581
3.94984123836419
5.50181834690183
0.913645457454778
4.40472223724237
4.22572949223627
2.66749715099516
4.35632716312699
3.80990768551693
2.02986796563052
3.4026599602861
1.88690842759583
5.34785672760874
7.57330065234775
5.12694290095683
1.13500978592611
1.80225891661435
5.7677064641515
4.43059296397062
4.64251834519068
5.87635806197991
4.89145505360071
2.2370545989516
5.37601138362475
2.21438639569913
2.10024567286141
2.9733032288862
1.65798880876806
3.99639351944968
4.05861519039533
5.71923364228979
4.95678167280502
5.03548281190108
3.30967179246653
2.29154353340884
7.086285239624
4.56338716080893
5.02871833931637
2.9512129420244
5.19001063954235
5.68844747748023
4.87840906436695
3.00481612039875
4.86363448992143
4.86179929367709
0.77734045221289
3.98680162407991
2.43599091723581
2.78587881856535
5.25596678616764
6.08376443746277
4.09035011135031
4.21157261703941
5.22306026117156
3.5616613799738
2.83854565736828
3.42831528628228
3.86449812266853
3.35823228590711
3.11251044640475
5.14573667612596
4.58745367998523
3.33446161338512
3.57673167693707
3.62181646900158
4.74637469139984
3.58705412710922
3.34295724048559
3.35019876102536
3.69079301696094
1.56048434560615
4.34790952979698
3.61998299622425
3.07958084978317
6.52698053346701
5.08789009833906
4.74925220658399
3.2729602531425
5.04859067926183
1.94360244690634
3.11467805056382
6.29831817825954
4.34098237950716
2.62782305090002
6.83527288826238
3.33436786169802
2.82413596961158
3.32467548765254
2.176899973135
4.35767825025882
1.00504037360862
2.82346845228898
6.03881812059779
4.10996816722847
2.41287544822499
1.75079475758657
3.76228364431392
2.7389599377618
3.40699723411751
5.83105435525163
2.93781966628597
6.42865357072206
2.92948328432852
1.66347006855542
4.2252111382677
2.94956429802201
6.96239859725154
6.42352829059069
7.98060870914961
4.53334519261951
5.92434291882989
3.25251744694044
1.83245834861895
2.78124375657297
2.02394606446806
2.35283099710108
7.05848819254144
1.60367446591249
8.35960803867779
3.93021395155259
2.0818816582094
3.95982170968599
6.41611699753332
4.66669192533028
1.86937432581452
4.00088299367371
3.51807046025089
3.41657886770529
4.33153068791797
1.90908906846399
3.1580014742671
1.50006784747545
5.30187011749285
2.03348791423716
3.99928953878651
5.54403453496696
3.7700704554858
7.11507073095273
3.45681188466787
7.74031362961505
4.61534794723594
9.48873085420808
3.60299890898541
3.71687625955495
2.28320149508429
1.52767977486543
2.969838210628
3.75646009337362
5.38204579307458
3.67167177568974
4.62577092802154
2.52752697361675
1.3424603105086
4.81321767698641
2.18300222933967
2.15643089850443
5.35854431773936
2.28608169788803
5.24243766150784
3.22910725490487
5.30286819363263
2.41699636757261
3.94352990913962
4.9139853587934
2.5083691233784
4.04069074320007
3.04499968947435
5.79410889367351
6.736787509118
4.47808072261385
3.89728093658058
3.06988002948324
3.27199801887728
6.28023130162949
3.88102876888873
6.06882241504359
7.70413841057625
2.96015912807375
6.34352728218249
1.11733445362241
6.08405674502491
4.84234007725174
4.629080353814
4.07297169232794
4.14755569836536
1.26015662863197
3.27129764956879
3.07883168174865
2.58674824600779
2.73368107723843
4.11345522697587
2.85465144667844
3.34942511286421
2.29676735914313
5.6566656364607
4.5545749063174
2.54894339471253
7.16915449665002
3.07148809755378
3.25077130725257
4.97118322990854
2.90029803032887
3.46387375449937
4.90682615419526
2.40952433227223
1.39442437862771
6.34422663393176
1.89165988121226
5.2175883843003
5.03478724073183
7.36990854399124
3.54231005590879
7.02143229442856
7.86141145918684
3.30520698737498
5.98511941151316
3.70526186088289
3.34969811529828
1.72525574850139
4.91943859253392
4.57483605900816
3.72290949146404
6.41516761464864
7.11959434538228
6.34561753708066
0.560515384805893
4.8270010175042
3.69454252678733
1.68996108545133
3.33716494193839
3.76024054113122
5.50189715159357
3.98036789963205
2.98462183502176
0.443149433370142
1.29085599329077
1.70927588918722
1.6685968418289
2.83064611410132
5.4023086173937
1.94832458295312
4.21689223098754
3.10277776653333
4.04797101819512
2.83256089031052
2.75305463972312
6.20511125674158
6.1668019977269
2.69340692357921
10.518595741733
3.05292387637623
3.85112321879594
4.49485802277008
6.03175731486323
2.21707732558893
2.96607764610477
2.98704524637785
3.93594952436434
2.54802134507935
5.23620193819703
6.26027060104515
3.87538767649599
3.57788245173653
5.37830830034918
3.14150448899831
3.15797810556112
3.42018412950984
5.35497253876437
2.3150603470749
4.03977368444333
2.58215714690203
3.65752364630215
1.37154852751849
4.42345267781887
5.51115570313535
2.9670131262612
3.03513528336721
1.83740077928936
1.46911059917279
6.06226324669495
4.91119250764049
5.24455816449589
3.35994208421458
1.38611345154812
3.72224485171983
3.85406067951482
4.82379828952578
4.06463063093609
3.1563333013808
3.30458539080341
0.481402566383607
3.46672548274463
1.86074341730638
4.05704248140331
3.43227247438027
2.36126798136893
5.62572985237013
1.8326104477062
3.58403340465514
0.375470036621474
0.811199260477048
2.07081851811077
7.04201292037953
3.74173464847491
2.28632340212847
2.10474932013841
4.4446853433098
4.62065701819562
3.64039284335345
3.3146494054543
2.35517495411316
3.92644815340524
6.16527372478217
4.17351011591364
3.91481814488468
3.18108478516023
3.30291685581715
3.58822035744309
3.03694837905838
4.93337693933591
3.22404068243037
4.82322588314227
4.71148677592777
1.58758804309846
4.44404638699316
4.61020521135462
3.21539503416829
3.40502605174986
2.17575738303077
5.00197507980421
6.31513711329694
4.7036576305252
4.99609802254879
7.15302267495069
6.75432058293439
1.84549043769394
3.38493887801337
5.99832418234077
3.24374770074
3.38962465989216
2.9401231570752
3.39593285723948
1.38398206598357
2.80035194609465
5.77174009383591
6.05529712387801
4.3739840868495
3.21167084021107
1.95100452328188
6.03924382464918
1.91432644543843
2.82113490455145
2.89788537684608
4.64599045176085
3.87746356737428
4.56595995599374
6.09981097026399
2.06383040624456
3.18619759629455
3.31124669333483
5.60621323012019
7.15149310403801
3.63988071360968
3.56195184367499
2.65151236311532
4.87172997590335
8.54827476400497
2.10972181020422
3.26882893274848
5.9468345053918
4.75131452995966
4.94932560740587
5.85241891520177
4.95014352078596
3.30866640350913
6.22542519941557
3.46800161718061
6.33453157625313
5.66125860607966
5.60476317118678
3.30241044122662
1.73515632274211
2.60530839514506
3.17150301770664
3.66060361770333
3.08043770029357
3.95792986066661
2.85991311007808
3.73294241393853
3.75225949073637
5.26035818043491
4.24125865445888
4.71741247766957
8.0059389674393
4.47711019767879
2.7687916101818
2.90036935116984
3.36269351089522
3.77708620952214
3.29787088172236
5.83184797655032
5.54418425402865
3.17116692138857
5.93111282711171
1.96733606438936
1.71209849402371
3.38534793867529
2.39184783249453
3.25732885667742
3.39497632441505
4.97936140252022
5.66930044681669
2.16719754290791
3.95450596726281
2.80448343434686
4.47058494643711
9.38660439475484
2.27921879551001
3.50790542245332
5.82674711159985
6.99267115298464
4.9492602139325
1.55111913247204
6.84955713994299
4.42138138843051
3.12773785724743
2.8565654585205
3.33008686118419
6.14239837444331
4.97129578469464
3.38114299849067
4.51493466701711
5.20605251568295
3.45881179373884
4.64794908220389
7.43863194938709
3.56526710250195
3.78307417201913
6.70692371537727
4.68764997600201
2.95673152139926
3.38503057895565
5.30980751564178
2.89363019350339
4.29432712976564
6.00383832523876
2.866711145411
5.76646932163782
4.13012018053229
4.54148187051295
0.0214476213133406
2.03733029919494
4.75172505630061
4.66286485818382
5.06839880851955
5.63329826695362
1.7060843690942
3.92807075529856
3.52050820519806
2.98069364316504
6.56080020215191
4.55677922045698
3.84263949429412
4.38929903486058
2.82848461468333
2.48197838011494
5.48498177968548
3.03833585160039
2.77512217532779
2.7855924618725
5.70328659497723
4.79758552422736
2.85764265535128
5.73831466083004
2.44663069029686
5.93160391227048
2.56321448086337
4.27196815293394
4.99936766149341
4.78763409054793
5.88868670071743
4.43981705810197
8.17511459620985
1.50852178207573
0.687516246001777
3.79573371214381
6.15938959225368
6.39383602201963
2.9790813682998
3.4009996419285
5.94715187940398
3.74162048826778
4.29691365190285
7.32378336463901
4.50275828245735
5.23326836141475
2.08234480878818
3.78392155587335
2.78755157761521
3.94868746603313
6.84466186917246
4.72827651610306
4.66969139047634
1.66050284269043
3.01613498790091
5.22033843371466
4.19879006813172
3.8253307787124
4.64347670968979
6.41076434517332
2.54242878359748
4.91983627072431
6.71066038722836
7.3390423127242
3.95337551663581
1.57248915300546
1.31342352222827
5.25317145084455
2.61309083535549
4.00453006234354
5.08648731441775
4.24125801220821
5.3460333843982
2.45874088028737
2.64575988126678
6.46850681081667
3.37376240650201
3.42011971070262
3.94943718919722
4.68164528961636
4.16211048620785
2.47629365132832
1.35355123763383
6.61151215203368
3.54285615230553
4.64332515980261
5.14611772032221
3.55946499690728
3.36244843576052
1.90168959243162
2.77665865746282
3.64990645609641
3.17252918656286
4.49803301800323
6.96299410506436
4.63447543395647
6.30614530970522
2.68901930166477
4.07316163801143
7.50469622330227
3.93160136386812
2.94350542434935
2.13167319467954
3.27450027002404
5.33867514621754
4.75396081847065
4.65889479244579
2.69965770311568
1.46335869522831
4.32575014560021
6.07706258198863
4.35109860511832
3.088805674264
3.88466838585714
3.31161936662416
5.91381329066275
1.39836288851509
4.25929929616
2.03282276628185
2.81438269166277
5.320771673414
5.8661661135924
3.50483616885436
4.49504319513304
3.39789658481075
4.16863362302763
2.42709639203958
2.9080158237792
3.97317759414167
5.34689418161387
7.69980195710518
5.89220913827158
4.25431643744787
3.82779282066246
4.49929652145475
3.80207938046164
3.97434334699512
4.93963392164209
3.06704941796475
2.2831718172744
4.91905217870036
6.00333455458556
3.976320029197
3.6376919495478
4.04543888923154
2.59896596817587
5.49186646165818
4.02965824498999
2.1250455822639
3.67902601227832
3.32919627751223
2.19739951864499
4.73584102909627
1.37859364342865
3.9436397233368
4.08412682001525
1.61023519947706
3.66325417239933
4.27870213077403
4.33773754155448
4.90215181166225
2.2517159623963
3.50479705088157
3.33447178321238
4.55442012422596
4.68253565539567
2.43102159625585
1.93759549761163
3.95673336416754
2.43191653192973
2.66690212977161
3.40457506843432
1.94501207223412
2.5355327361317
2.1609614036583
3.48138929861084
4.00200724758379
3.67340905853022
4.79159071043116
2.76716752374535
4.16769071370397
5.839003909274
4.67808176163781
3.42629719967276
3.57161896965116
3.94152326398847
4.30390764559983
1.98342037715073
8.30490827159234
6.11261775468852
4.88552558988281
5.01289832007725
3.69465281646753
3.9814064273258
4.85934795238601
4.88388860607571
5.95323724423072
5.01701628350224
7.0860788688811
2.6481758708676
2.35532747710732
2.67858485241228
2.96562375999387
3.17217974528473
2.52018789254462
1.78778067678337
3.86648015891096
3.65226427932751
4.9371296280216
3.88209699470951
4.53676056297872
2.70869089488619
3.31784600815641
1.46854419834681
3.7318309682507
4.60563909209911
5.57678115834754
4.00797027470606
3.83165385603484
5.03340168272709
3.26857245096688
8.0821988867687
6.25856281064081
2.51683341035519
1.76773944414531
3.77013962943072
4.70273800370221
3.58175116104086
1.58639798125654
2.29904815146639
3.51775450138244
4.20692992352025
6.57000621798792
3.8203271857991
2.20325510747376
5.22386300899159
4.67722809315284
3.69519430447791
2.83565243990533
0.606574464722158
5.68074574903756
3.03711978881021
2.20327589463125
5.37777181481564
7.68000425611785
2.41075153359201
5.28228642129172
3.87513122388932
1.74861787210442
1.39617599608732
3.05056425449337
1.91194701114472
2.00748553585739
3.53830319450307
2.31833255880435
5.6785655914183
2.12577373650979
3.97935606590938
3.00029681647852
4.31475213513991
1.48237875639589
2.50160722123541
4.32111961689913
4.29409821765189
7.50802639945992
3.68962276290837
4.63308131748803
4.58001490281544
3.42978415734649
3.12998035138414
3.82027073923012
2.83017145722105
4.235593761821
0.984201932782179
2.54204186522191
3.41611273814585
0.348214554396043
5.01705344619347
1.94137227809224
3.60072332973602
6.07167002962388
4.76706443876884
5.42189932626846
4.21711493804639
4.20173580135715
4.51808622497965
6.53347363601013
3.52100733057076
5.1002863463527
3.30950906035042
3.22292907387638
5.8401280604653
4.48145452889058
2.14892840056195
4.20802972255711
3.40848641138628
5.08836876447409
1.58192681138343
1.79835401550143
4.20828733107672
6.37854512096841
0.0214476213133406
4.45990003260849
3.27871768383208
2.77905493059338
5.10264560553069
3.30300694030608
6.06631252606086
2.94539205866788
7.48222203079401
3.84138399925509
7.51316314376151
2.63488801600774
3.4114602054827
1.93147113727125
4.05674844005513
1.83056171583852
5.52281476159292
4.00089978051699
4.24642363018752
0.0214476213133406
2.70176335886545
3.6034377398091
1.67927344749111
4.16324809157446
3.5707240474535
6.7967915423174
2.53171467134127
4.35645464829102
1.83577065505108
2.46778124108922
1.58757257182035
1.35171372238628
5.37089927913234
6.67239282705328
3.99389155149333
4.86216543143433
4.79849474848681
5.03557248386246
3.11906212372907
4.18426816620131
2.12536840396073
6.9181077396743
2.84687317673913
4.81469500744704
6.82480767854715
0.103748566391835
0.552262386905001
0.990703916925134
5.26602179960175
4.35786587861608
9.17921607502198
2.57242553084268
5.64264216698558
3.31931841525238
2.54275616659652
4.25958731693378
3.23779277432125
5.47228727063785
3.26481155439994
3.46626582860403
4.16763642121426
2.53956339043933
3.26222723650614
2.31923006347877
4.15597096721042
4.05597622261873
4.12351266235091
5.21170857298076
4.87315900376226
6.79912476544725
1.60047394074278
2.90959535924024
2.91376709393924
4.06617432540537
4.98074578906339
2.6886708970684
2.45997641786456
3.14588666913501
5.92622775957232
5.25632671222377
5.7562196096419
4.5061294341855
4.33623492751518
3.21856128626397
4.79818884668809
2.32254798189843
4.9856109477854
3.61034591751855
5.72184488885391
3.65317975835618
1.95238642099791
1.23418865093936
4.85929886218828
3.80985754893041
4.858079865314
2.78823177107344
3.40851116422042
3.60535477212925
3.89589128173714
3.59318597731991
3.22280429821609
5.71611377677372
6.89682592051157
1.94610411967165
1.48156147293602
1.26998124958556
2.57390778323595
0.889236298856577
5.35996391843133
6.45337844045534
2.80258453125108
1.17271747806546
6.17444074286199
6.73417017298335
2.94284698929212
7.74739086718785
2.08875520274326
4.67052664514523
3.87138872037804
2.9173510596206
3.44288297070558
2.50209495912121
3.00335102062506
3.99641767898009
5.78266099231054
1.50306256431072
6.7249850956346
8.14714144920254
2.54254816984848
4.82905626943762
6.57580803918651
4.20422160568752
4.18934742169164
2.74975769178808
8.23439384538886
4.43800158213422
2.44161199062361
4.28958377916508
4.8743829504463
4.0106556775938
5.49003094399634
3.86994608600989
3.55834767422874
3.97801097075967
9.29046761622137
6.870546948527
7.67244245073837
2.99323522255922
2.49793641919443
3.3531238968285
4.51646275022567
7.09276586817026
1.65921732944104
7.55286842640815
3.77645329798208
2.09064725843188
1.42596136212212
6.43074990237668
3.56061254421778
3.11455180663997
2.81763222603634
4.11203430345631
3.85519618891918
5.0736640971777
2.93741870071473
5.31169669961643
2.47791114351302
3.34180464456915
0.0214476213133406
7.56603893035743
6.69777574380226
3.71542437012084
3.41655457276402
6.28413171315471
4.97827173920784
5.47155552275435
3.92825028479512
2.16157469494267
3.21001177516152
9.70455851142284
7.19494572826532
7.28959507918507
5.70693903981015
2.13570477004079
8.22788195976703
1.29168884511744
4.80480637061117
4.3992150429954
4.35371253847627
2.74762624489129
3.94879543855063
6.66830457847301
3.40252873696024
5.67086616550486
9.40425371274843
3.2058578418974
6.97106386883267
3.95689671882767
4.95420214394062
4.46756718008671
3.10470751984211
4.09202785612928
1.92451143808298
3.75308950803003
5.03545757361008
3.81084755500004
2.53807301676741
5.9787341199135
2.91623131663472
4.44645774651777
6.74806165520364
4.97341665730848
2.80561275904217
2.52203222745556
6.87387215874399
2.99273731725369
3.91814124903359
3.42267132133067
1.81574752838316
3.42397121032466
6.01095192924696
4.80779602922456
5.17307091534205
2.43955272181069
3.17238292752328
5.3169523997811
7.30443241437443
5.95698288614862
2.86174176707227
4.13060855532338
1.17883658023702
4.45880887116554
3.01264412480015
3.76607089446645
8.6691200785142
2.93479650625465
4.22480593917156
3.96656431534784
6.25508219198887
5.27305950869598
3.33210657378347
4.56918895376235
5.31306658266395
3.24388029099727
6.2709967249532
6.27437247277627
6.79728180346181
5.18934422930314
6.36844979377635
4.27712069916236
1.78906689203447
3.85042078934114
3.90338962982183
6.55955969772949
2.25412693692498
4.63900223070134
9.71393394020764
5.32165376909641
2.23274183754025
1.43613261596326
5.63745521149414
2.38042522124572
4.09094554557727
5.60825062997769
4.33384254645928
3.37022189293195
1.57292158145822
1.43626122089164
9.54793510156615
1.34490290876525
2.61118031100539
3.19709168629218
3.81778920752696
2.92317826098366
1.86010956905071
4.72941543952451
7.21907963283028
6.59753917685117
2.98406656858732
3.48228004078839
4.02716600517361
1.96766755504507
4.24318678642012
6.65360143801655
2.99641130727293
3.58140996367592
2.38596565134307
3.65388224928225
2.95614496282115
5.39139012517903
6.69607419583815
3.93265609195465
5.3153875833558
3.30684400009112
5.89372221922513
4.87436892848373
3.65988430739391
5.3488628710051
3.6370733372015
5.07680255028449
6.14786234058823
5.17947352229856
1.92975726001864
6.10292257316034
0.840219030695122
3.58494481988477
5.00768750663428
2.04388964181549
3.66615566201086
3.81232941806787
1.93159237544796
3.22167142387714
1.59562967032582
2.45064074657414
4.52731479770636
5.67401234561804
4.93444180655852
4.28347500739806
1.1831374458855
5.24975076257954
4.77517977409975
2.64791517508071
3.60453879124539
3.58945325798803
2.70170979895612
3.44548356805795
2.93002954516215
7.95150015906024
5.66347936092981
0.734417282261902
4.11759860252695
4.49676134427232
1.90825817598932
2.98272190329714
3.37143942428879
1.23854939521205
3.73718554584307
0.487603636768772
1.9426607745684
3.28517567125912
5.78392563803946
4.30932622752831
2.04652817821961
3.73316677492615
0.0214476213133406
1.75336493026969
4.06837864582999
2.35616547161523
6.0900698807216
1.92123328404685
2.5118984750621
3.26972002442376
1.21190452304916
4.91672982802653
4.32723058007393
3.5142848553857
3.37177538733889
5.11730278083824
2.64589892184244
5.43565223453439
6.73430862182695
2.71400526668841
4.15326644840596
4.98596517814407
3.1635811729077
4.46331292552611
1.68121977995951
3.83290218503053
4.52676422930998
4.08991111860245
4.18382206336994
2.43351664749576
3.6353050014089
1.36300728784569
4.48095661837082
3.96505032220009
2.72744983106881
2.52774452956351
5.48247582795452
4.43028472417353
4.24108133358902
2.76118631979596
4.87455955391113
3.5943997080175
0.710513493443256
5.76946620757232
3.39363822099043
4.15315831715892
5.34173337407222
0.097244703447903
3.08279380041539
2.31871479842582
3.3606751709319
4.50543265751159
3.08073499407815
3.15209268924406
5.93246069007837
6.75168388324691
3.81446922313313
8.84636408069959
2.76076636194557
6.88024787515097
4.66993990127559
1.58460844165128
2.34986859994004
3.98265938488263
5.67956745894564
2.46674008707533
5.12505431801405
2.91589387306114
5.65749654183661
7.41505921569653
1.41871246074955
2.20054758398827
2.03848938883259
5.17277875553385
2.88325862602765
2.63151190635728
3.2998718822788
1.759819180741
3.19634264032092
3.09438196807918
3.25329334153836
3.15290979859096
3.50781940279495
5.58988451266419
1.81150695041945
3.38241231546999
5.00021567984454
1.17880886283384
3.67752033231656
4.94162746500406
4.3589067408076
5.85144592802668
7.1290853089661
3.51161059210464
2.26117644469391
4.12937805944822
2.63992095620145
2.4039902310917
0.75750353167044
1.0802572006889
4.56015594458565
3.71799511575493
3.58376337869832
4.5279643561719
1.91174253947858
4.85965169764667
2.42516236561097
2.07840250392765
2.8230531671815
6.24651208024287
3.43832672538106
2.41704806929066
3.82304362514555
6.446945700709
3.62489992706264
3.7234324800239
5.25549106351896
4.28305042963786
5.73741790683905
4.48019672314152
3.30918802669976
2.69683988080483
5.17110440183331
5.84806373504852
4.22727881929002
9.7585607067913
5.08510866717489
1.57107702500011
2.10060882725515
0.667166669570985
1.28760145181654
1.04965809731315
6.21149260162047
5.4040473413842
5.59080941941632
5.33165501900352
3.92437853728387
2.66946525641982
1.40700872424966
1.57764087818621
4.11993029085434
7.25215600437328
2.87876300948656
7.61724580904015
2.75245213989832
1.9986461879271
3.99008053745106
2.37233519524034
2.96355191162554
3.90280540747844
3.45291715698446
4.153753158718
4.23749301655536
2.16051368613754
8.53163253972824
9.33080514122086
4.84378942571741
3.71931732175973
0.0214476213133406
0.0214476213133406
0.223340543353403
0.0214476213133406
3.99964976102967
2.85229593894823
1.01919054764389
1.03462006553805
0.444271082248453
5.01722087592236
1.19827959814665
0.801715053055645
0.616756641281766
2.60631130893927
2.58289019390327
2.5432958422017
3.24407522710897
2.71957598405533
0.504969748190785
3.46792562509923
4.20463917434158
5.40791031922856
4.58165758420119
6.11248593146231
6.64195086435265
5.15111741874693
2.76912345133225
2.10722406149744
6.10936495378269
1.51392219194522
1.00719762032052
0.87162881221594
0.965470813087228
0.680471856473942
3.01706899379719
2.09591700299234
6.51167602097536
4.06685959810986
2.49086155086791
3.19924930697155
4.2247168070649
3.71967379745735
2.65778081625707
5.65110112194583
3.93176868921969
6.00245573077063
3.20470922452178
8.47114631751923
4.10513876574534
4.84256298313105
4.40277022778894
4.22261709479632
4.46964595439299
4.42083616590701
5.21467058626184
3.94661447351603
4.38631500068027
5.47747997254336
3.40100348921881
1.75869620321557
2.37510772309504
3.02054094175103
1.15739513664642
3.74571225428958
2.43896802613216
4.85070070806254
4.20156094335331
2.15207816351372
3.10605262107731
3.18611695002582
5.90376392957238
5.56882565369182
1.17583595377448
2.93335900416377
2.59457099564688
1.50734645146353
5.21647331345092
5.96187015450388
7.25113318828955
5.73428669259076
2.5041882091177
3.17111921457865
5.55653552488827
6.42995858592089
4.01258537507996
1.90773053276419
4.01756912036674
1.69862180179422
3.55298004237932
3.48241412347571
2.76412308600426
2.3484480109455
2.68010678091101
7.08864151351065
4.49505091015519
3.28376696589794
3.71563121008099
3.85172281046365
0.850610832550578
1.94158682860355
5.73790570914647
3.29584588414207
4.79189473317326
0.598594064327533
3.96266417844974
2.89604957060442
4.1428774614931
4.17973167591001
5.94014379955936
4.77463814167041
2.7354788482059
2.82842635122389
1.13083080031215
3.44382767253434
2.70050721346385
4.06507806947162
8.60444162682272
4.45659219854865
3.53702973860835
3.6318817371018
8.24395645538621
7.72610487137124
4.06691137387158
1.88831405004414
4.67286858699398
4.16825466302445
6.12781873834914
5.46824277910108
2.99767574478261
3.28345920359159
2.83320194702689
5.94990052821056
5.55804498301946
3.7203344217649
4.07898097590819
4.57328809066419
3.90104282839929
5.595397369175
4.70131291707634
7.00643426329368
3.08978969393145
2.64778440765761
3.6288890251708
3.952885050541
3.6009206445001
1.75895755423399
4.03358911229879
4.77376039309481
2.87012392542177
3.84234321866727
3.47390969064266
5.08805223613357
3.7835160393723
1.28158143678632
2.71422170630535
4.67060817437686
2.27975158786206
4.70211730122085
2.7335501160966
4.28913801712443
2.82881201752641
1.65485293584314
6.82801773587766
3.41933414662653
4.07149613317853
4.13037177304652
5.35473756358948
5.89740237073
4.07366170439172
4.76260068474833
7.31831972193012
2.45486852362712
3.37768075005559
3.11408957803858
1.17500140905187
1.88268761539462
3.19593792916618
4.34869427042762
5.20721673828692
5.22646280614163
1.88431671405562
7.33013457679214
2.79155600233461
2.69184955179588
3.19892857085135
2.31921168454434
5.28706151415457
5.57608658473313
3.02038172171469
7.69361007117078
4.88526121566564
2.61054648484233
4.67166696240779
1.62994256819935
3.87022724421328
2.8006418866483
3.42765298764226
2.66695844992503
2.86749730274763
3.83395058985209
2.77161150847502
5.36511651337407
2.84887046576006
4.69423263158662
1.64234614936034
4.90889061173875
2.95275545282813
3.06920121444893
2.47824121013939
5.00733759570869
2.49982635348674
3.84660609470289
4.63649290313289
4.14082629359605
5.90946908234526
4.42289688912143
4.35048031031391
4.46463639051551
2.83534541458592
1.7597556022681
5.79674521631072
3.49429447069868
2.5180749024363
2.40726662355072
5.33517299939703
5.35162970546659
4.60513590487962
3.11980611832249
4.35398490634181
5.0513091250941
3.46834688657087
3.38425595370501
4.13560193515615
5.06414062472386
2.73662959570063
3.25720023023459
7.24068173016068
4.3681868258641
4.80406561304522
4.82818858957682
3.00843459434075
6.79894693424621
6.38746117593436
3.00021329481194
2.29758433824955
9.09677084174754
3.3813586541431
4.25451426599365
1.92006899014001
6.26273022986082
3.69688970425121
2.13153437707941
4.44300524803451
2.91322336508433
3.42254859871246
3.86486813835623
5.11789600500527
3.15799022628307
1.77586004088274
2.17238576621756
5.75535755341847
2.0494024028381
2.32383531048384
4.03655918301378
0.0214476213133406
2.4911249439871
3.93138269730718
2.50733670681789
5.01698057293279
3.67941575963724
2.12300809285933
2.90739208936929
3.46134407555119
3.13744524484297
0.0214476213133406
2.2865435054398
2.49693464576772
6.55473176048137
4.34255203731658
2.98990149492869
2.75047434266452
6.42259533501726
1.53754629457461
3.97647803010561
5.68058145493312
3.7090250089739
4.75421182718783
3.24521136080624
6.21516299206066
4.93986755502861
4.03720405872361
4.01636607673991
3.6458897263516
2.12238478308482
4.94905020167505
3.67226095556178
3.98591705451172
3.50098115545235
3.95346104895855
4.68155431637238
2.79334316954201
2.06264672888366
1.49070337206344
5.32821411141112
4.00710571177683
2.95816296288896
4.09545218170604
1.81909855511355
1.88213268196953
4.08934268707803
4.54903602071071
1.92755298273548
3.45150903206826
4.85763646952138
4.07939456874957
2.20554302537981
2.40730406198313
4.88923548279458
5.30780303304554
2.45578151901014
1.88825676144131
2.71157821714295
2.51223303617861
3.97471645230581
5.25820748067984
3.82276185403805
6.36308021707236
6.38431619457073
3.33582294261173
5.24610251506266
1.11708101011117
1.63365989068506
1.69720503094016
1.86197767973657
2.39943533233804
2.18202953728551
1.47966447900387
2.82572581143428
1.92458485649384
5.07873783950663
4.9231350978208
3.99564660139269
4.33582208062833
3.90136767647431
5.35755804826231
3.04222421546436
5.25080036246582
4.35465961237055
2.25585960905137
5.70920474596849
3.86673132052243
4.82001423314421
4.15297701172334
4.63040292276377
1.82771692283806
3.1068655677182
2.40324482105263
4.42449446283837
2.86063766285062
3.80905722782
4.35870989505724
3.36839751835639
3.80875571011591
3.81366686772368
2.87319779607106
4.23141600117201
2.77364274588545
2.73625597206384
1.50549585327883
3.64861803197798
3.37781395759486
3.18048199395207
4.89125185022909
1.69468697208965
6.47526925713051
3.90155782946769
2.50358275004794
5.90127161895019
6.56124747835924
4.77524294501732
3.27750180494056
5.11323982278617
1.97085123751102
4.63767412186174
3.34792822339901
5.07924429665326
2.28228437449986
9.40263513434631
3.119018265827
2.85092316950869
3.62600915668545
2.54416589081706
3.89015544869218
6.15334044963236
1.76476735194316
2.26524211523032
1.69774219222639
1.7458191589123
3.23178231996
3.86383196085866
2.88996417610826
3.90945773254892
1.8671230047314
3.35936924882319
3.78630174033167
4.60289600280124
4.25454220257157
2.80798754908779
3.58774981288739
2.01164025910302
3.94177582800944
5.03720337506781
0.0214476213133406
5.56293785216848
5.95003668560517
6.17883158475821
6.47294482515669
2.85653804556518
4.78605839009024
2.786205348988
2.34827935476387
3.10520140438141
2.77349352574618
6.2435510983887
0.916019146267056
0.781966651970514
3.67629314703844
4.2347869460878
1.31536940050723
6.13241031934363
5.46745017597787
3.35383604615075
8.88205861349841
3.85237798676113
2.15450766190638
3.02770979819492
2.85676167094885
3.02802831399119
3.12862089284603
8.01033159062004
5.41891620508463
2.35512896008072
3.84179835118214
3.51365702529775
3.11803401570134
2.5129291058607
2.40952741261541
2.46943301105123
3.38866311015401
2.63702169813401
5.34897346610281
6.92037229533479
7.09068846419064
4.88068155007136
2.68060154661043
2.50781050042951
2.59993005628896
6.75232926173658
4.76893227949523
3.22947967440298
8.30186331149042
4.46473519307366
7.04535763608967
0.0214476213133406
0.0214476213133406
2.88481201545162
4.18475680087797
2.3074291878929
3.96462603501517
4.62443092029176
2.71841411127984
2.37914154467208
3.10164053178229
5.05828546480168
5.11303844525084
2.98725513308603
6.68558752962545
4.56779017074729
7.0250145667937
5.54429830874461
1.10122731673312
1.34166502707275
3.71288639981278
5.40740079861699
3.34311484596242
1.98437098957824
4.4594497623217
3.74550425815889
1.12038820498193
2.19168956370237
2.98572808453236
3.44402755758548
4.01648302667558
4.14823979699221
3.06606776344478
1.63046495549979
4.88539749395182
8.17649969153779
2.68675857267864
8.53780165513951
5.12745115810797
7.28678454160732
3.56750575154417
3.37436687087122
6.09955144326071
4.75017609788264
4.48168514475692
5.07481861214657
2.10358704088014
4.42086333211317
3.84167109732941
1.85109547334698
3.08676348897726
2.63000960575872
4.78879392928392
2.62582479113677
5.07498810271175
3.42096261043649
2.33751735230204
2.30509418854387
7.10460937981571
4.68561630660051
5.4342844856689
6.61384312965033
2.95346979224335
4.37292590902885
2.1781082699616
2.19616509751334
7.63779407743683
1.40867003434887
2.84670580824853
6.11355529215154
2.80253343553529
2.96443645721078
2.97147763419805
5.84620375979278
3.38156942333024
6.91153301370345
6.58688100357908
5.64151331930926
3.9309515254877
6.69399336561266
4.03321511047194
3.74838966079252
0.0214476213133406
3.63214610180668
5.52932733869823
6.35845228639507
2.47916031942251
3.44060708445671
3.89889714017952
4.25651634119039
2.04152194891804
5.62410239416257
1.77750142492615
7.76061432724978
2.77884984601968
1.7692203752243
6.25112477112158
4.13152418857265
2.45248507100776
3.47170973439112
4.60388449912645
1.19162383726252
2.53933247282849
2.08836260630052
4.45049619622468
2.41332696012332
3.92996015000888
3.40149015901408
5.48967644269361
1.87887970730354
5.10266590938886
2.0505823178775
3.56448620910933
3.73132646416385
5.55600873442599
7.00699834084858
2.69934550593477
2.72849947030784
2.09655070287222
1.69533402588791
2.42289540446723
6.45610821159246
2.30047928878262
3.37347993088913
2.84557387230731
1.84407953251214
4.56770170793146
1.70892768300273
2.93049296708152
4.88233805671196
2.62134528173593
4.49781106465738
3.808008167805
2.70486341016061
0.790715057297712
3.89119055590765
3.00236297478184
1.58390052480715
2.63457105384052
5.41740972669835
7.84446608361103
4.02212624942926
3.14475993581147
6.00905083956606
3.95162582742116
8.17409116330953
5.68955662276755
4.22673438680676
3.8521574155715
3.59753206771142
3.35307853383488
2.65667612908538
4.69598658282603
7.10929787441309
3.03301137396691
4.84560049685701
1.43064704881604
1.16666251565385
4.72692785704218
3.40055665143663
1.75654946491319
3.85251012439859
6.77913039582101
2.39897780033366
3.68387408126499
0.0214476213133406
0.187633770019539
0.475502299471897
0.377178513682318
4.77903276536185
3.52286040948856
1.81807880618782
3.60586743133715
6.12188512134227
2.33783083934587
3.23551973241983
5.35254009305452
3.19508661375174
2.56256400803427
6.53651899331896
4.11922039805116
0.711983925876249
5.35441697523678
3.30623249782681
1.34599024509347
3.38597090756073
4.0182519029367
5.1394246042409
3.71268835372958
6.95988770439623
4.09751512685027
0.811036451105721
2.54740941106545
2.52653660271331
2.89749630857301
7.81587425240301
4.46207549611076
1.76138115038326
7.34013154485889
5.18834031146421
7.10341887410466
4.6165520418692
3.80490199610654
3.72088010760426
3.11359739127124
4.73785672878836
3.01111741381658
5.10612234084271
3.40067770211069
9.61498246192212
1.73074327683137
4.65596222222002
4.39228004246671
2.17260758762133
2.69287854340195
3.75333932065347
1.98804477986911
3.40098447803675
8.07731764864636
11.2441469960416
3.58264618560566
3.63796375270093
2.26331497606029
6.40114543578641
6.28393868679543
7.25215012513295
3.39233074672573
3.74032761847222
7.56737700736392
3.8338381152652
1.83707736676271
4.45493697843271
3.57479900736542
3.65380982420244
4.37375480956296
3.3332816813912
5.42886714602611
2.45459174159353
5.22918344898664
3.88991528289603
3.93999536800275
4.08851886235841
5.13009466282702
3.688713892018
4.14283335910667
2.59977729570186
0.909588011225147
3.26927999156567
2.00474975220726
2.81685152110875
1.6926769548541
4.28613150534709
7.99968919886907
2.74112168821394
3.01906742044239
4.35581267645621
7.31576094866168
2.81211583808775
2.63104918553147
8.0213954870909
3.53580725042392
4.74411395557965
4.34359885310132
8.70458433261246
4.35983373360974
5.81705169900728
3.28867978564578
3.52714974205501
2.23998722570083
7.28147178897936
3.85966171317739
1.18694699685364
2.83520151105946
4.97667195485523
3.36152515375639
2.61328752455572
5.47341218227365
4.49092852526223
3.83902588284357
3.2088760730044
4.79761772004369
5.73844675477908
1.58925967625214
2.64137801430867
2.47708924764052
4.0024999217357
3.75688877202016
3.99071684273617
5.82854139921786
4.14814766737277
2.52865476558247
6.3098713700743
4.96162012872222
4.45897063740244
3.87010775333169
3.0973570719725
1.84490095542572
3.30176481046818
2.19566177029541
2.96985626242666
4.35213734847273
5.6703188465221
4.18905548363279
5.70633387974654
5.5394678769119
5.92576515592025
8.41814821075896
5.40307971294466
4.4668331457347
4.67725173419959
5.7257396367397
1.40363997987989
3.06899331324608
2.27392208496847
3.0209958382727
3.79773888696072
1.77970834602546
1.66479029655831
1.59463231648575
8.05748016651126
2.36723486760688
2.21012547511485
5.05312319346927
8.45569583837506
3.27520767655206
3.26056280500157
3.938455198113
2.35961271966282
4.37825491012911
4.82973460359397
5.83893158351984
2.00386893050222
2.32925003817313
1.32184648054104
0.0214476213133406
4.95157482177943
3.74939688697656
1.91759263555926
3.69327492217867
2.64143915695185
2.32512681913677
2.63046498292335
3.33022554708411
4.52373958722415
6.80327249199605
0.820876438752978
1.88466372912423
7.46417892702146
4.26101129130379
4.59196025841136
4.65016878559128
3.5255324040728
2.89735703791709
2.41013271337226
5.37220307571764
3.7197713670674
5.87508002911267
2.93540726184723
6.49619839995859
2.18340964332631
1.96419418892924
2.35548703006185
3.03363754308228
3.51701504414725
3.12029731935397
9.71661186385384
3.95804050217693
5.41222911556563
5.06136239926126
4.35923158902299
2.24530656078058
5.83551796740865
4.66486652523058
5.71138210998622
3.3655072929492
3.1713757323529
5.01251719162848
3.77996401489901
5.5350646348725
2.4279135490942
5.93110000554442
4.99313473290171
2.01910798675506
3.47376652364435
7.50698391522172
3.63929785109323
0.0214476213133406
4.28061153300842
2.40359863042861
0.0214476213133406
3.03610327787637
3.9102869522147
3.92822743713256
2.91488394184547
2.67745855514089
3.9028351244858
8.04239172493694
3.9832870725925
3.64416013914507
3.27411063768202
2.47689453343976
5.43046754910283
2.39210957324827
6.75707886505434
5.05732385221595
3.49016615622149
3.66224578839989
3.94196275171979
1.23409209816265
5.60325292022515
3.30462624741782
3.82883377572684
6.66023657026883
1.88782254715854
2.36328614336923
3.6296759448903
2.75986951447335
3.49660387756372
2.46380530198501
5.4169965009975
4.2955685542466
5.63208231626045
5.38689386405527
2.05514414178596
2.25878682684436
1.42643257089106
1.83697092514843
3.99135012666817
3.32378659610399
4.52657992879008
4.14260665499638
2.07833617973714
3.96474237378764
3.36099642131053
6.36007942316739
4.4657743091147
3.41014343603345
3.13413504370895
3.79501639934365
8.50478069226678
2.64673907395461
2.2768202242585
1.85918885800281
4.51700414878673
1.2007965109033
1.79453083094606
2.21759055438898
4.76299897973094
0.0214476213133406
6.10825997604728
3.2146243673842
3.1867569624815
3.67774560810497
4.03341797302704
4.74723073852174
7.21737965997845
4.72313847347214
8.14135509151084
4.99049280110346
3.85965571070219
5.9052892463524
5.23044508043471
5.10217924595288
3.70443090354603
2.86713683818771
4.87213021309973
1.55564484369751
3.94263972811849
3.23033010688694
4.10060174829212
4.48185623924601
3.85783701617628
2.98953597771234
6.74897651493911
4.88819418254004
3.74824341212257
4.75438645039538
3.21163469631301
4.91917445012197
3.45374985062032
10.9562223472773
6.60441961121917
1.11833323237756
2.65744030988374
2.86173123472103
3.80837831421028
4.36979692368912
5.26238994974392
3.24826688509303
7.45663255080597
4.6098673611186
4.06582683375188
4.11095520974499
6.33347490965606
3.96619634643508
2.65603823675089
3.88572396222299
4.09889416166169
2.15348088314362
4.21854766550986
6.38231556507035
8.52534349024813
4.14631424736635
1.98047104397628
2.78950465592438
2.38103048880441
2.71974958746172
3.62512237893106
4.09628023197635
3.2005677008438
3.24471099727505
3.50894320286718
4.12975599107244
4.14173267946537
6.50104097865623
3.35140642482138
5.95034288228517
1.87753693632757
5.49128556046835
5.75279379695142
2.41141578652624
3.76274129872289
2.22490291191352
3.98226669309808
3.10851561059798
7.34239126778706
1.98305281419153
5.97405326950115
4.55427644885528
2.54248590110081
2.02382314233532
8.13138869404273
0.685255427109948
3.44158653222521
5.06966173165663
2.94513999196874
4.1670985651234
2.7171981364401
4.07104404383219
6.82402323527717
4.24214121205371
4.48314154817732
4.35316918194788
2.76124753384889
4.61726944528352
5.06170357794438
3.72128844464082
2.75947036371177
2.04304942828326
2.73864387821991
1.63951838280798
2.91319911710813
5.95164710655872
2.07501877736945
4.52107724809754
5.80494403808654
3.05121163677928
11.383899681791
9.5649047975081
5.9954379234791
5.68268369744473
2.53304410343407
6.70501234772975
2.29773508011072
3.21119673330391
3.50438124542959
5.65779595101069
4.04078240239649
4.57335989728494
3.51858290672576
6.30753840024593
4.23799702605271
4.89129111590271
2.04012618221998
6.15205480252512
1.94439079921519
3.25368498262688
2.55477517739547
3.20147127670619
4.42642706369687
8.2479354598972
2.99832173456227
6.84643425239315
2.15714020831338
3.50812578622336
3.70269542796792
0.952498327302267
6.91931119634493
3.87039321733994
3.64599566927749
3.08196676096046
5.98875985669608
6.34493887467837
6.36965046232869
4.72324801865303
5.41011780756986
3.82812206003228
3.69813594566389
4.0719619218388
5.84403071805497
3.90345766149374
5.81170738149606
3.28152250320943
6.19842419686091
3.53783785442633
6.78346441441853
3.39628756720793
7.1905374885053
2.92273878029232
5.72746520510798
2.22170381430263
2.93492998504666
4.22147326734014
2.85314263874624
4.68945445289295
2.86533454870709
3.42666220098412
4.93330827632378
4.48225471746253
4.03352330456775
5.91565887936185
4.33060472132821
2.27554364608471
6.00205891238465
5.40154954895722
2.52499253565266
3.58523690303616
4.20747735081891
4.94283875719483
4.44229449780013
3.37485491226834
5.93468281313698
1.92587193238949
1.91194293613024
2.68414148107513
4.53287524188954
1.1957526394278
4.0421205900554
2.79419270843301
3.3270982479383
4.89795191942545
4.93882366837063
2.60235406996004
5.89640946131251
3.86638869668388
1.17694374821024
2.64717950892532
4.05201431617696
3.72063433462263
4.42206439354314
6.11082644191828
4.69406661385446
2.82459671642557
2.38812443468864
2.5964131842499
2.20705609265353
2.91080142150423
4.36548280773844
4.00489126237901
5.24158722397316
5.57625135249194
6.24897674744718
6.01895613751373
6.79247922301896
3.38872871581802
1.5620702666544
6.33484642580509
2.96081666166502
5.55177832676055
6.9605152516442
4.83362681675619
5.0421045370459
4.24886321180538
5.25270916167443
5.06073526548539
3.27658373415982
2.03271589243523
5.30623696348879
3.12558783228436
5.44612235563049
3.09428350446765
3.84126981327151
3.39305249584067
1.85833610143626
2.90272566932507
5.83291299106603
5.44520319271238
3.90206413745499
6.29183090824317
3.59345487368216
3.98620899394746
5.6828950977621
4.18655236599867
5.75559963560636
2.21262161312933
1.38477670266449
3.80878631924749
3.17510792826731
5.86745501482328
2.1270536486673
2.55186220132737
5.88551135255609
4.36816184106914
2.52921100315443
6.99207440356552
5.38877362690438
3.05212529457186
3.28144280686525
6.42391860955842
5.08844004948488
3.2189380451206
4.78524307778465
3.53021493279867
2.61604363965167
6.07083644273029
2.54028702503979
4.05939995113525
4.97724885884608
2.71034644658045
4.1381698279871
5.73726567845155
4.21594689461698
2.61637438736559
6.01268638019792
2.16571049863937
6.25045754277235
3.00249736982519
7.98506924641542
2.82183209268634
3.14909149614263
11.2817527199275
2.21898936929222
4.84203627858016
6.65927024489135
3.344042758738
2.04403129517609
3.81055536822511
5.94862474134968
5.6702936662961
3.94877743216025
4.95448572048733
4.7469995005826
3.35762412640268
4.9940487408473
6.090421926845
2.35928662295393
4.10257639753276
4.35072090844123
0.801108766488848
2.27735058021513
6.67688914415031
5.14486114685775
5.2613014593474
8.26096889181531
2.33428546500847
4.19414311563821
3.97999299597149
2.96889173312588
5.70649189291636
5.85117710587831
5.61023576153361
8.49471225380725
0.0214476213133406
3.24186851308224
3.35163821406152
4.45561733226506
5.94083228838471
3.79280285653608
4.69875527166917
4.04485450880732
1.88428160182888
1.83900722534816
4.7168100402109
5.09563180720174
4.19576955100091
2.22926758895063
5.92836976001408
6.08832922969836
2.85928613153012
5.75093420536746
1.29162470455106
3.43852950596565
3.50801122259661
3.64645468592665
5.24354213266434
4.69108631506111
4.28786621543482
4.81989796379039
2.89003567824544
5.44730656134385
3.79293886766882
1.17602150372648
4.81268380705164
4.05302471261504
6.36539412588223
4.63540191418367
8.02944316228567
7.86166777783981
4.74373885129698
1.67982372989961
3.34317029442622
4.06456640802647
4.41144340822701
3.52353677756284
3.89900453859044
3.79416823155733
5.40671912964401
1.56077491368594
5.60764711631722
6.6264551194285
5.23917154954481
3.59820540231829
6.25707029804451
5.01268567806826
5.30636873034301
1.90798864497121
7.48617927810506
5.70589512356418
5.12665407104534
6.12276778800326
7.368753966499
5.13317001420857
7.91496556361835
3.2587911263009
6.26174442374003
6.62079315138109
3.46163368794651
9.05408153301541
4.88703953497958
3.45777217865194
5.02929796992928
1.72602760483383
1.13604647194438
3.61108091544595
4.14540250604275
4.58160119291435
2.53276307261243
2.73730939675292
5.49152511822326
3.48096302214282
6.26620355309258
3.78189556872299
3.52433824009375
3.24319525747308
2.50976307298123
5.12827456070414
3.3094280922829
3.43571143348678
2.66653665663954
4.31703036247606
2.31848766904741
0.769541198208139
1.80250087351811
1.91077050630296
1.23643088306776
3.65008217625059
3.50494840392037
2.12410998422229
4.97892392931203
2.90891271361709
5.10538075592568
4.84268862461651
5.74238007452547
2.98968848724486
3.67429554445326
5.6223583363368
4.17063673093007
7.18020017644635
3.39389081883434
5.72387956992252
1.65891718435599
4.08123057874977
2.26357774918619
6.59678611433827
2.47681428146748
3.64235553879145
5.2494840659039
0.715630960962457
3.2164703218617
5.5183426416878
0.724234982381743
5.4509146181102
4.61972357310643
9.54601834110885
3.34226385946904
4.32604879605794
2.87755671262473
6.02525427957415
4.91823485193525
3.10962656873566
5.80193115791285
4.33989307975753
4.99945143948286
8.17321993865295
3.06194244017568
3.34247160293239
3.302339238241
8.03474012605954
1.97043073197235
4.95078318794926
3.68618954491292
2.75675723585145
4.25254913764607
3.12887004205797
4.36513975003894
4.9952086209202
7.86976047919986
3.96062198503376
3.54066159941763
6.65000661138742
4.55229624610806
2.7298097004916
6.24769660821192
5.45493022092122
5.14617025499612
5.76186048086384
2.01740370141119
2.01443645394414
5.34001777708224
4.03903824941675
6.56651300790213
3.61335417471875
4.4582670541955
0.60306700621988
4.78159041496389
3.81993822716929
3.44271466707065
3.28989440980179
3.72891414628296
4.28428967280979
5.52124537302233
3.40333476145477
5.3533617524897
6.08513844058574
8.11859670652778
5.8273789882482
5.07195883297325
3.59076182733125
3.89490333865605
3.19953513598406
4.76018877485002
4.74318199861309
4.58505009138417
1.72692759138562
3.39737464170532
2.77043010331164
2.48319435576596
3.0082186745447
5.72505878289689
3.15384358611839
4.51419018707771
8.48712526384646
2.10626331113714
4.39351438431202
3.76817059569265
3.1718557947444
3.88188051247276
5.28260312573108
6.5051840575048
5.28208931161325
4.4795672183338
4.22703090944223
5.28670136151798
1.58690557679553
4.92111028353998
3.890723809801
2.48548740913003
4.33218421454816
1.26416497676518
1.73090636972115
2.12993861416858
2.36811089920116
2.17964392480097
3.28981990439422
2.09925592186367
2.7765859858485
2.55201043833184
4.95711304325921
4.14042958138636
4.24366718575015
3.49558296761336
3.93247801432933
4.55685745784623
5.10491764871242
1.42444164841477
3.4043577570298
5.89415134554633
3.63040394831355
7.38589921351041
3.96694163577636
5.16945485853537
2.30986305419566
5.17006578095624
7.26130530987188
4.41722902731685
5.64824319633154
7.42893652473357
4.87251631722661
1.53532380266708
4.92657485330089
1.70535643112171
3.53938754683631
7.76739790255933
2.95278046570404
3.19841173439688
4.56789646889134
4.47597942349382
1.81270655718367
5.03641235191053
5.58626602628315
3.54891281683075
5.82199572738116
2.01242188147789
2.8413208671146
4.48278078589418
2.16291310924152
8.38305489171008
4.52891707091691
5.29018984952747
5.15939381828469
2.79689867936995
5.31363796991643
3.79310628484044
5.15469980784915
5.39586959900743
7.64910921071855
3.44547495752702
2.52584788378515
5.79770982612876
1.92274687804129
2.35729521414283
7.64638261115766
4.01883936068399
5.39287261918396
6.08897347499836
4.04256475674757
5.63110566822507
2.83630512036133
3.81973748129135
7.23966048867199
6.95970235408308
7.21128913569906
5.54983220469762
6.37957365006282
3.92179015299564
4.79668162528202
4.68555506352693
3.91493085025824
3.58400897892911
3.97042987653364
6.16484684020317
2.87867475024775
2.83833253550382
2.81817021494056
2.46926278720251
3.3242456501133
3.51415214615468
2.98742083356191
2.42117331249863
3.78338827268382
7.72402222939061
4.41687809550325
1.5318432507564
0.991867495281164
2.77612679082016
5.63218524351571
1.40240591910209
9.4061320275985
3.84380616328897
2.47453759558992
2.58435061044597
3.1430935941337
1.53277111723842
4.31400697170773
5.68413635349143
4.64292918560007
3.80646487738083
5.21066349371977
5.73541596296111
4.55703294184759
1.24001897244445
3.67445374514698
4.73678878960223
5.00245772841845
3.194868740354
6.18644120053606
4.48203204088134
4.03944286033245
3.89749454539898
4.68770604526162
2.95154269347839
3.3733400421675
5.24211781171516
3.51657212266314
1.39272506295924
5.54405926985325
3.39711752094677
2.42266393517028
4.56326776171891
2.16190295170947
3.98245326033676
2.49430744481745
5.03276240033114
3.77776795225412
2.00081622867487
2.52244107884243
2.40676131778297
6.84843840167971
4.8455981996801
6.2801290871838
4.75874555866833
4.62136998067695
1.61263179215881
2.66987068893139
4.94241494635589
1.67135640717221
4.83301365015662
2.38158640709159
2.80824695894919
1.93035526730526
4.39601680413875
2.18063012560073
3.29334813404573
3.00873003501378
5.25672124973163
2.54989973892715
1.76713258015714
5.20564277827455
3.09805513741339
2.36154246550542
3.89739150592658
1.47494820174833
4.21188146182852
3.43187232430525
4.76701677395649
2.22750629516907
3.55356682733771
3.72377388884796
8.05705923740418
10.4734404766758
6.35596592304222
3.30723502579279
2.80765036944166
3.7767444805712
7.63304880078007
7.45547870780605
2.5669012152247
2.71286618208567
1.89127950055632
2.06849620223578
4.69914895697792
3.28249405170888
3.72270452845869
5.5921315302956
2.64012045287883
6.34201715530433
2.67134346603354
6.1653190542154
2.47093590784448
5.12264833090803
3.60715832619412
4.45675183134801
4.48441387592428
3.45858759793869
2.12351617395235
4.43732474181624
3.40438236144088
4.46669689405951
4.4183619480712
5.43011439143258
1.4768988974276
2.34933500989374
4.3826769539937
5.25759498409257
2.30020943287974
5.96892691124316
4.67943365907613
8.56477902627739
3.16365002148298
1.83426993390893
1.68019647522756
2.89146958941799
5.07443473864178
3.46675153843351
2.30075565001081
2.4385358216261
3.85886674867499
3.93537323236818
3.53775190891378
3.76523130510809
5.42834810466858
3.3797176829389
2.15595331264842
6.97859638377586
5.06279300215054
6.40550298019791
2.35157847234381
5.6350169585076
2.9816676276491
5.99306821487954
2.93420467689608
4.01218038431577
2.37701977578891
5.59377383769027
3.09742276898511
1.14235882894562
2.66235340065954
6.77535021304671
4.16699680047979
3.2236194795425
3.67366691088157
4.60505867411598
4.14662092097647
3.97209667258746
4.46922833915598
4.71252146653023
4.06491545135236
5.02579436288535
2.71251415082589
4.57204276130057
6.72807132569115
4.44923348187969
4.81447259381562
5.03543581170802
5.83110113589855
4.37657280327988
3.94845097067534
5.2520679942076
2.19017585819192
1.86836374995821
5.09015457601342
3.20341874686186
6.44665773533816
2.20735108583786
2.30819077481688
3.09505011921424
1.91356597969117
2.89762886078047
2.76151684275118
4.70344857041286
2.98688469055232
1.92566523091646
2.91161901639931
1.45138213550512
1.61741651202613
5.07979506635174
2.75067420198056
4.00890706404375
3.05628135696357
3.61321862223881
3.86530202083217
4.0202868749874
3.59934828389263
0.0214476213133406
3.13647856257424
5.87639471351627
6.40653065968406
3.71330214349725
5.08322971578945
3.80280929322635
5.41371481798281
5.793430871317
1.5661231038552
1.48292055399845
3.62531393084989
3.76041178511932
1.72736138758021
4.06372192680344
3.50558060933758
3.5158924064299
2.48976730749317
4.72820128332641
2.96086814913311
2.22592322953128
5.44814093077334
2.93963345125684
7.12183709089191
5.50150283847373
4.28306386492121
3.65717255937199
4.79637549516234
2.97072411252168
3.88445946998903
3.96878706697959
2.08417863573132
5.47124632873485
4.15850943330388
4.17152826626635
9.56398652942005
4.98521718228127
4.46146173785153
4.96004920321634
2.36240541988793
3.23774994888845
2.30723931472942
6.380444797858
4.78341041666271
4.97930292297595
5.06049478175514
4.36891071895792
2.38800403858185
4.44950525495062
3.52677015922609
6.76586896104193
3.10203993635847
5.47926084479735
8.68975665300898
4.89817307310824
8.84179699585811
5.54139151782368
3.57861805359665
3.10357596057416
2.61833201705426
4.00222405698186
3.17266943890026
1.484638599683
4.57191469667203
3.72663893060303
4.87383455117516
2.08382692730383
4.77612259743174
2.61342773473111
5.15729389344876
2.80213989845194
5.53808393976782
1.34332373752286
4.5010746227564
4.32130896973676
2.42164520550245
3.92969289497942
3.48505317251231
6.62788921170602
2.99709581151622
3.01044328418945
6.10573038846163
4.71092948309002
6.23395196093775
5.41129327989784
5.03702822184614
1.21798719936525
2.77938160873224
3.24828314565586
5.60583812248706
3.2066468410718
3.68170099391284
2.45041496474867
4.54698439450452
4.98982021857638
3.80785123412195
3.57346076740718
4.17301678109361
3.35581900273404
5.9670427477816
3.37250682895993
2.48059635008986
1.48114283212994
5.4865431797223
4.90564908503774
6.21812051850558
2.58450259685266
4.88573977748968
5.37440985320545
5.67880959197719
6.41662657906584
7.03679601948592
1.8854978108054
2.44282369908095
3.15978176345851
1.16980435901738
2.47720738808564
5.42289275096534
4.67931122258795
2.71334090169259
7.87014783055939
5.12087812727883
3.36668287106434
4.04314689749843
6.03980773696047
5.66494306212394
5.26302058715299
7.51458584438001
3.46742616312057
3.16896249157493
3.06703914004752
2.92180171216167
10.1285242957141
7.79227449515055
4.09636013931518
2.82194745386346
3.04435360699809
5.84656478289062
1.74198050217095
6.29615899019985
3.31199445015023
8.36010837925145
6.10020562856041
3.85380581173474
6.58465083895191
1.79016389181201
4.77579021379759
1.2256431545137
2.81210449744738
5.87750646124827
4.75326139341565
3.42064682331637
2.47463935929321
4.71345657168053
7.0494694297768
5.06890000342551
4.00849398533303
2.58381890026081
1.69035996560311
1.64650635366748
1.59642420438297
3.6941953821137
6.49841011864708
4.82753016893003
5.074041004889
4.81947747562168
3.07232811873193
2.32140185702515
2.456141682489
2.52101191980421
2.8771556973631
4.8817451694025
7.344521733086
6.37287719441384
3.34572846036423
3.85264996199346
6.16053878805933
6.07637902920903
5.88319184831328
2.59702053970389
2.90622874906966
2.73690491162631
4.34817495717417
4.56853999938252
1.98246000028342
3.38185483751115
4.12612240478977
9.69336107159923
2.59182332183735
4.67967055902018
4.35864770116651
3.71761836855738
2.672606684291
6.6703712811403
6.14703615007885
4.20114039990215
2.00683412195622
3.47187065519952
5.94751743550134
7.87028064179497
5.78845765317654
3.38354319924001
4.73417616886562
6.6114145888688
2.45854087129807
4.3606842908294
2.83007232062076
3.37999310779998
0.976304662285734
4.50184141939561
4.52259752732027
3.68459917355549
4.85774034743589
2.38259633614195
5.36968009751944
9.02228515955079
6.34631712864615
7.92249430747583
4.99282257235356
4.4390368540544
4.25656159589288
1.49170515338191
4.04390293710816
2.3382052402736
1.54154320972203
4.16849953258551
4.08375725674143
3.37440307523375
3.8697028009376
2.97644991539582
4.53180110781073
5.92205375194582
5.9259765127638
2.43116181436453
5.53853797126264
4.4348872023289
2.6824280949548
4.93878348966785
3.82616099322775
3.29293686589872
2.43120069056914
1.16262983298044
1.86658190321303
5.90536321034192
3.66867406132821
1.82928491049574
4.92953227106187
1.52410171901436
5.09703903500197
5.86707529625846
2.38617523182272
4.31380783905058
3.96490108238169
3.26464511574994
3.87820572214338
4.63814075702108
1.39356127051349
2.37410459202114
3.12241325144169
1.69018219986512
3.33637156867752
6.32970578755771
4.80663459496029
3.33641882181762
2.92983512491557
3.02527160827578
1.98785371315567
1.04861422761007
2.57030513045757
4.83681279981313
2.68922601888447
6.92958675905146
3.70600655767135
2.46042574342831
5.56256256928762
4.44037186531073
2.81549607469954
2.89804980988469
3.61180718589114
3.48028452215728
5.01784324305048
1.33830731241121
1.76615498362051
3.01052119819216
3.60778235339636
1.69672096090193
3.51778256457867
4.1110908592822
4.88451549718852
2.92454655360961
3.92118071896331
4.45042482290284
2.50706602724193
6.79419837618304
2.8512201778165
3.99023285790515
2.99973213616999
1.25503739369101
0.0214476213133406
5.64411896802426
2.93081575279186
1.10169594892151
2.70469873260606
2.27636254388572
3.87936638002782
5.21284191605768
3.3957740614689
3.18244102592929
3.61827521638148
1.42406734660814
2.67594789190533
5.94393166072826
5.10812908643274
3.94983008447011
3.54548436572006
5.13832329725105
3.29639708331944
6.73438966196017
4.73237500655695
2.73808677723872
2.08225615926311
6.40270400169712
2.66247907829159
3.82387909030796
5.80378633936541
2.32375469856299
5.13666330769646
4.06229490247609
3.6306862825689
3.80113749244194
3.91258828264284
2.89835929693556
5.29689673114775
7.23100365020924
7.00219933409773
5.58961367346513
3.33419262947804
4.27253857105153
5.0701217488988
5.70839313530501
3.97079164875777
3.29257952832315
2.47912497802001
1.59795073270846
3.64211930863079
2.28969746081818
3.79173304259475
3.66288394304992
3.30976265169377
2.94161419360925
4.91523096643758
6.13063345859956
2.47769794036476
6.30181128097846
3.28050266075257
5.85159365842823
3.25145865448741
2.08756350762884
0.835095424492956
3.89896254584398
3.03620038745563
2.50843777605609
2.08802531872622
5.86590605611861
1.4434055778671
4.15855621485789
4.90818615599293
3.67571594112785
3.32608318349862
3.0652909824959
2.88876890772079
3.74912358893996
5.15567873753254
5.26606906442935
2.89792144046071
3.01338013391424
3.91623083265254
1.93321497911995
4.00712615141901
4.48021789087835
3.22706315265893
5.25238510656244
2.99456570544566
4.12919576587081
8.53977018254495
2.04502776226531
3.36566438979849
2.37082069675316
5.81345714271827
3.73766162856006
1.25042325990699
4.39820956725581
6.02810238104933
3.61665762641185
4.27190743591426
5.00223264278817
4.01650304320694
1.87212524848855
5.05232398764121
4.66115997929309
2.57562043418584
2.52869982619686
4.04329135397409
2.47440048846051
1.79524217683976
3.83426758442296
3.5671090001072
4.73167038092579
2.73818119723625
3.49389254231328
1.2331645008158
0.872855856762018
4.25347059962439
3.75771952770327
2.1726561645345
2.94055183897707
5.56864709439374
6.39786293644116
4.53135472439546
4.5197548256769
4.01545808132649
3.00623092968816
4.02921243934829
2.83703446052943
3.91548563584403
2.40554471334864
2.33685682649377
3.52564165436025
1.23719251571068
4.44878930509654
1.33369404223328
0.983701174233186
4.17550136333475
2.61505019848129
3.83580349209642
3.57200728276821
5.21304426777423
3.74215794025938
3.2768909307651
4.86062715714329
2.2145251050818
2.22494093944654
5.73775967964871
4.90387948920782
3.18187039727531
2.58224774331543
2.7952210287315
3.04772311805106
5.20788193188528
2.54947325268217
4.71384039741506
2.88953892746585
3.49636143751092
1.39786279731285
3.05705682392046
1.85011613137411
1.19120518207266
1.30673362107793
3.22826437840745
4.24697663607163
4.16434775263673
3.02968631546387
3.45306044949481
1.48382025112985
5.006007303759
5.18343842232873
5.36554137400816
3.59714763502487
3.67878505568824
2.58640615950536
4.02133123948901
4.6966228099496
1.84105950142461
6.33067294401568
2.82514140712531
2.75994818280683
2.26221714265357
4.70357055954534
6.02353833047358
4.20464655016355
5.28817558976627
4.81393938062163
3.42598454125186
4.9066346041212
2.54178200111775
4.03072508921301
5.09899727968639
4.42405329470921
3.79936402124742
3.2799946250043
3.44684736043655
3.01740719434964
3.07443319321433
7.32251643734822
2.71421969100704
3.19524290811817
1.87714343833548
1.67688136114355
4.01365220167697
4.07780264796119
3.43600224011089
3.44475665761524
1.92303380324439
3.41491191110483
7.18572408493571
3.90410473212796
8.75126903452638
2.81735953374017
5.96783357377854
0.984459601658737
4.80954361275339
4.06077812243947
1.80673216951038
3.22284163170596
3.97457247903645
3.05130228622504
0.991589349317773
3.0602706868193
5.8418100001195
2.59578254695022
5.02265208047094
3.76509653993185
2.67326131403209
1.69413057152704
4.79767349290575
4.2228217903116
3.52677431571072
4.82478689207496
1.63419402894855
5.73183409733819
2.28676273536054
6.29285535554137
7.5550780459722
1.18615756530651
4.59046253762124
3.3116546276959
4.59099930568534
2.4882766196415
3.08258725615111
5.37877912753818
4.22765809620606
1.36723410071146
2.90090850882125
4.10015913396272
7.04938529235878
3.87180525371396
4.85547994288146
4.9312203512249
1.4998609904164
6.50248833286596
4.54044344446173
3.27656000617775
3.81671655901669
