H3_JulyAug_Temp_Max_z
0.8997355
-3.849485
-3.2692
3.882445
-0.393555
-2.010695
0.13002
1.6962475
-1.176995
0.53598585
-1.359127
1.533353
-2.74942
-1.1877335
0.80226
-2.711865
-4.09716
-1.844065
-0.226692
-0.903035
-0.3880025
-0.816859
0.498235
-3.19631
0.133683
-0.1997495
-1.4279835
-0.168219
1.5478
1.616695
-1.45493
-0.2355685
-0.246309
-1.432966
-1.461794
-1.11232
-0.9208815
4.297455
0.3575693
-0.681324
-3.181835
-2.7467
4.78558
-1.9502375
-0.5515135
-1.1083535
-2.7746515
1.2140205
1.908685
-2.802405
1.075112
-4.139765
-2.817725
-0.8011985
0.3263677
-1.57043
0.5477335
-1.26988905
-3.3588265
-2.42745
8.905745
-0.103534
-0.8625878
2.36296
-2.98135
-0.5394553
-1.3708205
-1.79764925
-1.67482
-0.913478
-3.0719
-2.0345105
-0.513043
0.1314435
-0.1132875
-2.646845
-0.9796865
-0.2011564
-0.825156
-3.855348
-1.65045
-1.55969
0.3190255
-0.715401
-2.136661
-0.097411
-0.615261
1.48543825
1.08406425
-3.072255
-1.7414
-2.32467
-3.436795
-2.16143
-0.3932905
-1.273665
-0.4611105
-1.6242385
-1.729605
-1.1160435
-0.23871
-1.550925
-0.880844
-2.408765
-2.368393
-0.809407
-0.537339
-0.15684
-0.4856135
-1.1434325
-2.60893
-2.311848
-3.603325
-1.694435
-0.956048
-1.0759345
0.3509665
0.0027635
2.0017195
1.7549165
2.789305
-2.412233
1.88145
0.91930655
-0.400215
0.0762755
0.668537
-1.6974275
0.287095
-0.9674485
-3.31988
2.313693
0.653948
-0.6352655
-1.551665
-1.2313585
-0.2331
-4.82631
-5.289535
-1.997185
4.962365
-2.058685
-2.22812
0.261534
-2.82637
-0.41865295
-1.097391
-1.180685
3.50177
-1.813797
1.13643
-0.9388535
-0.6029235
2.5371055
2.6852
-2.067925
3.545245
6.143175
1.2007935
1.8714195
3.185475
1.283158
0.0986473
0.538575
-0.16168335
0.4115465
-3.49328
0.0784585
-0.1671985
-0.09523
-1.38897
-1.458655
-0.36746941
-0.0533325
0.372242
-0.24611945
-0.8712165
0.02113
-0.7794095
1.7405085
3.211445
0.0229525
-0.551182
-1.099267
-2.201649
-0.5542615
-1.848377
0.168272
-3.245405
-0.448285
-0.59356985
-1.5826615
-5.52448
-3.15642
-0.0294065
-1.487355
-0.4888915
-0.598105
-2.081645
-0.5955875
1.1049675
1.430853
-4.010445
-0.2821945
0.95676
-1.232928
-0.122507
-1.883805
0.98573585
-0.9780785
-0.8078515
-0.506607
-3.498275
-0.20764
-1.98108
-2.521315
2.76156
-2.59661
1.401252
-0.31036
-4.35058
-2.00052
6.018115
7.230865
-1.31465
1.972465
-2.053966
-1.20141
-1.0185955
-2.510925
-5.11283
2.046995
-0.2575305
-0.539223
0.6948575
-0.6679585
-1.143245
-1.107723
-1.23861
-1.575926
-4.69387
6.00087
7.111225
-3.20841
0.146615
-2.867365
-3.58791
-1.844065
-0.5438755
2.278675
-1.658888
-1.68123
-1.485632
-0.6528275
-3.418265
-2.4570585
-5.86347
-2.60163
-4.219275
-4.986315
-0.7216685
-3.7169
-3.05703
-2.665635
-3.911395
-2.91194
2.396965
0.461503
-1.229042
-2.14803
-1.83656
-1.1385035
-1.611635
-0.9529485
-0.181076
-0.49271445
0.2441395
-2.027037825
0.460147
-0.664453
0.5013465
-1.81096
-0.128245
-1.3624268
-1.95485
-0.7412719
-1.331535
0.2770488
-2.32103
0.9416255
-4.3194
3.079635
-2.652045
0.30868045
-2.20451
-1.45396
3.725995
0.073167
2.535045
-1.32577
-1.95714
-4.973495
-3.84446
-0.4076075
-0.7578145
-1.415546
-1.72712
3.029885
8.31961
-1.17346
-0.7210055
-2.736125
1.532497
0.699039
1.266891
-1.9934215
-2.334305
-0.56145385
-0.7074295
-0.639008
1.46044
0.0459845
0.360725
-2.552205
-2.513885
-0.123006
-0.999163
-0.312106
0.307098
-0.3617855
-0.20497465
-0.017571
-1.880493
-1.89773
0.5006635
-0.691525
0.2089261
0.8754305
-1.2029205
-4.524895
-1.882737
-2.13949
-2.04658
-0.03244
-0.503497
-0.136135
-1.904813
-1.732315
-0.8955055
-0.867688
-0.8013235
-1.2176865
-0.983023
-3.574585
-4.137695
8.88171
3.02169
-0.1513903
-2.3318795
0.603219
-1.349548
0.6385225
-2.13587
-2.476815
0.087885
2.899455
-0.9191275
1.4448425
1.7728475
0.800976
-1.1434645
-0.54226355
-2.076802
-0.3241315
-0.809188
-0.392197
-3.591895
-1.0568095
-1.3792885
-3.957025
-2.639175
-3.13524
-2.833085
-2.84683
-2.89411
-2.91224
-1.516225
0.2041295
-0.8114185
0.062129
-0.6711675
1.60466
-1.6349795
-2.2117
-2.122089
-3.33728
-0.4072565
-2.318175
-0.319521
-1.216793
-0.229852
-1.827045
1.451845
-0.4881405
1.8926
-2.78766
-1.8098395
1.6272315
1.343618
-3.630355
1.60423
0.693642
0.114826
-0.6499
-0.5725265
2.491305
-0.1420955
2.06728
-1.00691
0.750641
-0.34797135
0.1401825
1.365895
-1.532335
0.7607365
2.1897
0.7848855
0.314443
0.197453
0.1957545
3.22731
-1.6250755
-2.20184
-1.0751055
-2.96185
0.2752785
-2.69422
-0.219802
-3.26747
-0.55402
1.70969
0.7125775
-1.2222635
1.862785
0.774544
-3.5537
-0.847563
-3.920165
-2.129725
-0.46493
-0.2981845
6.46606
1.8982515
-1.0351305
-6.79601
-3.18881
2.015155
-4.205175
-0.2700035
5.47781
1.83811
-1.8103
-1.832505
4.71588
-4.044505
-6.444105
-2.64282
-2.30561
-0.806492
-0.1839075
-3.171035
-0.944693
-0.3816125
0.609415
-1.806776
-0.8646015
-0.5692795
-0.05655695
-3.855935
1.214005
-1.420781
0.7797625
2.443115
0.672912
-0.21052335
2.844095
1.12614985
2.79372
-1.0947885
-1.023176
0.122026
-1.0429415
-0.8807255
0.200066
-1.99544
-3.11901
-1.3593175
-0.770318
-0.8752335
-0.031767
-1.5326955
-0.2486
-3.994315
-2.775105
-1.1841175
-7.559735
1.4770985
-5.594605
-0.744389
-2.877065
-3.99942
0.112707
-1.99539
-0.464
-1.774593
-1.15508
3.86761
3.205855
4.677025
-3.5464875
-3.718995
-1.698162
-0.3647657
-0.8790605
4.90943
0.20311
0.6275095
3.79421
-0.37262355
2.318915
-1.404415
3.593545
4.91415
-1.1573035
-1.499905
2.633995
-0.627558
-0.6204255
-2.74551
-1.50918
0.3155915
0.6893315
1.302984
-0.72584845
-3.67896
-5.51492
-0.8564262
-0.6358425
0.6472335
-1.873035
-1.221195
-0.954623
1.146172
2.68174
0.2293655
-2.28562
-0.6564845
4.161945
-0.6694
-2.50485
-1.4827065
-2.282865
-2.2610685
-2.550805
-3.247555
-1.085309
-2.79884
-6.58099
-5.15867
-4.30279
-2.81237
-0.16333145
-1.24879505
-2.74639
-1.1190145
-2.322725
0.226587
-2.097178
-0.730955
-0.438783
-1.77501
-2.04187
-1.27724
-6.447425
-7.54664
-6.954005
-1.4028495
0.6618965
-0.93803955
-0.467913
-2.276585
1.6915025
-1.960335
-3.246765
-0.859071
0.0838699999999999
-1.404684
-0.5379055
1.7339515
0.96489925
-1.629635
-0.897842
0.450005
-0.648794
-0.744413
-1.8472265
-5.900035
-1.758887
1.1929365
-1.7780465
-1.5345865
-2.558345
-1.442415
2.996085
2.1429825
2.89831
-0.218549
-3.049125
-4.022645
-1.6148515
-1.409426
-0.928983
6.425675
-5.93643
-1.390305
-0.6035495
2.71017
-0.899946
3.056155
-0.31304
-0.3984555
-0.972005
0.00793849999999996
-1.642853
-1.421567
0.0932350000000001
-2.282044
-1.0609375
1.62578
1.43768
1.069935
4.406255
-1.3194735
-1.4098615
-4.35217
7.4403
-1.608329
-2.64425
-2.226134
-0.8159705
-2.22575
-0.5127735
-2.827635
-5.02612
-1.68585
-0.11307
-6.46813
-1.640015
-2.478464
-0.33275005
-1.69391
-1.0193985
-0.933664
-0.5449445
4.13062
3.65658
-3.28746
-2.810355
-2.17612
-0.951078
-1.4140095
2.142855
-1.733095
-0.327915
-0.9600575
-4.77541
1.3298295
-1.948685
0.1165405
1.44032
0.2816595
-2.9502045
-4.826425
-3.666915
-3.41704
0.702993
3.994215
-2.816295
-3.989635
-0.8904575
2.821645
2.4375075
0.115882
-2.96088
1.508185
1.760025
-0.4311955
1.527433
5.176865
-2.98499
-0.6193565
-7.093425
-0.6892065
2.957955
-0.5234115
-0.0412575
-1.2689445
-2.797445
0.963888
-0.48187255
2.749885
-2.59525
-2.025855
-2.706665
-2.2745026
0.660886
-1.019939
-2.06694
-0.52149
1.8028375
-1.9069045
-0.57855205
-0.5999325
2.5196615
1.39897
7.89483
0.929864
-0.8996065
0.10531505
-0.6900953
2.220275
1.15808
-1.479295
-2.329324
-0.986207
-2.845025
1.7232545
1.5544445
2.634855
-2.49528
-0.6240495
-0.8756895
0.071708
-2.77004
-1.5609
-1.8076925
0.033676
0.37521542
3.78867
0.52026895
-2.32187
-3.083195
0.2937115
-1.0775715
-0.232553
-1.916405
-3.1477125
1.465591
-2.836755
-1.4202975
-1.6103035
-0.838004
0.741303
2.0923725
-1.59242
2.8480365
-1.87134
-1.1395637
-1.1939
-3.111085
-4.335105
-0.873
-2.254655
-1.1903055
-0.930375
-1.5393755
-2.417
-1.5515565
-3.81567
-1.0629595
-4.15089
1.4880235
-0.920574
-6.929665
-5.932055
-0.628915
-1.83139
-2.420963
-1.9317255
-0.008176295
-1.3257445
-0.3638105
0.629427
-1.59537
-0.5254515
-0.799866
-1.452492
-2.22169
-0.23489
-1.800715
-1.106278
-1.75564
-1.063894
-2.075248
-0.251418
-0.750601
-0.781734
3.25785
4.09808
1.79165
-1.9282225
2.464335
-1.597779
0.1762655
-0.3880005
0.9728745
-1.118756
-0.4242455
0.2601835
-1.532975
-0.6485025
-1.108576
0.13667
0.0650955
-3.04313
5.87529
-1.1309985
-2.059055
-3.50408
-2.560115
-3.400575
-0.649831
-1.612989
-1.341715
0.942912
-1.1929325
-3.045185
0.147103
-0.3759125
-4.41515
-2.425975
-0.5476385
-0.3775655
-0.6409555
-2.789055
0.16057
-2.3804
-0.22045085
-1.2811998
0.168838
-0.243056
0.125915
-1.0745033
-3.442635
0.2828055
-0.2586225
-0.729675
-1.632175
-1.51655
-0.6808505
-0.5959925
0.213394
-2.224835
0.821511
-4.78491
-0.29931885
-0.68522
-1.267935
-2.106515
-0.5550055
-1.4857505
-2.285495
-1.244815
-1.204651
-1.2155065
-0.41056
-2.166375
-2.962145
-1.0941645
-0.5787195
0.5879645
1.0206535
-0.90635
4.84189
-0.53256
-4.95385
-6.06255
-7.592615
-0.2431336
0.00356099999999999
0.096761
-0.7503995
0.712362
-0.616377
-0.9574265
2.745235
1.2411184
-0.843997
-3.031415
-2.50543
5.915055
7.51331
-3.37645
2.0848565
2.813745
0.1488365
-1.5290545
0.0313335
-4.016035
-2.079845
0.2790375
-0.770732
0.4108549
-1.833125
-2.600965
-4.651225
0.528166
0.379315
-0.852721
-3.1424
-0.787541
-0.767184
-0.145128
-4.525685
-1.670787
-0.4898766
3.17015
-1.96301
5.47041
-6.254815
-3.54748
1.14993215
-2.094095
7.737395
-0.9187635
-2.48119
2.8645255
1.0372895
1.0217399
-0.1772435
-2.020812
3.14123
-2.39131
-1.293135
-1.99564
-0.8948415
0.40216315
-2.155248
2.543925
-2.2765795
-1.526525
2.37043
-2.06129
-1.415485
-0.837815
-0.1288405
-1.11048
-1.2796535
-0.964432
3.311
-0.393515
1.428922
-0.857553
1.47995
-0.338364
-0.3133995
-1.6884785
2.555985
-0.8316616
-3.36639
-1.785945
-0.897331
-0.2783765
4.136935
1.367425
1.937755
-1.79736
3.316665
-2.98593
4.80717
-0.4087155
1.068490105
-0.5412923
-0.47297535
0.586405
1.1951965
-1.281359
-2.263589
-1.1921
-1.36916
-0.667258
0.466151
-0.407932
0.4142025
0.662934
-2.33439
-1.1047445
-0.656938
-2.841375
-0.6172295
0.308444
-3.277415
-0.0721795
-1.94427
-1.1764405
-0.8097575
-0.37484
1.683814
3.48038
-2.44169
-2.11787
3.68407
-2.606465
0.4592015
-1.5347505
6.25279
-1.831374
-3.28271
-1.90691
-0.78901765
0.028207
-1.102524
-1.689369
-0.019618
-0.820096
-1.749293
-1.530842
0.3950235
0.039665
-2.275087
-1.6228065
3.377625
4.0358
-0.6081157
-0.4412826
1.7911325
0.537194
-1.80077
0.536332
0.694323
-1.396011
-1.39007
2.35421
2.594585
0.1528125
-1.4498745
1.542793
-0.4118745
-2.10976
-3.08952
-1.5276425
-3.41302
-0.921296
-3.228035
-0.824331
1.751702155
0.0727415
0.6490305
-3.099935
-2.03191
-1.2300475
-1.440869
0.27997
-1.2963625
-2.15641
-0.74438565
-0.445221
0.94952
2.442865
-4.449245
-0.557866
-0.44974
-1.5324105
-4.06799
-0.205291
-1.3778195
-4.11473
-0.1589475
2.05449
-0.6035355
-1.3588
-1.99774
-2.618995
-0.5594835
0.6839515
0.446598
0.70386865
-0.502809
-1.8796835
-1.050378
7.59306
-3.20783
-1.3516055
-0.17045545
-1.8649125
-2.381619
2.2645
-2.09032
-0.7754615
-0.176745
1.060444
-1.1953975
-0.686415
1.3034635
2.890705
0.525222
-4.03688
0.13045645
-1.4303265
-1.07203
-3.203925
-1.381935
-4.852355
1.1784955
-3.050825
-6.724965
-2.26019
-0.980813
-0.802149
-2.184275
0.2820575
2.1525835
-0.500205
-1.183295
9.010585
6.036375
-0.69577
-0.126088
-1.394698
-0.74957035
0.077098
3.076235
3.381715
4.537765
-0.2623813
-0.219756
-3.83891
0.011124
-2.246365
2.38595
-6.949685
2.089645
1.2241795
-2.002995
-7.72345
-3.8834
-0.3701719
0.21530055
0.0185975
-0.7156125
2.42731
-3.20024
-0.1247095
0.517902
-4.305015
7.45188
-1.261625
-1.61853
-1.517343
-1.728679
-0.9977785
-0.2595765
-0.4800815
-0.340746
1.2033835
2.487125
-1.048025
-0.284422
0.826379
-5.48499
5.31878
2.592427
3.01803
-2.429375
-1.000196
8.006615
-1.237074
-1.543605
2.18949
0.674299
0.7457775
2.27255
1.489665
-1.742755
-0.0526975
-0.1941
-0.93873705
-0.45934735
-2.54499
-0.5933415
0.5280115
-2.54293
-0.867376
-0.6599485
0.7370786
-4.197115
-4.42334
-1.338355
-1.84312
7.096635
-1.904285
0.12173235
-1.80191
0.8876265
2.68383
-1.768725
1.0287618
1.354445
0.355022
-0.975443
4.44971
3.766095
-1.8181385
-1.1187587
-2.240015
-0.9815975
-2.80694
-2.68578
1.466654
1.160903
-2.585845
-0.308225
2.587185
-0.052132
0.286294
0.0326715
-0.316135
-0.4897042
-0.101771
2.506245
0.474243
1.981577
-1.59533895
-1.03426
-0.364599
-0.711689
1.148802
-0.888577
-2.142644
-0.3222425
2.79262
2.666125
-0.43556495
-2.0043617
0.49546
0.133977
0.148317
-3.715965
-5.6273
0.092215
-0.3234825
1.2929874
2.564675
0.6494365
-2.991085
0.025756
6.14636
-1.244205
-5.13861
-0.5934585
-3.851565
-0.3948655
-0.6136758
-2.47786665
-1.573176
-1.046346
-1.33217
5.49062
-2.202655
-2.0618215
-0.365596
-1.013876
6.275815
-1.484545
-0.062819
-6.478895
-4.896475
-7.209135
0.18799
-0.61680345
-0.8133375
2.254115
-2.236515
0.173272
-6.19096
6.88511
2.19122
-0.726344
-0.744068
-0.7378635
-1.45109785
-0.857105
-0.48247
-1.492627
0.953678
-3.77568
-1.872115
-0.7954495
0.2272735
-0.871898
-0.041502
-1.1234805
-1.79765
-0.7372815
-0.210739
0.5518415
-1.47445
-0.1375145
-0.086284
-2.748025
-1.680716
0.372135
-4.914155
0.18974
-0.5731555
0.7861495
1.333843
2.4924
-1.3629015
-6.24772
-0.1397915
-0.059765
-2.962445
2.50233
-0.5583215
1.8902955
2.062435
-1.79591
-1.564145
-0.5760845
-1.0484785
4.20277
-1.5554645
2.676105
-0.3607335
-0.310815
4.471765
0.1552205
0.868715
3.434605
4.10522
-1.648805
-4.854595
-1.49086
-0.257198
0.14078
1.85742
-1.485491
-0.4349445
-1.18522
0.0567154
-0.49595
-0.9682895
1.004354
0.075695
-2.70529
3.89522
-2.00987
3.742745
-1.49454318
-0.1982215
-1.113111
-0.721239
-3.0044
-1.72856
0.163725
-0.4586865
-0.8661235
-4.84907
-3.356675
0.519582
1.36336
-0.097225
-0.84106705
0.4009115
0.83914
-0.9233385
-4.487415
-2.7287
-1.724705
1.401742
-2.553575
-1.567988
0.16034
-0.0716899999999999
-1.475995
0.7790735
-3.04378
0.2041695
-0.442857
-0.2196845
-3.30376
1.473165
-3.897425
-3.97237
-1.8265695
-0.94804
-0.970323
-1.85718
-2.02287
-0.8337545
0.942367
-0.859913
-0.230799
-1.1384225
-1.23293
-3.962345
-1.5421175
-0.383385
0.827585
-0.2659685
-1.6030545
2.348615
-1.0713741
1.435995
-2.1167
1.5956275
1.55149
0.28835
-0.6534017
-3.07376
-0.4260235
0.416288
0.0276352
-1.1687835
0.318785
-2.729675
-0.521771
2.22403
-2.0062085
-0.413486
-1.199372
-0.3239725
-1.200656
-1.00166
2.776295
2.222065
-0.3445975
0.6823985
0.8723385
3.77765
-0.00667500000000001
0.538021
0.090689
1.2940175
-1.626876
-0.0963270000000001
1.70074
6.012975
1.135117
-0.4060435
0.7349843
2.21937
-0.5583125
1.12439
-2.47488255
3.28512
-2.612355
-1.072036
-5.749865
-5.75691
-1.3435095
-5.774965
-1.525984
0.8121535
-0.843778
4.2201
3.541575
-0.4495035
-0.816375
-0.2715665
-0.425504
0.24274
-2.024205
-1.537096
3.4605
-1.932735
-0.480172
-3.286225
-1.081901
2.080062
-0.4872617
2.472325
-1.419845
0.651815
-2.26223
-2.57249
-2.34051
0.7633525
-1.606739
0.585409
-1.73761
0.232328
-1.2549465
0.878455
-2.14217
-1.3253195
-0.307375
0.71592565
-3.15939
-1.0519685
-1.434694
-1.375995
-0.36854735
-0.5180575
-5.52524
-0.776164
-0.04363
-0.9455865
-0.577187
-1.2727285
-2.152265
0.365208
0.306375
-0.414273
1.3228105
-0.1245
2.386855
1.0457625
1.1067815
-0.49878
-0.778138
2.55655
-1.197925
-5.98171
-0.34908155
7.156635
-3.069372
1.2882415
-0.9471035
-1.8740195
0.6316
-0.85295
-0.785817
0.7344325
1.21257615
2.450285
-0.2942055
-1.2862
-4.041035
0.1249715
-2.886515
4.269775
-1.0667151
-1.682315
4.10344
-1.53809
-0.0653295
5.405045
-2.423476
2.58653
-2.77831
-3.092605
-3.884805
-3.39084
-3.1879
-2.410175
-3.4335
0.6935785
-0.2955315
0.861395
0.223164
0.5679825
1.5115735
2.265875
0.488187
1.179503
-0.7447825
-0.171618
2.766505
2.96634
-1.9433215
-2.046907
0.133921
-1.81093
-1.6861095
4.02096
-2.83442
0.253065
-0.663687
0.54290235
2.09197
-0.677782
-1.22342
-3.341285
-5.36973
-1.118031
-1.3558465
-0.422485
0.6372005
0.2565095
-0.3995205
2.941675
2.531055
-1.443
1.75223
-1.55874
1.590805
2.120925
-1.10504
-1.055285
-0.2631736
-1.5817445
2.303805
3.15445
-1.29094
2.70239
-2.5068045
6.63857
-2.74414
-4.547375
-4.99027
-1.31787
-0.58835485
-2.438171
-4.73698
-1.71699
-0.846071
3.596555
-3.313885
-1.223659
-3.42651
-0.900706
-4.29628
1.317115
1.94468
-0.408551
1.6789622
3.80446
2.36974
1.0561635
4.536375
4.48142
3.64059
-0.3939805
-0.1845955
-3.89657
-0.6848316
5.233215
-1.571709
-0.726266
-0.8053895
-2.18422
-0.9848675
-0.0962700000000001
8.05026
8.238135
-1.998737
0.612121
2.871535
-0.430208
-4.56727
-4.14458
-3.45452
-2.619815
-1.73903
-4.59854
-0.730587
-4.691725
-2.567505
-1.770435
-0.2140485
3.560185
2.77223
1.398255
1.5831385
0.3478
-2.295265
-3.16134
-0.554085
-0.2695635
-0.3021655
1.389965
-1.90727
-4.861855
-0.408167
-0.919578
1.9777
1.6188475
0.019851
-0.16917765
-0.16180305
-1.99875
-1.330186
6.322155
-4.379815
-4.009925
-0.705235
1.166615
-2.934405
4.24252
-1.35983
2.53927
-1.129589
-0.9702685
-1.6685275
-3.52773
0.9832
0.365424
-0.890853
-1.783234
-5.560025
-3.312275
0.5132615
0.495543
-2.59871
-1.212225
-0.13864455
-1.518345
1.258608
-0.55259
-1.03578
-1.52207
-1.977305
-1.9163005
-2.419135
-2.40069
-2.210705
-0.33897755
-0.346754
-2.70748
-0.7921065
-0.32557078
-5.23361
1.9395725
-0.768144
-1.559385
0.5525285
-0.206068
-0.46032
-0.320032515
0.0525399999999999
1.371346
3.12562
0.4443895
0.7001685
-1.5754545
-1.60124
3.797178
-1.8907395
-1.087845
2.38625
-2.14602
-0.9561225
-3.09305
-4.42955
-2.49984
-4.043215
-0.9723985
0.462159
-0.643285
-1.2755
-2.671595
-1.241766
-0.418822
2.1984
-0.3675055
5.462345
-0.099155
-1.426202
0.4061105
-3.652365
3.063135
5.86699
0.9944675
1.0462205
0.1079585
-1.5796365
-1.678555
1.147708
-0.6002715
0.025397
-3.295675
1.002167
-3.06252
-3.023745
-1.0318145
2.24962
-4.49872
-1.6059915
-0.101283
3.00091
-6.27557
-0.6563915
-1.280485
-0.892914
-0.6499023
-0.04220965
-1.741127
0.3098045
-0.826059
-3.57247
-2.06064
-3.083495
0.6600805
-2.050285
0.151689
-2.71889
1.66782
2.338795
-0.962031
-3.040805
-1.744525
-1.007884
0.0107175
-1.1582045
-1.166799
-1.55931
-0.576190335
-0.5073305
3.11716
-1.178378
3.80131
3.84636
-3.51284
-3.3232
-4.963215
2.426395
1.1472
-2.269645
-3.052205
-1.7618535
-0.656901
0.746077
5.377065
-1.2188635
-0.26697195
1.0589745
-0.628422
0.071156
-0.490753
3.14232
-1.75772
-1.90974
0.159156
2.3399715
-2.58679
3.317745
-2.67999
-1.9538465
-1.420955
-0.7480515
-1.5312525
0.3140333
-2.204366
-0.794992
-0.5483175
0.00498199999999999
0.8853025
-1.90903
3.41622
-2.926065
-3.327405
-2.91625
-1.749996
-0.971614
-0.32448205
-3.55492
-4.21765
2.447505
-2.419815
0.468447
-1.1688945
-3.687475
-0.4372806
1.226439
-1.6705477
-0.6377315
-1.663555
-0.175293
0.0412465
-1.15136485
0.8548195
0.253361
-2.16633
-1.445745
-3.216265
-0.715434
-2.37944
1.601781
0.8408975
1.024433
-2.542735
2.734435
-1.5538595
-0.876675
8.7126
1.730255
-2.723765
0.3387335
-1.312125
0.631494
-3.856985
1.864125
2.916895
-3.36872
-2.3606785
1.87182
-1.4227
-1.641865
-0.6993485
-0.961604
-1.278363
0.1577685
-1.529125
0.1787125
-0.7320315
0.22257
-0.5599872
0.284636
1.0121465
0.13884
-0.9337515
-0.87190195
-0.7292645
-2.71583
-0.948893
-0.166043
1.72349
-0.902516
-0.606476
0.4974955
-2.261235
-1.0926295
-0.13804995
-1.68305
-0.9529388
-1.92223
-1.056701
-1.192525
0.67144225
-0.525778
-1.977915
1.49227
-1.5002495
-0.982132
0.7255155
-0.38992
-1.1660165
-0.5561165
-1.2741285
0.35010675
-2.947585
-4.067135
-0.6528905
0.010713
-1.581553
-2.3802985
-0.559905
3.28545
-3.573645
-0.839892
-0.8443885
-0.5958025
-3.415885
-1.0776925
-2.00279
1.833305
-3.558055
0.378324
-4.052755
-3.170145
-1.104781
-3.959545
-3.43367
-0.66002
1.92548
1.288475
3.574985
0.51921425
1.155162
-3.13245
-6.484475
2.23715
-3.15338
-2.25368
0.893862
-1.38236
-1.143387
2.76307
-1.840894
-1.562674
-2.23884795
-2.64084
-3.29799
-1.73648
-1.563405
2.03365
-5.09906
-1.6381745
-3.0241815
0.079323
-1.60051
-0.904109
0.9362635
1.165152
-1.798985065
0.0246893
-0.8027084
-1.41942
-0.6553395
-0.4423805
-0.281062
0.62677
-2.092747
-0.435602
-1.3400985
-0.8454545
-1.258861
0.4244205
0.604544
-1.031355
3.4542
3.16712
-3.3066805
-1.94958
1.19764
-0.539721
-1.489027
0.00784799999999997
-0.375747
-0.521491
0.49994
0.874651
-2.106065
-3.07234
-2.251814
-1.37802435
-4.73401
-0.71370235
0.2342245
-0.40475635
0.743426
-0.82663
-0.6426905
0.829761
-4.770625
-0.4937025
0.3160947
-1.701375
-0.4517575
3.25305
3.653045
3.27015
-3.43281
3.333535
-5.31374
2.3613
-0.203925
-0.4549295
3.83743
-1.8821755
-1.2354405
1.0677315
-1.4782715
0.598449
-4.12016
1.366192
-0.63953
-0.16986
-0.880969
2.55944
-4.44203
3.34591
-0.981364
-0.482369
1.02339
-2.05200775
0.5285774
-2.01485
2.499844
-0.2517695
-1.504906
-1.0554135
0.278229
-1.32012
0.788022
4.28859
-0.4650335
0.8952345
-2.9693615
-0.745985
0.1571255
0.531912
0.6039245
2.71407
3.68782
-1.7223525
-3.040295
-2.23119
-1.0523395
-1.555425
-0.80456
-0.755835
-4.56951
-1.530925
-0.989538
-2.3184095
-0.6306025
1.568375
-0.53821
-1.4046595
-2.72533
-2.2463645
-1.8715685
-1.5615185
-0.3407105
0.385523
-1.2010335
-3.495415
-0.8237502
2.0084005
-1.12936
-0.0508351
1.644791
0.9251955
2.19454
0.7427332
0.0604745
2.02186
-0.554273
0.353312
-1.2737281
2.017435
2.797575
-0.1755215
-1.62533
-3.503615
-0.983785
-0.9934065
2.6467
-2.149765
-0.40474025
-0.642792
-4.43044
1.86217
-0.14003
-0.5060185
-1.5874
-1.580993
-1.012089
-3.33369
-1.28239
-0.367873
-2.17306
-2.511615
-2.576445
-0.9853425
-0.842171
0.00297999999999998
0.558711
0.2825075
-0.40919
-1.071069
-0.868098
-3.139565
-1.733418
-0.37790435
-1.5057455
1.2658715
-1.3230295
-2.030345
-1.407725
2.30642
-1.5805905
-1.04514
2.581705
-0.0787765
2.388515
4.226075
-3.802575
-1.674135
-2.20691
1.047229
2.74134
3.245989
0.8821385
-0.4247175
-2.5606895
0.230515
-1.68084
-2.6759315
-1.3794935
-1.809365
-2.406635
-2.196945
-1.315376
-0.076384
-4.46856
-1.2126105
-1.8402015
-1.76520465
-6.583735
-3.548075
-3.30467
-0.223459
-1.08239
-1.4055235
-1.443374
-3.481695
1.345822
0.33998
-4.748705
-3.24439
-2.615975
0.199941
-0.0848855
-3.805265
-4.319355
-0.6833045
-1.851565
-1.626385
-2.191355
-0.3499285
-0.599242
-1.405808
-2.391285
-1.0505855
-1.01398215
-0.5277135
-0.7923675
-2.4727425
-0.493056
-4.24615
-1.594025
-5.34716
-1.3887925
1.93875
-0.8470105
0.094839
-0.2241095
-1.564205
-1.522265
-0.6544495
-3.971335
-1.690518
-1.73365
1.5446025
0.700518
-1.4609005
-3.534165
-1.2297595
0.22051835
-2.1911155
0.3369275
-0.185786
-1.698523
-3.45764
-2.389685
-0.1760415
-2.472475
-1.775705
4.374565
-1.122976
-1.3801525
-0.6479745
3.23477
-0.105715
1.6699295
3.955995
5.570135
-0.23553582
2.253335
-1.88098
-1.692585
-4.67263
2.654015
-1.2614815
2.12404
-1.2539685
-2.271585
1.1721505
0.409724
-0.792974
-0.516958
-0.889597
-0.4460875
2.272115
-7.03508
7.4919
0.22985
-5.879335
-1.5590065
-0.103687
1.028785
-5.00793
-0.8383323
-2.189244
5.693645
-0.933334
-1.3313775
-1.7744
-0.9750675
-1.91819
-2.82728
0.5262065
-0.355291
-1.309429
-0.1181795
4.1389
-2.85296
3.152415
0.237025
-1.0067775
-1.985805
-1.94985
-1.3389335
-0.7902975
0.307426
-0.980289
-0.8320225
-1.800662
-1.84295
-0.6595955
0.0279305
-2.62312
-5.038055
-3.22367
-3.010265
-1.789495
-2.307035
-2.96908
-3.02457
-3.81075
0.065602
-1.219435
-0.102512
-4.183325
-2.5021
-2.135955
-2.832375
0.551503
-2.303182
-3.288785
-1.1613305
3.35832
-3.22227
-0.8942145
-0.624121
-0.738389
-1.035865
-1.22348
-0.51281
-4.475195
5.769055
-0.292893
-0.49571555
-1.303196
-0.530941
1.65147
0.025655
2.750385
-1.3981265
-0.5549255
-2.21014
-2.011979
-0.4127395
-4.19179
2.171503
0.988456
-2.90754
0.117969
-1.289811
0.7702365
-3.9597
-1.9262565
-3.8762
-0.721293
-0.0499615
-2.0177655
-1.330197
-0.485452
-2.533905
-2.251866
-2.018723
-1.4053985
-2.75344
-1.2401405
-1.057406
-1.775185
-0.2243405
1.6737965
-0.859574
0.159395
-0.15249075
0.3775945
3.991395
-0.043588
-0.4400165
-1.410735
-0.9369445
-1.760045
4.92895
-2.735935
1.071753
1.440955
-3.75571
0.106155
-0.83799507
-0.510484
-1.6000865
-3.79715
-3.26611
-5.20104
-3.58141
4.94522
-1.667761
-0.8974903
1.659855
1.336192
-0.41327745
1.3888935
1.80646
4.59694
4.555805
-0.133285
3.07981
-2.006278
-3.667215
0.7969195
-0.9697635
-2.2391595
1.984921
-0.555384
-3.951345
-1.563475
-1.468671
0.2571325
-1.429585
-3.4771
-2.040663
-0.6530325
-1.677965
-3.502075
-0.341538
-1.55405
-1.3455
2.096665
6.114515
7.03292
4.939395
-1.575165
-1.8869935
-1.2346545
-3.040015
4.501765
-1.4617355
-0.5721615
-0.607156
-2.2779371
-1.088773
-1.5443345
-1.212712
-4.97963
-0.070125
0.0399149999999999
3.660405
0.420571
-1.731464
-3.58489
-1.837796
-1.80297
1.738788
0.2966245
2.52009
-0.40773685
-2.931055
-2.40109
-1.6401745
-0.556489
3.03578
2.04658
-2.5348195
0.087901
-1.60554
-0.628971
-1.62287
-3.043245
0.432747
4.70959
-1.428135
-0.383711
-0.3667882
-1.099756
-1.024914
0.445838
-0.5900975
-1.63168
-0.5428035
1.5550175
0.4216135
-2.55878
-1.27017145
-2.27827
0.8760485
0.116115
-1.55083
0.894637
-2.35044
-0.860643
-3.631735
-1.3813645
2.330425
-2.12556
-1.867222
-2.02717
-0.1198292
1.19078
-2.1342278
0.0728178
-1.7556755
-2.184415
-0.9470035
-0.3895425
0.27371
8.898475
0.8398995
0.297239
0.490725
-1.0575165
-1.0052305
-0.025385
1.51141
0.0391435
-1.02773
-1.78421
-0.298893
-1.633615
1.73384
2.051705
-2.582285
-1.3714205
2.04
-0.641643
0.5728974
0.696559
2.33287
-1.003527
-3.16526
-0.8831415
-0.9247615
4.784375
-1.043385
1.112965
-1.817275
-1.8362045
3.788125
-2.703395
4.173275
-0.5015865
-0.6532425
-0.663024
1.0961155
-0.583475
2.646265
1.174735
-1.453429
-0.28768785
-1.58261
1.1025855
1.882575
0.839471
2.872015
-2.367945
0.0345905
-1.194265
-1.383375
-1.9019795
-1.123985
-0.2705945
2.576195
-1.212438
-0.8895695
4.324135
-5.592995
-0.579959
-3.53736
2.98394
1.62334
0.4726875
-2.80672
-0.854746
-1.84963
-0.6628755
1.032525
-4.335065
1.995125
-1.2171095
-1.715155
-1.527307
-0.55198
2.014895
-0.48530855
2.594315
4.12135
3.719685
-2.591485
-0.762575
2.270265
-0.4704865
3.425785
-1.344909
-0.474026485
5.46825
-0.186333
-0.7234385
2.8415
0.9797585
-2.06517
-0.055046
-2.9177955
-1.719805125
0.3877205
-1.88195
7.320995
-0.978306
-4.766175
2.97021
-0.5352815
1.0982695
-0.6432698
-1.4341575
-0.9324562
-1.551102065
-0.441832
-3.270475
-1.418012
-3.955045
-4.471435
-3.244725
-0.956691
-1.3819865
-4.914385
-6.72572
-6.850435
-1.911385
-2.298285
-3.854265
0.692111
-1.877705
-2.741005
-1.55302
-0.0119815
-0.39270625
-1.733855
-1.118295
-1.5190915
-2.2987735
2.202813
-2.28586
-0.8130345
1.7401985
-1.554982
-3.911995
-4.850075
0.8634335
-2.51512
-2.420865
-0.3362876
2.577885
-1.3012295
-1.4959215
3.767125
-4.897775
6.60118
1.1388655
4.39472
-2.72974
-0.1058455
-4.968045
-0.2381635
-2.59423
-0.1244222
1.049216
-2.3062
-2.987205
-2.13449
-0.84265115
-0.6980575
-1.561675
-1.391014
0.793383
-1.804755
0.4492155
-0.049636
-0.3098465
-0.796348
2.59978
-0.8010565
0.390007
-0.994257
-3.20309
-1.1408065
-1.915723
6.082765
-0.595191
-6.54021
-1.060215
-0.7878005
-2.563545
-3.12052
-1.471013
-0.4401085
-1.51412965
-1.675765
-0.5640935
-1.1426305
-2.2136765
0.15249005
-0.403987
-1.66234
-1.2366265
0.5468145
2.641405
-2.27259
-2.24789
0.685027
-1.362495
-0.057352
0.359895
-3.439215
-2.8089
-3.56454
-1.811195
-0.6986328
-0.0961176
1.60158
-2.0152375
3.16678
0.9527811
2.5891
0.350539
2.332625
-1.0899415
-2.452031
1.811075
0.0952035
0.5197395
-1.0300165
0.6039805
-0.6592095
4.802045
-1.57657
2.575735
2.35075
-1.1183425
-0.9781275
0.046865
-1.040522
-1.430405
-0.206466
-1.136405
-5.23749
-1.495185
-2.391195
-2.45431
-1.5494525
2.45205
-2.173825
-1.2993885
-2.569015
0.0152545
-4.09113
-2.160521
-0.119345
-2.140255
1.0580345
0.1139428
-1.1690295
1.976755
-1.2033425
-1.6619225
-1.381262
-0.53865565
-1.9934185
-1.650553
2.559275
-1.944655
-1.89972
0.87815985
0.3261775
-2.96445
-2.00649
-5.284645
-0.3343825
-1.3527685
-1.08113
2.282555
0.9304845
-0.08702
1.93009
1.43598
-0.46953505
-1.1968185
0.07766455
-0.3242203
-1.68019
-1.591255
-2.004425
-2.838165
-1.088453
-0.8457905
-0.182193
-1.00932
-0.113115
1.439535
0.305802
0.3303549
0.148702
-1.97891
0.1894975
-1.746295
-1.79425
1.807152
-1.0633225
-0.07753
7.47867
1.5560925
1.01147
-1.83357
1.1319535
0.438732
-1.832973
-1.812925
-0.668667
-0.6470885
-2.583835
-1.08695
0.1302865
-1.940578
-1.588855
-0.677805
-1.16250455
0.3078995
1.2234325
-0.2184415
1.4744155
-1.336046
1.00842
-0.487925
-4.96968
1.718841
4.13817
-3.05201
-2.642595
-0.5734855
3.868755
2.74793
4.19002
1.984405
2.5568
2.39024
-1.589165
-1.37838
-1.517782
-1.8373945
-3.106055
-2.243755
-1.01483
-1.587669
-0.51029
-0.339863
8.188985
-1.0378295
-2.498355
0.51362275
0.20674885
2.415355
-5.55503
1.550639945
0.481065
-5.42633
-1.287965
-2.24442
1.7079095
2.105045
0.9594275
-1.7031281
1.653235
1.74574
0.335076
-0.682017
0.164621
-2.640275
0.2739605
3.95541
0.0229995
5.19935
-1.0263125
2.35401
1.755621
0.9425655
1.493049
1.819845
-3.344575
0.24234085
-0.9217115
-1.203655
-2.25045
-1.364469
0.7121125
-1.9938
-1.2656185
-0.884799
-1.484325
0.1855082
-0.534023
0.8236175
-6.26016
-0.805377
-2.08964
-1.220375
-1.586536
-1.766476
0.604564
-4.51579
-3.15327
-4.25349
-1.90612
-1.3830035
0.00561449999999997
1.936315
-1.678065
-0.815103
-4.168105
-1.477643
-1.8283485
-2.45261
1.039517
-1.282147
-1.830405
1.111095
-1.877955
-3.62348
-0.945067
-0.928708
-1.6761915
-2.37047
-3.411195
-2.75104
-2.25069
-3.462065
-2.448915
-0.7770945
0.916026
-0.54435
-1.75496
-3.392945
-1.623575
-0.863249
-1.047876
-0.930377
-2.69186
0.525586
-1.892055
-1.622274
-0.038035
-0.00817400000000001
-2.520245
-1.1044975
-2.272085
-3.496985
1.3552925
-0.01685
-0.6187015
-1.369084
-1.618395
0.0790575
-1.566685
-3.195
-0.81082
-0.375997
-0.967323
-1.730175
-2.114525
6.659525
-0.410042
-1.5622655
-0.7004485
-0.5621615
-0.30255
5.621675
0.820387
-0.300474515
2.723945
-1.2968735
3.54535
-0.1270515
-2.73728
-1.988095
5.37714
-1.334696
-5.40642
-0.9706095
0.9779045
-1.370185
-3.0084
-0.870255
-2.20855
0.9683705
-2.466885
0.2250315
-0.917389
-1.65394815
5.047455
-1.601825
-0.5951816
-0.028955
0.601171
0.304455
-2.83235
2.051222
2.503595
1.5480065
8.776675
-6.673985
-6.506195
-3.643155
0.680488
1.34337565
-0.900565
-2.676785
-2.2365015
-2.083345
-1.195294
-3.032475
4.12263
4.10255
-0.66172
1.413532
0.806348
3.551005
-2.0065665
-0.1112633
0.5107405
-0.1050115
-1.240696
-0.0456795
1.521587
0.410318
0.0013195
-1.1459765
-0.052189
-1.147315
-1.68169365
-0.9052915
-0.1234905
-0.4194095
-1.157025
-5.902925
-0.3918175
-1.575185
0.027483
-1.3291725
-1.390401
-0.7300025
-2.300905
0.23788065
-2.420645
-0.7435955
-0.345366
1.157216
-2.749742
-5.52912
-0.184552
-0.2131905
-2.971535
0.102335
1.62616
-7.8474
2.8954
4.827595
-1.495742
-0.1988375
-4.3642
-0.995072
2.747751
3.764895
1.956578
-2.076245
-2.87062
0.720165
-0.638349
2.776765
-1.6528145
-1.1625475
1.86368
0.782485
2.10787
-0.7645045
0.270525
5.373265
-5.72515
-2.142979
-1.1464825
-2.71385
0.5285375
-1.99793
2.544575
0.8686345
-1.6250815
-0.0296915
0.22207662
0.00866050000000002
-0.9886035
-0.4859405
0.790411
0.870108
1.08567
0.5993035
-1.1105865
-1.3308485
-4.99806
-0.7552865
-0.7245185
-1.08163
-4.38187
-0.6270525
-1.46923
-2.490805
-2.79475
-4.2892
-1.1205
-0.847728
-2.27345
-2.30511
-1.027589
-2.46361
-1.5100305
2.154675
1.490654
-1.4874
1.545351
0.183545
0.84920985
0.4004225
-1.6071315
-0.095615
0.0668235
-0.601238
1.3966535
2.16982
-2.798625
1.601625
-2.223235
-2.1531
1.245349
-1.1433515
0.34493965
-1.5767635
0.7045255
-1.006105
-1.053352
-3.379675
0.3920975
-0.70846
0.0263695
0.3679345
-0.7113755
0.8070485
-2.66308
2.297095
0.59336
-3.846625
-0.466078
1.10426
-0.3069015
0.547383
-2.56346
-2.29908
-0.729424
-1.573206
-1.1115455
-2.59618
-1.21245
-2.43045
-4.8359
-0.0238694
-0.9301015
-0.673565
0.347003
0.6670523
0.61344755
-1.4456165
-1.984735
0.791002
-1.60474
-1.51297
-2.44847
-0.61759
-1.0550355
-1.827555
-1.683425
0.782374
-1.234367
3.129535
-0.9409595
-1.188305
-1.421613
-1.034757
0.7297325
-1.78592
0.218066
-0.1661385
0.166435
-1.1694625
-1.558335
-0.1880751
-0.1162538
-0.726869
2.510075
2.42591
-1.131576
1.3357395
2.43633
-4.23213
-1.107781
-0.4120325
0.2555655
-2.100575
-1.306915
2.18799
-1.0689495
-1.401075
-0.289646
-0.202792
-1.0318892
4.96958
-2.59533
-0.373381
-1.1918905
-2.0169485
-2.99301
-1.568525
-0.966582
-0.603768
-4.638935
-4.406395
-0.65237085
0.25734975
-0.330365
0.317461
2.96356
5.83361
-0.650089
-0.3764365
-5.64031
0.597569
-0.0941855
2.852905
-0.9439695
-0.0855315
-0.244776
-1.221705
-2.63958
-0.4106125
0.6319598
0.996024
-3.496555
-0.9273065
2.2460714
-1.224879
-1.080846
-2.99287
-1.430135
-2.272775
0.934722
-1.22924
-6.413265
-1.725355
-1.4973005
-0.05865025
-0.66331985
1.156231
-0.729391
-1.89666
-1.805855
-0.3450905
1.44854
-2.918695
-1.9015265
-0.48819735
-1.42256
-2.313375
1.29063
0.136604
-0.93841465
2.399835
-1.49027
-2.2109045
-1.121794
-0.8935035
-0.6144465
3.164305
-2.538245
-2.01459
-0.501648
0.312569
-0.809808
0.0826905
-0.9983185
-1.136276
-3.353535
0.593968
0.395068
-1.0985775
0.826775
0.3291435
-0.437792
-2.85863
3.280785
-1.6120795
1.433546
-1.53872
-0.1618889
-1.386122
-0.9017185
1.229589
-6.23175
-2.07577
3.535805
4.071185
-0.613176
2.58777
-1.066326
-0.9225735
-3.2377
0.271911
-2.10721
-1.7146995
-2.511037
-2.7659225
-2.5714
-0.932225
-1.218401
-1.5906375
-0.425698
-0.4497435
-2.5239485
0.78442159
1.596689
0.1200825
-1.03997
-1.727229
-5.17393
-0.0937535
0.0478710000000001
-2.109805
-1.0494915
-2.02525
-0.8496395
-0.993078
-1.776525
-2.1123555
-1.1550925
-0.7134355
0.0875645
2.478445
-0.6290135
-3.38428
0.567401
-3.52311
-0.2972025
-4.30197
-0.0881675
-0.343456
-2.110328
-0.12354355
0.010489
-1.799945
-0.582374
-1.3676145
0.5403855
-1.396617
0.402468
0.2873485
-4.914975
-2.683645
2.273188
1.990577
-0.5725655
-4.848205
-2.7011
-6.91642
3.47745
-3.70568
2.16385
-5.479465
2.168595
3.02318
-1.1979325
-0.92323
1.633005
2.892285
-0.3745675
-0.2548855
1.33134
-0.773423
1.3631555
-0.815524
-4.42058
-3.09363
-1.585235
-0.1180445
-1.78342
-1.788925
-0.9947585
-0.7695045
-1.1735915
-1.171055
-0.5455765
1.846455
-3.678845
-2.96625
-3.19171
0.57144
0.7188445
3.07142
0.996185
1.542625
0.3558845
-2.821535
-0.5107235
-1.42863
-0.914989
-0.9616275
-1.663066
-0.6065005
-1.7481625
-3.818805
-1.68934
-2.1213285
2.058135
2.3355095
-1.3689635
9.221065
-3.739935
0.4046885
-0.393567
-5.09344
2.97397
1.5547415
-1.518762
-2.485575
-3.14739
-2.3158
-0.4245555
0.787536
-1.4039875
-1.2952045
-2.98002
1.14736885
-2.13587
0.629959
4.260805
6.659505
-1.59461
-3.92847
1.0361285
2.143735
0.8304825
-2.09027
-3.849195
-2.347195
-3.168275
-2.435035
-1.178133
4.23442
-0.375655
1.254754
-2.03535
-1.6651075
-5.449875
-0.863831
-4.586325
-0.7548365
-2.1146885
-1.832641
5.55673
-3.599895
-2.21638
-2.14061
-1.2852
-1.096297
-0.168566
-2.55486
2.78234
5.836335
-2.11629
-1.0938695
4.817085
-0.977766
0.9133095
-1.2511775
-0.72893475
-1.564689
-0.287241
-2.41026
0.215800775
-2.250775
-2.55222
0.13655
1.5598375
-0.928281
-1.74218935
3.022285
-2.08476
-0.9987515
-0.583525
-1.73114
-0.75975325
1.1956085
-3.37684
-2.08146
5.17655
-1.2031125
-5.711425
-0.9711875
-1.016319
2.08494
-0.048244
2.08492
3.712585
1.075988
0.087603
-2.53558
2.581735
-0.512246
-1.1357685
-0.508339
0.243127
-1.042998
-1.587655
-0.66904505
-1.1436885
-1.2469325
-1.506769
0.2586203
0.407237
-0.7356005
-0.1264975
2.793805
1.4963225
1.8305715
2.618334
2.64929
3.01563
3.387385
0.7666495
0.9631895
1.7635915
-4.6939
-2.436155
-4.82727
-2.27235
5.79046
-3.37272
-2.75142
0.91982
-0.30538
-2.060955
-0.533034
0.182947
-1.48749365
-3.33996
-0.1138781
-0.54362815
-1.2266035
1.57389
-0.116416
-1.7817605
6.184075
2.273455
-0.9130395
-2.441326
-1.322096
-1.944645
-3.66483
-0.5498725
-0.855814
-3.379405
0.879421
1.0596515
-1.1070965
-1.281935
2.76912
1.8183955
1.37642
-3.019885
-1.359435
-1.28604
4.24553
-0.16079
0.6327325
1.1765825
-1.7837
0.07304005
-0.914844
-1.014172
-1.1103505
-0.3696285
-0.3463892
1.0377425
1.491516
0.324525
-2.743785
-2.20929
-2.0991505
-2.621525
-0.357579
-1.550961
0.11806
-0.2298295
-0.0949389
-3.533415
2.20691
-1.81176
2.67665
3.001655
-4.34818
-2.3553
-2.808445
-1.0460285
-2.1591095
1.524076
-1.341148
-2.51733
-1.54906
-0.5541569
-0.5284295
-0.265815
0.211395
-1.4837765
0.8033045
-1.480855
-3.43302
0.4217803
-0.591384
-7.05915
1.18036
3.530345
2.940735
4.469745
1.0043025
1.9583
3.029315
-2.560849
-3.27858
2.159602095
-1.08768475
0.2079505
-3.71465
-2.559
-1.38363
-2.85018
-1.437098
-1.184845
0.597675
-1.555505
3.367595
3.56001
3.76463
-3.03004
-1.488775
-2.925935
1.102163
2.48063
-2.40501
1.1236485
-1.879245
-0.3500415
-1.917235
3.15722
-1.85692
1.12310215
-2.65485
1.309105
0.54118
0.0427999999999999
-0.65381
0.205665
-1.330549
-1.99927
-1.504345
2.61148
1.832055
-3.0321382
-2.389075
-1.60388
-1.155565
-2.17883
-0.7047675
-3.66801
-0.324385
-0.5801065
-0.7961075
-1.858665
-2.81247
2.70451
4.14436
-0.619397
-1.181841
-1.0047705
0.1490045
1.54064
-0.18225
-0.952904
-0.897466
-0.633292
-0.2400843
3.85223
0.464226
-2.688865
-2.695485
-1.62137
-3.15909
1.246444
-0.2250965
-2.15882
-1.417725
-0.5884865
-0.237386
-0.3265515
0.457121
-1.7021155
-0.9267035
2.90849
2.6116
1.921045
-0.720441
-0.490766
-0.8354265
-0.205407
-2.181555
1.69765
-2.65836
-1.693305
-2.132645
4.32154
1.560165
0.9923595
-2.73452
2.60292
3.33478
1.13832
1.821845
-1.31571
-0.1777295
0.660808
0.604373
-0.6669045
-2.5205
0.5721815
-3.07572
-1.745116
0.39457435
-0.985055
0.3083165
-5.576695
-0.4502665
-0.918151
0.3097645
-1.1044625
-1.0000145
-3.041095
4.98765
2.20272
5.20133
-1.9669
-1.570955
-0.03866
-1.746435
-1.68778
-1.4519855
-4.28368
-0.4048955
-1.6493735
-4.19612
-0.5610775
-0.556762
-1.0766575
-0.68148355
-0.144696
2.454876
1.1321985
-1.660145
2.49372
5.110875
-1.130003
-1.848745
-1.9452875
-2.02981
-1.64141
-0.902921
-0.673552
-0.0175150000000001
0.5566585
-6.21064
2.332545
1.5926655
-0.322863
-2.2402485
-1.41953
-5.59416
2.640765
-0.18246
-1.40604
-1.741655
-3.596365
-0.5514425
0.5982
1.15854
-0.610673
-0.592843
-2.404845
0.3693605
-1.578853
1.4812535
1.3006435
-1.49686
2.171315
-0.916791
0.022784
-0.230055651
-0.1957955
-1.93355
0.8347
1.2080925
1.5582219
-2.42633
0.175465
-0.2759475
3.17142
-0.605224
-5.717585
0.8960725
-4.83581
-2.20539
-1.3605655
3.74647
-2.545905
-0.4747267
-1.70944
-1.67129
-1.770645
-1.2537915
-0.6100765
1.3892785
0.9814235
1.401515
-2.89707
-1.090551
1.278405
0.5517335
-0.149718
1.167365
-1.6318905
0.9840385
1.3918565
3.003057
-3.491125
1.0191285
0.1141135
-4.867945
-2.6107885
-1.284255345
0.158381
-1.0359535
0.457786
-0.324227
-0.8726505
-0.3471455
-1.185435
-1.516927
-1.0612455
-0.5542805
-4.23267
0.6249265
-4.73826
0.050525
-1.9919715
-2.684275
-1.810495
-3.534245
-0.380479
-1.491362
-1.1694755
0.0856699
0.8360925
-0.427602
-0.408238
1.39601
-0.0696500000000001
2.51205
-1.75781
1.0861185
1.87455
-0.7305597
-2.124685
-1.8903
1.69481
-1.2225285
5.69274
0.74417
0.779526
-1.691015
-1.02657045
-6.58842
3.12967
-2.523405
-1.86095
2.75724
3.35771
-0.88172
3.072805
-2.949615
-2.653935
-0.73787225
-3.34015
2.23131
0.3606365
1.87868
4.259225
-1.548017
-1.539315
-3.82873
-2.441035
0.914123
-0.28236
1.1641915
-0.654423
-0.805985
-1.050005
0.825272
-1.490175
-0.9858
-0.4189305
-0.289062
-1.255853
-2.380825
-2.122335
-0.7989505
3.935525
-0.5420015
-1.281231
-1.31802
-1.97503
-1.099335
1.1025725
1.569275
1.53907
-1.581448
-0.521555
0.5637605
-2.666265
-2.22041
0.1115835
0.226915
1.64484
-3.455245
-0.3107065
2.626925
1.02346
1.029898
-0.613907
-1.6193095
-1.47115
-1.046619
0.162561
-0.4339375
-3.921795
0.21187
-1.21612995
-0.714295
-0.493
-0.997165
4.355785
1.046525
-0.2176785
-0.2670265
-0.101042
-1.0703365
-3.17198
-1.40128
-0.0964715
4.038145
-0.8154545
-1.1211245
-1.960085
-0.955616
-1.0310795
-3.362465
-6.508635
1.347985
-1.4344735
4.958875
0.058633
0.423699
0.1656796
0.8692635
0.47048845
-1.608955
-0.2384915
1.192044
1.43679391
0.749795
-0.02332595
2.215335
-1.1967955
2.73449
-3.51396
2.909005
-0.8381565
-2.31769
-7.762635
4.058725
-0.8477585
-2.8526
1.622983
-1.853455
2.918965
-2.178025
-2.65288
2.3326
3.668945
-0.3871175
-1.756617
1.635864
5.566045
-1.043771195
-1.560775
1.1088735
-1.215214
-0.5612935
2.292505
-0.26539
1.359896
-0.7439305
1.702225
1.692675
-0.6011185
-0.715385
-0.9952825
-3.757985
-1.02568
0.509865
2.2837605
-1.0605235
-2.48035
-3.482765
-0.910959
-0.789056
1.5449049
1.818254
1.630317
1.4799
-2.28197
-0.856528
0.655012
-1.370859
-2.911335
-2.8708935
1.8225
-0.668354
-0.61036375
0.3388475
1.458933
-1.3861035
0.6090585
-1.7791
2.12178
-1.2204905
-1.3139
1.2439045
-4.40956
2.36986
-1.34376265
0.9207245
2.557315
2.265215
-2.062002
-0.4833355
-0.1275785
2.682775
3.850725
3.923455
2.58704
-2.5583125
2.0139985
2.484935
-0.413155
0.966917
1.95674
0.2193945
-3.683625
0.29362
-1.628995
-1.7601695
-4.7581
-2.13532195
-1.294045
2.03885
1.6676635
2.09215
-0.666547
-1.1241395
-1.361066
0.187123
-0.801882
5.06282
-0.750846
-2.3034
2.329525
0.5680285
0.576355
-1.50459735
6.863275
-0.5269355
-0.786913
-2.406905
2.772642
0.1791575
-0.150082
-2.4217605
-0.5878225
-1.0812655
1.23612
-0.124054
0.253744
-2.12873
-2.346235
-1.4278775
-1.3087775
0.9947075
0.897016
0.3754775
0.52658
-0.0633115
-0.212134
-1.663037
-1.3073995
-2.63474
-1.207199
1.562156
4.892615
-0.0081745
-2.3551545
-1.1809295
-1.2397365
-0.2016435
0.625654
1.637272
-2.89125
-1.640665
1.079711
4.353505
-1.497913
-0.999009
0.3716515
0.0208475
0.907504
-0.8156873
2.156105
-0.9265135
2.369445
0.1937056
-2.431468
1.532024
5.175075
-2.34738
-0.05433
0.6007135
-0.1205815
-0.0403835
-0.4419885
-3.439675
-2.8206
-2.488125
-2.1085
-2.825805
0.9295315
-1.0499735
-1.55858
-0.5024095
-1.4118595
-0.567328005
-1.4172115
-0.6022304
5.689015
0.163156
-0.61329985
-1.8405695
-1.4784285
0.8474085
-2.2880515
0.876542
-0.908059
-1.76811
3.257655
2.76752
2.896995
2.864095
-2.825875
-2.84583
-2.38979
-0.276045
-2.8284
-1.50339
-0.8386895
-1.8152385
-0.15115125
-2.03188
0.394273
-3.738915
-2.099535
-2.55517
-1.78098
-0.585171
-3.934365
0.362247
-2.51073
-2.457655
-0.3821695
-0.401787
-1.2116075
-1.7854
-3.1636935
1.012751
-0.8362865
0.213011
-0.60118
-1.267761
-2.142978
-1.25241
-1.115357
-4.89019
5.05837
-1.2039125
-0.67822
-0.6697035
-2.631025
-0.13491
0.6480415
-1.004348
0.566949
0.503079
-2.81038
-3.47351
-1.0135555
0.5977635
1.0488064
-1.2206945
-0.872242
-1.0356375
-0.918923
-1.187235
-1.83398
-4.569755
-4.250005
-5.472235
-0.8543515
-5.348895
-4.814455
-1.3880795
-2.73423
-0.162129
1.795145
-0.579688
-1.0084365
-2.540515
3.959555
4.114545
-2.42663
0.960272
-0.7451685
-1.546785
-0.09139
-3.884165
-1.44691
-0.140235
0.0571165
-1.317453
-2.00439
-2.949715
-2.087655
-1.861595
-7.557105
-2.263719
1.091961
0.12055
-5.22094
-5.912385
-0.752413
-6.06744
-0.2488008
-1.370003
-3.514335
1.608718
-4.38866
0.03487
-0.94484
-1.2821
1.1192305
-3.871155
0.330435
-1.68008
-0.875599
0.811668
2.12065
-6.262355
2.1346
5.850655
-1.09293
-0.8015925
0.824682
-5.24832
1.2561175
-0.79737
-2.389564
-2.1493115
-2.5180775
-1.3522915
1.758725
0.1017675
1.68073
-2.262185
2.887855
1.345463
-6.524635
0.567398
0.124512
-4.342575
0.26796838
-1.947565
0.86947575
3.127475
-0.7472212
-0.8503315
-1.9028
0.7573985
-1.493146
0.9698795
-4.237065
-1.0407135
-1.315975
-2.876125
-0.8715627
-0.4331185
-0.24041
2.78213
-2.115195
-3.72049
0.747557
1.0615755
5.3474
4.066155
5.13625
5.37628
-2.39933
4.393315
-0.0908065
0.1507033
-2.704211
-2.59723
-0.411006
-0.560588
2.19837
-0.5942655
-0.7824575
-2.90221
-2.955005
-1.745675
-1.5461485
-2.908925
-2.023225
2.023588
-1.997775
-0.5235535
3.3266
1.308075
-0.685905
-2.39229
-0.805627
-1.2985725
-0.38975955
-1.028784
-0.473787
-0.524707
-0.15509895
-1.50689
-0.2430305
-1.6969475
-1.95651
-3.36587
-0.844133
-2.87478
6.646185
6.40754
-3.278075
-1.316855
4.005755
-0.28167
-3.478595
-2.463405
-0.6205385
-0.2206885
-2.1729015
-0.8695785
-1.3267932
-2.398465
-2.06167
0.0171899999999999
-0.605716
0.238232
0.227535
0.17399875
-0.2802495
-0.757407
-0.718723
-0.55437
-1.5284345
-4.94219
-1.123662
-2.397055
-1.663088
-0.321924
-3.42309
3.16842
-6.17074
-0.490819
0.7347888
-0.2621012
-1.2514475
-2.3098125
-1.831235
-1.753585
1.63838
1.9882115
0.432255
1.055972
1.4241615
0.9257505
-0.9026375
1.156129
1.56539
2.309845
1.5855285
0.7576485
-2.387155
-2.153791
0.454505
-1.4004785
-0.2431645
-3.162835
-2.516435
-0.001031
-1.597955
-3.681455
-0.748294
-1.723295
-0.640475
-0.661715
0.136845
-2.653585
-1.244585
-2.21765
-1.176653
-2.425595
2.0777585
2.0480295
2.94372
1.66754
1.451631
-2.067175
-4.180195
0.294219
8.099465
9.48681
1.58225
-0.635897
-0.956668
-0.37882485
-0.6681985
1.907055
-3.181215
1.966535
-1.734706
-0.645692
1.252915
-0.914895
5.617695
-2.41076
-1.215882
-1.69502
-0.6047195
0.2661785
-0.9160655
-1.504595
-0.423065
-2.052558
-0.336088
0.296659
-0.099554
0.6111075
-0.003078
-2.28155
1.116956
0.32993025
-1.0255325
-1.3510455
-1.850149
-2.165445
0.195859
-1.4331095
0.323635
3.817175
2.809135
-0.840403
-1.880274
-2.040809
-1.628735
0.048604
-7.14047
-0.587345
-0.664632
2.482175
3.676335
-2.37754
-1.484673
-1.7579885
-1.0037425
0.452559
0.55372
-2.145192
0.9200785
-1.281915
-0.3158568
-0.601147
2.2908765
2.20642
2.569495
5.330945
-0.541764
-2.47835
-1.553
-0.4521165
-0.845399
3.712175
1.778145
-1.886445
-1.651065
0.0715645
0.8094167
-5.989005
-1.4338245
0.819032
-1.345518
-0.7046225
-1.786695
-0.643405
0.451042
-1.65909935
-0.806938
-2.36036
0.22975385
-0.346676
0.786957
-0.8656835
0.233614
-2.55558
2.2141335
-2.67269
-0.566131
-0.24195
1.82511
-0.5208315
1.555194
3.72306
2.26918
-0.761377
3.91131
3.634195
3.699745
-0.6370425
1.557245
-1.441465
-1.892475
-2.445954
-1.27347
-0.9946105
-5.0067
3.33083
-1.359753
-4.13598
4.53634
-4.577495
0.70220555
-1.8752602
-2.293065
3.132845
-0.8792105
-0.9345825
-4.412335
0.052742
-0.9169095
-2.20102195
-1.5653965
-1.507337
-1.89977
1.4782
-2.199055
0.0907385
-1.697075
-0.5150009
-3.807975
2.635806
-0.811033
-3.288785
-3.90871
-6.746285
-1.06417
1.7771785
1.235335
0.5376725
-0.105085
-2.45342
-0.05445675
-4.663465
-0.3370335
0.327039
-2.4512835
-0.9701415
-0.738768
0.891935
-0.5968612
-3.310375
-2.4012845
-4.39809
-3.32711
-2.596025
-1.879315
0.1441622
1.93054
-1.141115
-1.381686
-0.64936095
-0.311472
-0.7098085
-1.040057
-0.037883
-0.4494865
-0.80362485
-0.3657405
1.0055265
-0.118777
-2.039095
0.5389945
0.38699
0.12529
-1.492045
1.61317
-1.31293
-6.606295
-3.926315
-4.167295
-0.771175
-3.021165
-0.809629
-1.650039
-2.297035
-2.81664
-0.6963345
-0.2443319
4.446655
5.95906
-1.1049155
-1.7947305
1.44035
-0.3549405
-3.5266
2.86704
-1.245845
-1.738495
-2.87858
-2.09125
-2.03796
-2.966945
-2.71309
-1.093771
-1.2414414
-1.85808
-1.9010385
-0.633538
-2.06936
4.4057
-0.939705
1.2350885
-1.3110145
-0.969931
0.4007275
-2.042315
-1.1233915
-2.472635
-4.755325
-4.48089
-1.43675
-4.180805
-0.0267068
-1.431935
-4.306135
-2.28127
-3.046085
-1.66612185
2.22736
-1.307545
4.113175
-2.522535
-1.7557945
0.59025148
0.6585985
-2.673105
0.946946
1.0783035
0.8265575
-0.0973928
-0.454555
-0.394726
-0.687927
-0.560353
-2.315185
-0.8497575
-3.373405
1.262844
-6.085665
-1.518652
2.793435
2.208595
-4.02442
-2.77529
2.17276
-1.69072
-0.000303999999999999
-0.687563
-1.5179405
-1.3985665
-4.77455
2.97112
0.503738
1.7764685
0.2147255
-1.03648
-4.343995
-2.738985
0.657957
0.1869875
-0.7565745
-5.98208
-5.30001
-1.90073
-2.203695
0.3783885
-0.6500865
-0.727335
-0.3881055
-0.5842145
-0.394434
-0.5704745
-1.544165
-1.06959255
-0.8560848
-0.183044
-1.7661185
2.443155
1.3343375
3.18652
-1.83386
-1.7239855
2.28668
-2.60706
-2.372325
-0.837534
-1.8605605
-0.705019
-3.78772
0.481075
0.999055
-1.95744
-3.30606
-2.249198
-1.1979145
1.2466655
-2.43585
-1.63616
-2.1361115
-0.2920645
-1.533845
-1.507065
-0.1667259
-0.56562055
-1.7873755
-3.77852
-2.62855
3.68333
-6.13876
-1.412685
-0.8197075
-1.65124
-2.34949
-4.54392
-3.11301
-2.1115
-0.705965
0.4087015
-1.3919945
-0.7196238
-1.7944
-3.003575
-2.752315
1.328925
-0.0634602
-1.772212
-1.99883
2.72165
-0.65075575
-1.413915
-1.184248
1.696075
-0.081445
-3.15216
0.359618
-1.66983
1.6126005
-3.85135
-2.018925
4.784035
-0.466751
-2.30048
0.509769
-3.119225
-3.2762515
-3.553115
0.3015995
-0.486379
2.1278644
-0.15749
5.83557
2.93738
-3.399475
1.783954
0.739861
-1.69868
4.53789
1.47412895
-0.6022395
-2.77765
-0.3117465
-1.340761
1.572955
-1.062554
-1.189299
-1.2492135
-1.525243
-1.43571
-0.079152
-6.09119
2.715065
-1.04547
1.872332
-0.6777805
0.077495
-4.7291
-3.410285
-1.6902155
-0.5878845
-0.453081
0.8016465
0.185914
-1.054713
2.174059
1.652253
0.0777399999999999
1.394863
-0.9129645
-3.60079
-4.45447
0.3646075
-0.931388
-1.71237995
0.18432945
-0.8192695
-4.809095
-1.2066
2.233459
-1.2702675
-0.6694705
1.4740695
-3.094785
-2.441525
-3.525555
-0.999697
-1.896844
2.112875
-3.595165
2.373368
-5.493025
-6.70369
0.9029565
-0.075615
-2.28603
-0.154679
-7.743215
-0.8645225
-1.033974
-2.6125
-2.086235
-4.18685
-3.17739
-1.60396075
-4.770125
-1.48443
-1.529688
4.35001
-1.83677
0.45063855
-1.38291
-0.9050815
-0.668239
-1.3166237
-1.83334
-2.827793
1.064573
0.5083745
-0.2319589
-1.062682
-0.4073925
-1.1635485
4.178075
-3.73503
4.77231
-0.541629745
-6.06989
0.1382605
1.9812185
0.0495225
-0.336151
-1.45169
-0.815101
1.347952
0.9521275
-0.243828
3.209565
-1.0432415
-5.16463
1.27161
5.220715
-0.3883095
0.875617
1.465845
-1.16758
-2.05396
-2.5324075
-1.2964455
-2.001512
-2.14233
-0.1306
0.01184235
-1.74113025
-0.70639
0.387967
-0.704683
-0.014512
-1.552115
-0.45929
-1.460953
3.08838
0.703797
-0.8016305
0.268265
0.746691
-1.1608155
-0.3716405
2.08729
-1.56957
-1.5377795
-0.2916095
-0.595181
-5.01888
6.506365
-0.495367
1.456331
-0.818446
-2.541746255
-0.7947975
-1.83825
0.910086
-0.756442
3.19561
-0.1003
-1.083109
0.569536
-4.754935
-1.0934125
4.55368
-1.1107525
-1.5477905
1.0651005
-2.769395
-0.213202
-0.7538515
-0.3429285
-0.841172
0.6794555
-2.85554
-1.784795
0.21592525
1.10429179
1.9519645
-0.612114
2.412685
-1.630024
-1.741565
-3.007605
-1.832833
-2.336335
-2.04193
-2.27335
-0.1133355
3.54107
0.2603764
3.42247
-1.789995
-3.633855
-0.56018695
-0.7066885
2.12488
0.700986
-2.860275
-1.691225
1.82408
-1.471869
0.6482815
-1.397482
-1.920165
-1.347486
-2.252444
0.9624055
-0.0580183
-0.557515
-1.436887
-0.4637245
-0.14338145
0.390005
4.038225
-1.65053585
-0.110105
5.379525
-1.916545
5.443545
3.601175
-0.596564
-1.064666
-1.100048
-1.9257855
0.815289
-3.459775
-2.456715
-1.073259
-0.3472245
-0.303382
-1.097713
-1.042216
0.45472
-0.1145885
1.57436
-2.64858
-1.9254665
0.06116
-1.627396
-0.923029
0.923372
-0.5872785
0.7841885
-0.9360715
-2.830285
-0.786649
-2.290725
-2.55926
-1.181435
-3.0559
-0.529159
-0.6686875
-1.65470055
1.5469895
-0.45673
-4.24679
-2.57556
-2.96474
0.465845
-1.273685
-2.18343
-5.088025
-3.452225
0.4186085
0.869475
0.6909255
-3.670525
0.5769985
-2.35169
-1.021539
3.961895
0.21686755
-0.09072
-1.4394925
0.2702245
4.565485
-0.5267105
-1.05508675
-2.002304
-1.795235
-0.33508
-1.164196
-1.09249
-1.598346
1.176925
-2.12797
-2.060286
-1.9827755
0.1975055
-0.06387
2.439
-0.3370165
-0.1889655
-1.467978
-1.9366945
-0.093655
-0.770366
-0.988049
-1.457935
-3.129572
1.993935
2.329805
5.30868
-1.6309
-1.59438
4.688795
-0.20596905
-1.2047695
-2.629015
-0.9160865
3.953795
-1.71211
1.6588355
2.42655
-3.07306
0.40178355
1.3589855
0.288395
0.36984
0.59636805
-0.588811
7.981645
-9.99984
-0.1157525
-3.14822
0.445017
2.7633715
0.2618395
-1.71085
2.563725
-3.378665
0.989716
-1.5319618
-2.197805
3.5029
3.54116
-1.71351
-4.31559
-4.428585
-3.221765
-0.59675375
-1.669635
1.2797425
-1.905555
4.710175
0.992995
1.4111325
0.0649813
0.16264015
-1.85414
0.5534515
1.95244
-3.2959
1.5115605
0.028705
2.0345
-0.1566514
3.63363
1.998715
-0.480104
-1.981073
-3.841115
-1.1865755
-1.0992525
-0.194149
-2.27218
-1.36147015
-0.7213355
-2.40353
-0.2533395
-0.75429055
-2.7192
-2.972225
-4.26748
-2.599365
6.770765
7.98486
-2.61274
-1.016181
-0.22404
-1.862804
-0.3976305
-0.266354
7.18641
-0.769229
-1.0377045
-2.23641
2.065375
-1.653565
-7.14133
-0.4186846
-1.72962
-2.853965
0.6174515
-2.285795
1.952865
-0.392129
6.75764
0.607929
-0.151429
-0.3691475
-2.97525
-1.194119
-1.2333865
-0.7020585
-2.1338655
-5.02538
-1.30617
-0.6022175
-4.65117
-0.3592748
0.086585
-0.3589445
-0.345956
-1.3964
-1.455781
-0.727151
0.191992
2.123055
-0.169206
-3.08701
-1.56069
-0.493887
1.987941
-1.1596465
2.801955
5.0062
-6.504725
-6.11121
-0.288508
2.99182
3.050655
-1.0694345
2.305225
-0.4146935
-2.02034
-2.408325
0.6787155
-3.26686088
-1.190045
-1.3029845
-2.6395
-0.256056
-2.735945
0.48486
1.2278325
1.85877
-0.4721705
-2.45912
-2.148185
-2.434325
-2.64806
-3.78373
-4.598865
-1.295751
-0.35359
0.2594175
-3.07126
0.3027215
2.31559
1.473495
0.0182835
-0.87911
-2.227495
-2.186714
-1.99194
-1.759485
-1.0947795
-2.50674
-0.3158065
-0.519447
0.1894595
-0.31389
-2.393785
0.7655685
-3.500935
-1.5118075
1.69122
-1.3148145
-2.9893495
-0.431302
-2.808765
-0.455344
-0.20124415
1.39359
1.029649
-1.47644255
-0.8816
0.1204135
1.2572495
-0.2524165
0.3540953
-1.28326
1.6192
-0.54793
-2.269895
-2.71091
-1.314065
-3.13466
-1.5334795
-1.766905
-1.623545
-1.3583
2.189055
-2.71924
-2.456795
0.702318
-0.621273
-1.0851745
-0.1281995
-0.6599835
1.655315
1.927774
-0.3310105
-1.345325
-2.98688
3.124955
-0.2267635
-1.84253
-2.056335
-0.2729858
-0.5140875
-3.39056
1.82728
2.968835
1.4885665
-3.00974
-3.1681
2.980215
-0.7134745
-1.0250095
-1.417765
1.6342035
-1.298535
-1.062805
-1.644443
1.813104
-0.298599
-1.031692
-0.0382415
-1.20171
-1.5865485
-0.486195
-1.3819355
-1.0609595
4.494195
1.8604535
-1.397399
-2.255835
0.106165
-0.8740725
-0.7208535
-0.2250005
-1.117075
-0.731801
-0.8205875
-0.8584515
-2.011551
-0.069809
-2.616942
0.4869945
0.8301605
-1.5472515
-0.93727315
0.3692917
0.388191
-5.14397
-3.24481
-1.4403355
0.903125
2.101815
-1.121056
2.07576
1.0740975
-0.65486
-0.7796605
-0.844929
-0.4970155
-2.214085
4.00605
-2.319645
0.191645
-0.7274984
3.066445
-2.87265
-1.735019
0.254410245
0.9940515
-0.7655865
2.24669
-2.404139
0.824557
-3.314365
-0.3154025
0.978088
-0.5859543
2.01298
-0.4448445
0.1243055
0.585152
-0.236165
0.486036
-1.052181
1.4788695
-2.262555
-0.784096
-1.881733
-1.509952
-2.6488155
-2.237875
-2.819345
-0.62546
-0.5283335
0.016765
-2.169785
-0.765358
-0.19163
-0.140298
-0.7995875
2.27311
-0.5981235
-1.915801
-1.673586
1.765602
-1.24761
-1.57493
0.4800105
-1.219726
-2.96999
-1.34548
0.17769
-1.60178
-1.595115
-2.566325
-0.485205
0.4409165
-0.9117135
-1.0173075
-0.672555445
-1.912455
2.0260125
-1.82154
1.365305
-1.052602
-0.9373745
-0.051935
0.6801865
-1.7012535
-1.2349475
-2.462938
-1.579804
-2.124525
-1.398415
-0.693236
-0.383647
0.8477545
-0.124701
1.50778
-1.093496
-1.39018
0.4292841
-0.8616805
-0.37102705
-2.46151
-0.8912545
0.2760355
-2.77765
-1.69006
-2.53902
-1.36595
-2.08142
1.464214
0.4839605
0.4278805
-0.415746
1.171555
-0.5797174
-1.97956
-2.70231
-1.910181
-4.504635
2.52107
-1.5050755
-0.613588
-0.327814
-0.0760805
2.308135
0.3010335
1.01768635
-3.26864
-1.241122
-0.95976
-0.659751
-0.9629265
0.134535
-0.7066245
-0.598985
0.501166
-2.0977345
-0.0916465
0.6825555
-0.77473405
0.8521415
-0.2685685
0.3545205
1.311486
-2.397375
-0.6741282
-0.214615
-0.12804
-0.172084
-0.9742845
2.56168
1.3349115
0.1271165
-3.86224
0.760105
-1.6996135
-4.023645
-2.76233
-1.8163653725
5.28909
3.997265
3.246585
-0.959747
1.516005
0.16486
2.15312
-0.219119
-1.9148845
-0.3339495
-2.515265
-1.426027
-0.384216
-0.3481485
2.462045
-2.03612
-1.2501
-1.3981925
-1.876995
1.441078
-2.28015
-0.552505
1.847669
-0.340787
0.607728
-0.1889439
-1.805835
-1.5578475
-1.76551
0.333813
0.540984
-1.6243455
-0.294598
1.904085
-1.81351
2.21664
2.76806
2.825095
2.788585
0.829444
-0.7950195
-4.98203
0.5153293
