H3_JulyAug_Temp_Ave_z
1.51011531110739
8.29497821871423
8.18494538300113
5.44687448623312
5.11068141140603
2.72648466926156
5.7072520214158
2.2545306812886
2.37361278431266
2.94535843297241
1.95747539357611
2.77009588783952
2.76583147256019
2.65131835202197
3.90422027548656
3.4825103443147
4.52316341420432
5.68030061522901
5.18486048676719
4.19481278694605
6.06114351577827
2.98755931862781
4.45650755055176
5.53027079082962
3.41646074669367
2.29639053185675
6.90659120939125
0.587802648576978
6.85495685460308
6.43757343413368
2.50248365984833
4.76016224160314
3.40953164001339
3.4218867886104
6.77803068055894
6.80662498142815
4.18481900674744
4.61301679624984
3.71531612234307
4.82663249701417
4.48682630099864
1.72313662162471
5.09717318115648
4.29885374529429
3.38223783779594
2.07355705947566
6.85831791613858
3.72640111535878
4.26651767436088
4.32744683130606
4.22727324393368
3.7123908742691
6.8503442413741
3.15407435243971
4.22052616534504
5.19649225765914
3.87572418287756
3.44862423389093
5.15677940348778
3.18160281619194
3.55256177729146
4.51800594490774
3.95911010346709
5.59879613714222
3.38988093176604
1.35719467152961
5.27678124300521
3.08683735268343
4.01264593463626
2.73790421591384
8.65249400665884
4.80387833512538
1.68972184362358
3.47474452375354
3.20789613051023
6.49646235258516
3.81016567308754
5.09829492999837
1.57129050707152
2.62224447087104
3.12578892967278
3.68910623580512
6.68223778521189
2.84701134184331
2.26411828598573
6.38683521874702
2.71973726643954
4.51283159437992
3.73541178662103
7.42968236109141
1.9335803821096
2.63619374371168
4.44573446845519
4.20749669883188
5.6864420686545
1.03011566880491
4.01062333370021
4.40868955565751
2.18793083663329
3.05153225273008
5.27047442923912
5.34685057806574
3.66306630212175
4.11369585979868
1.49696388526456
6.90912826537317
4.82569631786997
3.2468139970057
2.75206746779423
4.426370409114
4.245455113168
2.62425324646546
5.90650599430928
1.92666209060816
3.98075120473018
2.65955256624898
4.18095719225384
4.64703122595483
2.05149342559294
2.9269742064205
3.0030839188688
3.45517619291155
3.75044642493708
2.35496370025723
3.40168197937543
1.4514941054527
2.41828958170599
3.35338401043655
2.02636126777648
1.903687520914
4.88702404480402
3.63801139358294
4.95353494647384
4.82914457114556
4.33044779875709
5.85120816432134
3.66357675855209
3.46966928609608
6.30109319488903
4.11233091050611
3.64222242821185
2.67677213978798
3.65274705549858
5.13581461723874
7.29502566040832
4.60150636857292
1.10128137045512
3.85394196716297
4.38638120675621
4.06598529781342
0.00216080839547293
2.04931464293094
3.8982004490857
11.2446085376501
5.17011239746649
4.77498685786103
5.85464237584122
6.5258809594691
2.63213153919082
7.94902004595819
6.96477812998164
10.2353196336802
5.88109294664744
4.76927810025031
2.37976732479656
8.31207357816845
4.3012497993584
5.94217636912849
3.18942743475727
2.77945579947115
6.56616284444212
3.66001325400045
1.84362137389596
2.84015709235762
3.29382659851281
3.76492425915842
4.31447034269983
1.7996217864512
2.82758933013835
2.37857288549928
2.45288018910579
10.2174592091894
4.95845016421664
4.08303395807782
2.98534528466553
2.62747707570327
2.17953031858601
3.91703477960764
4.1421453216351
2.89022515413368
1.18876960026111
5.60790135846654
4.47697603277166
4.88217685853076
2.24037553161186
4.02297119962801
5.22603486962262
4.72330854388328
4.05563931276155
6.85872729695401
3.05177660085657
5.7242376032761
4.90424823407106
2.76915042964995
2.38380888875365
3.12111719451155
1.55198017269173
4.42573158330041
3.00101471401632
1.99148720500623
3.9453442031818
2.78273724271778
3.33415911965482
4.34608596710681
4.30657592568414
5.90811860936731
6.66488126919258
4.1943210084789
2.35827478443192
3.36661214992436
5.28806321235029
2.1568039423469
8.30421447153858
4.89146344849073
2.62388295461639
4.73972976022124
3.51166919767618
2.37277711637407
5.47312127035055
2.88352167625083
6.04022220706646
7.20593320090262
3.52019366162419
5.81549976764981
2.41345769444732
4.48779925856383
4.4946593601596
1.91262216976041
3.1046406285679
2.35899019245255
7.71537983560883
4.27468428186024
6.61237383892161
2.02090198319259
4.13181226136131
5.45577787653528
5.35385644698714
2.38390308635707
3.77436588857366
7.67667475780633
2.41958303772414
6.08237101614815
4.29808022573157
2.83865012557879
5.44943625795422
2.50663172483649
5.3201916863458
4.96372345181294
5.68581327645966
3.71935427050208
1.62247878233725
5.57570550824335
5.26231718753101
3.11131548246633
5.88644474054414
4.26829606512741
5.6954563095228
3.02427348696555
2.63956943769714
6.24987344368978
3.29919735662827
3.1666920980192
3.12366704307467
4.99100770407132
2.96283237036982
4.66690823479655
6.26026527713715
1.23415223541091
3.72665424651915
7.3431906189018
3.3849464087045
3.7228515454601
7.92535651865351
3.30663133472256
3.07801887600099
5.4397044057239
2.59033658556386
4.69221454827293
6.69691145785758
3.44369883182813
4.88636029229835
3.021862947353
4.85120490895372
2.38924356225435
3.06464344611605
4.03465558807517
4.98165071972907
1.85018267827857
4.03984348565876
3.47027963608134
2.67420457010086
2.89683442354069
4.63465591763552
1.35280905828559
5.32570125195633
3.19763387434302
3.44036435004949
2.14389956522633
3.26889843773367
1.89905439871782
4.32808993195409
3.60543038380476
3.76114760280464
2.41563686745774
0.305546255576873
3.56466359872532
3.64232526413511
1.3393504103695
4.79191667929288
3.63628429109295
5.11565418240746
6.5814057454627
1.73349362719197
3.57753420684871
5.59079235778006
6.34311173412016
1.97523264695882
3.32039447782738
3.01911692659982
2.05690341204004
1.32963293608146
2.82063952879743
2.54315431437985
5.18053577320846
4.22923865272072
2.29529332087719
2.38409428259809
1.20976111378513
4.05538942025122
3.50738593461744
5.51454802768039
4.03825949552038
7.19656298879101
4.77329553931528
2.10581790894472
5.83368006423754
3.17754179006212
6.33055467030097
3.78581800007429
1.57332591434011
1.39295139266771
3.23375628332958
9.26536633864192
9.19538899876839
7.19089906685053
2.64618928439125
5.57020438964753
2.60406638331035
1.20117761647451
3.59168828331913
1.38171464457346
2.23408017512026
3.42033028371416
5.58472585021607
2.22556310460672
7.49196803865876
3.19272616220247
6.51708074596718
4.20421923639436
5.58982718575813
6.19521091294701
4.87159587488027
1.90459235337114
2.49088722126379
6.76216366365814
4.95720426375776
1.11230950916609
3.42542501343442
2.22690957697514
4.88022592571048
0.756671388343397
0.609870750179483
0.137849461712498
1.86817438929605
0.286004639789271
0.273843403341832
3.62524727423432
5.40550597634615
2.81522804009324
5.93546468181307
4.18487147296735
4.5204342393331
2.91363284715512
1.88484107751328
1.88787783180666
9.27290569192925
5.15929532595746
3.72278494293953
2.81217570137365
3.3678867660478
4.19234523367583
6.39145009009496
4.70506365303075
4.32552622563338
6.52668822308544
4.13557530968367
3.79037269714586
1.90964557440436
1.63140924145175
8.08321030492874
3.36860950770137
4.62872508473937
5.40378297126766
8.15219220579749
4.76550149618631
7.41512600105825
6.25109979655907
4.08573108847449
5.24314631528283
5.50793104056848
4.39392959868916
3.82224887126108
1.76804430482867
5.43005142242901
5.61389632999188
3.08031170544322
4.28093163781966
4.0930821417833
1.31016857799702
6.47980189605977
4.5399269978474
6.43483105392014
2.89652579891704
3.7967882109672
2.68869776581524
3.14874396400561
2.5049269748313
4.25698363388977
3.87270921534864
4.71116410132841
5.33643259652157
3.67608337656997
4.10613363085089
2.81195745736907
2.13603196029172
4.36031205708156
4.14142874475205
6.20907649511755
4.87212014344166
4.27258155798191
3.89906731896388
6.38224192123434
5.04672420454439
1.98836729842947
5.29474968270802
3.45041331966805
3.910594001007
10.6587324948434
2.24476381248097
4.83047920967055
6.11816383654268
3.85377684214189
11.3877173810625
10.560606124983
3.61844836813324
3.52170985967989
5.049476799533
5.32348758914483
0.720873212492851
0.723013673539878
5.38403816249653
5.07359385286071
1.22434657998083
0.678703658517957
2.86146142005108
1.11465585080809
4.72904895109621
5.51934910919562
5.20036141185802
6.73682910240032
5.27340160736562
4.00689244795522
5.14628325860933
3.82088029687165
3.42470363144682
4.29208873173313
6.13685219386607
2.77523535711995
0.468292484976758
0.862446631802604
0.350047755810708
0.148185180055448
0.359979572962718
3.41736392596134
1.81345135635041
4.56657938295943
2.10779861589902
4.86604288458093
3.17539092591606
2.40809744567023
2.96882600222845
3.06152124225912
5.19008308755246
5.68322172443841
1.46794771243807
4.48928545910742
3.71030184362573
5.88649398945538
5.37901380242082
3.74148527177469
5.31104614296996
3.9061456808733
3.49176165586143
4.91970834158941
4.78927665804888
0.654473091289713
6.70661496995353
5.75325198887145
4.32342816417359
3.85580873071831
3.96750373022185
3.14379347069603
2.58937921928898
4.15742547998074
4.56624325668974
4.66074774776314
4.33071409624303
7.76863031479032
0.305546255576873
6.36191453236849
4.10762067263516
3.67667429140862
10.7336060693147
2.33538949202048
3.64028050786142
11.2122401915242
3.48738490588691
3.47197443838223
2.51909228417284
1.87988172160291
3.86216832319116
6.03932532936145
3.0620821563571
3.71584259088059
1.04445836960902
3.76737371149863
5.95258478177056
3.06376992636682
6.05979677725902
4.22238740073321
4.74484385673633
2.7307231135404
2.3788598391509
4.64767977268447
4.62404620542382
1.81876357914249
7.58094432985639
4.65276727309339
4.50150324836901
6.31934203110362
4.04411771079042
4.72471985763158
2.55408103509745
2.88971638882115
7.11832531973654
5.69915545336876
4.41801964444235
6.09560832581087
3.5227669088458
4.56111795920413
2.34461071380893
4.52967698411183
4.28788288761026
1.76627365651952
2.80690838074278
1.92180316521871
1.5635580930146
2.79046134225578
4.96883125015083
2.58197180316615
3.93027447904546
4.87205389288565
4.03372307714433
6.23588220527679
7.13361071183112
6.39323259728466
5.56536641627994
2.72324114591084
2.87132736281975
3.89859120315188
5.91721973587971
1.90914914870565
4.85886097629066
6.40671977682565
2.2975421597903
3.50322671412584
3.38614596114722
5.11929321030121
4.19939531267516
4.35927397590682
3.00230604382683
1.58710762432067
2.72815291679788
2.07222191115152
1.51521341240228
3.50463371095777
6.00892662573162
3.19620678790375
4.65869814362515
3.51087234707019
3.63212046493751
4.25929337450204
4.68495011801396
4.57260812685882
2.00541923872265
4.34340725793463
2.64039666083583
3.50138255928158
4.29174130391532
3.79390953462869
3.72637579366862
3.19661455218991
5.20123468743787
5.39366679238219
3.04075630098935
2.74540612519344
4.23157552164692
4.38178883273366
6.62875717267227
2.86199887526373
1.94162294370547
3.58963328043052
2.97405153924708
1.99089324447172
1.76054662327665
2.27694415869207
0.899248527169286
8.87298639655451
3.44480221309534
7.51559197781621
1.63290600151855
6.92065013852197
2.70738461464001
0.465192004845983
4.51877230638917
5.54655354758903
5.27580027294601
3.30835641027612
3.5552418228226
6.56790531001674
8.16221902007662
5.36911382280094
6.4268472371045
6.26281770220086
7.49092003742992
4.18928732488888
3.37600145370881
3.34599260649042
3.99034034567481
2.55161866580446
3.85685098200512
3.60461529291532
2.08614507975993
5.44829128997607
6.08330269118278
7.06299292031956
3.47272857766922
3.2172457701214
1.37375854539077
4.92592226280053
4.28517893434825
3.57092299808644
3.7133002977049
1.61653945098621
3.64127798202917
4.47248886584691
1.34674631474419
4.36542830634986
4.46963652937825
10.7299102199405
2.50093726684936
4.19266832603207
3.75516405667595
6.50142102417769
2.62466230780205
2.3484162847283
4.6402174558071
7.45071741841658
5.44263879829406
5.23655624377058
5.69130311227509
5.94735257656474
4.40676335991027
1.69970176598845
3.44345072374976
4.08923380153849
2.87159628833216
6.04323771638042
6.51995695316613
4.4111985837801
6.17668576245681
3.80319571850946
1.90401182276845
3.17977032905277
3.92701905279967
4.06733736214673
3.71878542097171
3.65216311952213
3.54362068733433
1.81852569350221
5.17475607919873
1.97708315239053
5.49069195711561
4.58473519215312
5.18831581670788
4.78919030489664
2.41112403141624
4.83850142532957
3.9215543622056
4.2244706748735
2.11102742465315
2.90694086437372
3.41689122776768
6.30524614909448
6.95577094787632
4.98416527042621
5.84112408716039
3.10602310980958
4.11884307849249
2.35166065178078
5.37994434007321
9.31463042934759
3.76769622110609
4.72947693480718
6.7374268959962
7.04532254464241
8.42723446478005
3.69500766525885
1.41024557517072
7.63030296983316
3.00901668970019
3.14956759174168
3.02618358673468
4.93776617925374
6.50130899860266
6.03478192665201
0.305546255576873
4.54598873741384
6.37816533521908
5.420828056138
5.49398992347335
3.02255734320114
0.305546255576873
5.62064391404757
4.59399213102873
3.27768437177222
3.09398102212397
7.30082020404885
3.10143285650167
7.27795735385504
6.31564194260521
2.28123516548116
3.38764105923308
4.23732629322688
5.2437011532764
9.5628533086411
7.53119507989257
2.21338726519485
5.00929797907614
4.58492487400247
4.94389020628359
3.50378860944418
3.13926946878409
3.11610808409511
1.83792336815109
4.71120710263634
2.71335115405327
5.6139347933731
4.44358055478632
3.18412267532485
3.25969064191986
4.9150772398783
5.15063725725761
3.00214324964516
4.91439979338415
3.09826212595029
5.04128635096719
0.589157631784761
2.99695175617823
0.360359881140512
0.400819942766964
1.13706979712186
2.9879309514068
5.38165573352143
0.305546255576873
4.41583781135882
4.61877046079802
5.90083382826926
3.32329112726906
3.96894216943963
4.01562935141459
2.94238523414935
1.67499088788223
4.7652816401833
3.35960481282191
2.34329883782343
3.80786275530705
11.3058228624038
7.17149093316387
7.47261787459341
3.56660757269677
6.04406220074272
5.52907319689928
4.37222552493652
2.9250832632441
3.18833668979733
3.13864319691451
4.58784912285898
2.09121947111891
4.72375247493994
5.06426254709449
3.02269459168565
5.44440642560842
2.84790557004712
2.34945564240895
6.2847608743805
3.2555800562305
2.80952907640375
2.45046662228908
5.35399025275976
2.56552195470374
3.82822812572428
3.90290990184797
3.35667061765073
2.5210164315008
2.18195602967716
3.75490589030615
3.23559915324084
2.34908174770852
6.33429620847491
6.74673687063154
3.47223485666905
7.27945269597707
2.57676671536231
6.49961778858408
3.14827322706168
5.48563373628688
2.9526931975559
1.86701212432029
2.73467947506688
2.94875955605874
3.65778133820943
2.22849484907453
4.470222639436
5.86956486929935
2.94687703818797
4.59626911042995
3.17027967355844
2.43032678777328
1.51014917176013
2.73853316716928
2.37114059500766
3.40109604825197
5.0582009839056
5.84034936001773
1.67322822672242
4.77641566411909
4.24971186726193
2.7463839171191
5.93822621124864
2.52963518149025
5.99021685006968
4.02415719901355
4.0140074300222
2.37733910295709
3.88871193291563
2.45973159848882
1.93937250816188
5.24512379925357
3.05126521003971
4.05883619843002
5.82809762573953
2.75634574509597
9.08774313228975
3.7711976329768
4.16431950522764
5.32446185718567
8.50310423812189
4.4859218615184
2.51258984492017
4.85036304750651
2.49869568029048
3.97528473436358
3.9195733560513
3.00421551515
9.43062451998542
6.40299891452412
2.57995936720866
6.38169755788163
3.65124363276898
4.26492404471167
5.17855104755315
4.20286668698272
4.34813121709471
4.12524208107083
3.16914428881101
5.32992677083327
4.33787967668052
5.20056642364425
7.63232786008504
4.50961171993527
7.42281629119275
4.61230578954168
6.52714236587568
5.95075434838609
2.2767775046217
1.57104333890168
2.03003980437531
3.14913490399674
3.71824568496854
5.76085710109798
2.36489682660458
1.41904362811897
8.96287176085944
2.26048982918324
1.55724475181912
1.37947749604641
4.83483941315542
2.91952243257556
4.31878655608184
1.35185872929033
2.10107809425685
3.03112173229546
10.0591214349239
4.70372777005772
8.44451036319897
4.11082769553571
4.20672900902332
1.10458576020775
2.97207246957136
7.04077180852652
3.14469072536367
4.01438566473334
1.4676383889853
3.35220854000121
3.15855291165904
4.63537743678424
1.72220271555333
4.37565712366885
3.01937054379895
3.40679688012163
5.57010507310015
5.45774261194616
3.33383388043965
1.21640162409358
2.68366566157215
1.51425777911802
4.11667759898376
3.51885709981073
5.5983932361801
4.86039385634373
4.90076090547774
2.04387827850162
3.12999139162287
4.5873105791655
3.688278025248
0.727449556737646
5.01009661711495
4.18475014360701
6.13096557297255
1.69745301331854
5.306499340667
4.72821403859695
6.11408349747907
2.41008265191394
3.21322501509254
4.32690606305673
3.63937354383056
4.62305227004317
6.74675688432256
2.60583084942383
3.15781607675628
2.29719994550345
5.16092782098056
2.54923275159925
3.8738321029971
2.50989506534227
5.68354898888261
2.71333063858877
3.27846148824749
4.99188904085529
1.86859191072635
4.63158011498878
2.55909949098598
5.09489614091813
2.90994352257635
4.68420991162328
3.23130391515825
4.04212097073027
2.26740755983025
3.83039964337206
5.34004769145232
2.61943512166074
3.45600035606879
4.35677539323207
1.64988849023173
4.16780355376722
3.66124211022526
5.97545079429663
5.96249135178609
6.16872492014428
2.3162327909263
2.46184874668802
0.305546255576873
5.25723623310157
4.52753473179179
4.13492615357578
4.80732376221553
4.95127550610998
2.50429925857617
2.38071098564009
2.67480066930774
4.40223570419149
6.02257380159995
5.90037840340754
3.86244945135195
2.03783953242685
4.29139454636097
3.66671340073463
5.62793180223926
2.52206517408647
5.14717111058584
3.95601269176635
5.03958254393091
3.91354957645853
5.28337157507525
2.0428199759266
4.47230545849646
2.89448789854805
6.43124241489492
4.0516547589874
3.33119683072018
4.90844849048745
2.99700239434895
1.34234822451163
2.99626787740102
4.60659590315487
3.85530418665025
4.85057692010111
3.91448858761886
6.58741438102513
4.54600097261257
2.25108091503701
3.70696575375801
4.88076276350247
4.24155911146671
4.97816381228
2.99246755695146
4.79204594756375
5.5067446856552
4.99583280877554
3.67863201555072
2.95703177032742
3.51418188438329
2.6762222397547
4.71641477062845
6.08750289378506
2.14595038353612
3.84130062494838
6.57618736456306
4.99975842906058
4.50440314267442
2.91492674549216
3.35055858790603
6.42555502407613
4.27426942206664
3.47958618980951
3.5029783251154
3.18301689342886
4.76128448171363
2.77295498958969
3.39422402427741
2.42430267606019
3.33977519336198
2.03981523125013
2.15025407679929
4.21210686497504
3.45784755431271
3.97630143192
2.47406317217523
5.05213339341096
3.97615837055415
2.12133888487457
3.57499727704041
4.97823048205554
6.88644480975536
5.470351230076
1.23203234956207
2.89890704333426
4.38731165069491
4.40696867747287
5.45483413112503
4.37387450240422
2.34952559174388
4.65753372629235
3.97947431001614
4.17694498071098
3.25916814922784
3.55570736000092
6.1006316557304
6.14345149828227
5.66693034270693
2.8218377467439
3.99089104068529
4.5166891300802
3.15623333147478
2.02774719926226
5.18896112264328
5.5661190705929
3.67670087432801
2.32932570072935
2.14339960579569
2.71278127248634
4.59213512704362
4.02898260677566
5.56411207142058
6.5010622833754
8.97357345012689
3.98608218332704
5.31587788802157
3.13276032764016
6.75099875052326
5.39279479419479
5.39063246995568
3.47000564876469
1.76090089326303
4.13597299453806
4.30540260173164
3.86915169171875
4.36471860539156
3.54284166182633
6.30037560350612
4.47170516184659
3.28661701032595
5.61082206996627
4.33830558657768
3.94798730957573
4.72760709488522
3.80956989311725
4.80737812201256
4.61176698167781
5.60462359465863
3.1877250464695
4.96289961306419
4.22461065379769
5.36846068538633
3.58327540325665
4.90574749079622
4.0401169546452
2.96502815861673
2.46400273923135
1.52501257784711
5.17623074883531
2.46015244832502
5.03919686798397
4.00067871779563
3.49037452563023
1.62699572245248
2.60923224974414
7.16665899724889
6.90185695500811
5.92437601088724
4.73479914754745
1.4347477961568
4.55900667016426
6.80886815951938
2.58765669356186
2.96906880782404
2.59902215480227
5.12691841540939
2.64920194097862
3.15128852513702
2.18316318294131
7.0932444971189
6.60432827496646
4.44907951853576
4.98241502247843
2.34170963782991
3.66041233420396
0.305546255576873
5.01292197460607
6.45639359313946
4.73596620185725
4.31630920069629
8.50673462445692
5.933865650761
7.66167317747889
6.04109525651565
4.08656583940825
4.88786485572564
2.06766707499255
4.54277276841009
2.65044758547005
6.95893927403569
6.15652642700401
3.20097510807755
3.43703818605021
3.58548511665892
3.66273489689872
3.04345400409321
5.11470582459461
1.85664104484534
4.26794341303383
3.5290602904177
5.78565037451355
3.08024687142873
4.97882870225994
4.76237117064925
5.05896247644217
3.77124171053562
3.96694224798492
1.75197311022057
4.68410445845128
4.74190887061982
5.84077896363077
3.29777081213871
6.44760881935482
5.29123562365873
1.10591581928349
3.59516059620547
2.46327428395757
5.98469420810415
2.25200605954223
7.81437933836544
4.69427318048067
5.32263743865891
6.13213795086579
4.52587937550172
7.72358298950264
5.11898451008689
6.20252093751704
6.36916015508879
2.32685605831107
3.76567760875626
8.9411903121969
4.97700787455857
1.78774386351834
4.29315420534191
6.84464443594054
3.15457019567907
2.30769652426685
2.54346713354219
6.55925917690264
4.2871037920678
4.64690889906867
2.67681802801892
4.68219010538838
7.03184334134345
5.50514824088673
2.47866251893059
3.66735891314843
3.11345307220122
4.16636742308653
3.36774263495535
3.61161390855789
5.69053876336704
1.44123496134793
8.15521348798536
1.54517476201031
3.52404310399226
2.3487884969256
7.08807731762201
6.69335199045025
3.78812254670982
1.11236089785253
6.14998471978903
6.32711209178169
5.73428582266551
3.93800514952556
2.73538936407806
1.89049508268819
5.67367461236863
4.4671304595092
5.03509316628121
6.54126567880382
4.77692863455746
6.4969990302521
3.329017537028
1.55768139705456
2.45913363294498
4.18208128791774
4.35644422730326
3.76844765454677
5.4358465736906
3.9039115447331
0.727198971023473
5.42401475958439
1.99548727013379
4.90895806838536
2.96154632647708
8.33030038443085
4.08595224961994
5.85368119007755
5.83127678545069
3.44671011556605
4.04561689570614
3.61249207846695
2.54089839080879
2.26491982870732
1.68381535635034
3.82016880359731
2.98096789751372
9.07095932283559
5.84062910484386
1.49039585175143
3.34285201586573
3.16270888143994
3.36808400242843
6.11081158669467
1.86196430124886
5.67378166351118
4.21505176592354
4.11365082677635
6.17549579988066
2.82549083007148
4.75165610222333
2.9205509761714
4.1627952143717
3.58269486307687
2.54034674624314
3.77968844010554
6.02988087622248
3.28509245101978
3.96537111218057
3.91193565043268
5.56211995937945
6.4739374158587
4.01068950913975
1.8237005995811
3.66302235158572
1.99551528267838
6.14141268316761
4.30928365872045
3.96686975948743
1.41249307107801
4.68415397258731
3.52390602755402
3.85690253781501
3.75354673929807
9.36946798611461
2.11737196307111
2.03788650279193
4.30497155967054
4.6631130880575
3.4814133679999
6.24835236131027
2.28967443531362
3.20767592877354
3.91297034862743
5.67650236541636
3.32966369812414
3.3973214200503
2.85763010758266
4.23051913713566
8.05164362292122
4.02077861086141
5.91786042715152
2.61138109632895
4.2946808012517
4.36767596696889
3.09035711259558
3.25242587916262
1.58929057602993
3.31066339966144
2.58499409882365
5.08680489728665
1.49800679658963
7.33135859730508
7.23532822503474
5.16786934591781
6.9491891516563
3.78101848371413
3.38825579563734
5.6835301364842
4.80992106973605
3.75868029653533
4.4233211054201
3.51557168614854
2.95055301670102
1.89963088509689
2.57416002628481
3.60215645764099
3.39074061807168
8.79378256445746
4.09595969099357
1.75408904984198
9.32295182309272
2.82713755268408
3.82654167754417
3.93876681473827
5.29126564880245
3.52890493722439
2.84962552900417
0.954631323603819
3.98397610368905
3.96800172903552
2.70056581518737
2.03719833024216
5.25185834615682
4.26201608505385
7.3438462535099
3.97374801598106
3.11098590857647
3.15159598798585
5.55826310786988
2.58245244764408
4.81208333235702
2.14885895666129
4.75224686124885
3.25379695454841
5.06651622090018
3.75310396825028
3.89769287049098
2.34589771427168
4.86471274590338
4.34745722531553
3.60540379957003
2.85855755550371
4.19705647004371
3.51820166534712
4.17629593054492
4.32125484368506
4.3121731837349
4.36791007921807
2.64787167985454
4.38528818992601
7.6712735522464
3.7259127392912
1.68609391563125
6.31343047682335
2.92286050747827
4.75276721309711
2.63895541450306
3.09047026762072
4.45144112290023
5.0058507888193
3.06984106574562
2.91915211100268
4.41622898845605
3.99495515664109
4.92031311157934
5.33106697426785
6.22396085801086
2.7747628327427
1.9783890413766
3.97913240577367
4.65361147183023
4.5358641101741
2.66854547197966
2.22240164041729
3.98860068746913
5.64180810800451
3.70585759076418
5.98316193979413
3.9530115979929
3.1567809679937
6.70236764946788
6.69205799709424
2.51695588269994
6.5444886053236
3.35024702273543
2.56550726869624
3.58818231836838
2.77959558158692
2.92849116045574
4.860578465401
6.43536426145304
2.60672886203657
3.35884263778534
3.89728555626244
5.62372209585817
2.14677528579939
3.68103655204839
4.67785711871771
5.44914645275214
1.37452030534899
8.99181414382181
5.17748943277629
2.17899609757488
3.49633957138815
4.64429214772918
4.21441906196325
2.20462711021911
5.30212739502934
4.81545729418993
4.03268837274999
3.6751940496191
2.49512350904644
8.12148681054926
3.79957941608428
5.10514481720233
4.1805069375966
1.09231899203642
4.13532032531305
2.5262995561362
4.85109962588418
2.15196668534613
4.92074383369173
5.52749509110733
4.54932410312338
3.28446737830228
4.4649005491926
4.42863302582754
8.12209612067215
1.62333199813695
4.17650366839461
2.33329870979743
4.28122061701135
3.39213161114361
4.63532487333683
2.56166269783366
4.08008993965068
4.40050781891835
2.63611396542955
8.03940398480907
3.96394742613816
4.1838321239229
3.17564611233654
2.08161501676517
4.96532627579058
2.9904676201981
3.45452540501523
2.72501364107196
4.46168925298427
4.32400187200657
7.73927242066586
5.98154166475624
2.09261446823179
3.44527144852771
5.50387386262601
2.46507033653157
4.67890121500554
2.19651250580186
2.76980066052633
8.9804381146907
6.51874983593487
1.58726535694379
5.16394560001317
3.98237447846659
4.99160459775069
4.13348720238763
2.61614594517162
3.35776558717698
6.5152453999924
4.72480544289686
7.39246084040731
3.83583910235879
2.73282154082332
0.988748157333283
3.02451195783124
2.07244533974806
5.80707588819607
4.15598995435207
5.0380106670373
4.98543723214638
6.85153942149699
2.329033730173
2.33991640932806
4.4749504284823
2.18470766739924
1.85113129311363
3.13497557838193
4.58463489299717
3.72596463535558
3.72736768118988
4.57344010024924
7.20008026325131
8.85630209532044
7.31697410554713
1.02199982439869
5.17341872837199
4.36756656040563
1.51668219910482
3.46605025180233
7.43971898956731
9.74770402931268
4.42128321034389
6.46620820060653
3.25365707282497
3.37340872449049
1.97840386870887
3.48331729811137
10.1627963679358
5.03226574146737
5.05616637819179
5.40558982389146
3.73514516032903
7.95881915898497
1.78944613122122
3.2007269680298
4.30387151076703
5.39068379052175
5.84156140387431
4.06287902886832
4.01617055876168
3.59037633779346
3.83844052334314
4.48867448453291
4.56545442616661
5.59759725814781
5.53069846612954
6.67706143811594
1.85077793039106
4.01777866890512
3.84265853651415
7.73216616003917
3.32255625264836
4.70551761583329
6.58964790127524
3.74684091732151
1.51861176780817
1.48966700982669
2.04829141296261
3.80389778265696
7.77719079885198
2.70600836413016
1.62727106469781
4.98539031915067
3.32070974367008
7.87078050022109
2.41373107951874
3.09380007468094
2.43664744747805
2.84378063065258
4.24429541778147
4.50683476697691
3.78158034242154
4.98652413429526
3.94553203557403
2.47343245253693
3.2492653333219
2.62432463165187
5.69358382538455
4.44883177172434
6.34979863953772
7.10937056247143
5.4403777469472
1.77050025737796
3.34035908946155
5.3229767263593
6.68593790148485
5.00251062668181
6.21511047417252
3.40233204608996
5.01788910444894
3.24417668974948
9.18823905345571
2.53500985598602
2.82375474809523
4.88060432702631
3.98181189476545
5.34968245443458
2.91824589652084
3.4795192824344
3.55549628802574
3.13024961509831
2.51840133742189
6.89724015206787
5.21341417034013
6.53130129448563
4.93085406343088
3.25096397015038
2.44649076646746
3.67831571499477
7.01307656945418
1.68332148681625
3.15211055553396
6.07972054768177
5.30960957033309
2.6326833822913
5.06153007929458
2.46370758964478
2.3928912392529
3.62271962822882
3.02957957248821
3.9525668077824
6.42475375338866
2.94348259015633
4.53843657186348
4.37642216815241
3.62597124175831
2.48835634867683
4.25756083735493
2.87487075833458
5.211095775572
3.83063264657206
5.69041108779235
1.82617266184154
1.8836876041249
4.76164540681728
5.0308872853902
4.21722134460811
5.89818045541761
3.71882929695376
1.34415415256498
4.1721174201334
7.49860411356229
2.73044491292718
4.65524491855286
1.14704768186289
2.28135296305574
7.63702567568878
1.68934818275955
2.87339067559998
2.96494742052603
2.64262575742223
2.33597222072716
3.86184503811983
2.50533975615217
3.00368226231837
2.34479729154883
1.97343176357394
0.287972869497748
7.86896259201144
4.08093531977599
3.5618020427942
3.35696781365112
2.8581604704805
3.26760843788113
4.3019112594573
6.05687588162893
5.25486834973624
5.27068858675207
6.09372742176479
3.68607671419121
4.01666204896218
3.84924462378161
2.64026666732866
9.41075174300805
9.66446438673093
2.28048817320744
2.82280000105343
3.69185980031666
4.08200744818131
5.32949756923936
3.08307082122261
4.17875040165996
5.30471474398273
2.65047090147849
5.46002096586406
5.11258551646557
6.70176416884573
3.91190888688558
5.87472811547483
3.26182382036875
2.60516038870269
2.00890273912485
2.10473647596248
6.57606375310183
10.3964087336198
8.11576862886545
3.10748230219601
2.72995323935454
4.22897475544404
5.59721600624442
3.60531501382103
1.99387019902615
2.67968508064398
4.19558318437463
2.9455530885704
4.76190123433828
3.15027105967881
1.85560022904022
3.21934508174863
6.01820975656907
3.86532506271168
4.31736417322172
0.453573671762679
5.66274352963489
8.38623813223676
3.57134180480702
3.48692386130318
1.95881526954039
0.748980037117657
4.18994635658998
0.305546255576873
4.59184671621291
1.02019189419491
1.52798470697484
2.40925566877649
5.18758787683182
3.54860084575017
6.1561889332098
6.74990519619614
4.17572658283929
4.5978348756047
2.16687179760688
2.95021245825696
3.93627733865744
1.199512700112
3.95651915188183
4.15357617722689
3.74841810688682
2.15181998724316
3.55013326122604
2.04979711938767
4.72991315508968
5.50954620409484
3.66713559383762
2.89032889028385
4.30894952775898
2.32950588846573
5.26285695714453
7.40521236800778
5.97248798719253
4.07001680212578
2.91732015989036
2.11738069760614
4.97063011621492
3.24875282523921
2.68008677671823
2.9734984711194
2.45259626081221
2.28073067918867
4.82423980781766
4.50223323557474
2.81603408910973
5.18615960044442
3.54239058456716
8.65500621866804
4.3286891918124
5.13695142462459
1.82392634747526
5.78460818193942
7.5932989986968
3.19925180909014
3.65027916916016
3.46444449670938
5.7807970448451
4.44363730298582
4.69833225253003
1.5138691162819
2.39624693991824
1.67805581017513
4.38444391497943
5.89864152998997
5.5507782714104
3.56971693644757
3.78789462093563
4.26392719985759
7.07068676106237
3.35323237349653
7.51098967219126
4.34559616445155
7.54601294701126
6.15928982908393
2.21465355478522
3.64496261575133
6.92099652797328
5.24288822493442
3.39315280397464
4.24805399597983
2.60673181509205
3.1026502546266
3.63790899522453
5.44400785723523
4.16717647944384
4.60498831610739
5.04816541025544
3.11780131618814
4.69937902731299
4.11562522833082
4.94481837032632
2.25306205618716
3.69980059784825
5.49092687116406
6.01977428585532
2.88335210574302
4.45023757404191
1.93993574044932
2.24703232076245
3.54840268272412
3.42479157874055
3.81575572777929
6.85360358623216
4.18488395666245
7.15532098312658
2.76810787768427
3.26785047132198
3.14269821541171
3.85166977856957
4.29282106133538
3.14741610927711
2.22997667520208
3.96613504661695
5.69858047035338
3.45694829881394
3.9407197540919
5.38095221202303
3.12687330825353
3.48457114484393
3.64091730067152
3.01258795290106
0.305546255576873
4.45192053503965
3.8216371839448
2.12341592819264
6.02852332400795
3.29058845554546
4.24025440445067
4.23196424120395
3.27030768624833
3.03050840368703
4.53501830973863
3.9512969573471
2.13063196786283
7.64848704400805
3.45581910413948
4.93958303123702
4.1887261411896
1.7477571013384
8.94187381870239
2.59951475250858
2.87790416083599
3.97634989102612
3.1393627006712
2.61626046024684
2.49779625341979
2.51794022640383
2.37866124984562
2.85311058674029
4.86523208251009
6.62451818879948
4.20575079473556
4.95164241067256
3.53931760609664
0.305546255576873
2.15224764498909
0.305546255576873
3.36207604077023
1.21374744533722
3.13584452854372
1.74185257724694
2.84274682592663
1.69706551349216
3.37568501234908
3.8245508458056
3.67149705760514
2.51985776921319
2.8819286016367
2.87499541357489
3.43791862256459
2.90916473099978
4.71413338674545
6.59997804303186
2.65324486218379
6.07169540317519
3.35088117995041
7.51654076075171
4.40284601607398
6.0404883027593
3.79651396054152
5.78603995381487
5.87659365455286
7.39380952098348
4.45950526735531
3.23204396627021
2.58594193137452
1.56037709077072
2.35759305671203
2.05823623073351
8.15409847268227
8.70705062345783
2.34268616259333
1.81852052770449
4.12861022623001
6.80751618600072
2.06905108407923
3.35072909847785
3.96320337585998
5.07253543849293
9.89377902379053
9.38890613181061
4.63922179869096
5.99887276229196
7.02265673331394
7.09905445629423
2.64092800903935
8.0732419385327
2.34408238387734
4.70334338233388
2.75227628838428
2.96515303124301
2.32836629030595
3.45376058035907
8.97246854961802
5.29144389410382
5.56293671231022
4.61177136201792
0.305546255576873
3.95800479096733
1.91657046992512
4.08608437609767
5.23796754291225
4.87927210970674
5.06370624965561
6.27335924099144
2.25705221404288
5.27995628470968
2.9253620886832
4.75204267948286
1.89406192179209
3.87816120908623
3.74259240231241
1.07931833418042
3.0606686292909
6.05654300044864
2.68349379416292
2.52683139126658
2.25738186497869
3.63119446472999
4.05639404848579
2.4276182768942
2.24019122879144
4.35922597207329
4.58184096953844
4.63240618207772
3.08196144498537
4.99575456969729
0.305546255576873
2.74859957935855
7.26483687497675
5.2394642646375
5.66090851641789
2.18318650989743
1.24463711488754
1.24779415760495
3.3438231627257
5.02199217452268
3.82937167299134
3.64595468922076
3.85463830796831
5.32175110889592
3.99288759187034
8.39912688576079
3.32150408344096
5.09185043427533
3.55469556012154
5.19884308228376
1.71894700008852
5.59532320748482
4.98890369932471
3.26176297296183
2.70294606622765
4.07361921021847
5.13866074777708
5.64797683527271
5.59480354094053
3.0341631765031
4.00738226104943
3.1072965257319
2.49589675904874
3.48308573192134
2.99988076749098
4.23851612965584
2.25047014663811
4.35009948165487
2.74819224833399
5.65894080519464
3.80603300925521
3.26129258875195
3.32604523361438
3.41900649322279
2.65908638301157
5.19468851123948
5.32711009318731
3.82349699323515
4.52234627386334
5.19003228437485
2.41028588695251
5.51034430620316
3.38902789926648
4.29107860292586
4.72906305632073
3.4538030031425
2.87278957848657
5.39131115141885
3.01555247527096
3.4026878079885
3.23059459252009
1.46824884194161
2.59785473196458
3.60033042298644
5.21491912130756
2.61431751064315
1.35680190067741
2.90196755131062
4.29097045700511
0.408869048696165
3.86319145396002
6.86223843295958
3.17056590716728
6.06285744641276
4.94592588215511
4.30122173873712
3.30978249732312
1.71998357024108
3.99609390450837
2.39323271507835
6.1299075649798
3.69763191759123
4.95864777307539
2.93723864892818
3.38122928338317
4.88477480857597
5.8156169033628
5.70824854300999
2.73273407657686
2.45407553000218
3.31229762533791
1.49302297329411
3.0521136268498
2.04312332518521
3.6053219196436
3.73961347739893
3.48751400306485
4.12517087932748
4.50589071950511
2.5736798191762
4.90651811327941
4.15504867407103
4.04910068765575
2.09056748829692
4.98554541112596
9.17315642411456
2.69146906294406
4.34227028086791
2.15749552956968
3.59441305295168
1.22260638251278
2.94482962591118
8.38416105738559
4.4691524197292
1.82882762049996
0.997824190683138
3.23479214038512
4.45603450781605
4.03634943220871
4.35982529040154
2.5072258257618
5.81883062545049
3.54259939465577
2.43679303785742
3.39067238587426
3.02816211061149
4.07819094645015
4.86136614308656
2.30138980388212
5.09393139749565
4.89812952811712
4.24606763209863
3.71372846961998
1.76499596351678
2.48628324584577
2.00616909296884
5.83031162868146
3.99399920119848
1.46462632820843
5.79366442180091
4.35600159438715
4.13544909652604
4.18875972510949
1.92193613911825
3.3645671845495
4.72823225694622
1.65943199597377
3.07687841588522
2.85670232662146
2.5328462833416
2.59903802592651
4.47410332201343
6.89908590885084
2.66065355323454
6.2128531400105
3.88524531021004
3.0187633382
4.09181660690403
1.42180167341029
2.70945004143231
3.14063259994748
1.65402448066537
5.54652811546661
5.96661428037335
3.45823002727146
3.33313670055324
4.74505626985319
3.23365571356684
2.38496288665341
2.34619262377419
6.09973235857654
4.56371280547193
4.57821324379718
4.52984209084303
2.83196062187644
1.97576566910963
1.94545247897945
4.00685042555129
6.07024507357628
5.07788256386162
4.07573710502171
2.77330432534007
4.29967287858301
4.07556540878392
1.79876438768452
4.57287568531265
2.14886625545646
4.32966279568978
2.8965965352605
2.37694758551477
2.91454318055297
3.56574133654003
6.9735851348797
7.66174872960021
3.9865831085814
2.70008976887162
12.7914745193487
3.76475258283885
5.01763547401649
1.74075641245749
3.12143375686896
4.47031122725777
4.13452662217182
3.05883825144741
4.74898489848669
4.64990998795804
5.82570023512191
4.23252083775074
3.60773797293665
3.14451815918924
3.62592646778763
3.98917282997811
1.86987791906792
2.52813819099536
3.8485544483562
2.72602883738581
3.8961413186463
2.33324732520901
5.26802232357256
5.6335559661432
3.85315559879272
1.85474821165967
1.64163630782164
9.24875312656287
4.39603013974051
3.31467031886559
3.98185794746046
4.81670225754682
3.38540063078268
6.40611447463569
5.86695025442397
4.87932521838091
6.4649629341785
5.17294484980457
3.92550877513836
4.36510482641134
6.01575962497698
4.89145998900022
4.28171898954803
4.89249449393757
4.46593323184005
4.91868533152037
1.83949050036376
4.40493186290897
5.15829526922294
2.4887656865609
2.15525389372378
4.52908889468848
4.40153533514252
4.10865557914443
3.27225396348645
2.97237264641975
6.83313041349163
2.40146780405416
3.65385239183981
3.46033349994059
1.97401208203686
2.13651349575061
1.74797804026062
4.16993626279068
2.02282024704281
3.97667185194287
6.07381026080937
1.08623463597107
2.8330985973122
3.60542043525711
2.93607662118094
3.96268031748095
5.71026963368091
2.17496135931505
6.52853165160279
3.653994325271
3.91998782216698
2.43873154068547
4.68943958064208
4.00142453861865
4.26778419113444
4.28562713062853
2.6008577778873
3.62919923216007
4.51712260454591
4.90289210863745
2.83847249203198
4.02106807735254
3.67944624338544
2.71514179291563
2.83664341762308
6.32635514737859
6.46295832640581
1.33038235013036
1.23394980817737
1.5485286777483
1.83821240751948
0.726244214993535
2.11418454172501
3.00028933292766
2.37873800875694
0.949518451155241
3.61248817948589
3.50437198656086
4.42231329970913
4.32418550323891
7.80357835472352
5.23236887824848
8.28213571436893
8.73439469393591
5.20994805771473
8.02715771244022
4.39789988418653
3.40689476485808
3.57145924918869
4.82344557298435
5.82517759798618
2.1719846694825
4.31558151202072
5.50992894080493
4.66202134050073
4.86261968672769
6.53904513014581
4.96901149950795
3.44264763132576
6.82904798781551
4.20977204692152
2.68205428146717
4.56466161252376
4.42225557661332
3.66826608837486
2.82327717240724
6.81178725286373
6.11542197465135
3.33778330908204
4.85824092414777
0.570505431791145
2.3638857421055
6.13385522616146
5.34443271837835
3.39439678179954
5.65589930158072
1.72909469644652
2.79813311831328
4.32691743991209
3.50425455644974
2.78774517175916
5.99234311601857
2.94548825685648
2.05306748102023
2.22894448979306
2.84348389358295
4.21216036069053
2.87911696838485
3.59792792245797
3.82159213549743
1.77466234074059
3.99709618926607
0.842286621376759
0.49034658173858
1.30801986261693
4.37285749291638
2.20513965359241
2.88070624225814
2.28575833283246
4.94662112376188
3.82440039842236
7.1765915772642
3.2310891536481
8.69673163440922
3.73917904111814
6.75658755353899
3.68551697548632
3.10817756329989
1.87247232474618
1.79850258509918
3.13108731541411
6.15039908450927
4.40755184452979
3.04926513287679
6.27811266437601
4.17287713323033
4.24899953214308
3.43289827403727
2.32560079690371
4.3004685990812
3.45429426215797
2.15969170240683
5.44424730630413
7.43700769816342
3.4901282058031
7.86088124346312
6.49613104028561
4.95118156975193
1.92313737346431
7.06623418276855
3.89744799264191
2.20753092193264
4.45559007069208
5.08618507997692
2.17656856773608
5.33164753102378
3.40088344786927
3.19301034489368
4.81648375642679
5.77140614482516
2.51807884880871
2.25982564330024
7.31756335913722
3.6419395603115
4.23997789240271
2.68852750879959
3.90697010708915
5.52785978754806
7.6583657918641
6.11089598692968
5.10532021896361
2.76260689195949
4.88455672433493
9.82971012293453
4.46175877141318
3.37300828386795
2.39425387638857
4.84158654155534
5.36401616954427
7.03531349216905
1.51588066655691
4.45552281368953
3.75409006032305
2.81661249602381
2.48799920277903
5.28317784121287
5.07152490631489
5.14640496159497
3.9326717041064
5.3290526989657
4.05689255411035
5.51899734243299
3.06517830427481
1.7848036517868
3.25038486804226
4.49687571226756
3.12881802957302
3.50761267004704
5.8543826284312
7.05595213429898
4.6340523170204
4.11600607420709
1.42093900929079
6.46211901462677
2.78093239638046
5.85780036740496
4.17311127037478
3.41532481307968
2.33673939350503
5.11707702933732
2.98201258234266
1.983530329773
3.27663886774211
7.45479443218378
5.40467827463783
2.03885974611416
6.41757502900404
3.82713772930093
3.12098302424519
2.70827662912601
4.54476235085571
1.54237750664982
3.85261798889105
2.39620764109477
9.43505290917189
3.37598497564245
3.71314688686203
1.50977708128434
3.00030735400785
8.68638093921399
2.82337127627094
2.65687707617816
4.89265960128676
2.00882214236317
2.77249046867512
1.57628777250715
5.24828516518284
1.33000103028999
3.70687638661347
2.99175696608078
4.41025028149068
2.00531621393895
4.18958147988099
2.24187738115836
6.36325732655
5.52075745667611
4.16552099799545
2.30998045173637
4.88805362116167
3.96335255672813
3.84518074107038
2.45738677203646
3.38250415336274
3.12060870165258
4.36218160533857
6.00638657986827
2.35607770336367
3.89517181121145
6.2111307589764
2.94552618455709
1.88472115244394
2.62982834749899
8.05899377108237
0.305546255576873
1.89715232627745
4.52238041863774
2.39263134315436
8.73673037153267
2.0395165668373
4.93907653205286
5.79732274103995
5.66501108452669
4.27584130500026
4.84331873011864
5.69327011567278
5.0970235353036
1.26361734670931
3.86245864245043
3.86105052024299
3.09412958801044
1.29904286144288
3.59428229344511
3.93580331840642
4.62757865710801
7.53272729815532
4.67956161087033
5.59926234257254
2.45324571383029
5.59411501586535
4.02933239373762
4.64576772318392
2.94453908403072
3.28040939210577
3.54897891361519
4.25386637670326
3.89870807546416
2.21853623403091
2.29731194768815
6.42573576208616
3.36875479774453
3.61040566467481
3.84396802730587
5.01307660886696
3.71007489022388
3.48865581419771
4.78612169809632
1.49514193949214
2.89573474110997
3.38446459916948
1.64095702639566
6.59533135305961
1.29574191383754
3.76562348186676
4.5376956276593
4.86439098391205
3.77130412542113
2.81923781258707
4.46406678915299
5.5981745626498
4.78001499934915
3.82454549402736
3.34719698578672
3.96577851293112
4.88040043717472
5.49149088864314
5.57021785445272
4.0734717612427
2.45566996641863
3.61333780485188
2.70845665029868
6.29463016895385
3.15258975493489
5.82586416426775
3.26996122949966
4.28391343146619
4.62778062561663
2.21387239912573
4.68734423931732
5.29002781512594
6.02710044665516
3.93857747839734
4.5213846599341
3.13932159054533
1.35651589459412
3.46155888853302
5.36738417009778
4.93847066743486
2.1494207037955
2.94881615286881
5.86899617195425
4.38017793744262
3.69524580827584
2.99008629401447
3.26686139143793
7.48453848522101
4.72606624185593
4.89494793837262
5.19017197450335
5.49128577084484
4.49979609249899
2.48638302979502
3.61934971975848
7.45112896292312
5.68055940276141
2.0015888405234
2.20360404696283
6.47191174170346
7.4354404708696
7.67412477675756
8.57832585599509
3.14082347221425
3.10188165232839
1.80154504142753
4.3890791275176
2.64739341099633
1.30468271624381
4.47219838336209
3.15037340754677
5.25874822234356
3.15974618534593
4.35044963611107
3.10588119201172
7.81641080119197
5.67952309780739
6.4248359484395
5.52906880551352
2.85082707073079
2.22069452314149
7.11572390752807
4.36074896136087
4.7912232314264
4.73131991355956
5.79885868629962
8.36713910072191
3.97766351557497
6.59723348671305
3.64145170355136
6.00354861258526
4.03265381896382
3.26333222325564
4.81375009293119
3.09542562423115
5.71138414234768
3.75661527528554
5.83129453953438
4.49317776062256
3.67487615347842
2.59991501145019
3.63172793080785
3.00977741621126
4.50344795912107
3.234546418471
5.35552672950558
1.58083097855834
0.968372651897681
4.20212580728709
3.47948926797912
2.64186571935034
2.87755543995109
3.67920263996768
6.32189679382889
8.3032591099982
3.69311578529202
4.94856987279235
8.46866922814579
4.35333395420598
1.7745911448205
3.43643291336323
8.69648149659271
2.60920585866484
2.74260488469965
4.33720262484425
3.28880287111726
3.52986784946282
4.58861158196388
0.305546255576873
2.71613168701824
3.19839781447912
1.29799745498152
4.16821025430154
4.93610693081116
1.33619893596264
2.74064410090796
4.12857954420737
4.79112411878377
4.73105769188502
3.6026417222014
4.92635426492169
1.62348191557903
5.43032047994826
4.93341266921582
3.20369456300169
4.1962626783713
3.82026518906263
3.7357051958995
2.13189814454952
2.09805989768842
5.34432808031022
3.90325950938606
3.58264432167452
3.9566278258577
3.70878104866709
1.18779478795904
2.66153191249496
2.43986130051855
1.73834790880049
3.14309428657938
1.74117746643448
1.99995658640936
3.40377868734626
4.34926890912733
3.12384697663932
5.07061039156774
4.73543017220485
4.22941716441983
2.10136726465228
5.2349241009476
2.82683549841631
4.5009901218616
4.93728152753358
4.50023472108167
4.06177297386517
2.57996385799697
2.66634547689159
1.90894832883391
6.31454030774669
7.53698658690201
3.59213577168359
5.33447139873638
5.48573395521249
5.09637415450726
3.93179410737005
6.55070695110876
5.89214257788882
4.33323744249822
3.68789786400107
3.48139814737632
3.18223827725597
4.37377249046237
6.44465749505889
3.39941486766281
6.524288507156
0.956723033520669
5.46294388254044
7.00352263319608
3.35928401890798
3.58858354128371
4.20860238845151
1.75088817799747
4.4391031157947
2.96861865406646
4.91886788857043
3.35092676796603
4.26408386631015
4.60865079193142
2.18834579916137
2.0447266779493
4.21580042307484
1.76668132573499
3.71885387709566
2.90448287814375
5.9397275083198
3.47292969057575
3.69315314410808
2.34733592376239
2.79588002822135
3.91124997600157
5.99071355199267
4.39868990944813
3.77742210448907
6.06559243548377
3.760779644641
3.62047387358529
6.83496374666719
3.67597357841404
3.67367807870498
0.765292746205206
3.95062731326223
2.96505109679258
0.360171134396996
8.29998176688544
3.54513326863536
3.09959634791886
2.08255852749893
1.91050307309965
5.06037035430642
6.26912898277904
4.922686096141
1.84974098348312
4.15881980112148
4.3426991216436
3.92815860991439
3.11034036327795
3.38737069273898
4.05104533457749
3.77826636337141
2.58835770400542
3.49199409509311
4.19404299946614
2.1152576446195
2.88914925377884
4.03546999882508
5.33559651398291
9.17150222430357
0.00216080839547293
4.96687541376153
2.34666795141373
8.45226566336872
4.52022227469261
7.44837625473275
5.10853507138647
9.59904350138562
7.02919877380195
5.08549770638396
4.42079697489579
2.23282402511311
3.93644105099085
2.1832701596202
3.43502275184385
4.02752245374442
4.52187297852627
3.0755554501214
3.08364832346548
0.305546255576873
3.76453172812484
6.55767891500851
5.30173476644234
2.02365491225991
4.92895232859447
3.93145076203127
5.10171595371384
5.8196102542834
3.94393400092854
3.76489271398605
0.379565233221423
0.790370892061805
4.40530516651012
4.39400075511762
5.03395659106731
7.96496950292258
2.47574943963339
3.56164200158749
3.52912838010399
2.69593625501663
5.93304961270785
4.4812516195926
3.60045165965456
3.85457495839813
4.33895322202603
0.799855194059545
0.950999709472177
0.30350792853419
2.67654071136096
1.39151874123758
3.37376463239177
2.55713563068651
4.17469886460807
3.33194361421386
3.74350403138491
7.57110604509905
0.305546255576873
6.71627400765
4.31916467916415
7.69358836720936
4.09328159420299
1.8576504304518
4.24629089162413
1.52357407436348
5.55176346238018
1.88363611392995
6.4351923224993
6.1797712184752
2.21387939595621
5.0180464395223
4.06601225803023
3.43127755826795
0.305546255576873
3.99845896903267
6.37124438858885
2.48657354404489
3.23315451017864
2.05871165652466
2.73115281308301
4.95739850058795
8.1064972533876
3.73016174408796
5.62790430389314
5.40440113855945
2.27462019106958
2.46095145770055
3.55866873063789
6.03681810824069
2.487915217578
6.09624919534721
1.38460580371641
1.95111417938655
5.47799706965369
2.38662166488205
2.54528243672535
3.64140701415037
2.83967075325296
2.75311759203823
2.73685347137486
3.81306342751365
3.28731391026393
3.13103807740396
3.17791632066228
0.795947323003032
1.39731691400099
0.897325338018959
2.50744190846386
2.42800770041547
5.70130291960554
9.33789426422884
2.55211630992396
4.39001321971857
4.47522909162171
3.36993565126208
2.01239295347707
7.47574997608027
2.12336691716185
6.21727979138207
4.9768569706814
6.32523975764593
3.63561664467932
1.20272981746644
4.80733400748759
1.496977485111
4.13987932583977
3.41379154097333
4.63638881576337
7.0788140582895
2.16879701826817
7.58958208852292
8.79099981617928
3.53295539916147
2.62854235391317
5.70758814357736
2.73647569358986
4.17549794532087
4.91046583527876
2.14553275283569
4.01379290149511
6.00354470842997
4.77626558772475
3.93191979689148
5.46900495098814
4.0185689666859
7.75643395275579
6.82261242524243
5.7070073216402
3.10105310288261
1.66284819204365
2.53336906391417
2.82546910445099
9.54212821212819
4.03306756759225
5.54879222626219
1.93731823597956
4.25017143652374
4.37514616977374
7.77555039133869
2.92398075590534
5.81055632846233
2.71601929866674
3.05259346112371
6.65333940639423
4.76481083698512
1.65425179727832
3.03542730529955
2.46388051854103
3.69479490746882
0.00216080839547293
9.3883975153917
5.62182101632838
0.971862685463558
5.0202302860708
1.34351288020048
6.06280599580587
3.35167928961995
2.64370337558458
3.6565155427521
1.2938568558105
11.5600055564955
4.44064469751977
6.25813286510871
4.46653078013982
5.98424334380754
10.7287754466765
0.305546255576873
3.30953829063603
4.35283434058745
1.95918581181751
5.84791382745235
2.14580794468649
4.29944693002366
6.34335331544633
4.38787474354847
8.68718020526536
3.50189598170919
4.21102895782835
2.92912571897873
2.63849417151603
3.51259127873611
1.71250051105294
4.18159285334199
2.82192634869163
3.81447350392913
3.65546428340194
2.53584227950276
4.03418868779751
3.12296181436724
2.18411654614495
0.593818688713161
3.21123224312867
9.28226737558256
6.56900457347978
4.48625947134042
10.1750050260818
2.6640089504057
3.05915114254831
0.925129302432126
2.00311221805975
2.8314144968695
3.43446559141992
5.02231853320063
6.70777010256749
2.78697482992715
2.60873488238575
2.16988184200023
5.13833624553875
10.470201053844
2.67243303639503
2.66855838387719
2.45785287592934
2.4223969667025
1.97049991737073
3.28716684293853
11.3172896124744
5.08508539139313
2.40121077338049
3.36271353178565
4.93044548676167
5.4228396834815
3.10745229930789
3.58572085534159
2.65503655930691
6.03889363794436
6.19659251406794
6.09904403654157
7.79841469257657
4.40761099480979
1.5957065334693
3.51148041454076
3.40972631593451
5.28633550112732
6.14642358370433
4.14894484107255
2.14054124191542
7.59920005047193
5.29947089487975
3.77708610803217
3.56263208511835
3.13703277241009
5.61074103409604
2.31038048072773
2.89386968209188
5.21053136251152
3.92905440612615
5.02278880902884
3.54177469015625
3.04707066829127
4.07226138737441
3.37225143348001
5.99970514975112
2.99194373447934
3.93268258143824
4.33705009793093
3.01678956682408
2.15067019603816
5.69886259459565
3.55841274957974
3.16265707612688
6.16948933037596
3.54879850931886
6.03277115722568
2.24382755602966
4.23471514263153
2.8502311986214
4.94030272797097
5.29438488983322
3.81253671885995
3.81510700261338
2.21435225480165
2.06834836290934
2.54523995255844
4.15128438282618
1.50907243204535
2.51872928516723
4.15393830238013
5.27971123523496
4.74135754115322
3.29344362307495
3.65413095404499
6.41616952609166
1.95063103987553
3.77337070559001
4.04721284915374
2.77983607178366
2.94776573338587
4.50334065545978
4.65551401738346
2.69858359313761
3.30143285352527
2.72160310434591
3.23736575869171
7.28972447453514
5.49522358076754
3.26230262292478
3.00433326695162
4.11987644349781
2.52052440415395
5.83545729060283
5.48604971507664
5.9456972785979
2.45956191607784
9.72532236476678
4.02932122239553
3.22680213106443
2.96642196195824
4.39566987319375
3.8511146171207
1.86377567520523
0.603045795366998
4.4422839889136
4.38949861511198
4.01024796480295
3.41604832985235
3.17710616410772
5.20588391108358
4.38142384519355
0.875567754219673
2.16332282823643
4.10368677641342
5.13759017542068
7.68595806002028
1.34814865135316
2.37660565417284
0.00216080839547293
3.27392180256802
5.49924946856722
3.55152267362262
4.53714639295245
2.83655296979722
1.81328283279389
2.83381484986779
4.63344490896992
4.22616805699463
4.26732644838406
3.80179091212488
4.25281272230861
3.02116315446854
4.86363870823234
4.16721144436085
5.04037985865042
1.42536718846781
3.29405467345452
4.26823311063246
4.25556113153086
3.14915294725051
1.4901456395505
3.69911713493064
2.424769855472
6.72197960589978
3.13932191363046
3.20334197654796
3.75885509270659
6.98847878510054
6.09084122472001
3.17385059135597
3.59858550951964
5.2134499419493
3.45414764340675
5.69467181140745
4.54831632148597
1.91586415274573
4.14115202315959
1.22482060613834
0.572631321098369
3.6571896385469
3.56079118916528
4.74490839381469
1.84683980677859
0.397109035107256
3.7572835576334
3.57313050852569
4.64204845355793
3.9028939224649
4.0779955383043
3.45240397996834
3.58278657712509
3.79648838510309
5.89522639951488
7.4139738803855
3.6928576967092
2.76390258241123
5.47092575186785
0.305546255576873
3.47554424147647
5.13994182718116
4.86374323000014
1.05438715331214
6.14147869755801
1.27083751846095
2.42714355818575
7.20240320909609
2.05376806667061
3.07624073595568
5.61096190682796
6.15704540012125
2.39176996279022
2.75756741222728
2.48581534832324
3.52431691732145
4.15909692901963
1.9968590905913
5.22335712407896
5.04978341832226
5.66193770875999
2.71467492475659
5.09394376002383
5.8652677166694
7.59775378402894
2.6044437864025
1.7435085688739
6.0016588430185
3.72185246616245
7.50038148665501
6.60298286911638
5.69569319441102
2.12525323384305
1.98063352981786
2.68203275203473
2.16922630028971
1.11550426219381
0.487182057628079
3.44488950193788
5.10796075378353
3.0311039905459
4.58636572694633
2.53247682565172
2.67330025234482
5.16061660675496
5.9318852759404
2.60370776438715
6.57499752892826
3.09637894531094
1.98469340210962
3.23917205189169
3.46484587581007
3.25983055352297
3.00537268538614
5.02289644895465
2.81361269636939
3.28412100297108
1.68469265797029
2.07424124317979
3.20069908716598
2.00070036300548
1.62942337861253
3.43736925647644
3.75093548861818
6.32898210638992
1.56971231033689
1.30394640448194
0.3716825059223
0.68702623026449
0.864168372741906
7.7480090288991
4.0556919790842
4.24501356816153
4.15984329496115
5.60014397515748
3.45554100972055
3.13032258310454
5.11147359708415
9.51126721525378
3.46391854727272
8.96773325376637
8.23135874676224
8.44432973046564
3.68754724005229
4.50402542982687
4.6509769848381
3.49808116542493
5.39431103862675
3.53326885692634
3.23633914140305
2.25447582492446
4.46309220301833
5.80573659893804
1.73740487312377
2.45745416274445
2.25251490160117
0.00216080839547293
0.00216080839547293
0.00216080839547293
0.450798613045306
6.83600637015444
1.69679793722917
1.77902791565003
0.95211568641513
0.733258336043262
4.30190473700022
0.451515090590921
0.400465927832995
1.51844000289201
4.83782004618994
4.19328598619136
3.24791581739353
3.87245091451531
0.305546255576873
5.53137458649504
3.96804525911552
4.15815975027809
6.21647674940845
6.63267528906284
8.1679034700031
3.83595391650149
3.80135826960594
4.00104493890791
3.32823112049334
5.95433757688041
1.0638541080438
0.504518446347581
0.902110465744009
1.34742458804519
1.14259160238039
1.38859043963764
2.20607639064743
5.72167366143387
3.44980416950379
3.29809861001152
4.91361914232753
3.47980057186453
4.30721562859092
2.13949370049642
8.74435206814488
3.58088554505922
3.33151280959297
7.5326895658725
6.19425810206822
3.06702803349737
3.78328761461283
2.44012475892604
2.41146577439956
4.23270267518641
6.99686293038966
4.8852255374289
4.85451018361533
3.09505171086724
8.56262034356454
2.97156213919199
2.2182218115204
3.25204950604066
3.56806769677969
3.97633694226637
2.59846329398195
2.73210303825345
8.58558958669368
3.0496957862165
2.92024406309008
4.00491767375279
4.87331453481408
8.1532907993321
2.56425502779454
2.98600721244882
2.91372345286209
2.67960176025286
2.69432682720457
3.64759186218242
9.56055926719014
6.75470858827009
5.25550686191546
3.15731421104684
1.64017463905965
7.0052593999923
5.49826138166873
3.45331092386555
3.45751677710357
2.62258538653088
2.13477472687105
4.02530380887876
5.11033086894054
5.05108991256108
5.34299930931912
5.12987963338448
3.92582528981053
3.14278136836147
6.95870601862419
2.20086249543551
6.04681466151217
0.38442471759798
2.53778927689552
4.67231640276549
2.04281771347001
1.86991936096531
3.16377283428321
5.96202345144699
5.02461404163329
6.13006409797012
1.64272568875195
4.22982072624074
6.60459043462219
2.44295724305303
1.46304469571854
1.60726139853238
3.01858908981815
3.7035535955438
3.43067823327346
5.0405842729195
2.87316658880369
1.71717945013261
11.0079943240325
8.26625661333165
8.70895223886044
9.13904233554302
2.36585685455205
3.24568541920204
3.0824246111803
5.50522079566648
3.58679163464933
5.60150718333777
7.12107590108326
2.76594169134208
3.26797194729694
5.60679915354894
2.00689129428564
4.19074113434572
1.53733358057052
6.4069694977689
6.82518458918097
4.50170441818345
6.62525697180036
3.17858656624178
3.38000040744884
4.86971600984285
4.44788247884788
3.96094166546286
1.6861825225094
2.96722831681133
2.28843670864259
2.0851312710529
3.79416857271879
4.56292345378815
3.59970869440322
4.70419365810253
3.82090647306091
2.62373370209712
3.91807872436335
5.18224898981772
3.59769036075147
5.96454611513202
2.72864459040526
6.57515790220363
3.68551329456659
4.88327135619223
3.21094629605475
5.58957226189542
3.60470745766057
6.14078481676664
3.49379441846076
2.62669216365973
0.856914605212902
3.20844300275866
4.9394695970163
4.05283494980532
0.946063804244706
0.456271558587067
0.722390469990706
3.34744374674517
3.04812185741545
4.73726477035296
4.80953650332745
2.49034877759723
5.32332220387909
6.55705697277331
5.17160974752928
5.13916461510339
3.76570310993032
4.32989169439742
7.58160253308111
1.96488538183783
1.40946612863465
7.37331353963351
5.31758871760875
2.94606257582324
2.07531540955174
3.58047701805848
3.15567176356033
2.66602542981172
4.637092183968
3.60834810927448
4.58586376685761
4.11074762462349
3.34713638635453
3.49236330302227
2.5940729279669
1.19887491839403
3.35273198013785
3.32691301362453
2.71913759725004
4.89891778076711
3.83004012619423
2.67084231780514
1.81300251196949
4.44298765960479
6.1600780695294
6.57612176074343
1.363558432329
3.65011404852584
2.7193322373795
5.6112741910921
6.1357211821278
4.2405069208215
2.83031791933824
2.43543854280517
3.26228409533319
4.14327777917621
4.61847630929767
4.00288726728572
1.91129029093181
5.06218950683251
4.37612756449896
4.16369366870935
2.78311602809103
1.86491148246738
3.68445256078087
5.74858792117362
2.84877319732191
3.90185612591362
4.69137081186848
2.66181251358982
3.78699999415149
4.2146175327374
5.02372232344782
4.76774437152977
4.81860996704448
4.17916063266103
3.19741179921301
2.62559941850906
1.33342359731336
4.29505984912893
4.38072839156254
1.98640030814349
2.02138760144951
5.1320472079342
5.11422080582731
6.13515395737744
5.10720981257164
2.87619931462136
2.07812278228891
4.39675710480312
3.12790641491038
5.04214281682654
2.84060857743617
2.69176191601862
4.37569213412808
1.22995381423108
5.90863139475657
3.52049384932474
3.90630606580282
5.28691481642092
8.78428950914748
2.92186188964373
5.32939814002527
3.98821892541243
4.53446698146194
4.14364610929394
2.08972756550467
2.72523493534835
4.45652187802123
6.41974116983189
2.53711059606001
4.32552042070244
3.94316288310765
4.16712329758205
2.85994737981651
1.44008680597848
3.6153415692619
3.90751923763836
5.42403528653516
4.75142223549653
4.14619821788121
3.77651890248601
3.79266688774016
4.13779257268688
3.19086169019642
3.38822312723727
1.30908009709493
2.40759813225273
3.29400542723742
4.56730772139117
3.9339010531815
3.23417302800551
4.08398794946662
4.97211633804554
6.98934309170289
2.8272595924464
4.2371396722199
5.38082801882118
1.94683921999131
2.49542149641821
2.96631951993924
3.19565873364911
3.06127677516195
2.99975528794457
4.24538249696667
5.57535368765045
7.69822896461297
5.03337661245833
3.62161984428951
5.39978788795895
1.42011259057152
1.97098080763169
1.99750553345088
2.10480097149162
2.19393229529815
3.86265097468852
5.91389176576292
2.99042540156263
4.32480079968419
3.95657021163306
0.899280737767088
1.59144153663785
1.88077122352581
4.96023043560132
3.41164877245455
2.21919971083979
3.91235886282471
3.89883690491076
6.61763997734699
5.83608447270354
4.82317821782609
4.65963359119969
3.47173548638617
5.46645031409278
2.37896092976707
4.74749594102463
4.91022960313898
4.04219318660201
2.42520636061706
1.66108498836253
6.41176292154871
4.25308514761557
5.09132846080462
3.36856128643995
5.07770188750158
1.6350540176842
6.69716265592584
2.46399312974502
4.61241500613778
3.88857002347343
3.51973634267434
6.17672935436632
6.29006906330031
7.42410467405754
4.32817758144441
2.68866771580871
5.19297396916844
4.07472523819036
3.69316253844218
1.84962227312923
1.9243576499421
4.36868484128036
2.72379498337346
1.36218369240217
3.36243131739546
5.12024249989051
2.64881167721829
4.50619725443373
3.6436384958652
5.98088251001419
3.85678259221693
4.46484213649853
3.39468142466044
2.0496593542825
2.72403656205467
2.48550136249722
2.47940910981814
3.74078646822656
2.663499932016
0.551249138851581
4.50344904843712
5.94739130887751
5.49332576499184
3.23839863368084
5.40475565711511
3.68275509279618
2.83717709229418
1.99640767943705
2.35108153143009
2.3846293611005
2.03259731958545
3.19918207433955
2.26603988803996
2.22572693071811
4.88552074728743
4.87402978345694
3.60938788638215
2.54901559588569
3.00042069855279
5.68545368549915
4.94147167168264
5.416826698327
4.12976134873417
4.11653371461724
4.45630335401159
5.46672548925174
2.0623981076563
6.16529271111311
2.47347262049335
4.89442665267209
3.94400449687022
3.78170910806101
5.64733950360374
3.81054310859476
4.59574550923149
1.5401116249322
1.05822012856448
5.14116076930954
3.05071767070821
5.65723052695981
3.34293219286964
6.38575767807875
6.22563884301571
8.64170985554921
3.41863688060416
2.81428486721747
2.26538253451121
5.80070370910957
5.44429268853356
0.305546255576873
4.55731607065843
5.38400434635773
5.57618614956113
5.7166664821086
3.28104344657901
2.05000840358069
2.23964546842196
4.96805713469397
1.57609645106721
2.32830275954008
2.83492018664027
8.60273178993195
5.81296139327586
6.7199900298002
3.26081312431462
5.97702841920711
5.1133129652341
4.66693476425356
4.66909885019259
1.81426552633242
5.04461458641813
5.53217427413781
3.74876307364808
2.41521984568158
0.00216080839547293
0.00216080839547293
2.75064729774431
7.08335502791373
2.74658135218304
3.54160483402454
2.58664390323822
2.00508132703732
2.97581189724391
2.94296951370508
5.39044937139951
3.1621450004897
1.74430688600503
3.97484526578626
5.23401485322964
10.3097336495132
7.43371541816992
0.941778547661623
1.23201748662705
2.65571351044579
2.22085214167789
2.92690757068952
5.09745779041152
3.74536356315042
3.28465248671046
2.28335141286933
3.2814665969593
4.27591737575944
4.16760808418276
3.90708408941942
2.57354715133167
3.29443902675128
1.61078575742739
1.99283435596385
4.16240442625756
3.42604742109496
6.45603314093638
4.09071666833207
5.92774893471647
5.12890223530526
4.21037873332571
7.77140381336781
6.20752390730527
4.02234965034523
6.80108211257373
3.95658332347621
5.39676148881395
2.81457509801224
3.31784891154811
4.29611712832795
4.1438155211899
4.77476034292869
5.18843025509784
5.24730085400539
6.08545639807374
0.305546255576873
1.84440079677863
5.30084514042265
5.52620747964968
4.53478229985079
3.0364384193095
3.26892853466603
3.66255144394464
4.49048002486677
2.64689603900368
2.70711584604702
1.13143024182544
4.02073326177548
6.05637081673851
2.01421343390097
3.31601463167861
1.50607356033722
5.82316753402795
2.49499045178564
0.757407269790401
5.47345993945333
3.03492151463425
4.03465855285483
6.23561942388482
3.34051054317371
3.22922550552831
2.02968318557082
2.80946604305696
3.64841837236974
3.98032025884017
4.76545148503366
3.17580709000795
3.27865834535234
3.55696387628629
1.94780539774635
3.93079520671304
3.082260192447
5.2878952656751
4.3482856179561
1.97419367294872
4.90049838898883
6.40412228592723
1.84818929357241
3.11413946532762
6.88254050304416
2.19081773573428
1.51835642266221
2.52444183840629
7.21909876832634
4.52967101513207
5.26888719500598
4.76420547399017
3.97710743322107
2.61955880996517
3.43044823221551
2.74109950199089
2.87244873216448
3.01938105485195
5.72158760143605
4.84943910135064
1.66304518019521
4.06915539339027
1.80739488440888
2.22689166697137
3.25334026166368
3.64765772678091
2.78394829228251
3.03139262006185
3.26616091645247
1.81185938561786
7.72471091374379
3.74734527082469
2.05623797751496
6.22544451057428
2.13013126995587
3.09063109016723
4.54718959902867
6.15956564295188
5.50953043491955
4.49259781997498
1.85607319076173
3.79015783686882
4.23614570136821
2.45210565787379
4.98699208367196
2.63359971763996
7.22047213534349
5.27211466131562
5.43053709816098
4.59025513319851
6.5408220422912
3.38206974864617
3.64532542497782
3.70730570263376
2.98316168488286
3.9911461446172
3.71124986570211
0.79007797717776
2.66938210145786
4.72995148617937
1.57164766557275
3.44709967639218
4.12832225561806
3.48208701295826
4.16195915359861
5.37646829690672
4.03452626287182
4.28553619458795
4.07670965804005
0.122284692682864
0.356302692249343
0.00216080839547293
0.121877421699997
4.03038845635396
4.28836504010658
1.76542286832362
2.57576691806146
4.66029791464002
2.30052325195892
3.87397830732357
3.59860196971887
4.66137829215139
3.87468556549973
9.56006636796412
3.25669737355447
3.69488181266244
6.35157344534325
2.54712860263035
3.12302289433983
8.37771544630498
2.562271975444
9.00396464484154
2.28768899125397
5.355888625452
2.80901361218806
3.15508248667676
2.30213410008441
2.37450393955545
4.45658011974044
6.54636821874857
1.17242059907076
2.57820198090911
5.33105894740709
2.1807999947645
3.73853825993554
3.16402603592058
1.40516014896531
2.73514459466478
3.22310752690794
4.64755510488852
4.55642046472693
4.6053654371064
3.06202008999602
7.31003409840522
4.16272030690942
3.60026755156883
9.42320294763781
3.36919441008925
3.90282883472694
1.55037377243235
3.5300122592286
2.497678632335
9.32560270575947
6.66383744829414
1.95559487698963
4.23180651097717
4.94591992487052
4.1596505311311
3.70697051504051
4.05296724244019
2.89092494598656
4.3358021395497
4.73861410435173
5.28293186357191
3.14900249587102
3.61105368856962
2.24459588283345
2.75813571126555
6.98012242271462
2.26041243245378
2.96926121076043
4.57024522375574
3.36432945848257
4.07110264832713
6.08578347844108
3.64447350463201
8.55870185171456
3.81116238012107
5.00166201283572
4.35623411896278
2.62750938817698
4.01882824793103
5.35152890305876
7.76007198063577
1.2719563591067
4.41888662036108
4.92538371378653
3.23257845090013
3.15149319130465
5.29267576519797
6.3383088803523
3.9893107458749
3.90749712090904
6.28922800056236
5.02664164732037
3.66458300165962
6.64670711655898
13.775236806592
6.92981571363391
4.53514873616606
1.63796639257562
5.79814559422858
3.95752646836283
6.46562314947509
4.26360106083784
2.71436971037877
2.08156988957412
6.55127057969388
3.47066827500347
1.79290488726166
6.33340738954473
4.48454479253506
4.75511973841779
2.3946231761029
6.40163241913102
2.54776160459226
4.17709951403026
3.40880914645808
4.67453603724597
5.29231234500205
4.03837444694677
4.84692801845156
4.45972519026007
7.35130393298827
4.30357303802463
5.0561337231763
3.37137049959699
3.08742764509767
2.30909779762253
2.99560170584615
3.16190767641957
7.44794772758087
4.00765353713214
4.11727619269669
3.22789763751917
7.08305442468394
7.21803056394899
5.97456745140372
5.38857502038029
3.19438026682691
6.42244868250915
6.69646620867569
2.96681014420884
4.14576103394974
3.51981292827455
2.70071511258651
4.91946700577202
1.3816151319848
2.14003547613512
3.80534666998485
3.54446460772938
3.16802457138389
2.22606365042827
7.66135971747075
1.92215811323579
4.45935486254335
2.47508515780662
7.62409285696921
2.35192287137973
3.73019455846776
2.88973147823536
3.80807974941527
3.89286416185602
2.94372809925132
5.1124465722297
5.05924570775654
1.55198348723295
3.23462607063948
0.305546255576873
3.28695304515661
3.24653589045551
3.97127613884735
3.74441364355506
4.81262536811404
0.305546255576873
1.60607828192343
2.66676567329181
2.80805095339689
5.10420743915253
2.68451466594507
5.00539251250337
6.27759485435829
4.37934103089895
6.9826590856517
5.87463999633067
2.44529902102091
2.79195088410193
2.93222882610339
1.98992926378286
3.66595161328668
7.40091589782498
3.52706982752389
5.88680336943504
2.57589860935516
2.43545249259373
2.82324990074607
5.03476415436629
1.83436756951841
1.29728265566911
8.08151435015651
5.68968584511686
5.22425723326145
3.19456275607009
1.54843777994597
4.24002415935745
8.3948160726592
4.25749348536139
4.38241494541699
2.94002278710784
3.97162867740093
4.98657135528389
2.49037387409279
3.20509360171626
3.30579155908976
3.3897329225184
5.76435969366356
2.86210646075749
3.79533688750822
7.07848243874333
3.23285158451449
1.9861971058904
4.78652856974688
3.19582377907829
1.77543043273884
3.7286485400895
5.51064294773944
2.58214279422178
2.07592322585749
3.86098869388578
6.87963579130816
1.83884269457639
5.51631082821085
2.75026737235405
1.71943757698246
4.61513494009359
1.9831340683693
3.8335376667602
6.94421685147264
6.81339666148474
5.00666001120051
3.45718097325915
3.00366484323745
3.33399969620422
8.53799693252297
2.18739735512677
2.21395450988664
4.28236505197781
2.6550641675639
3.81451503806875
8.2158232193765
2.86981043694583
2.34865387097121
4.27406111114442
5.62657914597281
2.93615440323325
3.93845167813086
1.32908508756038
2.19445216290586
3.73739192891611
3.46781020614492
3.28676976990191
4.00460434977118
5.32255599398006
4.25650550640239
2.46003992087741
4.3942452320258
1.62006734318537
3.00854440779275
2.77195983059358
7.10852639193238
2.96877910449736
3.44291032728006
1.93421239736084
6.49626876055097
3.34093869861148
3.49063963639358
3.49246894629751
3.31547605499732
5.02650293132265
2.67018119147093
1.57983414050699
3.7404398517727
0.257659389013913
3.15509575531723
5.67957772868347
3.2524868612753
7.81433350956411
1.99992157347957
5.36443680637738
5.88924927993905
4.42178666943796
8.16279768874588
7.29312086198649
2.18231112033581
6.66161156340839
5.14725142168092
9.50232094452648
4.34566749420036
7.58722989382993
5.44595348805687
3.40102731292527
3.15002091786413
1.56464144929086
3.27119596476368
5.14661965586401
4.62541543421047
5.51045974197809
6.5763705869043
2.93120523293063
3.89609923563532
5.39985772866787
3.20555526482511
3.87092773506859
5.31988760178229
7.44746201926957
3.58530984623023
3.96757549643806
2.10842923967008
3.78986417536696
1.35408165455758
3.76552906238207
3.31463608649172
1.51415431053059
2.2791367244175
3.56848358501025
4.299196499655
4.66640238548545
4.75512441586515
6.81712357926152
1.71197808173493
8.52596690106145
3.91452757292157
3.93453168313395
5.70023832493472
4.98867069653176
5.2117728967892
6.98258454063516
3.73055855721183
6.52178463097995
5.06117603288175
3.87084251198227
2.3624436995061
3.37757535283103
5.02323848788195
4.81080914717341
3.70931032446071
3.14855719728837
4.0979913868536
4.52081789989991
4.0690411595897
6.30623491940269
2.95829599620934
3.19655174062751
7.22170204659799
3.75489103811386
4.22417366829219
4.93119262402321
3.49119199175025
4.93527907191938
4.8162821623713
1.9308727959616
6.70754009142392
4.28875076933796
2.80570222399955
1.83562792760255
11.0009684937107
0.774527680746245
3.60733911288835
9.35731294592402
2.461562553034
3.49988051547679
3.15860086921204
2.22155634954122
7.26206156889632
2.10618172171196
5.2813080238148
4.42642374459164
2.2574980963187
4.75286945580292
4.90783787781442
3.11340201544104
4.2326252643798
2.84898226756631
2.64129246365949
3.48367393788111
2.09456557978749
4.85956955798784
3.86441695330271
5.16994150750268
4.19666653263706
3.64166487434686
4.79862917902618
7.26710174306863
5.21895564871955
9.23099910945445
4.73357534188834
3.14427656438466
1.16461600703291
1.75918254940637
3.78611422696501
3.70921436980738
2.74980784789572
1.83572847624449
7.2222720365256
6.37755080823904
3.18057232177282
2.60875053962474
4.40978874346446
7.35073369424338
2.61443880697399
5.10928354520252
3.97394882426191
4.59301384781882
6.46852092909773
7.10913380750144
5.13974616757942
6.49546482124987
2.59740452578298
8.46713250776106
4.3952991097925
2.41227115687459
5.31723703578637
4.20496297878106
4.71621841075821
6.76302981933476
2.73668525741647
2.91424348993801
7.01573952318401
5.40088105612262
4.47168507004498
5.54097080581393
4.61011103168311
4.62321844021593
3.19280440418076
6.47436513058095
2.20138697171836
5.67060039178982
2.88023417838137
2.00840440451401
4.93682523355302
2.97133183564597
3.62223870808298
2.98701908284046
8.99317752861236
3.99199893973916
2.76284725148621
4.49182731835029
3.63329532752001
6.5111115315235
5.32542550076579
5.56360427730769
5.30094908415529
7.05155748431561
2.3775695326425
4.52321645677839
4.06725122651173
4.4760564348329
2.63218091233713
5.36478141668038
3.41370759551263
5.82082239376507
4.09094602399627
5.118397019378
1.80873722264163
3.31905049321333
7.54169814594283
3.29234587781852
5.64552131063159
3.9830178273406
2.41735524554914
4.22253025201616
2.44172298072857
4.66189881727889
3.24612426842402
5.13801840387192
6.60909225995785
3.56307648127634
5.53066581786142
4.97200503331436
3.6025375057618
5.74115820438657
2.11163222047278
5.89932817625424
3.36517026652429
4.84205445683064
1.89846013042732
3.06529246494624
2.98743349261754
4.56633685623098
2.51450169658183
4.34888298829298
5.92425528088777
5.79790172115752
2.94814344120171
1.64940321089628
7.99830484200141
5.53268387209378
2.64627953306759
2.28092981339205
3.22909765592731
5.03050145873939
3.35112457835196
5.22820387000657
3.57090392202948
4.19199537240988
5.34741038697783
3.65087596721547
6.25532821331319
3.57554215528399
4.99817896282184
2.54194856721154
6.15454829827767
2.69591396470238
6.34057620822833
3.20252366388258
1.03029595175486
3.07779981804916
4.52771788316588
2.68564432733876
4.08140718547309
2.47172604422816
3.99067706719451
2.28790970974065
3.78385644883489
3.388813048791
2.70203426292016
1.25347618952276
5.52266931663093
5.21665887506446
1.53185978070438
6.66918462363199
2.98687959167414
7.2678157086169
3.00195064481393
3.92889012754094
8.14828168628442
4.37534820603162
5.26135947911833
4.15871609442939
2.49435824761036
6.7059426912608
3.10130333543923
7.08626627262118
2.12925317765922
6.23246952520972
6.12370362699715
2.50058968631627
5.61193594929476
3.86401481848752
3.54916429311024
4.57323087720429
1.92255735798356
5.56470904783113
3.35194903729432
7.45611852476096
6.44434471068071
1.79097964279404
4.68194716392067
4.3835787893691
5.15636955636956
4.31062399085597
4.96562442299317
1.21369234329552
3.05041882979713
7.97939129669725
4.06396401805163
3.27320159370572
4.21971601730371
3.34370495101235
4.60919572683221
2.51578328186295
4.59381151123798
2.5889222319712
5.41575720708254
5.74772384573306
3.67135728498756
3.57930999205639
5.35620262102139
4.91132167361982
2.56772993691218
2.32036119444471
3.17579983655458
3.33012680071308
2.23694556499313
9.83792379735158
10.6359653960337
2.50230794476543
4.83447477066231
2.31150333644043
7.50575926439155
4.28747358666017
3.01527366640161
4.6682465166122
1.13681926995931
3.77631097646209
4.28452129078554
2.3115850815989
2.9884360385098
3.86399348830898
6.36030869765322
4.63153242836293
3.59054091013035
2.80978270174204
2.8410966842606
1.49196707024767
2.50706916908618
1.50441540642979
3.64787839893966
5.38155543577215
2.45617066634033
6.05144871331184
3.47837315117111
3.4741235849387
2.86884757227924
6.70486913865624
4.31431709184881
3.10917832935168
5.02322740258125
6.13966838515013
2.47436275652661
1.93186071666607
2.80832388676522
1.9650020377448
3.7763390147543
3.73085806694037
4.4889425447409
4.66515830560823
5.0738178699157
6.07465285689347
5.50993275572
4.26202327178541
3.84496891340933
4.60684504792076
4.14888758150845
2.46186097423806
5.56659020044528
8.42118297645701
2.50991532852768
6.37088922641633
3.91785515676138
0.68328372982197
1.77216424790697
5.81449224161487
9.63887900577515
5.95537889404986
3.00501266336236
4.78948571486624
5.24756745301276
1.86499155470655
4.46048382490635
6.21959415774649
5.44781805576876
4.56737856530635
5.03780798515479
3.15909042446569
3.77538333282506
7.43192917806534
3.72544111031272
8.45360451325004
4.89962880042839
3.23169780210688
5.89593678852403
2.76023829950644
5.00879972316077
11.0663838125107
4.42838636563365
3.18478473701894
7.25230857874071
5.98879136037361
4.07980442533042
3.5781610059464
4.71102581633256
5.81472639959358
1.9046417616317
5.67885003616668
3.71545179482482
2.93634373474834
4.39647674091953
0.305546255576873
3.64707043565135
2.99348259685295
3.83221033065481
3.20895927043816
2.84094201273121
2.46348496944851
4.7864864218366
0.801767958855659
1.45497235603773
0.305546255576873
4.80454601552263
4.60198574307521
2.31765262362273
2.54323073662513
6.74890597399158
5.18822001640867
3.6216393024662
5.89216258297972
2.41622206749695
3.9650558674961
5.65754321742554
4.15904301041411
6.57187640848186
2.5138431464078
4.86721913996618
4.50179234828216
3.04217214894374
6.18287545345031
4.94336418075219
3.10387540549205
3.06914656804477
5.44321282304438
2.59549635079847
3.23831966781529
3.71391914142223
2.6720964871184
6.83630997625022
4.53791348813958
4.47970440755323
3.59717353037797
2.70624736027776
3.08728169879692
3.39481275764902
4.66813156552188
2.99936848447947
3.94280128644311
4.04282970079441
3.98148421651762
5.37331852839869
4.82356438380502
4.3880543726579
5.95372044370756
5.67432796485515
3.81669531898288
4.64418194244712
3.16042430554804
4.33526425344077
2.98754273336645
4.81782720706245
4.18235832113021
2.29957772292434
6.6848384648936
2.11446027812785
2.18828604383836
4.15867438053533
4.39892018391057
1.9850858277158
2.44481479578681
4.91177488213185
5.27861414021485
5.04934064772397
4.78108868470219
1.25839303442269
3.52802059563999
1.28159429347399
3.65683073784669
2.74277240444236
2.45302018330507
0.362798434165773
4.0586736767956
1.69689983094656
2.2958747543664
5.76462770385246
3.77251671438884
7.40804031554401
3.40479701674143
3.26394647080629
3.10689463466832
6.77734060525607
5.5907386180867
5.88347326019572
7.67362146851084
5.81668972093918
3.13321613305635
2.43097960054055
5.42132316412274
3.57993424560654
7.84488290961735
5.83077654355589
2.03703877688214
6.2825261444204
3.64032171670775
2.36750767519823
6.42504268705908
4.21493806150116
4.01434553747291
3.64217536286762
3.87577365382683
8.88686321927115
3.12432175999722
5.89344263314096
2.21277721433372
4.70320167574199
5.03002391137705
6.11766781174907
6.52713785432399
5.70337057620339
6.22425709219517
5.0216961431516
7.09953081802187
2.77211859754295
1.99988093651496
5.28647179754297
2.59612078462591
3.49340666368444
2.50403191720081
4.00746244495949
6.4898367763952
4.92047716196665
2.10269614132401
7.39285779112115
4.22244068517732
4.12091676439886
4.03839551163159
3.1253970279976
5.63490600644782
2.433204047377
6.46323870455508
3.4576522155329
3.7925318439791
3.03836587488831
4.26187384610281
3.22187494893868
7.30868034973927
3.26720358913839
3.69142909363555
5.86865527187563
5.39927370263169
4.09997095351826
4.66250464360936
5.01843971733548
5.04303080895158
5.19177056199494
3.42414948867342
6.27507214164121
5.42456408253593
5.06783752042598
2.1821324303654
8.38196949789491
4.38927766075919
2.72932029182805
8.99916503228875
3.1862648055317
2.50664498748422
4.11129134333344
6.4134791384212
5.19428211252398
5.1710947160322
4.07485947146049
4.30888444568278
3.59845492805577
4.92875257574146
3.21873627990508
3.56761382564071
3.32706431705308
4.36772123727134
5.3296599101474
3.38425977069914
5.92038280130198
6.29695350999302
11.2546229515393
2.38232900164645
5.16572919095184
3.78272587465864
3.92235570667783
3.46418730250389
6.48410550818096
4.64205878179897
1.9946230728799
8.84228687658682
5.71377880526521
2.88738126338961
3.7451068891997
3.69355234753628
6.66107185551837
3.25048193266395
4.84654968768422
3.63205315503921
2.68664224760732
4.32316579656578
3.97748449590664
2.14730676618527
2.14535172036079
3.23327673392984
4.60968146686178
5.1243783102016
3.77404941378557
3.90759206162435
3.39107141346803
1.81702431346366
2.36818696538152
2.16685121282598
3.03905547685437
3.77061900034533
6.78425149684952
6.7519316836415
2.5896332814853
2.79818888238819
2.84676286063778
5.20677953659994
5.86783159239214
1.944639731038
8.36253417039471
3.98890689488432
4.44051561446101
3.04010774152183
2.9538265923526
2.90086558831276
4.23649139372823
7.63086521010312
4.67659764906731
5.57675213458976
3.97754652679073
5.60744068884327
4.31982413034959
0.808502863627701
3.89262556043875
6.39610990394539
7.5714273809766
3.79635070737491
4.33295043568078
8.4875802224246
2.39777854614211
2.18253652462455
4.77193523627161
3.11455253827788
2.89003342378049
3.21659832049807
3.354617506205
3.07455322327471
7.7576095626762
1.94952278624739
3.14543769762938
4.62389735299308
1.0586658698868
3.15789935488553
6.59186613622143
3.05441759735579
3.03152699121908
4.62885160272827
3.25424342389686
3.78592487165277
10.5551611773604
6.94701086118218
6.6114821260121
4.7934502775079
4.77142099852018
2.40543170015421
4.77477574059505
3.5907164258972
4.53760025987921
4.6450933981305
3.5100018684084
6.3058908168087
5.14690428832599
1.45754126826897
2.53532153301994
4.05103048474262
2.80258292393502
7.5298010067726
3.06451695983664
4.69051916413156
3.50652025494675
4.48766837226861
3.83348564422339
3.03442823107426
2.27577375387302
4.12237330163615
5.97946744719385
1.56793784008365
1.36491501209015
2.56677098263457
5.98305097731986
5.5789544078867
9.88963752055199
2.8414987334218
2.99673498833618
4.25981331667175
0.861713270504874
5.10286804630039
4.55529549816928
5.06545685187404
0.305546255576873
2.89917316088868
5.7420199500203
3.18896660368571
3.740969052055
3.80257077198414
2.24617322753534
3.96132126038541
4.01837921767401
5.2283720021162
4.83540910603962
2.95104187662458
1.90255405825688
3.44400948559934
3.31165057159666
2.5637405995828
5.02837163758515
4.34967275476506
5.10359025137136
6.67209069503131
3.08695225341458
3.57989758234705
6.44447555190717
2.1361418646952
3.49063813104184
3.25061884417085
2.23709956578992
3.30831238657058
2.80707360552832
4.69736473887774
6.56490977378913
7.62856493449508
2.52453390523205
4.05527449896346
2.31290529349524
3.06271482103942
1.94022259831178
3.67127830946482
1.909650965966
4.60216634470289
4.5815863007435
1.05534853406372
6.30168335301579
8.12647630790776
3.02890580362133
3.22645194036399
4.98432993623066
7.06982883260014
4.62016717439326
4.27917133249341
3.56653181039654
4.22004814739897
6.5183451302708
3.79775063505293
3.03384982369723
3.49117342409992
3.7635656030262
2.76547621485427
3.42703089266222
2.12214443891659
6.28880411131277
3.63612269564882
4.78888583581612
3.99024796843069
2.29509446677329
2.14948552326198
1.91437069361565
5.08257081193771
5.80596261307064
4.52460175522785
3.33757514608405
2.41683040123443
4.12527430340774
7.3920966193035
3.3508610663271
4.45693573779126
6.57649654126856
6.56050042414654
3.96765334084668
2.15210699979556
3.98214902219697
5.55089778907649
2.81502548312013
7.94568714066814
4.26132194189856
6.59481582965312
4.46505453590677
5.04002597713743
3.71492789816681
0.305546255576873
2.39654796320002
1.91823460237604
2.42795943516223
6.04462815278071
6.81439044872714
2.97911188857434
4.69205975118794
3.98139511138604
2.83370417995778
3.62300238166288
5.22493814612764
2.42322638373594
2.34976385405959
4.44725777473773
3.25964289486999
5.5954747182765
0.404759243067092
4.08549259646441
4.84801330432652
4.63665148193519
3.00140895550091
6.68340431293432
2.24249715912193
4.63022837536676
3.8309127889389
1.98249396924969
2.28664411882824
4.12494453362373
4.85192942056532
2.46532107205289
1.46075312113929
1.12950693141095
4.55537099043778
3.5903940518367
2.49304502812377
1.70593745643337
2.6429454075046
4.17078512709612
6.69083897462324
6.68452877792492
3.83034464291467
2.08866608063911
1.72442087304836
3.64468267003755
3.02935415310788
5.84310533079015
2.45639331777191
2.00688074571162
6.64431601798058
3.30692315289758
4.0032992959044
6.35115227145332
5.62453661055147
4.25627630869703
2.01471819834707
6.55632282759772
3.82668048948147
2.28662797893328
4.51955242985175
5.51475099861955
2.11587302178802
5.58018338976999
6.93348585588626
4.79001683506535
5.29051290843821
7.60015298931952
11.9777874038683
5.99267592580825
1.86137417888432
7.37783793888766
3.67273978154903
2.16570404792732
4.44068135715249
3.91898430881603
2.4126053724006
4.91651273293451
4.98379236673555
2.30439548677002
3.0312426238973
7.44698166580184
2.65058443355451
4.97312694343341
0.305546255576873
3.5515047349731
1.24705167370451
3.1767664827976
3.2298579988602
4.06137602597725
2.8645941196547
7.76465069213124
3.3892456517841
3.58308712629648
2.88844347247084
3.89132843658703
5.35004801934572
3.43729660006169
3.92384882938548
5.8389624898505
3.39708853893486
4.13535624062856
4.97663953501698
4.00951833554837
1.5534121542433
5.94806711981974
2.77166517551362
3.34065979459974
5.03912431830108
6.21894591829765
4.85591875618248
2.90678956823067
3.78152963551209
4.18284112122573
4.26926264102922
4.10660514625528
3.10346131328044
3.71490079719721
1.75611004055706
3.24824935674234
4.15525177209301
2.57080385984547
2.07187148190393
6.35634762012455
3.81415001032182
6.50947524962081
3.32554714088915
6.22087368566676
4.24416604002099
8.83235780776107
3.86799398811966
5.03377380547016
1.70259076101738
5.48309170891432
2.76926294287161
5.58937190128069
5.15104637130404
5.89503979047451
8.59405870535095
6.39690794079048
4.41381521759167
4.84977241719151
5.34777362876716
6.27391184034041
5.88922659420169
5.47824020315066
4.65352853831626
6.02053181748591
1.71883920160339
4.37274296385011
8.04115501945013
8.61863412226713
2.10869446423764
3.35068667323319
5.19814797749038
6.99459972681515
3.53910856796873
3.9373145609628
2.39448081494304
5.84741465835753
2.98081013345252
1.73037695047995
4.54104152253956
2.50384939308047
6.13411664439973
4.09294577105795
2.53834909990518
5.49859394749323
4.75685167619549
2.85033861712856
3.45042679432798
4.97589656874695
6.51091696967711
8.01945558785274
1.62718918819816
2.20660088777837
4.0508671046737
1.11181089326971
2.10063948815556
7.24048680455159
4.590008340405
6.14875421496379
5.72111683856276
5.42997161490154
2.49368315042685
3.12101312509235
0.305546255576873
3.7550089685858
3.78763443271572
3.630056542179
7.17239976421976
4.61162349391342
4.46167173181874
5.88256395969876
3.14456052713246
4.83866816809612
8.85140712542445
2.76522044661705
2.32555744189146
5.35668810982641
1.66103376986639
3.00375704604222
7.61382886877197
2.5984060435491
2.2715487757199
6.27125632680082
3.10969568275704
2.40455302922844
3.89699979086624
3.24290924770933
4.74957210188585
3.21124154652045
2.11648146167711
5.11601607494056
5.60852830883212
6.89413078458147
5.03218074274194
4.25910153048939
3.71563794444822
2.76178171021973
4.00106632004037
3.73535129741875
2.54608944761506
3.03482649764003
4.47078103974803
2.44101981412231
3.45002022188124
3.18019494924552
5.87016056948651
4.97733198115908
7.78944310692913
1.4382404675321
4.59563894869131
5.39489666857102
7.19301336443301
7.15171264916019
5.47559733824047
5.00384017515199
3.22389318854382
3.08100266236679
3.85907771786913
4.76225077115787
3.50629505919891
2.94807055372167
3.24462228156612
1.37051949200546
3.20420413159907
2.22356405882979
3.39685123805807
3.94776763250441
3.85724547072802
3.2037809606485
1.91884300615986
3.80467330462456
2.87763622844158
4.40197094301541
3.84988574720541
5.80851281523771
2.71925569116968
1.22749928033644
4.46482582941629
3.04225094075279
3.96656915154607
4.12063086310905
6.05418849010621
1.46222945911354
4.56883758121479
4.22362644770171
3.84517909210696
3.44459630991858
5.13632217606397
4.22933917345257
5.21242991303475
4.7514566791338
3.89052710951193
5.50580235554257
1.50646134513523
2.88611709502424
3.25584296142342
4.06668960819075
3.16260970402572
2.14950705675585
4.95480807060956
2.83458991764825
2.83239893553822
4.51365855144721
4.3445207159412
5.09262277734482
3.82687644181966
5.47366221851045
2.15490666519585
5.17944695252509
5.50259922358942
4.99019117521998
1.68930743537784
3.9267118736276
3.9708947591005
4.89157445801533
4.00368738264368
3.58551099087894
2.4442544175715
4.08522860607308
2.33084356233251
1.81688061371605
4.02368058937238
3.50281056600713
5.41488151248064
4.38215770345332
4.53358800585678
4.20879584122214
2.48463167415895
7.11777018059095
4.6440163844091
4.29036596221619
3.8577022240489
2.80761099024572
2.96737817813094
3.36383625828947
3.56287878880689
2.12137917952977
2.19108017236322
3.44504855642817
6.82113946978856
4.39826959899528
5.05610411484031
3.23719460548995
2.9167797023734
0.855976121366533
2.81333924236476
4.5116813755242
1.72629424324134
2.85991377098052
4.54990338224064
4.99474544710605
3.76829812467589
2.60406398372332
5.56168315365193
3.34314804408777
4.76480724722436
5.88074531302025
5.60179236441391
3.49482406950647
2.20766678818365
3.30972473221095
5.28419687677811
1.29237170561607
3.55636500569586
2.32422968723667
2.25703569962749
2.23304426749784
3.9710929211226
5.49659620994839
4.05191992457483
5.44269374660814
3.90950311820296
2.28448429334113
4.14037173078616
5.91112974560358
2.39927030046276
1.12549732823404
4.13405617423846
2.28943488657225
2.93772864097676
1.50020718192315
3.20723697812155
1.77841922641553
3.60826582599253
5.13142488144597
6.17992057437912
3.23658658067611
4.16584587365534
3.68731118277755
4.69158408266921
4.68694421507725
6.1865613272482
2.48484024927231
1.43893804352415
4.15004685499991
2.19700980951969
3.29341075812286
4.22736087783495
3.8462342414034
4.76868982185517
4.94011068923304
3.04193355573951
5.44882922905264
3.1644297605565
1.38314020609371
1.7845394927908
4.10767752724553
4.90981374741276
2.73390537522684
4.90607998701624
3.95994013596642
6.64584080373739
5.08761636491219
2.65041964167264
4.08347068976302
3.58014465504425
6.22862464372478
4.1127183927303
5.84758586654487
2.55146572479598
6.11038002167388
6.88654463698274
3.61115310485669
2.07120315796635
4.12979620197618
5.68683150548775
1.6464703445663
3.04815936897759
1.22661271045239
5.44007861468438
6.01875778107352
1.76214026834048
3.94285266137911
2.4609772869587
4.1845487049991
3.48246010538855
3.77505169152619
4.09151754359356
3.51151893509958
3.7696386570998
4.03440923067685
2.93977275603586
6.64948447118396
4.64470596043251
6.02838064340249
0.676615815649873
0.703873096266263
3.77260658230524
4.2139789353242
4.47193503321081
3.16581400955316
5.65021883623944
5.66202635936251
3.04316176801081
7.88040262476597
3.25926178781601
2.62545788902541
5.75525999455569
3.45938513789855
3.44534133413929
0.770314946591842
1.36273390370099
1.60390019145327
4.02758719351159
2.29135421047227
0.977780677145861
2.96745800451379
2.60220673811289
2.713099236973
3.61556033167206
3.67152819872838
4.43698709672082
5.65874687339236
1.70915980121213
3.14263359637579
1.66942543492204
0.305546255576873
6.00421495890736
3.15807573371505
2.32990146315869
2.14650577329411
1.74406703873132
4.58289617949841
5.88992592877247
4.22891529102569
4.64862663271927
2.12331104749638
1.56975462775333
2.25530350374762
5.61984001347466
1.32578516475299
2.8711257697722
1.43101997875947
1.45618315538795
4.6773005712049
3.15722153873714
2.3961728143866
4.13328543727651
4.84960894281875
5.79353342441078
7.05446920729022
7.29487833185679
2.19445925312062
0.894734893774534
2.08945050510019
3.4848135369504
4.74752028046129
3.87726062431935
2.49837105406838
2.25705752480169
2.60360057504205
4.18593193778868
6.0299058603632
8.43592986279574
7.4722828372877
4.34156243160183
3.79093526302012
1.92903305670563
2.88463973227037
2.78240538764219
3.75383814143587
1.67288671693023
5.0134542577223
3.18282957826133
1.95541972201467
3.3318493611682
3.23378986539365
5.5480788056436
5.59089870494434
3.43380825336812
6.88028754849296
2.4369582632197
2.18817890300162
7.14537312542352
1.11253179665424
3.85606359420764
4.97635522707062
4.749074145134
1.59461816919897
7.07190964511426
3.75222794821629
3.25456563120099
6.66174494284054
5.21832492156528
1.00684830439319
8.86845171894647
5.07003533367987
2.89219808052821
3.75738439672328
2.11223436612553
0.91436031758513
1.27822658906873
2.35507818359502
3.66839434434506
6.3820151902985
5.68499213029787
2.48130543393391
2.5665026606753
1.1764067477941
4.11715187561214
5.02248591749437
2.83497453322212
1.20939579710821
3.60118708791389
4.17326544580823
3.50291931031045
2.19862747095761
6.43826653497925
3.5958086671363
4.61572082128972
2.47655518632943
2.15593416277285
1.65646792458013
2.73679482054609
2.96727021631032
5.15961006825552
2.81504377164239
6.08547359890588
3.09306051114477
2.41628102071567
7.0280615846373
6.56398766068595
4.81749989867408
4.30244058700027
5.30686939819369
3.96597764119574
5.97911745840749
3.91740572455088
