H3_JulyAug_Temp_Ave_z
0.87593025
-1.2122795
-1.6148395
3.35624
-2.169815
-2.3919235
1.0023715
0.3091255
-1.306114
-0.9376735
1.869028
0.92955
-1.1097095
-0.9821705
1.156447
-4.15616
-3.131115
-1.18062
-1.4187895
-0.4401255
-1.20359
-0.902574
0.9713313
-0.6566515
-0.7225345
-1.14605
4.22005
-1.500485
1.0085375
1.5074835
-0.3348915
-1.85621
1.0891445
-1.3654335
0.57259475
-0.220513
0.1044497
6.197075
-1.63894
1.377925
-3.31924
0.1650316
5.798425
-1.2567
-1.52639
-0.258037
0.33513
1.00765
5.219915
-0.795777
0.71343
-2.639375
-2.82534
-0.5160465
-1.241455
-1.006875
1.176965
-1.426765
-2.96686
-1.3024775
4.807675
-0.684445
-0.356827
4.169905
-2.529745
-1.193195
-0.48898305
-0.468093
-0.3214815
-0.5035215
-3.578325
-1.686105
-0.4298435
-1.344425
-0.9269065
1.85772
-1.26454
-1.2096265
-0.322824
-1.683735
-0.39808
-0.6428955
0.052593
-1.0113380395
-1.013472
-0.976047
-1.2422185
0.9261465
0.9295545
-1.967925
-1.34897
-1.726905
-1.2603015
-0.9490195
-1.69349
-0.1265325
-0.665373
-0.4678127
-0.890645
-0.950094
2.62968
1.1513049
-1.45071
-2.427395
-0.3557317
-3.17435
-1.587175
0.5488429
-0.4263655
-1.37699
-0.3058715
-0.928393
-4.76042
1.260462
0.864
-0.105189
0.4572945
0.9810855
2.45196
0.150325
0.61236
-1.1267735
-0.526238
-0.105725
-1.1077945
-1.684825
-1.377376
-1.59221
-0.60736435
-1.021038
-2.3693
3.615155
3.95281
0.940253
-0.466479
1.7480775
1.38192
0.00612500000000005
-1.433722
-2.18198
3.39914
-3.40063
-2.91656
3.206725
-2.53319
-0.588317
-1.09806
-0.2723988
5.939355
-0.4437
0.037801
0.021754
-1.62797
2.0352965
3.230505
-0.3001895
4.92222
8.106685
1.35939
0.9203195
4.18347
-0.664025
-0.6652815
-1.5482425
-1.58142
0.0393525
-0.887102
-2.0115
-2.312975
-0.7036905
-1.2104185
-1.902715
-0.558474
-0.557656
1.763205
-1.078798
-0.4749904
-0.574311
-0.8359865
0.851183
4.056645
-0.9846215
-1.0347005
-0.4382415
-0.6948925
-0.62177185
-0.075502
0.9271345
-1.106732
-0.6468925
-1.710555
-2.141065
-4.53412
-3.90662
0.44251775
-1.13802
-2.249635
0.443905
-1.7998555
-1.735385
0.400828
2.394935
-2.720805
1.184262
1.3320465
0.716119
1.3628425
-1.4706815
-0.8868615
-0.425186
-0.49725045
-0.580632
-1.4279495
-2.073255
-2.19252
-1.907915
3.774195
-1.2241085
2.594695
0.230611
-4.68982
-0.362856
9.33575
8.83247
-1.40177
1.58579
-0.7784945
-0.708141
-1.858365
-1.5381
-3.726465
1.1747364
-1.5311095
0.17506
1.075666
-0.239088
0.00943000000000005
-0.0844
-1.635075
-0.8605495
-1.657174
5.18047
6.651645
-0.4645565
0.663964
-2.12421
-2.721635
-0.8835895
-0.43593
2.77888
-1.912775
-4.174665
-1.143545
-0.6425465
-4.094785
-0.8830805
-4.36788
-1.5955735
-5.25952
-5.083055
-0.284598
-4.8393
-4.8383
-2.782025
-2.275005
-2.31956
3.745375
-0.1004725
-0.3227895
-1.44339205
-1.4369315
-1.208142
-1.643314
1.03075345
-1.0884985
-1.628288
0.1025435
-0.91401
-0.829057
-0.5458053
-0.013047
0.0265
3.980265
-0.3393015
-0.9910675
-1.203293
-1.3317805
2.05773
1.77301
-0.6371205
-2.404402
3.91349
-0.8015935
-0.21060675
-1.028578
-0.38435795
3.3794
-0.6263395
3.887275
-1.527893
0.594576
-2.94708
-3.49818
-3.28444
-1.057711
-2.008565
-3.397025
4.398595
7.122095
-1.50823
-1.0846595
-1.2494
2.711525
-0.51946955
-0.911235
-0.6946785
-1.5416785
-0.541596995
-2.33286
-1.70485
2.5907
0.8592695
-0.7968215
-0.62042355
-0.3156535
0.646235
0.2752755
0.5715555
-0.124997
0.8147093
-0.0636935
0.0572124999999999
-0.219296
-2.873485
0.864575
-0.463185
0.170534225
0.4277085
-0.13582745
-2.44871
-0.12689
-1.1219045
-1.250013415
0.1091645
-0.00171399999999999
1.552295
0.0323929999999999
-0.4855095
0.23135095
-0.7508345
-0.892345
-0.3483185
-1.876775
-3.67736
-2.73855
6.04306
2.541391
-0.0647465
-1.41981
-1.0416205
-0.535114
2.09026
-4.17482
-1.2201215
-0.0116255
2.957665
-1.319525
1.0687095
1.545285
-0.416665
-2.180605
-0.2329355
-0.3285935
-0.128995
0.0772600000000001
0.565535
-2.66646
0.4727
0.66286
-2.61779
-1.81984
-1.44257
-1.73339
-1.354685
-2.46753
-1.203795
-1.1737095
1.5921185
-1.111214
-2.69015
-0.4352283
-0.4408089
-0.773885
-1.605375
-0.09737
-1.653395
-1.062511
-3.606705
-0.0478635
-0.56829795
-3.764155
3.80069
0.482922
-1.663386
4.08888
-3.58923
-0.8368005
1.57359
0.6651365
-0.46463
1.2911305
1.735222
-0.5834435
1.238279
-2.814045
3.38126
-0.7019895
2.484965
0.7579885
2.97238
0.7367805
-0.563853
0.9047365
-5.20527
-0.86122555
-1.0148875
-1.0516715
-0.6399635
-0.5044135
-1.2546875
3.210085
-0.13831
-0.60733045
-1.7741685
-2.260215
-1.782675
-2.973965
-2.403625
-2.244
-0.13834665
3.07392
1.3870555
-0.8609275
1.4403625
-0.638273
-1.8292
-0.915163
-5.32443
-1.4746335
-1.691175
2.23739
6.29316
1.297765
-1.21939
-6.131385
-2.408245
1.919194
-2.30216
1.09579
5.42926
1.8474595
1.641895
0.248775
4.5149
-3.561455
-4.845405
-1.74073
-1.414325
-0.3325525
-0.049169
-5.4473
0.9793375
0.20354895
-0.21630465
-0.6482195
-1.1879535
-1.715905
-0.555095
-0.7713815
0.7524265
2.123655
0.367511
5.01686
3.787545
-0.583518
3.23038
1.617175
1.27971
0.2844565
-0.18212545
0.1851985
0.25250795
-0.3467645
1.3522915
-3.041425
-0.8487015
-0.9287985
-1.0070985
-0.47578655
-0.858468
-0.995016
-1.086073
-1.59885
-0.06910935
-0.08072945
-5.2605
4.45796
-4.535125
1.769
-1.480775
-2.90791
-0.733397
-4.089585
0.2750745
-0.4375755
0.552308
-0.00729500000000005
1.4946565
7.05189
-0.8186395
-0.701046
-0.8585545
-0.8314345
-1.0738165
5.22741
-1.0292625
4.48699
4.146555
-0.413855
3.891995
-1.978925
4.27293
4.73653
-1.130618
-1.761085
4.376855
-1.41083
-0.9033345
-1.1208085
-0.9095955
-0.95258
-0.133899
-1.07812
-2.501865
-3.39196
-1.5662015
0.816427
-1.5444855
0.446402
-3.33511
0.670754
-0.317751
-0.6313355
4.34096
-0.323869
-1.406095
1.0913815
1.409975
-1.038588
-0.67988
-0.8405775
-2.50312
-0.651581
-2.44357
-3.41323
-0.896956
-0.9557595
-5.859385
-5.718185
-5.65381
-3.22691
-1.81056
-1.25274
-0.855828
-1.173192
-1.338948
-0.152345
-0.4870255
2.298585
-1.4182235
-5.82403
-0.6903773
-1.2349875
-7.163115
-5.64831
-5.355685
-0.7974535
0.222026
-0.283775
0.6883745
-3.048545
0.84172895
-1.09022
-1.250306
-0.8395785
-0.6434957
0.2828762
-0.866809
0.590751
1.463111
-0.399417
-1.219895
-1.375595
-0.9965935
-0.7656385
-3.20238
-4.0188
-2.28904
2.46121
-1.1729315
-0.4260045
-0.762238
0.331847
4.065215
3.493105
4.07298
-0.731266
-2.259651
-2.515585
-2.006065
-0.7888155
-0.6050135
7.628505
-2.5693
-0.6168825
-0.716169
1.8288205
-1.013007
2.755715
0.1131355
-1.057827
-2.238615
-1.14158
-2.28184
-1.447575
0.044792
-1.1852185
-2.56799
0.27069
2.960965
-1.435505
5.234715
-0.7497115
-0.705954
-3.777565
9.016995
-2.456655
-2.78688
-0.9790905
-2.36427
-0.7732975
1.32391
-1.908525
-5.76282
-0.9986635
-1.295682
-4.0357
-1.294553
-0.723001
0.0214235
-0.4967895
-1.275444
-1.141534
-2.0243
5.360875
4.704885
-1.252218
-0.6055615
-0.2245985
-0.53546
2.230045
1.247727
-0.0887845
-1.035257
-0.7305785
-2.520025
2.18353
-1.8793
-0.563976
1.7369805
-1.121803
-1.880625
-1.6746
-2.226655
-2.0786
1.77472
3.57827
-0.8503217
-5.51172
-1.497615
3.16565
-2.0070935
0.8465435
-1.676815
0.4759765
0.4401898
-0.75281005
3.647885
5.41235
-3.753405
-2.279295
-9.409095
-0.89761335
1.610495
-0.893232
-0.982042
-0.0665749999999999
-0.6794305
0.558125
-0.8640375
1.9846385
-2.039805
-2.805695
-0.6239465
-0.513247
-0.5325455
-1.006398
-1.721195
1.1022075
1.3734245
-0.650767
-1.235486
-0.706986
1.990015
-2.291125
6.22879
1.91163
-4.65158
1.2558165
-0.6558245
1.16321
2.798555
-0.854066
-1.2886205
-2.657685
-2.328865
1.757662
0.877482
5.196115
-4.60592
0.25892335
-0.8695285
1.356205
-1.167329
-4.213615
-1.235546
0.75559
0.347351
3.745745
2.174765
-0.855154
-1.6454495
-0.5979365
-0.071344
-0.440558
-2.727255
-5.640205
1.5008075
-3.65064
-0.598668
-2.431185
-0.477382
0.1960985
3.58306
-0.7598945
6.52175
-3.81657
-0.002358
0.441044
-4.681285
-4.693435
-0.0388865
-1.67009
-0.7524585
-0.9419745
-1.5620675
-0.3481035
-2.271775
-3.69281
2.05133
-3.131085
5.069755
-1.38869
-3.45778
-2.303805
-0.914461
-1.75804
-0.683741
-3.46638
-0.2861315
0.027268
0.19978005
0.6031985
-0.460801
-0.326889
-0.0358265
-1.66198
-1.539465
1.696236
-1.84188
-1.264175
-0.8662025
-0.4811175
-1.4685925
-0.5877785
-0.1473135
-0.9014
5.764425
6.29588
4.34703
-0.4092605
3.901915
1.98491
-2.23846
-1.145805
0.335066
-0.232754
1.018888
-0.717108
-1.3541985
1.1107435
-1.543815
0.439144
1.42337
-1.034987
4.94792
-0.2619835
-1.710125
-1.021787
-1.26422
-1.19556
-2.02461
-2.01436
0.0782365
-0.3187425
-1.293585
-1.86737
1.1906405
0.756912
-3.867755
-3.534945
-3.27602
-3.2555
-0.8136495
-3.20089
3.30842
3.66184
-1.5076835
-1.264155
-1.367449
-0.6042415
0.92812985
-1.031567
-2.016325
-0.1676765
-0.2781775
-3.247775
-0.9032145
-0.3989285
-1.09787355
0.647921
0.562635
-1.229434
-1.4138675
-2.985325
-0.889417
-1.2700365
-0.8514205
-1.57444
0.40237685
-0.327191
-1.206085
-0.00803099999999998
-1.031772
-1.70578
-2.07717
-1.265429
-2.094185
-2.030585
-1.38533
-1.2233045
-0.467986
0.1415565
4.02761
1.248286
-4.494075
-4.84812
-4.83031
-1.712475
-1.83474
0.561756
0.478403
-1.565675
-0.6566555
-0.71038875
2.435805
1.86315
-0.3752535
-1.49215
-1.783767
5.663675
5.41844
-0.969226
1.6672215
1.167575
-0.182398215
-0.43919
-0.4157745
-2.15254
0.920772
2.839425
-0.1407795
-0.1965125
-0.7229805
-0.7845835
-2.109745
1.569345
1.3818295
-0.932662
-1.6196735
0.606391
-0.59982835
-0.688522
-0.79047
0.036305
-1.21011
0.8962925
-3.337905
2.073527
-3.07982
0.978008
2.242105
-1.45044
8.21688
-0.903383845
-0.906668
5.76896
1.12079
1.1271745
-0.456857
-0.145196
2.119595
-1.1636705
-0.913348
-0.629378
-0.31451865
0.0239475
-0.303961
-0.972978
-0.85232
-0.1436185
1.97908
-2.3985705
-0.780563
-1.6038105
-0.180456
-0.9539585
-0.981091
-0.9746355
1.624165
1.4893545
2.26865
2.109105
2.55347
-1.45227
0.72467775
0.5360195
3.748685
-1.358453
-2.112315
-0.2990925
-2.7158
2.55072
3.853215
2.35467
1.2331195
-0.33244085
2.45511
-0.868512
6.442575
0.276486
0.4361455
0.4366495
-1.1683385
-0.90611
2.61244
-1.376895
-1.851985
-0.1898005
-0.720747
-0.26973285
0.86165
-0.4326955
-0.426256
0.4420535
0.0274249999999999
-2.0822105
-2.326385
-2.207885
0.409457
0.4192105
-4.694435
-1.072505
-1.132927
-1.961295
-0.8649405
1.173321
1.26286
4.999975
-5.24598
-2.559845
2.434957
-1.305755
-0.65381
-0.595224
6.50735
-0.748656
-2.834665
-3.11625
-0.262391
-0.9662765
-1.148545
-1.91099
3.30679
-0.2736635
-2.345415
-1.400376
1.214265
1.3016175
-0.758969
-0.442145
3.907515
4.288855
-1.47457
-0.4441985
2.93788
-1.130535
-4.294765
-0.6432095
-2.54513
-0.28182
-1.448275
3.20015
2.85329
-1.605298
-0.8429185
3.32555
-0.933727
-0.5097875
-4.839175
2.22233
-1.96546
-1.733875
-0.962045
-1.352885
0.933927
-1.767
2.103235
-0.6138995
-3.264645
-0.2413615
-0.9829905
0.1641685
-1.387735
-0.834389
-0.464543
0.3919605
0.1666021
2.287405
-1.122473
-0.9661525
-2.19534
-1.20205
-1.2592175
-1.155183
-1.07842835
-1.6961025
-0.6079575
0.9415165
-1.896655
-1.610685
-2.524625
-2.390216
-1.34187
-0.7619105
-0.0569494
-2.544355
0.340224
-1.03947
-0.834543
6.13391
-1.47223
-0.4866705
-1.26483
-3.81573
-2.504125
0.3147415
-1.36827
-1.1977445
-0.907688
1.82727
-1.932305
-2.13363
3.653465
2.59953
4.94254
-1.29792
-0.697607
-1.4300885
-2.101045
-0.06245
-2.62089
-5.410445
0.6719054
-1.5301295
-4.7048
-2.68554
-2.308005
-1.890365
-2.007335
1.4799595
2.835475
-0.9307295
-2.411865
10.40641
8.318405
-0.0256855
1.679385
-1.298385
0.3318565
-0.085131
1.9788
2.58853
3.22313
-0.82350595
-0.6612805
-1.74415
-1.65922
-3.93363
3.506675
-4.310665
4.16927
1.1855025
-0.8066
-5.284975
-5.062545
-0.559244
-1.88197
0.269997
-2.016645
0.894882
0.42311536
-1.08057
0.1128495
-1.56732
8.32358
-0.7790385
-1.69336
-2.02428825
-0.5919975
-2.49829
-0.899499
-1.11085
-1.206455
2.835065
0.6224755
-1.97253
-0.774588
0.522755
-2.53893
1.2615975
1.267178
1.81355145
-2.860175
-2.007765
7.33076
-1.0612025
-1.0251055
1.36373
1.23419
1.1736815
1.613255
1.0316705
-0.851982315
-1.022386
-1.055306
1.78777
-0.000993550000000003
-1.776245
-1.0454615
-0.5862595
-0.983407
-0.507147
1.4937
0.209448
-5.26335
-3.47237
-0.948826
-1.72814
9.176925
-0.1441075
0.7333345
-1.74286
0.914298
5.023675
-1.813645
1.303282
1.041588
0.852436
-1.0262855
4.51554
2.36149
-1.861595
-1.764049
-0.58771745
-1.38037
-0.6962615
-0.059838
-2.5774765
2.801595
-0.3869435
-0.6050205
1.99079
-1.749085
-1.726785
2.598125
2.752915
2.72164
0.5155
3.99596
0.8369625
5.14448
-1.63664
3.48269
-1.797175
-2.39785
-0.9201305
-1.66715
1.9944495
-1.57381
1.77248
1.718529
-1.3342925
-0.6251775
1.24756
0.45030135
-0.310384
-3.16004
-3.33587
-0.5378692
0.7603275
-0.4083275
4.29228
0.2289976
0.198915
-0.266066
5.128795
-3.633415
-3.4699
-0.8704075
-3.76676
-0.8652875
-0.8045485
-2.882995
-1.329895
-0.1596505
-0.5098475
3.800975
-2.038935
-0.7271445
-0.3905465
-1.923345
7.36556
-1.50015
-0.8060365
-3.757465
-2.4616395
-3.477645
-1.343685
-0.565037
-0.539485
2.492085
-1.32173
-1.83699
-7.62455
9.42315
0.527861
2.25246
-1.432415
-0.864722
-0.163745
-0.432341
-2.610825
-0.323134
1.488595
-1.349201
-0.751636
-1.168395
-0.056027
0.988234
-2.299245
-0.607083
-2.489155
-1.4592475
-0.9783315
0.056612185
-1.940245
-1.73177
-1.61523
-3.287325
-2.46564
-0.31035295
-2.4203365
1.430008
0.099974
0.8031355
2.3509
3.16918
-2.097885
-4.0719
-1.774725
-1.850495
-1.638075
6.648375
-0.4300955
0.398355
4.380055
-0.6826825
-0.889653
-0.489513
-0.580285
3.892225
-1.158885
1.512975
-0.545529
3.554205
6.234175
0.6468385
-1.093209
1.1644385
4.41467
-1.269706
-3.610375
0.1271791
-2.08571
2.4934125
2.274303
-1.28536825
-0.632189
-6.578435
0.5620865
-1.4566615
-0.173376
2.238053
2.8249165
-3.06518
3.36407
-2.09008
2.980605
-2.26145
-0.2969145
-1.702565
-0.5430675
-3.362915
-2.73391
-2.788525
-1.00402
-0.9946535
-4.46044
-2.24951
-0.51397235
-0.030487
-0.1371091
-1.319715
1.286912
1.892995
-0.6115265
-4.559625
-5.024675
-0.795211
-0.944344
-0.6857745
-0.542414
-0.0726555
1.0419095
-1.722715
3.18201
-1.830368
-0.986311
-1.202873
-0.769412
-1.384145
-1.09776
-0.373625
-2.46433
-1.08713
2.07254
-0.4698986415
-0.233972
-3.013895
-0.0730799999999999
-0.540447
-2.012655
-0.9522865
-2.46621
-2.88018
-3.79168
-0.966863
-3.173105
-0.4633415
-1.324075
-0.9142035
0.6590545
-0.596061
0.0340815
0.440907
1.797244
1.403039
1.0222359
0.0843335
-1.528015
-0.889642
-1.833765
0.01549735
-1.535745
-0.6822385
-1.966809
-2.63226
3.00428
-1.245965
0.550244
-0.6339605
-0.696268
-1.388358
-0.950637
4.63162
4.060135
-1.63084
0.84407
-0.851775
5.49796
-0.09120205
-0.855187
-1.26754
-1.0264335
-0.9947725
0.054407
5.01231
3.691945
-0.5885845
-1.2528505
2.61453
2.030955
-0.6399845
0.360464
-0.198547
1.78033
-2.9432635
-0.540676
-4.782525
-5.264405
1.583355
-5.897615
-1.493795
0.8469985
0.146837
6.124925
3.929935
-0.5537115
-2.52475
-2.35162
-0.575927
-0.03425
-0.228779
-1.773835
4.56017
-4.16778
1.380305
-1.85232
-1.015349
1.947855
-1.763385
3.250685
-0.8936925
5.50539
-0.771768
-4.036305
-2.957985
-0.1471397
-1.344685
-0.816768
-1.042766
0.241122
-0.678167
0.01903205
-1.399489
-1.82162
-1.1625555
0.4720125
-0.111805
-2.847245
-0.6092665
-0.329984
-1.536747
-0.6786615
-6.21674
-0.412116
-2.38287
2.03854
-3.59689
0.65711115
-0.8041425
2.5364
1.39202
1.4168235
0.53749125
0.1851935
1.2846225
0.8381245
0.4429475
-0.0764415
0.548621
1.3256115
0.0146515
-6.061455
-1.044665
5.46477
-2.07656
3.21356
-1.25304
-0.729155
1.097613
-0.7620635
-0.8473305
-0.6293545
-0.853905
1.457205
-0.9484525
-0.651412
-0.680855
-1.964025
-0.7804145
3.612485
-1.66606
-0.1372465
3.661145
-0.6196415
1.6295405
5.526765
-1.93825
4.50066
-4.47697
-4.445925
-4.27156
-4.17319
-3.44839
-3.29554
-2.288555
0.685494
-0.8248147
-1.0539
-2.09364
0.011369
0.3308424
3.725765
-0.018435
2.22534
-0.309774
-1.57917
4.512935
2.97834
-0.988427
-0.827217
1.373815
-1.524835
-0.270928
4.60072
-4.45778
-0.355394
0.44240665
3.15796
3.86986
2.289905
-2.861105
-5.210815
-2.2892345
-1.212325
-0.138362
-0.776495
-1.0594125
-0.787407
0.1012615
0.764506
4.907475
-2.03385
2.7104775
-2.2033195
2.6058
3.125585
-3.070685
-3.39461
-1.389876
-2.966255
5.147065
3.178665
-0.972735
2.208055
-1.565095
5.343525
-3.00707
-2.517681
-2.723155
-2.29791895
-0.9465095
-2.017805
-3.296395
-2.031125
-0.610842
5.257505
-1.9824885
-0.5171195
-3.07348
-0.688994
-3.27398
1.488115
1.1302165
-1.50409
2.35165
4.404795
5.081875
1.77118
5.28013
4.85457
4.38276
0.195759
-2.52831
-2.828965
0.0656565
4.1688
-0.194001
-1.52002525
0.7442075
-0.19079015
-0.1446
2.173305
8.78768
6.300955
-1.976075
0.811253
-0.0833975
-0.3897349
-2.277835
-1.913965
-2.97902
-2.241485
-2.007225
-2.1739565
-1.0825755
-3.199685
-1.678165
0.423722
-1.08979
3.20096
2.794545
0.7276765
0.5394665
1.97641
-2.868425
-1.4020225
-1.4064055
-1.4460865
-0.61092485
-0.503595
-2.65092
-4.97064
0.750388
-1.869365
2.339
1.97553
-1.752875
0.338895
-0.0887745
-4.04634
-0.9841275
7.60354
-3.459545
-3.82384
-1.65658
0.891609
-1.0512425
4.753645
-0.6743415
2.2426525
0.086079
-1.227448
-1.5920355
-3.52252
0.6526655
0.553987
-2.044765
-0.903218
-4.551205
-1.4505975
-0.6100305
0.198321
-3.039075
1.7431295
-0.670065
-1.254885
1.0980215
-0.78388
2.313205
-0.7236325
-1.102921
-0.6680354
-1.731644
-1.230183
-1.155162
-0.58070485
-1.3785715
-1.562044
-0.8749135
-1.471056
-3.83587
3.58465
-2.9399
-0.902221
0.382221
1.894945
1.0044733
-0.13646
1.723785
-0.358192
0.4074125
-1.82098
-1.0704502
-0.912693
-1.51427
1.161545
-3.4981
-1.2828165
1.01336225
-2.156365
-1.8115055
-3.045885
-2.1234625
-0.9242655
-3.83701
-1.18580655
2.0413985
1.97428
-1.76962
-2.032485
1.001088
-0.0704295
3.34596
-1.28937
6.519995
0.609201
-2.732515
2.1156745
-1.93546
3.1586
7.072495
2.594595
2.536335
2.253225
-1.88517
-1.026402
2.62539
3.7536
-0.6693406
-2.132505
1.55477
-1.30407
-1.192615
-0.787614
1.64497
-2.297159
-3.482255
-2.026555
3.637515
-3.852775
-0.4224615
-1.1596435
-0.344603
0.4247925
-0.8310335
-0.31938035
2.36465
-1.2270915
-1.477345
-1.5267065
-1.240209
0.84706
-0.5134095
-0.0161645
-0.111002
0.245421
0.805496
0.1433905
-2.3689
-1.78423
-1.48911
1.1744
-0.423705
0.18616
-4.20063
-1.78938
-1.695585
3.30392
-1.201365
4.761465
3.78788
-5.33715
-5.076005
-2.780444
1.131117
0.525367
-1.0686655
-1.61741
-1.256875
-0.6805115
-0.4056835
2.263505
-2.12496
0.553869
-1.3246885
-0.4974415
-1.80908
-2.550555
2.114035
-2.0812055
-2.6925465
-0.2120505
5.56975
-2.361235
4.349525
-1.742915
-3.576885
-2.697825
-1.075929
-1.59707
-0.7694535
-1.69544
1.47359
-1.350885
1.76097
2.01467
-0.7756925
3.51356
-1.81204
-2.06874
-1.853675
-2.13176
-0.087098
-0.10657665
-2.91312
-3.24533
3.42124
0.047525
-0.8551485
-0.9299975
-1.2571315
-0.4648015
0.87442
-1.979335
1.11211665
-2.23594
-1.0214045
-1.907035
-0.74625
1.7956435
-1.659405
-0.8189905
-1.226105
-6.3324
8.19500000000008e-05
-0.25949975
1.655105
1.046397
1.3461615
-2.43572
4.790055
-2.86145
-0.5003755
9.53216
3.543235
-0.9447955
-2.6825535
0.8158785
1.642515
-4.90983
2.888375
1.69369
-3.953525
-1.9121
1.417815
-1.43765
-1.497795
-2.449102
-1.004715
-0.974499
-1.3774465
-0.873088
-1.81698
-0.2704898
-1.3537905
-0.99049
2.19661
1.981545
-1.30283
-1.027188
-2.292885
-0.9066805
-0.93422
-0.774574
-0.895468
2.4636
-1.024655
-0.7260175
1.8010865
-1.398145
-0.5409935
-0.2959654
-0.7856205
-0.9144385
-1.61992
-0.366168
-1.07021
-1.014822
-1.014817
-2.6811
1.6712205
-1.302565
-0.558319
-0.649787
-0.2229975
-0.107033
-0.232248
-0.16951645
1.114903
-1.402694
-2.207547
-0.8486135
-0.574367165
-0.1822265
-1.499285
-0.7352565
2.165565
-1.262458
-1.1071705
-1.559045
-1.18506
-4.737545
-0.702528
-3.46062
2.1801475
-2.604225
-0.0217355
-2.54724
-0.669106
-1.485925
-5.29528
-3.933865
1.055322
2.312645
2.402045
1.5456755
0.532768
0.8064465
-1.820395
-4.515965
1.8543355
-3.83716
-4.74853
-0.9140265
-0.5521405
-1.575145
3.638655
-0.44912
-4.42527
-4.479975
-2.96073
-5.08589
-5.30793
-0.288726
1.643359
-3.158865
-0.433308
-1.668295
-0.4506945
-1.77904
-1.241946
2.1640335
-1.439732
-3.33495
0.0684345
-1.60538
-0.534821
-2.470135
0.877566
-0.462016
0.7806155
-1.070065
-0.2423745
-0.65335
-1.50619
-0.1582055
-2.372855
-1.759385
-1.264785
5.30517
5.839695
-0.6164055
-0.8531615
0.2965325
0.518272
-1.25626007
-0.7437365
-1.73235
-1.484735
0.0277500000000001
-0.66635
-0.539036
-0.764386
-2.61006
0.424297
-2.732235
-0.575655
-0.680247
0.27172
0.843735
-1.91626
0.1032875
0.8185375
-4.72358
-1.27004
-1.333035
0.141353
0.429481
4.45748
4.04115
4.727305
-4.287315
2.27988
-1.46872
1.019145
-0.05214385
-0.531195
5.143785
-1.233855
-1.630475
2.873035
0.428725
0.384356
-3.197065
1.346582
0.6618575
0.568367
-0.1698515
2.141155
-2.06687
2.31899
-1.4379805
-0.949033
1.47652
-0.5743925
1.357335
-0.338825
2.870445
-0.551415
-1.34798
0.099477
0.316275
-0.49881
1.863655
4.679835
-0.921308
1.556297
-0.8912175
-1.455205
1.188006
1.45635
1.68985
3.49265
4.287015
-0.8522239
-3.95771
-3.5982855
-0.7380935
-1.938985
-1.231841
-0.1896625
-4.30261
0.3383575
-0.213302
-2.82684
-2.724415
1.12532
-0.79176
-1.281385
-0.8619695
-1.8968
-1.950546
-1.35934
2.61648
-0.9225435
-1.47091
0.209432
-1.1704465
-0.6449305
-2.55932265
0.796312
1.593867
0.615455
2.14791
-0.625278
-0.579247
5.035005
-0.2391985
0.9249695
0.26488595
5.41674
4.91095
-1.894233
-1.414238
-2.719485
-0.204784
-0.9445205
2.6697
-1.959845
-0.286577
-1.494135
-5.113175
1.61495
-0.412092
0.5941725
-0.993082
-2.72465
-1.106515
-1.091475
-1.476947
-0.690228
-1.903925
-2.095647
-2.217955
-0.927393
-0.725762
-1.26587
1.11332
1.2466765
-0.8672735
-0.019067257
-2.0471785
-1.537065
-2.13048
0.4778195
2.32554
2.403475
-0.841127
-1.800855
-2.05714
2.16386
-1.376515
0.4843475
2.597161
-1.215695
0.95414
3.4584235
-0.788564
-1.2241205
-0.965078
-0.04777
2.731065
3.572725
0.801967
-1.151465
-0.7226685
1.535965
-1.985215
-2.598585
-0.795159
-2.37517
-1.393449
-2.06802
-1.43957
-0.6541145
-6.687495
-1.3664
-3.01521
-2.781235
-2.31126
-3.212555
-2.85266
0.289765
-0.8230245
-0.6538415
-0.5299935
-0.3374575
2.947575
-1.1890995
-6.12527
-2.680715
-0.4882886
0.7271702
-1.0457415
-1.9371575
-3.53871
-1.1878805
0.403357
-0.8754035
-2.21696
-0.06639785
-0.941719
-1.41705
-1.479021
-1.1593855
-1.0175835
-2.1003685
-3.14444
-1.13151
-0.37431385
-3.63476
-0.5621385
-4.503605
-1.390685
1.986132
-1.38819295
-0.4189094
-0.781338
-1.64066
-0.718895
-0.837607
-2.056175
-3.39604
-0.7359285
4.081495
0.345998
-1.76147
-2.485515
-0.579049
0.2403791
-0.47323166
-1.0648855
-1.52053
-1.140955
-0.3611065
-2.400385
1.215818
-1.29592
-2.926545
2.7172
-1.308559
-1.48006
-0.583542
0.995775
2.21987
1.609935
4.906395
5.368685
-0.8932445
-0.100012
-2.97112
1.947025
-1.95693
1.37366
-1.3185875
3.190905
-0.691508
-1.5045635
0.751567
-0.4878145
-2.38792
-1.1987755
-1.31249
-3.187025
1.0255855
-5.573495
7.31839
-1.171538
-3.226165
-2.01074
-0.889281
1.379215
-2.310075
-0.606523
-1.16045
6.717635
-1.4360165
-1.89457
-1.47483495
0.5685835
-1.57808
-2.68182
0.1351925
-1.5686195
-0.0479035
1.112569
7.339615
-2.84073
2.53378
-0.70058
-1.6278545
-0.4582445
-0.3346115
-0.7720985
2.67591
-1.1793375
-1.50817
-1.0390095
-0.904698
-1.17372
-0.1798035
0.141094
-1.21351
-2.8347
-1.684725
-1.90868
-1.7385255
-2.21742
-2.984415
-1.78759
-3.212465
-0.097563
-0.022835
1.1012375
-3.73211
-0.6355765
-0.545954
-1.0987755
-2.59685
-1.37908
-4.30981
-1.4706665
2.339495
-1.984765
0.4597755
-0.8515095
-1.2423425
-1.83472
0.28716
-0.5111815
-1.1730025
6.458025
-1.542615
-0.7872465
-0.5343285
-0.5939365
-1.945855
1.652715
4.004855
0.1381056
-1.18497
-0.93925815
-1.146945
-0.507485
-0.67368155
2.197895
0.207617
-1.0536125
0.552127
-0.4298055
3.66026
-3.625655
-1.0950505
-2.652535
-1.176125
-1.314949
-1.69455
-1.973735
-0.4404875
-5.52671
0.705756
-1.340895
-0.589946
-0.339349
-0.7922465
-0.91988
-0.9984805
-1.813515
0.9203265
-2.076655
1.376861
0.34806
-0.7266135
4.863275
-1.27393
-0.4655125
-0.84671
-1.98577
-1.020004
2.932595
-1.18801
2.268055
1.994735
-1.2735935
-1.962495
-0.83617
-0.8555135
-0.696207
-4.16658
-1.2560295
-4.582785
-3.31552
6.292225
-3.78697
-0.2432605
1.54097
2.100345
-1.29367
1.3992475
2.128655
4.31582
4.25355
-0.5777975
5.539855
-3.571965
-1.48422
0.695274
5.18603
-1.999905
1.081956
-0.7232915
-1.537215
-1.296735
-1.360245
1.585115
-3.93007
-0.6996045
-0.6897
0.0613454999999999
-0.6762015
-0.8020755
-1.810188
-0.755428
-0.8907385
0.943449
7.6327
5.711145
5.03506
-0.9939635
-2.19897
-4.27071
-3.928475
5.08962
-1.664755
-1.52698
2.355815
-2.11288
-1.8786235
-1.34374
-1.781635
-3.189785
-0.8503615
0.727557
1.0189225
-1.070252
-1.069441
-3.981925
-0.382391
-0.0898364
4.881045
-1.0826475
1.117574
-1.2057215
-2.076145
-0.8450765
-0.9145345
-0.4490982
0.8139685
2.546415
-2.369285
-1.41154
-2.835825
-1.34012
-3.749955
0.0974875
-0.639346
4.28712
-0.727287
-1.245665
-0.14189821
-1.42102
-0.2543275
2.88587
-1.2376915
2.5883405
-0.3209845
0.5396059
-1.57282
-1.1833455
-0.98421
-1.131384
2.41496
5.584565
-1.30728
2.760485
-1.085624
-2.162555
-6.52479
-1.019111
1.483294
-2.786075
-2.04514
-0.085548
-0.3191135
1.711575
-2.049805
-1.0379775
-0.9981465
-1.476429
-1.48931
-1.667015
-1.1812
7.35265
2.803185
2.004425
1.936155
-0.430054825
-0.4507155
0.6120035
1.0100945
0.1430225
0.587994
-1.9413135
-0.624248
-0.19075445
2.2336535
3.17283
-0.4879475
-2.4866
2.94258
0.5065705
-0.75441
0.4845125
2.75172
-0.374874
-2.81914
-1.440485
-0.4619
3.269455
-1.0271695
1.188429
-2.6947
-3.958395
4.70752
-1.54875
4.36991
-0.9100215
-2.50945
-1.299345
0.6924485
-1.623405
3.88322
3.687125
-1.40269
1.27075
1.235615
1.1841075
2.928705
2.161845
2.27197
-1.875855
-0.04882408
-2.223485
-3.231385
-0.6850475
-0.54692875
-2.6204
0.62919505
-2.600225
-0.1834755
3.23246
-4.22685
-1.41326
-3.701985
4.647095
2.00423
-0.7685855
-0.4407835
0.947404
-0.4479475
-0.4176295
3.851265
-5.264615
1.78754
-0.533936
-1.2124475
-2.81258
0.863865
1.003728
0.38578
2.755125
3.5826
3.418085
-1.3880525
-0.23878555
1.71658
-0.798591
2.758225
1.999965
-0.6279255
6.80552
0.2676925
-0.5325695
3.002145
0.1957525
-0.5319942
-2.569035
-1.8862755
-2.015569
0.359825
-1.957525
7.786485
-1.0154595
-2.64018
2.98343
-2.395335
1.88008
-0.25315583
-1.882305
-1.799565
-0.9011375
-1.094122
-1.46876
-2.184585
-2.31435
-1.9574445
-1.4532435
-0.480487
-0.996107
-3.345415
-4.48392
-3.57805
-0.7916835
-1.024983
-3.21315
2.99844
-1.78263
-0.662125
-0.8566735
-1.480045
-1.7087115
-1.388801
-1.795195
-0.925842
0.6921535
3.53159
-1.63899
-0.2429785
1.1273365
-1.949865
-1.7164685
-4.02228
4.773185
-2.280835
-2.465405
-0.50414445
6.847155
-1.8271965
-1.389545
5.67783
-2.424102
6.17142
2.32008
5.28398
-0.664027
-0.1378
-3.055945
-0.0415875
-1.93509
1.27631
1.4538645
-1.432995
-0.7879875
-0.992359
-0.2172465
-0.932558
-0.3720425
0.3832775
-0.6424255
0.67656
-0.0775049999999999
-1.09206105
-0.3011335
-0.0316905
3.95767
0.506616
-0.502143
-0.05301
-2.65495
-1.0155085
-0.99546
8.155005
-1.0161825
-4.918965
-0.518247
-0.353972
-3.88662
-3.659905
-1.021669
-2.91637
-1.42759
-1.66925
-0.6982895
-0.366192
-1.487435
-0.690102
-1.643825
-3.83275
-0.66654
0.263875
3.187195
-0.858375
-1.606085
0.10661695
-0.4922445
0.098125
-1.96917
0.6160875
-0.788362
1.098305
1.680211
1.97797
-1.334245
3.157175
-0.276635
1.81875
-0.954698
3.114505
1.1395495
7.84341
-1.583485
-1.278505
0.4660215
-0.54982
-0.7384325
-0.00335200000000002
-0.8090595
0.6567705
4.63627
-1.93155
3.515055
4.27912
-1.2449275
-0.9309615
2.44534
-0.7612575
-1.0550245
-0.4444175
-1.427775
-2.312365
-0.85855
-1.9273605
-3.933185
-2.61887
2.89072
-0.304513
-1.28756
-1.63164
-1.742545
-1.85866
-1.84442
-2.19253
-1.2340315
-2.193725
-0.381243
-0.8567645
1.6856095
-2.193135
-1.408316
-1.365252
0.2576135
-0.9503775
-1.0382275
3.48986
1.10714875
0.976245
0.4931665
-1.635475
-2.3456
-2.0712345
-5.15272
-0.779374
-1.944175
0.2127755
3.192665
1.81479
2.098365
1.262248
1.376181
0.301065
-2.19424
-2.15354
0.1342507
-1.82521
-2.414375
-2.735665
-2.706645
-1.658955
-2.686865
-0.0503505
-0.7538345
3.08405
1.08107
0.7078235
0.7900945
-1.0054935
-1.463465
0.16308
-3.280915
-0.646392
0.3316235
0.0401465
2.4942565
7.418205
3.437155
-0.1008485
-0.880538
1.415471
-0.6160645
-1.1370595
-0.789405
-0.654173
-1.0623745
-1.46017
-0.5936641
-1.771735
-1.0349745
-0.2951495
-0.3088676
-0.7143955
3.50707
4.364955
1.482452
1.007047
-0.3600795
3.12785
-0.8520004
-1.7951465
1.359595
1.799828
-3.65733
-3.348615
-2.30317
3.22092
3.687655
3.457681
2.35317
3.62424
3.02054
-0.8824515
-0.78514
-0.300396
-0.250957
-4.146351
-1.2270607
-0.1337382
-0.29125505
-0.5127135
-2.34361
8.796305
-1.0630265
-1.1451465
-0.9774675
-0.40814
4.508845
-2.630805
3.52581
3.462915
-4.39192
-0.38576
-1.663275
1.3415265
1.1361075
1.38516
-1.28918
0.9828705
-0.781472
-0.09108845
-0.484397
-0.3880505
-0.3462338
0.679298
2.88226
0.679318
3.265935
-0.2965075
1.726329
1.925967
1.4939615
-0.036211
2.23713
-2.85289
-1.055145
-0.2267295
-1.476255
-0.8723285
-0.9346255
2.61642
-2.700305
-1.67674
-1.691935
-1.830445
0.1027985
-0.493889
-0.3404265
-5.1787
-1.0312145
-2.3638065
-0.5055505
-0.42352
-0.61731
-0.477244
-4.379655
-1.5165895
-1.996786
-1.8403
-2.51717
0.2959285
1.344381
-2.247265
-0.913175
-0.858436
-1.391122
-2.379265
-3.657375
-0.7779995
-0.382782
-0.385738
1.605578
-4.228435
-2.116735
-1.0180165
-1.477205
1.213431
-2.180735
-1.653613
-2.117575
-1.13299725
-1.4721825
-1.501044
0.47323205
3.4723
0.6428045
-0.6966745
-1.116935
-0.93738875
-0.9013725
-0.6852565
-0.469965
-0.7653125
0.577907
-3.27813
-1.077055
-0.3624244
-0.40254235
-1.50279365
0.193987
-2.26529
-4.60235
2.773695
1.314095
1.0763015
5.505535
-2.23303
-0.905895
-0.295246
-2.04217
-2.77346
-0.7614555
-0.0296005
-0.681351
-0.053554
5.808105
-1.036498
-1.0161035
0.198435
-3.50153
-3.74327
4.907905
-0.51098405
-0.5393585
2.32838265
-0.8577185
5.130835
-2.3488
0.8043335
-1.24611
4.610555
-0.8657685
-3.543155
-2.188295
0.5297339
-0.6705255
-2.625455
-0.8832595
-0.7597595
0.7842295
-2.78124
1.749177
-0.89403285
-2.1126895
2.559435
-1.0886955
-1.1506685
1.383418
1.6044
-0.24312
-1.35991
0.8002145
1.635255
2.146475
11.20205
-4.251825
-4.978535
-1.768165
-0.4128665
1.951025
-0.792373
-2.191705
-0.5235155
-3.106095
-0.62959
-1.386355
3.67909
6.18417
0.4637715
3.05295
1.55979
4.028755
-2.474465
-1.94076
-1.74753
-1.06689
-1.536345
-1.32142
2.828155
1.80996
1.2787135
-1.850888
-0.7868575
-1.15378
-0.6974845
-0.6280995
-1.365761
-0.922855
-0.7704255
-2.9557
-0.22360605
-0.8235155
-0.7917005
-0.740488
-1.64028
-0.7528035
0.493188
-1.412195
-1.389365
-0.48561345
0.634169
1.740655
-0.906008
-5.489645
-0.8784835
-0.7315575
-2.97767
1.037765
0.531951
-6.05608
3.773785
4.872195
-2.604475
1.730015
-0.6917171
-1.128968
2.09057
6.299815
3.38567
-2.203175
-0.7265415
4.669975
-0.896017
1.43238385
-0.9175225
0.7073715
3.175405
0.8417515
1.554328
-0.6264
-0.6915035
4.99109
-3.72106
-0.7344525
-0.4182105
-1.2585965
-0.543346
-3.02662
1.5166228
-0.7017795
-0.8341954
-0.5997415
-1.49907
-2.130555
-1.1090368
-1.4425635
0.347928
0.8199907
2.194375
1.3976395
-1.3264035
-3.902625
-5.026705
-0.2084715
-4.236445
-1.6953095
-4.484435
-0.34251175
-1.252095
-1.18945
-1.454835
-3.221595
0.516421
-0.6641585
-1.1660265
-1.58374
0.265074
-1.849655
-0.540991
2.36034
3.23191
0.639603
2.517145
1.6536
1.625005
-2.72388765
-0.990045
1.659109
-1.37686
0.677142
1.0827425
1.308435
-2.76016
0.51461
0.5128728
-1.44982
0.379399
-0.0291183
-0.852153
-1.467205
-0.190168
-0.4394565
-0.9113815
-0.4860745
0.651633
-0.6464765
-0.4400805
-0.7433795
2.17262
1.533495
-2.1772055
1.5014345
3.26209
-2.596735
0.5249665
1.034724
-1.30916
-0.6638445
-2.494485
-1.0133175
-0.72946
-0.01342855
-1.337569
-2.419975
-2.142425
3.06277
-3.858855
1.218
0.4449495
0.7448835
-1.169497
1.22426
1.639015
-2.10491
-2.140565
1.90103
-0.7226005
-0.856154
-2.261025
-0.561256
-0.929277
-0.3385475
-1.735375
0.15796145
-1.83606
3.57455
0.39075475
-0.915204
-0.6400545
0.4520875
0.5705315
-0.4006387
-0.9353825
-1.9602
2.61033
-0.928215
1.51783
0.2909967
0.0109225
-0.4350515
0.7777905
3.198055
-0.9195345
1.64696
2.308305
-1.768985
-1.0675655
-1.987105
-0.441867
0.3721985
-1.3643225
2.81184
0.0142955
-0.761591
-0.151605885
-1.30803
-2.483705
6.125945
-5.177415
-0.6698035
-1.010115
-3.638735
-1.1925175
0.8780615
-2.92103
-0.858563
-1.2687945
-0.9120265
-0.5439195
-0.3502705
0.0394135
1.075414
4.63797
5.017825
-0.9031655
-1.652875
-2.185045
3.428745
-0.540494
2.824375
0.892899
1.061895
-0.5505135
-0.6400325
-0.563674
-1.18821
-0.0511955
1.076324
-2.0702455
-2.628705
2.450195
-0.03392
-1.47151
-4.437695
-1.0403965
-0.336403
3.04186
0.635357
-5.721765
-0.8454525
-0.793192
-0.662924
-1.53384
0.294473
-0.8401875
-0.705353
-1.1038925
-0.863114
5.4127
-0.6846675
-0.9231305
-1.295088
-1.625145
-0.82086
0.702352
0.472586
-1.74557
0.9598334
-0.518866
-3.033535
-2.09115
-0.169821
-0.2532535
4.233465
0.420055
-1.210377
0.1557565
0.2558085
-1.29023
-0.2632723
0.00576849999999998
-0.712408
-1.1661875
-3.27867
0.396909
0.0181365
-0.3446785
0.3235435
0.254692
-0.2945961
1.815725
-1.773255
0.505112
-0.0678255
-1.16514
-0.884028
-0.48727865
4.544025
-4.39773
0.6331525
2.942645
3.143485
-0.762138
-0.219395
-1.095486
-0.8354805
-3.57442
-0.8362615
-1.458595
-1.4114255
-0.794203
-1.1457655
-3.20486
-0.7468915
-0.5334535
-0.2601145
0.0897991
-0.643147
0.3104925
2.564585
2.39812
0.931868
0.42432885
-0.04124467
-3.077055
0.030585
-0.6278715
-0.260424
-1.372875
-1.8515465
-2.339095
-1.78689
0.47115445
-1.77135
-1.240855
-0.943663
-1.1316195
2.25155
-3.85644
-3.515885
-0.7738375
-0.745941
-0.461256
-2.803725
0.4188415
0.0708135
-0.8590525
-0.889314
-0.5356155
-1.29094
-1.5707785
-2.87262
-1.3003445
-0.4870825
0.8397035
-0.984706
-2.07013
-0.9092435
2.90914
2.37754
-1.852915
-2.47899
-4.009325
-3.30605
2.556274
-2.795065
0.727393
-2.94318
1.2468955
-1.00434
-1.80931
-0.5902675
3.5529
3.86881
-0.8674285
-0.7212735
2.980725
-1.43596
0.74501385
-0.5636415
-2.415
-1.441965
-1.91005
-1.05583
-1.4475
-0.8941134
-0.09973
0.3275245
-1.1759235
-0.3069375
-0.2154306
0.714744
-6.29993
-5.89833
-5.70848
2.027931
-0.20175085
2.829735
2.49654
3.49898
-0.824363
-2.3487545
-0.6521945
0.1515005
0.422915
0.6451305
0.3681305
0.492577
-0.51723
-2.427195
-0.897697
-0.3745607
2.22653
1.8516145
-1.81987
8.09357
-4.32172
0.31313275
-1.1274165
-1.803548
3.629925
1.42541
-1.488108299
-2.834715
-0.963474
-0.7501756
-0.1309233
0.9558095
0.5560965
-0.2404369
-0.461225
0.9755575
-1.466291
1.502845
5.28871
7.141575
-3.656215
0.1566435
0.3954765
2.20193
2.85431
-0.99780365
-1.6464695
-1.4943052
-3.65512
-1.92037
-1.835575
5.244355
-0.932796
0.12216
-0.7035355
-1.63781
-3.90365
-2.496885
-1.307598
-0.6964255
-0.883611
-0.1319555
5.83088
-3.196045
-1.1603695
-1.27961
-0.3404775
-0.345077
-0.694143
-2.233735
1.567023
3.886275
-1.79524
-2.95837
4.05407
-0.622982
0.5458119
-1.37014
-1.204735
-0.3524855
-0.3980935
0.80215
0.9627195
-3.081625
-2.24157
1.96521
1.5735
0.631783
-0.464251
2.69801
0.2475195
-0.934834
-0.8022739
-1.1544275
-0.6884475
0.6863685
-2.259885
-0.676617
7.82212
-1.31265
-3.275035
-1.090253
-0.7113915
1.755945
-1.48011
-0.616191
3.10688
0.93520565
-0.736179
-1.043627
3.45355
-0.505943
-0.62814
-0.70685145
-0.3785115
-0.6359575
-1.99657
-2.21898
-1.033435
-1.164365
0.928802
-0.3379195
0.0972665
-0.7953061
-1.0031505
2.577135
3.48603
3.83132
3.00611
3.21012
2.036655
2.13402
-0.8970365
-0.7901565
2.81103
-3.74853
-1.894425
-3.264575
-3.14587
6.696215
-2.367555
-0.360145
0.799619
0.1281635
0.51236
-0.8109525
0.72952
-0.6594005
-0.8349985
-1.584915
1.1225205
0.7516535
1.15216
-0.320071
-0.4581025
4.534295
1.6523575
-0.8423305
-1.3917705
-3.29398
-2.06244
-1.796125
1.1264415
-0.01935865
-2.45809
1.82272
2.13195
-0.5026765
-1.473937
1.4973865
1.065048
1.72881
-2.516685
-1.77972
0.484508
3.956505
-0.26456795
-0.485816
-0.3146905
-0.0262825
0.505037
0.233837
0.26125
-0.435283
0.34551
-0.3246115
-0.5640635
1.931955
1.84419
-2.150625
-3.286695
-0.8074485
-0.638617
-0.8589415
-0.6313085
-0.8387665
0.790785
0.189734
-2.876265
1.717815
-1.517533
1.590455
3.120255
-4.822795
-0.651372
-1.6128225
-0.2602425
-1.0415525
0.857576
-0.3278606
-1.5133125
-0.3503056
-0.36727155
-0.941452
-0.584833
-1.04137
-1.2299555
0.28748
-1.131545
-2.45779
2.6074895
0.6646703
-2.325325
1.3470085
3.813015
3.57002
3.737815
1.668585
3.089775
3.412055
-0.9877975
-1.079774
2.63618
-1.580851
4.203475
-1.5829535
-1.712945
-1.1248205
-2.632695
-2.208305
-1.1879585
1.063944
-1.822983
2.331665
2.84162
2.612075
-3.905165
-1.122617
-1.62079
1.861997
1.982975
-0.41270785
0.6901845
-0.6150185
-0.4213775
-1.628235
4.28019
-0.0342075
1.0082805
-1.56787
1.234545
0.963238
1.1024255
1.424205
1.783744
-0.32817
-0.7040855
-0.7494375
2.39495
1.1666425
-1.106139
-1.12864
-1.2858
-2.095405
-1.782315
-2.105395
-0.8905825
0.26227
-1.01599
-1.2124945
-2.447075
-3.042345
2.321635
3.586265
-1.500243
-1.3551335
-0.43807365
-0.240374
-0.426808
-1.12257
-0.0538234
-1.038413
-0.8215267
-0.6870515
4.162805
0.6040525
-1.916635
-1.779395
-0.8884655
-4.390055
0.613101
-0.177782
-0.5647835
-1.0433905
-1.1991715
-0.8649322
1.478522
-1.36696
-0.6346665
-1.0892015
0.9253005
1.893492115
2.741925
-0.642855
-0.31908495
0.0727995
-0.6287058
0.414355
0.15496835
0.8586855
-1.62268
-1.282705
6.06547
3.12379
3.014605
-2.067685
2.735525
3.22417
2.83742
2.792985
0.656695
0.790348
1.31881
3.35332
0.065717
-0.0932975
-0.2512147
0.4176985
0.0390035
-0.47141
0.3297368
0.9605975
-2.189935
0.8091405
-0.0596805
-1.29997
-1.758985
-1.58471
-0.7472825
5.33209
3.217635
6.91991
-2.782035
-0.5417775
1.799785
0.573283
-1.0732775
-0.7361275
-0.360871
-1.391095
-1.074872
-1.858296
-1.24324
-0.720688
-1.106278
-1.16965
-0.627422
2.710135
1.523476
-0.9981355
5.50828
1.390203
-0.81287115
-2.216175
-0.9639255
-2.824515
1.211428
-0.9395095
-1.38315
-0.1051395
1.0981885
-1.5696865
1.7987865
1.6045955
-0.3912895
-2.35803
-0.7312935
-3.543825
4.30808
-0.2251865
-1.618355
-0.9181255
-2.2280475
-0.394905
2.1247785
2.45815
-0.176926
-2.978205
-2.174675
-0.21857
-0.462265
0.99028
-0.0561255
-1.094147
1.855911
-1.130885
-0.9730155
-1.0628025
0.888127
-1.377865
0.46101
-0.10913
0.20132
-0.2398496
-0.5977595
-0.523733
3.374009
-0.5324225
-3.49797
0.00433549999999999
-2.4656955
-0.8107615
-0.659682
4.05362
-2.99277
-1.021417
-2.054975
-0.5375455
-1.9685
-0.4859305
-0.11496413
1.431425
-2.25505
4.538425
-1.006107
-1.526817
0.9870845
-0.131757
-1.778231
5.477505
-3.01907
1.161209
1.24404
3.078865
-3.39203
0.709206
-0.592742
-2.923295
-0.721296
-0.5652482
-2.088615
-2.422325
0.1608054
-1.062876
-0.52222
-1.291155
-2.114495
-1.67535
-1.5205
-1.95195
-1.742435
0.952177
-4.47191
-1.40861
-0.818422
-0.7204215
-0.8772735
-1.134641
1.3891945
-1.109589
-1.452945
0.171146
0.04619105
-0.845046
4.024405
1.584645
-2.31423
3.32778
-1.23083
0.9734605
-0.3987835
-0.8535045
-0.7576595
-2.088895
0.7385293
-0.173814
4.80928
0.3623795
1.227148
-2.60893
-0.4683975
-5.43701
4.18381
-2.60419
-1.65559
2.850345
5.210115
-0.7140985
2.185265
-1.854005
-1.73103
1.46604
-5.75603
4.86102
0.64085
0.946101
5.026675
0.72071
-0.482516
-1.414295
-0.9489655
1.635895
1.203385
-0.00271449999999995
-2.446305
-0.364648
-1.158255
0.838701
-1.378365
-0.638592
0.1929141
-0.3082585
-0.00238300000000002
-3.361795
-3.23177
-1.716185
5.71423
-0.830809
-1.261806
-0.663811
-1.2519105
0.3179235
-0.243365
-0.306303
0.932905
-1.44644
-4.37231
0.859509
0.235849
-1.22388
-1.018486
0.0519805
0.715941
-4.601765
-0.4605524
2.98483
-0.425428
0.0333585
-0.17196595
0.322359
-2.55985
-2.29022
0.1497775
-0.2794205
-1.5206915
0.3453265
-1.312735
2.1598955
-1.25767
-0.9160185
6.12299
3.047545
-0.1856615
-4.074215
-0.66242903
-0.4594835
-1.398521
-0.6934495
-0.1050635
4.542585
-2.376615
-2.78128
-1.3658395
-1.7984465
-0.3927221
-1.3005725
-4.85567
1.7502705
-0.8688275
6.739025
4.29926
1.7145835
1.6967855
1.97164
-1.211785
-0.1328893
-0.6904165
1.83654
1.711078
-0.22579855
-2.34884
3.263555
-1.32708
3.923445
-0.264332
3.09511
-1.4164155
-1.868505
-6.435715
4.57269
-3.987405
-2.56474
3.53138
-0.624181
3.765015
-0.675338
-0.7452015
2.289589
6.422475
-0.9225455
-1.50212
2.814525
4.888155
-1.9818
-0.6382385
0.701055
-0.166474
0.517472
5.3768
2.707315
2.6516
-1.3915255
0.9608285
3.197348
-1.437636
-0.39047555
0.69923715
-2.57497
-1.0103215
1.543455
1.0043765
-1.1933385
-1.125991
-1.249455
-0.4934535
-1.255485
-0.0706
-0.5641645
0.4779
2.059695
-3.075635
-2.026935
0.0767235
-0.375879
-1.9065905
-1.713395
0.137865
0.02160595
0.910865
0.5031005
1.99845
-1.203887
0.5441185
-1.0027785
4.444475
-0.0431337
-0.336582
0.649826
-2.628115
2.96686
-1.0010775
2.96149
3.43002
2.977025
-0.291392
-1.639155
-2.448575
2.972415
4.635935
0.111015
0.31783
-0.678188
0.762222
1.353415
1.24436
1.958865
2.11759
-0.391683
-3.10964
-0.86344505
-0.4047555
-0.934348
-1.5939417
-2.77326
0.2876
4.189445
4.470935
3.45558
0.714609
-0.60142
-1.094824
3.936995
-1.07039
6.806685
-0.1210155
-0.167474
1.5035205
1.6845795
1.679365
-1.17712
8.384295
0.6895705
-1.907785
-1.8513995
0.014184
-0.7542305
-1.346875
-0.7933475
-0.9724655
-1.375727
1.882586
-1.768615
1.059741
-0.77109
-0.865788
-0.5037425
-1.42392
0.7930745
0.9679845
0.886053
3.82427
-0.2196858
-0.838971
-2.3963815
-0.3913715
-1.81259
-0.660302
2.6115355
4.237985
-1.45892
-2.789475
-1.0257365
-0.840526
-0.845008
0.640091
-0.53674
-1.543425
-2.748115
0.0516945
4.15522
-0.8944635
0.39138
0.868836
1.008188
0.8818795
-0.4037415
7.67333
-2.66166
6.985445
-1.3098215
-0.362468
1.66415
6.41998
1.659915
-2.490505
1.00895535
-0.936835
-1.981584
-0.501998
-0.817795
-0.27325
0.156055
0.315355
-1.91505
2.0848625
2.951465
-1.737255
-1.370805
-0.477321
-0.534945
-0.77418385
-0.8019995
3.608908
-1.907005
-0.3996365
-1.51942
-1.741415
0.024851
-1.941365
0.8200105
-0.760768
-0.980916
0.5513385
0.5257535
0.816515
1.1848035
-0.98644
-1.3257235
-1.739185
-1.060649
-0.7689845
-0.54193865
-0.560873
-3.93203
-0.03340905
-1.2537525
-1.0266135
-2.726985
-0.723373
-3.080105
-1.76608
-1.524663
0.4986355
-0.60283545
-2.42421
-0.6574405
0.19924335
-0.3602975
-0.268267
-2.109255
-1.907085
0.8248425
-0.25765225
0.0305385
-1.3537
-1.524925
-1.6379055
-0.8944655
-1.39604
-2.983415
7.255505
-0.967086
-0.758271
-0.27854905
-5.944125
-0.5245285
-0.246234
-0.240184
-1.8070735
-0.374451
-3.944125
-0.6994875
-0.4003825
-2.589845
1.67398
-0.0111195
-0.7127755
-0.139745
0.054421
0.0090655
-0.75071
-2.2753
-3.42987
-3.84161
-2.781015
-2.89282
-7.52185
-0.7403215
-2.03476
0.8233935
3.403515
-2.0144
-0.5946485
-2.920165
9.01953
8.66642
-1.64853
-0.513002
-0.9732255
-1.22785
-2.1138
0.9022685
-3.6931
-0.631013
-1.227185
-0.635485
-0.892118
-2.12212
-3.913585
-0.5028245
-6.790705
-0.829258
1.0167655
-1.20405
-6.174705
-4.518255
-0.65232
-2.8192
-1.416914
-0.9047915
-2.091675
-0.9180935
-3.88694
1.3791045
-2.731025
-1.076537
0.8319718
-2.85136
0.8727095
-2.248215
1.0696325
0.7492755
2.143984
-4.579475
6.104735
4.64749
-0.9355755
1.074153
0.986793
-3.45932
3.7277
2.704665
-0.762813
-1.72882
-1.3697755
-1.217715
1.745615
-0.3601285
2.766225
-2.53152
2.71249
2.42042
-3.63741
-0.015905
-0.623175
-6.675045
-0.585881
-0.4985415
-0.3603544
3.177345
-3.95523
0.0090887
-1.02348675
2.37589
-0.8883245
-0.54623
-3.056935
-0.0963552
-1.274125
-0.5243855
-0.440339
-1.590225
-1.60838
3.430165
-1.24639
-3.816875
0.4679075
-0.428397
3.803455
4.272675
3.96954
3.37732
-3.349355
3.648355
-0.43990125
-0.1957905
-1.0187105
-0.0556433
-1.55291
-1.007754
0.9913605
-1.892915
-1.96081
-3.612315
-4.050775
2.388685
-0.888707
-2.65815
-0.658001
3.11093
-1.5835395
-1.562645
3.800395
5.587215
0.004378
-1.85751
-0.1306065
0.3150416
0.1607475
-0.0481905
0.269864
0.0097585
-0.18936919
-0.00819500000000006
-0.4108695
-1.635855
-0.4740335
-1.598645
-1.50714
-3.56205
7.88371
5.88532
-2.93613
-1.1223185
5.14962
-1.79468
-3.58972
-1.309755
-1.797295
-1.834861
0.163565
-0.995803
-1.70267
0.541049
-0.302108
-0.503578
-2.387725
-2.22223
3.190775
-1.6958015
-1.0048305
-3.58832
-0.702544
-1.0888945
-1.453198
-4.153805
-0.27464375
-1.893875
-3.90868
-1.06833
-2.518445
3.57151
-2.558765
1.4334115
1.4839095
-0.985285
-0.13020215
-0.99598
-0.5537499
-1.054038
1.02229
3.82542
0.985791
1.3068195
0.803268
1.83844
-0.756576
2.24594
2.38495
2.10819
2.17323
1.902325
-2.51439
0.196665
1.4763855
-0.7932375
0.360523
-1.738752
-1.502034
-0.596068
-2.008385
-4.023785
0.4727625
-2.3520785
0.388292
-0.4284535
-0.4927236
-0.4672015
-0.038574
0.3323643
0.544079
-1.8645
3.41228
3.182011
3.081585
3.3022555
3.965755
-0.3906245
-2.55328
0.4951625
5.24378
5.19982
1.0765825
0.2597885
0.0154045
-0.67653
-2.52461
1.03207575
-3.526905
3.905285
-1.71097
-0.7366385
0.6938625
-1.059039
6.08012
-0.983228
-0.904186
0.3483565
0.551475
1.592091
-1.63189
-1.243425
1.1750655
-2.2325615
0.26351985
3.71174
2.71418
1.684797
-0.2280405
-0.90932
0.378585
-0.6343895
-1.563187
-0.417882
-2.107295
-2.403485
-1.123202
-0.23353
0.572814
1.742555
2.44629
-2.01594
-2.2315
-2.05057
-1.333995
1.121615
-6.77779
-0.402015
-2.3978515
2.1682
1.987645
-3.763145
-0.197092
-1.0989
1.1115555
-0.8923665
1.89196
-2.17518
3.79334
-0.8419361
-1.80965
1.050041
2.44559
3.05072
2.93195
6.74235
-1.11214
-0.3482
1.4944335
-0.258346
-0.842818
-0.497545
5.861415
-1.329916
0.1075691
-0.96102
-2.36281
-2.4064
-0.2664055
5.37825
-2.105025
-0.891511
-0.6444975
0.0944045
1.651096
-0.378574
0.18547
1.6495755
0.44145
-1.3912875
-0.138011
-0.970944
-0.4890375
-0.5104935
3.08913
-1.660282
-1.1380555
-0.87623
-0.2600831
-1.653772
1.485214
4.00557
1.92899
-1.28243
3.138595
3.241295
3.4377
1.1841485
1.287105
-0.553782
-2.29405
-1.730895
-0.784266
0.79277725
-5.61574
5.102455
-1.822325
-3.80877
4.91987
-3.140575
-0.7756425
-0.5706615
-3.54798
4.058525
-1.116003
-2.585035
-3.868075
0.405991
-1.109502
-2.615189
-1.7446245
-1.9926305
-0.04116
-1.8426
-3.595275
0.187035
-1.0307795
-2.156695
-1.61891
3.04642
0.213029
-1.4179
-0.5174
-1.69835
-0.4195675
2.651605
0.930265
-0.934719
0.21437
-1.2933585
1.0669755
-0.931782
-0.9965835
-0.548276
-2.32228
-2.21734
-1.102201
0.9538955
1.361199
-1.6978575
-1.008989
-1.76802
-2.27561
-2.47174
-0.9589125
-0.968251
1.7076535
-0.836163
-2.39803
-0.4495418
-1.129626
0.0135885
-0.3967836
-0.098763
1.034725
-0.15613815
-1.004049
0.46351
0.503012
-0.816829
1.95654
-1.4046765
-1.305422
-1.53705
0.034292
-1.350958
-3.994805
-3.84687
-4.032065
-0.603456
-3.127755
-1.0429
0.32629785
-1.901375
-2.374235
-1.532475
-0.8495655
6.260025
6.318265
-1.06861
-1.37568
1.45319
-1.1868295
-0.0937665
2.143705
-2.60203
-0.3196675
-1.841835
-0.468431
-1.878305
-1.322465
-2.79018
-1.233368
-0.203865
-1.300385
-2.07859
-1.182185
-1.957375
4.168155
-1.0137125
1.096928
-1.275505
-0.970546
-0.62854495
-1.0593517
-2.316825
-2.811935
-2.280692
-1.89262
-0.399806
-2.57784
-0.853157525
-1.169675
-1.502579
-0.967519
-0.7068325
-1.647555
1.63699
-1.150675
3.11564
0.435085
-0.8222995
-0.7504115
1.697555
-0.095405
3.29328
1.9785035
-0.5321259
-1.348045
-1.2764135
2.633605
-1.5683845
-1.447773
-0.60985
-2.483555
-1.599425
2.590365
-3.380215
-2.811885
2.19311
1.0753725
-0.929303
-1.84863
7.947745
-0.1022405
-1.38471
-0.368978225
-0.932599
-0.639962
-1.87307
5.14819
-2.763275
-0.5484155
-0.576908
-1.573145
-0.546185
-1.855315
1.84479
-1.592311
-1.5649185
-5.897525
-6.27887
-2.055435
-1.2838805
2.18793
-2.0251264
0.842444
0.59643715
0.2612255
0.64478815
0.148887
0.05552
-0.02996505
2.95535
-0.4136095
0.0593289
4.212535
4.377305
4.25928
-2.711365
-0.1988141
1.277273
-4.68048
-2.27959
-0.522021
-0.0536765
-2.683295
-1.87087
0.887121
2.496895
-1.610995
-1.56573
-0.449404
1.322145
0.1408965
0.414634
0.7459985
-0.1695895
0.00618000000000007
-2.04146
-2.237775
0.0585185
-1.400715
0.318065
-4.25344
-1.917305
0.283695
-2.72358
-0.664684
-1.6645735
-3.792005
-2.295557
-1.753355
-3.913065
-0.3953815
-1.2091025
-0.40352705
1.87129
-0.195111
-1.247445
-4.518225
-4.01476
0.6802565
0.827685
0.690295
-1.6574785
4.04479
-0.458021
-0.370938
-3.19035
3.312895
-0.8158365
-1.6731935
1.3566515
-1.07328
3.39931
-2.81032
-1.112652
3.499185
-2.53394
-0.554398
2.27476
-0.8505725
-0.8507785
-0.8566685
0.9660695
-1.23978
2.95064
1.8997
8.449615
1.98592
-1.79049
2.50576
-1.108648
-0.9539495
4.670045
0.666277
-0.57515645
-1.42795
-1.5892755
-3.249425
2.55826
-0.6974005
-0.384885
-1.0410375
-1.734865
-2.31038
-0.319576
-3.350155
1.4374446
-1.06244
2.665375
-0.6498985
-0.110943
-1.63244
-0.750267
-1.59464
-1.1641775
3.17592
1.929
-1.52855
-0.934399
2.58982
1.620125
0.3588475
2.08593
2.485198
-2.0774855
-0.357578595
-1.1380995
-1.316395
-0.256962
0.336693
0.7593039
-5.55392
-1.476725
3.903495
-0.6823275
-0.642772
2.26832
-1.2282555
-1.3632915
0.150505
-1.09685
-0.43414285
1.7813615
-1.930535
-0.054374
-2.1324
-2.21801
-0.9429505
-1.930495
-1.17977
-0.222098
-9.04377
-0.9912135
-0.5196267
-3.407485
-0.0979645
-3.757255
-2.35815
0.04915125
-3.493095
-1.119172
-0.534017
4.427925
-0.4475195
-0.6864405
-0.8295755
-1.80132
-1.194305
-0.896065
-0.817996
-2.129595
-0.5268425
0.647984
-0.9676225
-1.199225
-1.67188
-1.83519
4.270875
-2.609565
4.1353
-0.796425
-4.46086
0.56778
0.691695
-1.94488
-0.6972405
-0.5784135
1.4522525
2.0466945
0.823956
0.7180625
0.965292
-1.70133
0.113919
3.3259
6.206315
4.763465
1.1374225
1.6231745
-1.96802
-3.008475
-2.95704
-1.415407
-3.023055
-1.424535
-2.49006
-1.0516185
-2.487605
-0.80468
-1.27781
-0.14471
-1.322105
-1.781545
-1.715025
-1.447935
5.4705
-0.121566
0.0905555
1.31973305
0.8611955
-0.4450765
-1.183794
2.051325
-2.049205
-1.276473
-1.51128
0.4141965
-2.0036175
8.600325
-1.018605
0.533971
-3.592995
-3.59847
0.5576894
-1.1182105
1.1795925
-1.036936
3.085235
-1.517506
-0.7964675
0.4775765
-1.66513
-0.72384
5.537395
-1.410935
0.924581
1.621135
-1.317695
-0.722393
-1.402655
-0.660886
-1.191395
-0.0149115
-1.1500493
-1.795105
-2.048845
-0.3247835
1.838555
2.000387
4.402975
-2.66808
-4.997535
-2.084555
0.8193005
-0.38783895
-0.3063545
-1.65558
-0.499026
5.69748
0.73681
3.72042
-1.625308
-2.750865
-0.3643415
-0.8343965
3.46484
-0.069699
-0.8204625
-0.14476275
2.90246
-0.5141242
-0.5223415
-0.255131
-0.5556185
-0.6695455
-1.783935
1.5540495
-1.3461365
0.119511
-1.92825
-1.26086
0.0615865
0.1054425
1.227929
0.08547
-0.82
5.82618
-2.41943
6.692495
4.023845
0.54787885
0.0995865
-1.283283
-1.019782
2.777935
-3.501035
-0.4478735
-1.627105
-0.2113605
0.023423
0.0288855
0.4206665
0.504213
-0.626077
1.17945085
-2.552535
-0.501113
2.33095
-2.23596
-0.5064955
2.070406
-1.216705
0.467505
-1.612405
-1.299378
-1.314135
-4.16055
-1.1559795
-1.375589
-0.994278
-1.59135
-1.118481
-0.952228
0.04209635
-1.337125
-4.28527
-4.886295
-4.282795
-2.31382
-1.1482255
-1.64258
-2.463195
-1.189182
1.198283
3.59217
1.61904
-3.446925
1.8549625
-0.33036
-0.763786
5.00322
-0.720628
-1.1202515
-0.734065
-2.40273
3.936515
1.92172
-0.7930535
-0.6359755
-1.15423
1.504898
-1.654055
-0.627797
-0.2347425
2.418076
-2.518115
-0.3764215
-2.30492
-0.2985175
0.4290044
4.055405
-0.7538605
2.0544785
-3.53813
-0.515816
0.00937500000000002
-1.869895
0.108729
-2.64475
-1.276826
0.0275915
-0.115405
4.889775
0.529821
-0.869463
7.186
-0.688157
-1.465165
-4.621615
-0.451506
4.29577
-0.678862
5.02168
5.217925
-0.9100355
3.773915
3.440215
1.073196
2.202345
1.811265
-1.474735
7.68493
-5.43887
-0.230328
-0.7542885
1.615155
2.554795
-0.43655565
1.500145
3.68918
-3.817675
3.76473
-3.339785
-0.996753
5.010605
5.492565
-0.750487
-6.258065
-6.606205
-3.067845
-1.810975
0.259065
0.1282969
0.204051
7.225305
0.568757
0.3050405
1.87274
2.433595
-0.5964895
-0.2520514
2.607035
-2.73716
1.8556675
-1.1256935
4.52081
-1.136075
8.84064
0.814896
-1.1003412
-2.272245
-2.00339
-0.5483405
-0.398335
-1.8971835
-3.635225
-2.94622
0.4005355
-0.441328
-0.697345
-0.505494
-1.858425
-0.49175495
-1.27059
-2.534935
8.678615
8.487745
-0.7334645
0.536379
0.224629
-1.11163
-1.226675
-0.9289515
7.6924
0.2966435
-0.4473905
-2.85917
0.970579
2.620648
-3.050715
-1.216789
-0.44903645
-2.941975
0.640577
-1.55691
1.22087
0.7670185
5.993975
1.32621
0.594499
-0.456608525
-1.598597
-1.0938855
-0.223978
-2.91353
-4.56366
-7.09738
-1.11593
3.81708
-2.410775
3.28343
-0.974296
-0.9974205
-0.783922
-3.37072
-0.4526005
-1.23529
3.266865
4.354445
-0.437392
-3.343475
-3.61385
1.3771355
3.25262
-1.89425
2.634175
7.149285
-6.19856
-5.671595
-1.986005
1.49556
4.009425
-1.31209
1.967845
-0.7952225
-1.64385
-1.1151395
0.370874
-0.5026195
-0.85233
1.141189
-1.0821575
0.866637
-0.249211
0.8650105
-0.03789
1.724063
-0.9005125
-0.565501
-0.544076
-3.12798
0.7831615
-1.347652
-2.602825
0.79177
0.4046203
-0.2854595
-2.352715
-0.905121
3.599285
1.956325
1.28668
-1.3063885
-1.1263405
-1.619899
-2.151465
-1.2078005
-0.714615
-1.7105935
-0.803667
-0.5855835
-1.243535
1.3471985
-3.81938
1.71537905
-3.52236
-0.8137595
0.16083005
-0.1585198
-1.06856205
0.912258
-2.1768
0.296524
0.5478215
1.419895
0.982988
-0.2572605
-1.001613
2.3246
2.1155785
2.0191385
2.157875
-0.619069
1.474045
0.48380195
-1.40891
-1.72389
-2.190205
-1.85165
-2.33797
-2.698725
-1.93723
-1.80548
2.488875
-0.728421
-0.8814645
-0.2747165
-0.184122
-0.209938
-0.676759
-0.324577
4.287895
1.009986
0.21657
-1.7904015
-2.39476
2.869335
-1.143263
0.16740167
-0.6793305
-0.489113
-0.5263525
-1.8859505
2.090282
2.695105
3.38366
-2.35207
-1.602155
0.9835305
1.363931
-1.340891
-2.22806
2.443325
1.79969
0.086764
-1.960665
3.74281
-1.332969
-1.1484635
-0.991513
-0.533745
-0.970315
-2.060075
-2.527135
-1.923095
4.024105
3.06783
-0.8524155
-0.5708015
2.19488
-0.34661
-1.16499
-0.930704
-1.4728705
-1.899375
-0.696278
-1.9161045
-0.9978395
-1.40716
-1.191716
1.21892
1.143855615
-0.4440612
-1.4551055
0.0302625
0.0724705
-3.68746
-3.51024
-1.459765
0.0368775
1.547548
-1.09234
0.9510315
0.8426405
0.1631805
-1.339322
-0.533608
0.0500905
-2.366845
5.189035
-2.7064155
0.8694855
-0.629579
3.39821
-1.0038175
-1.05606
-0.11679295
0.1129045
-1.739765
0.7935235
-0.4280415
-0.410525
-1.0107015
-0.5811425
0.7266335
0.228614
1.776115
-1.9109775
1.3989137
-0.387975
1.202086
0.676963
-0.0337735
-0.337881
-1.00167025
-3.22219
-2.150865
-1.2962905
-0.672742
-1.937945
-1.398445
-0.7420845
-0.920744
-1.3250173
-1.3498235
0.5616675
1.6087215
0.327305
-1.0779225
2.40939
-1.27054
-0.403331
-0.1810825
1.642215
-0.30634735
-0.2758265
-0.0942869
1.09544
-1.7452305
-0.904491
-0.765836
-1.356152
-0.8133875
-2.176555
-0.416555
-0.59569
-1.062842
-0.5856575
-1.0652355
-1.13335
0.6158185
-1.245109
1.79545
-0.167578
0.0683175
-0.302019
-1.191579
-1.41677
-2.65546
-0.9116375
-1.321655
-0.47444655
-0.6561465
2.385605
-0.625408
-0.256475
-0.000549349999999997
1.604597
-0.9548006
-2.505945
-0.2585375
-0.111021
-1.66958
-1.6218175
0.231304
-0.586121
-1.532305
-2.198995
-1.6177215
-1.1265
-2.50594
-1.2460745
-0.6654775
-0.9539115
-0.4147165
-0.7253545
-1.072874
-0.7019478
-0.7803585
-1.72204
-3.743765
3.00357
-2.026715
-0.777503
-1.066705
0.48503865
2.035495
-0.111205
3.11651
-3.68704
-2.54371
-0.82393135
1.259036
-0.315214
2.012375
-0.734845
0.3344055
-0.5579513
-0.8196105
0.8682225
2.201455
1.197294
1.2435
0.3064865
0.300753
1.714583
-0.22373665
-0.1493395
0.291814
1.903667
0.3656835
0.6332895
3.31463
3.02771
0.0115665
-3.440345
1.69261
0.6952145
-2.036685
-1.994715
-0.387434
4.405985
3.85419
3.448845
0.2984035
1.7177355
2.210985
3.286405
-0.7493295
-2.179595
-1.62136
-2.37433
-0.9299895
-0.144157
-0.7845935
2.899435
-0.7807995
-0.77634
-0.355266
-1.071383
1.723935
-0.712118
0.769841
2.021195
1.2798
0.5743585
-0.2971835
-0.9710615
-0.56939515
0.0397529075
0.0459235
-0.062271
-0.132423
-1.402
1.0207845
-0.5189075
1.926275
2.444237
1.3892935
1.794795
0.5988165
-1.419355
-4.13146
0.612902
