H3_JulyAug_Temp_Var_z
0.70653
1.5594545
0.886197
-0.307211
2.471015
2.68163
0.1099995
0.037911
0.10798925
4.831955
-0.9917315
1.4461025
-1.99882
2.1832955
2.600145
1.007529
0.3496
1.878173
0.9828755
0.2837425
0.8147605
1.4738715
-2.174381
1.220694
-0.533503
0.5893895
-0.31105
-0.6818735
2.562435
1.1068
0.424337
0.30996667
1.76558
0.6195471
0.4227
-1.72982
-0.18100755
0.06553195
-0.864001
4.20325
1.1464179
-0.0285551
0.817095
0.4745415
0.860693
0.1171571
2.17346
-1.0583345
4.0590499
0.17871865
0.1154815
-3.229835
-2.829905
0.7343875
0.7253555
-0.5547
-0.1281425
0.761441
-3.37336
-0.4230065
4.89235
0.337051
0.5274595
0.47469
1.78418
0.55449
-0.4695585
1.3917645
1.061789
0.108845
0.497429
1.0721965
-0.0591465
-0.0317995
0.741777
-2.33671
0.457048
0.450761485
-0.357622
0.697157
0.78208895
0.0697150000000001
-0.8474315
0.7558475
0.88963875
2.85754
1.397682
-0.669175
-1.218196
0.2133305
-0.23248
-2.9437605
-4.035115
0.47301
0.8257645
-0.082056
0.044851
0.146815
0.7275567
0.732932
2.1918
-1.46367
-0.2944725
0.130881
-1.4967829
0.012477
-0.3392983
-0.37109
-1.558583
0.7459385
0.690366
-1.2391625
-0.21474785
0.846672
0.2093
0.47329
-0.6712865
0.357525
1.6319
2.19405
2.46062
0.649009
1.631124
1.3437565
2.34868
2.271505
1.77777
2.473715
1.99528
0.425668
-1.64363545
3.08403
3.33967
0.6725175
0.9060375
1.69913
0.9338805
-0.6823017
-1.6440555
-2.89427
2.422515
-0.4370135
-1.89277
2.294835
-0.5723725
-0.8568225
-1.5737355
1.330303
1.65189
0.97922995
1.208659
-0.8788635
0.942073
0.744558
1.22629
1.3015922
-1.112576
1.7037775
1.805996
-0.172184
3.965385
-0.345035
0.653592
-0.682955
0.4163615
-4.62718
-3.56646
0.695731
0.124392
0.4403489
-3.287913
-0.432927
0.74925
0.4014325
1.5845165
0.090063
0.875374
-0.700422
0.8677915
3.91377
2.353205
0.835513
-0.1610655
0.3041495
0.975906
0.411295
0.363687
-0.2082835
-0.2733505
0.7692185
-0.27070945
0.8224515
1.04508
0.205194
-0.5749665
1.251995
-0.2044585
-3.056105
0.008748485
-0.00240400000000002
1.3881855
2.228185
0.22158
0.38932
-0.338271
-0.635408
0.1311605
-0.023813
1.301695
0.6005215
1.042543
0.3353165
0.890245
1.727751
1.0092461
0.818054
3.143565
-0.720615
3.1539
1.0210305
-0.758915
-0.93725
2.915745
3.917485
0.4065615
-0.456394
-0.01274905
-0.23751225
-0.3925125
0.089459
0.9746195
0.932522
1.886125
-0.691849
-1.208475
-1.5396125
-1.452292
-1.447611
0.1560465
-0.563599
1.2068735
4.907175
4.7014
-0.2578705
0.1763925
0.31047895
0.403368
-1.352945
-0.5392305
2.44899
-0.125535
-1.352305
0.20553675
0.570439
-4.570605
0.361855
-4.52134
1.108235
0.0192897
0.56126
0.196872
0.0734950000000001
-0.342474
0.841798
0.7707775
1.833155
0.88962
2.149245
2.1831
1.245453
-0.5237165
-2.40893
-0.9646315
-0.284231
0.87661295
0.2391975
0.913639
0.2762785
0.338976
0.886768
1.3116045
-0.2106255
1.6461495
-0.120449795
0.6477785
-0.4618255
0.0170995
-0.63733855
-0.2261735
0.9435165
0.121485
5.704295
0.4486465
-0.7784085
1.4326235
-0.503733
2.163285
0.561521
4.02709
-1.059505
-0.354893
-3.425135
-4.089965
0.6140432
0.452656
1.1310255
0.4596825
4.45463
7.22266
-1.1357215
0.0834649
0.766306
1.899621
1.477575
1.1340635
2.010145
0.38183505
0.5546281
1.014443
0.7070005
0.946083
1.19965
1.91374
-0.586748
1.019049
0.057032
-0.8319715
5.52264
0.214008
1.2101125
0.503109
0.599039
0.049144
-2.1673825
3.323395
0.455173
1.1616515
1.797635
1.190884
-1.742714
2.8105925
0.4427779
-1.0733125
1.459875
2.42113
0.2076085
0.8076655
2.0880535
0.424965
0.3848175
1.27138
-0.2478575
0.217754
2.756645
1.2804685
5.82325
0.68876625
1.7290515
0.7443875
0.2996675
0.773588
0.55236
2.2831
-0.76806935
-0.976039
-2.1112415
0.357908
1.6412
1.076305
-1.864125
0.29767245
0.98382265
1.0605045
1.70511
0.148785
1.50577135
-4.39528
-1.20798955
-0.50755
-1.203483
-0.37737
-0.952408
-1.2162975
-1.4150545
-0.2874342
0.1547905
1.0030315
-0.332557
-1.2063205
-0.92449
0.0387771
-0.7768765
1.49591
-2.35782
-0.020843
-0.835794
-2.080685
-0.375396
-0.634325
1.3213375
-0.0231475
-1.996585
2.661895
-1.19943006
2.304965
-0.647736
-1.81008
0.887968
0.2681485
-3.0692
1.8707405
1.7366755
1.197929
-2.082891
-0.1176915
0.176375
0.414087
0.506935
3.277445
-2.611355
3.200055
0.3523385
1.0653625
1.841165
0.1280085
-0.1403995
-0.528551
-0.76893105
-0.543792
-1.1546365
-1.268115
0.472687
0.2989045
0.599885
-1.915401
0.7976155
1.27559
1.13817
-0.1712325
0.6732817
1.916192
-0.828611
2.067866
1.2462255
0.7774805
-0.506308
-0.2124455
-0.0586085
-2.761436
0.356372
0.411551445
3.09813
-3.02752
-0.477404
-0.3682575
0.14339
1.2996835
-0.017862
2.122855
2.3392635
-0.61331
4.045945
2.326705
0.302385
-3.72625
-1.912085
1.251889
1.03544
-0.363567
0.2249475
-2.258615
1.7299235
1.46833
1.330875
0.4833015
0.506553945
-1.787545
-3.19643
0.9062095
-1.1736495
-0.4477195
0.524982
2.25977
1.31029
0.0214205
0.469295
-3.195364
2.19595
1.077244
0.283267
0.768204
0.1488405
1.978786165
2.90748
-0.9225775
0.0313545
-0.0635645
0.2571065
-0.0189795
0.0609525
0.466945
0.140299
1.543039
1.153733
-0.105505
-4.44957
0.2956595
-3.27424
1.336852
-0.817634
1.748723
0.13724
-1.623708
0.5652575
1.3184265
0.6919505
-0.5234755
3.85894
1.097195
1.439023
0.88726
-0.2572842
0.886571
0.858613
0.0655684
-1.07795
3.986835
1.4897255
0.859433
4.886715
0.67343085
5.627585
3.755045
0.752736
0.4372995
0.0560649999999998
0.049629
2.9235
0.8925345
1.0971558
0.795596
1.354577
0.863699
-0.315897
-4.113215
-3.56793
1.58248
-0.2991895
2.757745
3.349915
0.147564
0.0896585
0.183739
1.331465
1.107487
0.8273025
-2.254195
1.852315
0.70760085
-3.62096
-1.1169637
-0.336012
-1.544515
1.1623635
-3.704995
-0.012056
0.2687395
-1.42888
-0.906924
-1.2880865
-1.016471
-0.6189355
0.03244
2.555635
1.428225
0.36482
0.305278
0.780976
2.780275
0.022036
-2.90226
0.831568
-0.606814
-0.55657
0.10309
-0.503351
1.219295
0.3864385
-1.530365
0.9038945
0.08546125
-0.4469645
-0.296585
0.49793
-0.5051645
-3.002
0.5005915
-0.6685185
1.5199475
1.60637
0.146255
-0.279754
0.1911899
0.9108114
0.387667
-1.009693
-0.0746800000000001
0.4375965
0.0727300000000001
0.031122
-0.394172
1.208995
0.980591
1.61066
1.98241
5.01521
-0.532588
0.6583266
1.57284
1.218499
-0.6902975
0.891403
4.64152
-1.209625
-0.107742
1.457014
3.74403
0.6578865
1.2395445
1.193052
0.3475175
-0.1022377
0.380211
0.7735845
0.0343315
-0.2061455
1.6624045
1.1083655
1.33256
0.66994
-0.2600395
-0.0144500000000001
0.86362
1.269647
-0.8301095
5.90883
-4.329385
0.5460065
0.28341155
1.34475
1.2442065
-1.098814
0.8188795
1.23199
1.0081865
0.2249165
-2.12147
-0.3708545
-0.246882
1.73594
1.03776925
1.0936605
0.716614
-0.877478
0.025925
0.065005
0.1886065
-0.213531
-1.0940835
0.257962
0.0868735
-0.837172
-0.5337088
-0.57040605
-0.060624
-1.8706685
1.154944
-1.1703011
1.735505
-0.521075
0.577369
-1.30963165
-0.76593
-1.4188465
-1.84698
1.8865685
1.0066135
1.194235
-1.1540725
0.6465125
0.811795
2.2411185
1.72871
0.6977236
-3.082125
-2.58248
1.0357955
0.385355
4.16052
-4.538745
1.74897
-3.445185
0.15854495
3.330595
1.011063
0.216954
0.29097
0.965566
2.26665
-1.082929
-0.117265
-1.341595
0.709776
1.4887679
-0.4726125
0.3511325
1.330407
0.722295
1.309115
-1.203905
0.339292
0.0743135
1.2834145
1.0802875
2.6236
3.439185
-2.943075
-0.46988
2.7543
0.3595375
0.191805
-2.7487815
-0.412247
0.84473
0.6139083
0.6578665
-1.366535
1.6645635
3.80607
0.455713
-0.00930250000000005
0.3306515
0.6266595
1.568615
3.066325
0.4779447
1.553292
0.745221
2.78738
1.337775
-0.991401765
0.742836
0.09768545
-1.64422
-0.7310015
-3.18381
2.16671
3.6777
-1.236111
1.2164135
1.0439725
0.301316
1.347867
1.215566
0.43527885
-0.328875
-0.509493
-0.2863905
-1.8723815
-0.6434555
-1.78992
0.51265165
1.164355
-0.06657
0.1207465
1.3981065
-0.331737
0.52312475
0.497047
2.279415
0.9634455
0.06848
-0.333583
-1.8993235
1.1252
0.016281
-1.9399915
2.586455
-2.34626
0.502104
1.102705
1.525615
0.3209245
0.569246
0.678591
-1.6433735
0.78619
-1.464225
0.871055
1.019918
0.801135
1.013619
2.56708
-2.5487085
-0.844825
-0.431636
2.224271
1.227715
0.73981
1.334935
-0.590184
1.575695
0.7162145
-0.3515465
-0.03236
0.56097175
1.3397035
-0.157377
0.91232407
-0.0617785
-0.951946
0.8895555
0.471545
1.1465495
1.557735
2.0225
0.44950075
1.3929955
0.7370115
0.7261645
0.637035
-0.2682685
0.777405
0.794363
0.05882715
0.023318
-0.261677
-0.11689
-0.2484075
-0.438902
0.3629945
0.867378
0.537013
0.73018
-0.4655311
3.98862
-2.2397755
1.385513
0.4165215
0.344952
-0.4273175
-0.1281225
0.5871265
1.90732
0.75008
0.79287
0.2607595
1.5083205
-0.97816065
0.9489855
1.1366075
0.6691085
1.0913
-0.078951
-2.439105
-0.386588
1.1635305
1.594685
-0.126431
0.34187845
0.015062
-2.28568
-0.4412316
0.350543
0.0373009
-0.32367
-0.8504535
2.171245
2.66322
0.93943
2.3472535
3.360225
1.84057
4.1963165
3.632385
-1.713335
-1.927381
-2.12573
0.38158805
0.3121016
0.704989
-1.360987
0.0608565
1.21866
0.020979
0.415485
0.122885
1.12281
-0.322638
-0.489867
2.96508
2.846955
0.2556195
2.0176165
2.735275
0.410158
0.47726
0.256266
0.55249605
-2.364915
-2.187131
-0.422221
1.5301805
-1.129838
-0.228305
-1.037435
1.473662
0.904118
0.6600095
0.3719215
1.021731
1.59885475
0.22210113
1.94068
0.8597245
0.3773635
2.309665
0.225262
4.32411
-3.5119
-0.281955
0.071732
1.738381
2.714221
0.904833
-1.239773
-0.28079
2.552605
0.572329435
1.656558
0.6519865
0.7640145
0.12942625
-0.256215
-0.270554
0.585182
0.658593
1.4617555
2.531185
1.211012
0.332936
2.074945
-0.81078
0.3785699
0.035752
1.3062895
1.04572695
1.046869
0.470543
2.0203785
1.045269
0.572588
2.98333
0.101182
-0.199095
2.398215
-0.27866565
1.90821
2.845325
-1.022485
-1.6622
0.6915495
3.04549
1.471015
1.517901
1.551435
1.0140565
0.7061595
0.5384985
1.1804745
0.7705495
0.4432595
0.860003
1.76759
-0.8319595
-0.909306
-0.26162515
-0.6117685
0.084185
-0.717794
1.205912
0.118957
-2.32648
0.0323975
1.025687
-0.300345
-2.179525
0.6329398
-0.8595875
-0.7330775
-0.54754645
-1.2048765
0.0357175
-0.7346315
0.2890002
-1.374725
0.2879235
0.3510185
0.0157449999999999
1.7168985
0.843443
5.443195
0.6914255
-0.53351415
0.939068
4.80146
0.5688395
-4.521095
-2.61431
-0.0903198
0.668418
0.55141315
-0.215509
-1.5876855
1.3409685
-0.00733699999999998
-0.2281105
1.2864505
1.88120655
-1.7499185
0.5972605
4.923635
5.07771
0.3533575
0.78176755
0.117252
0.695003
-0.1107705
-0.926397
1.909215
-0.3467639
1.999965
1.83946
2.29914
-0.81332
-1.243805
4.59126
-0.9094385
0.533075
-1.58828
2.67074
1.694506
-2.92647
-4.66516
0.997784
0.903316
0.638348
0.101665
0.4059575
-0.1108155
-1.17529775
0.8631545
-0.800303
1.1819985
-0.30944085
-0.360141
1.553645
0.2644235
2.340393
1.1996188
0.460426815
0.4505455
0.588323
-0.263732
2.028668
1.43371
1.8763495
1.51384
2.79621
0.7207145
0.3755185
-0.468121
-2.081475
-0.1942475
0.8870885
-1.318825
1.133072
2.190405
-0.3215075
0.240152
2.616375
-0.8827025
-0.2771056
-0.195513
0.7721645
0.5284545
1.102858
0.348353
-0.3220415
0.72394
2.056395
-0.0343095
0.872384
2.0695575
1.5569375
2.6471174
2.146815
1.712806
-0.57813405
1.117503
0.9146275
-3.05749
0.4138065
-2.0707585
2.30566
-2.71114
-0.7969415
1.41766
1.591015
0.05124772
-0.300165
1.124076
1.98102
0.1349365
1.07016
0.916275
0.677901
-0.513591
0.9255165
0.868956
0.11374
2.22491
5.028275
6.26307
0.2234935
1.53994
-2.737522
0.65377
-1.700677
3.098985
-1.031452
0.693518
-1.3679695
-0.068789
-2.7560565
1.62535
0.575978
-0.0623475
0.5046385
0.360445
2.327385
-3.180565
-0.6915805
0.341665
1.0106695
5.428995
1.19236155
1.1224228
-3.1821
0.0189625
-0.3628585
0.6240235
1.130548
0.72309325
2.36013
5.02875
-0.818968
-0.2007595
0.34444
0.1404965
-0.360346
1.388525
-0.0428175
0.789686
-0.761205
3.24499
-0.40474
0.3918555
0.7244305
1.015243
1.464944
1.1087255
0.972342
1.5389375
0.460070305
1.0042615
0.140695
0.77853505
-3.23163
-1.9565915
1.192481
-0.0435655
-1.205184
1.660053
0.848053
-3.747345
0.8771675
1.209155
0.3105019
3.85159
0.8862775
-0.517317
-0.4417445
-2.390625
2.207328
1.873845
2.09865
1.563465
1.336825
0.0328695
3.23018
3.09585
0.79099
1.0146455
0.257925
0.188942
1.6009575
1.0973995
2.21351
2.9569
-0.713426
-0.4314935
2.045015
-0.439755
2.1806415
3.07979
4.052095
3.39563
0.797776
2.69501
1.1100395
4.41786
1.788475
-0.27456
0.6090925
1.4569615
3.021675
0.7629395
2.875945
-0.1045245
0.411681
1.5984655
0.2659615
1.2344225
-0.754295
-0.87633
0.324752
3.24917
2.304955
0.0349155
1.061945
0.6080725
0.054705
1.43777
-2.329255
-0.1259075
2.4142
-0.712022
0.309635
0.778618
-0.475613
0.094655
2.49127
1.852655
0.760596
3.08047
1.680165
1.5356895
-2.87669
-1.02086
-0.808059
-1.378935
0.550055
-0.1377835
0.6773045
-3.31937
-2.865454
-3.997095
1.3714145
0.5887757
0.536165
2.962711
0.4997445
-1.221361
-2.91567
3.10065
2.031855
1.06437625
1.029596
0.982045
-0.198615
-2.729355
-0.553675
-3.89379
1.6601635
1.4552245
0.033106
0.013856
0.04253
1.6885445
1.3959145
0.8631935
1.619828
0.0938585
0.318399
-0.830132
-1.2588615
0.598279
0.4473268
0.906685
1.5228225
-0.8125495
-3.311095
3.31235
0.5129795
-1.147961
3.22252
2.7571595
-0.16334
-1.841175
0.0715805
-0.802831
1.299525
1.786995
0.281438
0.5758345
0.126232
0.97211
-0.207864
-0.738011
1.682625
-1.996566
-0.300252
2.213515
0.7349405
2.821337
2.815065
-1.6825
-0.3239705
2.962348
1.911239
0.5042655
-0.224995
0.717013
1.09560915
2.949065
0.3546175
0.5801635
0.6838945
2.341175
-0.073009
0.24626585
0.0943115
-0.35844
-2.483575
2.02947
2.842285
0.8637045
2.310875
1.2984865
-0.0377965
0.7912895
-0.0419305
-0.727515
1.213238
0.986028
1.249748
1.042006
-0.51361
-0.483627
0.305767
1.2002115
0.975706
0.360177
-0.037887
1.7562785
0.754033
1.238074
-0.062095
0.818509
-0.3488455
0.00304400000000001
0.2716265
-1.2222545
1.214705
-0.0909907
1.673832
-1.13879815
0.1759924
1.102149
0.5566995
1.019441
-0.835728
1.257305
1.0875285
0.56012245
5.838495
0.069805
2.12897
0.0212345
0.0661349999999999
1.89438
-0.2358225
0.861894
0.18070015
1.6622805
-4.133785
-0.1079775
0.955331
1.490455
1.188609
0.1425879
0.6339005
1.5838952
0.5508905
-0.7964315
0.288025
1.947261
-0.165935
1.2948555
0.091055
0.1787595
-0.045039
-0.00289499999999998
0.5302465
-0.12272
1.255415
-0.039461
2.46653
1.4038584
1.25432
1.4863
1.295963
1.2002875
0.575795
1.645425
0.67389
0.53320105
0.9062955
0.2061519
3.5149955
0.910874
0.36373395
0.7053915
1.454855
0.564303
-3.531985
-0.16647
3.940235
2.16473
0.5493095
1.212871
-0.726065
-0.7419875
-0.2002865
-0.3562055
1.9621595
-1.6927455
-0.6294212
-3.829535
-3.321935
2.9981
-5.172865
-0.749125
0.033549
1.06172245
0.99085
1.078695
0.7299965
0.08296325
1.0281445
-2.128015
0.6160365
0.8544795
-0.4875215
2.011187
-0.276555
0.399536
0.724913945
-0.8038675
-1.55491
0.039007
2.207935
1.88401
0.756922
0.570317
1.706775
-0.754442
1.0250595
0.890606
-0.67631
-1.4614285
-0.210154
-0.0319935
-1.7157685
0.1419514
-0.514196
0.296615
0.0995200000000001
-2.63706
-1.7224445
0.8789595
-0.829955
0.5171985
-0.29814735
-2.507955
0.8338285
0.891004
1.0422535
1.763025
1.2796525
-1.4252515
1.238951
1.0246
0.0974515
-1.93328
-0.7705065
1.4085715
0.33977971
0.558524
0.718437
-1.285605
-0.6045789
-0.4465955
0.5240245
1.70709
5.24081
0.051381
3.6826
0.2571415
2.387867
0.8112615
-0.3816725
0.5322545
0.16949005
-2.232487
1.0658245
-1.882735
0.989645
-0.229065
2.0084515
1.47863
3.898765
0.5389645
0.4481045
1.0169125
-0.847142
2.067174
6.282145
0.7740625
2.7853
-2.372603
-0.944887
-0.27314315
-1.34786
0.505241
-1.458045
1.496124
2.8023
0.6128706
-0.270726
1.4815055
1.11186
-0.68037135
0.07269
0.557025
-1.79632
0.3562875
-0.1231235
-0.695439
2.891815
0.8269135
0.902644
0.166683
2.0854655
0.355517
0.48353
-2.438505
-0.07784
0.6197271
0.84826
5.78732
-0.741045
0.5083865
-0.333525
-1.144825
0.65365
0.619356
0.868489
0.595322
1.55481395
-0.118575
0.60396
1.0517
0.931783
0.28446
-0.1079
-0.47632
-0.488625
-1.942691
-0.6584875
2.262985
-1.88372
3.951285
0.7666825
0.6806415
1.838955
-1.0852365
3.717275
0.06181
-1.2263195
-0.529655
0.09988
0.968642
1.401637
0.1902935
-3.326265
-0.3168745
0.78173
1.329926
0.0148135
-2.657985
0.663242
-3.256315
0.597865
-1.3006335
0.62661
1.685715
3.64283
3.0182
1.577295
3.46552
2.55085
2.23541
0.23606
-0.808074
0.1732315
3.08977
2.40759
2.022946
1.1002045
0.532867
-1.663375
-1.62354
0.4127575
1.703035
3.01294
1.127194
0.761275
-0.546994
3.532565
-1.60115
-0.853638
-0.2111355
-1.847415
-0.4060081
-0.1044055
0.769256
-1.772985
0.821877
-0.528674
0.08767055
1.408002
1.764135
-0.9522945
-0.0856549999999999
1.58368
-0.273213935
-0.9041435
-1.3041535
-1.7533095
0.848843
0.428279
-1.388355
0.6861185
-0.181595
0.5238305
-0.32524
-0.218265
1.877291
1.705934
-1.4217465
0.0250637
-1.2834695
5.198395
1.15514
-0.12199
1.017621
2.172373
1.968809
5.358365
0.36296045
2.667625
-0.769001
3.17336
0.93536525
0.778871
0.0366315
1.063862
-4.5732
-2.614724
-4.379065
-1.3494475
0.745168
1.6324095
-1.0227775
2.341015
1.2735615
1.241525
0.788752
1.530636
2.729369
0.73978
-0.636274
0.328738
-1.0692205
-0.396423
-1.061495
-0.752434
0.0574249999999999
-0.373551
-1.14811
-0.5639075
-0.284767
1.4089307
-0.7838175
-0.7851588
1.14852
0.81018
0.6293477
-0.680035
-0.405755
1.3573695
0.8290405
0.7529845
-0.1391615
0.1281358
0.787794
0.2774
-0.704896
-0.2090975
1.52422
1.441705
-2.24387
0.449198
0.7644915
1.7453665
-0.0263600000000001
1.48724
2.425905
2.928475
0.2529155
1.35530215
-3.464845
0.9032355
5.04978
-0.297916
3.8525
1.91927
0.461505
-1.127658
1.93679
0.5964651
4.206635
0.339858
0.159723
1.196069
-0.7259103
1.4500625
0.526974
-0.626245
0.4655985
0.29856815
2.210717
1.53903
0.00709849999999998
1.7816755
2.829525
0.503844
0.81701
1.42403605
1.1816075
-1.626250655
0.972513
-0.9286785
1.0327825
-0.249322
0.496363
0.0290049999999999
1.2448615
0.463673
-1.39304
-0.136919
-0.749132
0.9909985
2.689585
1.706511
0.115084
1.719745
3.05647
1.9255395
0.751876
-2.329105
0.11532925
-0.943563
-0.262161
0.0569949999999999
-1.0556595
1.2007885
0.230084
-1.5754925
0.98745835
1.05764
-0.557638415
-0.629588
-0.59075
-0.4855655
-0.43295
-0.0457955
-0.031723
1.932956
1.1810865
0.9075365
1.6774585
4.040325
2.43342
-0.2475745
0.9980745
-0.639058
3.279245
2.469055
1.1135055
-1.1042975
-1.0338105
2.246725
3.26609
1.3084535
6.091525
0.4421985
1.4584545
2.219495
1.0222205
-0.0943755
1.46956
-0.6325305
-0.6058005
0.64182
-0.0147095
-2.10384
0.7313545
2.032485
-0.5233355
1.87787
-0.783561
2.5118735
2.32063
0.5512415
0.4740055
0.44304855
-0.492861
0.690222
-0.6981335
0.83392235
0.03127
0.132755
0.850743
0.357831
0.9349845
1.136425
1.0566835
-0.4783855
0.2534635
-0.3159805
-0.3942505
-0.203864
0.4495186
-1.203865
-0.0527955
-0.37576125
2.531215
2.518815
1.2520915
0.52941
2.328045
1.431405
2.212925
7.35173
-1.305435
1.2253015
-0.997006
2.349115
2.992275
-0.7672805
2.933695
1.3973675
-1.458373
-1.898893
1.1033767
-0.98149925
0.743138
3.240825
0.379556
1.2996982
0.228339
-0.314336
0.4599815
0.72531305
0.3786025
0.1338035
0.909341
0.0851605
1.047113
0.0983575
1.1025135
-0.126121
-0.159337
0.6362705
0.384293
-0.3523395
1.71266
-0.6308839
0.277625
1.11338
0.049962
1.2182295
1.017474
0.97629445
1.5922455
-0.81531835
-0.50117355
0.058066
1.603698
-0.1287888
3.32498
-0.6348345
1.8173985
0.91176305
0.4021355
1.633866
0.1890445
0.357658
2.874705
-4.70177
-1.169165
0.42581395
0.6775815
1.305902
-0.521132
-1.2232985
2.24328
-0.7099275
-0.056541
-0.028436
-0.02341
-0.23545995
0.480656
-1.0407515
3.89311
-2.92595
0.28254725
0.247198
-0.09022975
0.25892545
-1.112755
0.892559
1.7834025
4.41296
4.987535
4.89442
2.7538125
3.881775
0.4794745
-2.71356
0.76222
0.2000875
1.77091
1.107729
0.4411633
0.645915
0.9045935
-0.679523
-0.37299
1.201485
-3.939505
-0.2574415
0.9435175
-0.913436
0.484087
0.6010799
0.355294
0.6370665
-1.078745
0.64318874
0.41802
1.73673
3.757215
-0.000357999999999997
2.141
-0.0382878
-0.6596185
1.587946
1.4323011
-2.356125
0.80634
-0.5570125
-1.4095315
-1.19869
-0.6602955
0.170289
0.739123
0.7661735
0.7939955
2.92923
2.453595
1.233467
0.551483
2.611405
3.982923
-0.743796
0.627403935
0.106496
0.950736
1.47774
0.637711
-0.054857
0.280986
0.1902035
-0.5070155
0.831193
-0.4333895
-0.403486
3.79872
1.0949795
0.5277519
0.1140255
-0.558508
-1.252069
1.274595
0.839145
0.243485
0.8163605
3.041505
0.45428
3.11478215
0.8524843
1.7751505
-1.318444
3.779285
1.376245
-0.539595
1.1773335
0.1348354
-0.2728895
0.739812
-0.88959
2.4017025
0.646228
0.452045
0.5110355
0.510093
-0.4752526
0.892936
0.36154095
1.6258955
0.22519075
-0.007161
0.374325
0.09143325
0.83898
0.2436005
0.42858
1.46888
0.205513
0.28155855
-4.208115
-1.6441415
2.1227385
0.951638
2.3755765
0.7376715
0.85480925
2.81807055
0.9268445
0.480884
1.30174
3.241065
3.1079655
0.13317745
-2.748873
-2.588555
0.43762
-2.928155
0.22788
-0.1686135
-0.695218
-0.7125635
-3.14431
0.3712805
-0.0207805
2.910197
1.997564
0.099424
-0.6803575
-0.1665215
0.71000095
-0.051874
3.152286
-0.8902295
-0.932542
0.821072
1.497795
1.725605
1.928905
2.17295
2.76791
2.5695
-1.0168695
0.000433000000000017
0.6503385
1.0098265
0.795625
1.5884135
-0.14470135
2.0473555
2.60892
-0.1062
0.607126
-0.7499297
1.30309
0.067607
0.305215
-0.58392
1.34034735
1.8011435
-1.000061
0.5885285
0.5742625
-3.2649385
0.7227065
-1.002431
0.2763495
0.54699
0.425865
1.0120275
1.2513785
1.728011
1.56963
0.021905
0.04179215
0.2105685
-0.2535195
0.522995
-0.6964685
-0.7935085
0.745573
1.040635
0.6459005
1.8521685
3.73847
-2.269085
0.9662125
0.8714223
0.078903
1.8105935
0.5165266
0.40926
-1.753665
0.9310235
4.55315
4.751215
-0.77007
-0.0526505
-0.847156
0.8915774
1.544021
4.284765
0.0338349999999999
0.888451
0.042655
0.877976
1.014331
0.30068265
-0.317894
1.0315585
0.290564
0.941262
-0.59879785
1.0277015
-2.41567
0.6073119
-5.298365
-3.23567
1.630735
0.8361205
2.043985
-3.096925
-0.4596815
-0.0462285
0.35052795
2.706035
0.607869
-0.573582
0.4114175
-1.0932475
-1.31729
0.527919
-0.0947486
0.086105
-1.066538
0.3012145
1.525282
0.87060263
1.897918
-0.5527345
1.4156125
0.09678
0.0293945
0.91313745
-0.8361195
2.750655
-0.5824995
1.20109
2.40131
-1.977715
-4.59899
1.63566
1.3785
-1.56703
0.196035
0.176495235
0.4622795
-0.8482775
-0.9862775
-1.410825
-1.561608
-2.09904
1.681557
3.41663
1.4767565
0.3407129
0.481243
0.7366545
0.3758775
0.764115
-0.5657895
0.662661
0.76618875
-0.246842
-0.7457735
0.80594405
-1.191899
0.000395000000000034
0.859496
-0.078086
0.4655845
-0.2565105
0.0770345
-0.191203
-1.233245
-0.3043615
3.67589
0.5015515
-1.0728045
0.6748965
1.737336
1.65636
2.97873
5.324655
-1.1264635
0.1140245
-1.026188
1.9407335
1.0465545
1.4094995
0.1400305
1.0586195
0.069109
-0.67916265
-1.62283
6.164655
0.552831
0.6773055
0.1210355
0.51158155
1.94504
-1.690437
-0.2385247
-0.586716
3.994855
1.7036135
0.8283355
-0.651079
-3.41004
-0.3239235
-1.1609825
0.872429
-0.2663065
1.1135715
-0.50364
1.37749
-0.8235847
1.903563
1.0682255
1.2482805
1.227883
-1.65197
-0.9196575
1.967248
-0.026955
-1.034449
-3.12677
0.1484795
0.5601205
-0.46710991
0.6780755
0.83579587
-0.140874
-1.469935
1.0968515
1.0557325
-0.363669
-1.1553855
-0.420205
-0.4114223
1.218202
0.06252035
-0.221125
-1.26614
2.60265
-1.623565
-0.0147165
0.1040625
0.027359
0.365555
0.13901865
3.702375
2.8391525
-0.297985165
-0.1494732
0.0841837
-0.519185
0.5183425
1.5539905
1.832659
1.5326965
0.3947035
-0.643802
1.641115
0.5914145
1.55553
0.4895239
1.3172845
0.734735
0.53135145
-1.12987815
-0.773401
-1.131307
-0.2498405
0.6806965035
0.2570705
1.953395
0.27216065425
-0.4192145
3.406554
0.6125205
-0.0884524999999999
0.61514
0.1689625
1.6658375
0.295861
0.943463
1.2026705
1.37287
1.765742
-0.5410215
-0.426
-0.0944305
-0.6769805
1.042166
1.6819485
1.1051515
-0.725707
0.8209495
-1.350702
-0.883758
-0.7301995
1.7633725
-0.2316295
0.27611215
0.5376075
0.6601135
1.105704
1.231964
0.43691025
-0.56643
-0.800284
1.1063145
-2.757465
-0.61511
0.369671
1.1697065
0.309369
0.3115875
1.0285945
0.8379645
3.40599
-0.9337835
0.225175
1.3690665
2.4259495
1.030144
1.2846665
1.891785
-1.63057
-0.466835
2.260555
-1.065305
1.6040635
2.0210375
3.26383
-1.3380225
1.264066
0.425232
0.588479
-1.360893
0.4229395
0.2991985
-0.614695
0.1639115
2.4221425
2.09794
0.5842445
-0.15637025
-2.1125275
0.3925885
0.429214
0.35832
2.89529
0.83518
0.21053
1.1726075
1.0438327
3.5254
1.324385
-0.600015
3.463485
-0.17762995
-0.8573725
3.561005
2.3981435
0.292515
-0.0530244
-0.516135
0.3543004
0.8598955
-0.3374025
0.45142
-0.6781475
-0.5470365
1.3087635
1.4748425
0.168328
4.1027
-1.387984995
3.399305
-0.8972145
-0.85767
-0.119397
1.325505
-0.6677715
-2.08502907
0.5774215
1.255994
-0.85213
0.343936475
1.0282375
-3.703165
0.88396
0.099982
4.108835
-0.25623715
1.108809
-0.946456
0.1117282
-4.614245
2.610225
-0.311
-1.12137105
0.5367125
1.8678
-0.9041455
-1.8272895
-1.1462945
1.15397
2.883655
-1.696632
-0.4046104
2.971475
0.4826705
0.7936575
0.65407
0.32488315
-0.9242315
-3.727535
-3.22785
-0.20588
0.359835435
0.9087105
0.6518855
1.44318
1.841392
2.55270335
1.3342235
1.055992
0.259679
1.2305145
0.664385
1.17742
0.394025
0.18817605
-0.35072535
3.416105
2.015624
4.045895
-1.3587225
1.020937
2.0120205
0.13648735
3.16793
1.39751
0.4829715
0.2969495
3.188775
0.293334
0.316331
2.0116
0.5941655
-0.570293
0.3828755
-0.2380755
1.5883025
1.6856255
0.632769
-2.81729
0.9594535
1.99702
1.42704
0.609226
4.774165
0.4984485
1.2190275
1.285986
-0.2528205
-1.3355975
0.61047
0.470395
-0.749866
-0.4265775
1.033025
6.207755
0.9419205
1.757365
2.188935
0.6828935
1.5633675
2.508815
-0.25180915
0.681926
-0.332641
1.111665
1.166516
1.4070915
-0.2862435
0.120132
-1.3279645
1.65534995
-0.7145192
-0.260075
0.943363
0.18856555
-0.8980255
0.669036
0.5162805
1.5866375
1.14842
-2.768845
-0.03981
0.4883525
-0.0467205
2.222497
-0.54422
1.594265
-0.499555
3.30244
0.3040595
4.170925
1.11994415
1.31589
1.76027
1.179025
2.39184
2.15357
1.2714286
3.5043395
-0.5487805
-0.3608395
6.08757
1.4461135
0.105598
0.54945595
0.6805
0.3103085
2.222945
-1.9321
3.256605
-0.1285224
-4.032165
0.61978
-0.251473
1.974885
-0.804992
0.00799849999999996
0.741318
-0.180821203
1.2007935
1.8972495
-1.523015
0.935748
0.64475
1.508842
1.01406
0.37874
-0.8350575
-4.44125
-4.67279
-0.1875805
-0.4186715
0.7891385
5.023985
0.2152163
0.00085500000000005
-0.2289
0.383698
1.2490495
0.9414285
0.1484485
-0.265764
-1.959308
1.1356495
-3.40826
0.1029105
0.395585
0.0107955
0.22394795
1.6522365
4.498775
0.622674
-0.6560865
1.2088245
3.64775
-1.029346
0.941195
2.7389455
0.097835
1.3194505
-0.6658645
2.823145
0.862932
-1.186584
-1.5723125
-0.5557925
0.567498
2.135025
2.491525
-0.1407965
0.0512705
0.710505
0.841012
1.5084465
0.284429385
0.1550545
-1.5465102
0.53278921
3.172355
0.5524345
-0.774024
-1.9213535
2.043977
1.658063
-0.4274325
0.33204095
0.45753535
3.34582
0.906229
3.440285
0.386043
-4.335915
-0.858503
0.80711335
1.232565
-2.0031635
-0.2179084
-2.69358
-0.0780839999999999
1.093679
0.514352
0.0226635
0.591455
0.1357425
1.499443
0.171916
-0.33457055
0.32464
3.32895
1.78671
1.755508
1.908435
1.153113
1.0538205
0.673161
1.638234
-1.247206
1.4779215
1.290184
2.169155
1.301681
1.24262
0.753526
2.851635
2.18677
1.396026
4.3754
0.313535
-0.201941
-2.16707
2.44548
0.5259815
1.0878555
-0.53695115
0.725282
0.599054
1.72861
-0.897312
2.7007
3.117275
1.4519285
0.566136
-1.09178
0.7934775
-0.4504865
-1.285049
1.0869875
0.6898655
0.6713125
-1.3452465
0.026612
1.81004
2.19189
-0.15804135
0.9083905
-0.0692250000000001
-0.516888
1.6587595
0.416207
2.03294
1.460785
0.9640583
1.38816
-0.425039
-0.6266795
2.16679
0.1931205
0.903993
-0.1801205
-3.0731995
1.1059617
4.83043
0.144202
1.818565
1.1377555
1.217885
-2.045295
0.894231
-4.796565
-0.4411625
-0.057486
0.182903
1.80878
0.3688945
1.203191
1.6291245
0.10526
-1.933893
0.6661085
0.3658595
0.908431085
0.4616435
0.419092
-0.242968
0.203159
0.0143365
0.882443
-0.45246
0.4463995
0.0721499999999999
1.504793
1.318844455
-0.568081
-0.3605255
-0.2716655
2.29207735
1.444601
0.4012075
2.3869185
1.0069475
-1.1112805
5.149925
-1.314529
2.91393
-0.03634105
0.465511
0.8088615
1.063933
1.2974895
1.15523
0.0212945
-3.304263
1.24907
0.9872924
0.789795
1.165005
-0.9960785
0.69862
2.791316
2.7956935
-0.859224
0.7088785
0.3867405
-0.72604
-3.12547
1.551857
-2.52765
1.3632425
0.2515329377
-0.727838
-0.4245985
2.5138385
0.9439325
1.868145
1.392043625
1.133409
1.407365
1.71341055
1.0077515
1.86228
0.2596915
0.0620645
1.6357145
1.50143
-0.74588545
-1.8000695
1.3996855
2.0340057
1.127404
-1.15725
-0.3445995
1.582476
3.565835
1.0860507
1.24323705
1.9083535
-1.5290285
1.6949585
-0.0439595
1.9775195
1.168268
0.778591
-0.1555575
1.033725
0.783041885
-0.148045
0.34382
0.6932275
0.0665676
0.12719555
1.17047
0.185252
3.00566
1.26541
2.49119
0.166625
2.140175
0.7379475
2.608629
1.2739355
0.21584545
-0.000927999999999984
0.214404
0.022611
0.253231
1.9488445
-0.365067
0.4885405
1.314085
1.163812
-0.417069
0.109915
0.28898325
-2.985475
0.967116
0.855424
0.3022605
-2.113031
-1.305345
-2.15568
0.6774335
-0.8124015
-1.351439
0.269592
2.070445
0.953549
0.7996985
0.7676615
1.0899795
0.18158
0.0407465
0.216863
0.00304600000000001
1.0706905
0.2807775
0.52703
0.0988976
2.13968945
0.570442
0.068426
0.5260335
-0.79279
0.7322665
0.195916
-0.1708239
0.35894
0.9684475
-0.5217713
1.155235
0.45591
1.641805
0.9754775
2.18737
1.51703
0.195697
3.362255
-0.1134285
0.9607465
1.75134
-0.371155
0.2003644
1.5568135
0.9996455
1.305458
-5.194555
-1.32653
1.4515995
-0.232365
1.425524
-0.10912
-1.849131
0.572228
0.2624305
0.002138
1.353195
-1.134289
0.08987205
-0.224573
-1.503589
0.6120685
2.1846275
0.9088415
-0.258991
0.9459255
2.0260185
0.680375
4.354765
2.93234
-0.0689695
2.2520265
0.7456755
4.407745
0.8434845
2.44713
-0.203255
3.301585
-0.525284
-1.178848
-1.75974
-0.25570455
0.7982125
0.3712465
-0.64585
-1.022222
-0.8092641
-1.15347
2.074155
-1.0380665
-2.89781
0.7345043
0.97496375
0.5904135
1.618
1.136251
0.8568195
1.6562495
1.4352975
2.854468
2.57689
2.962535
-0.6563245
-0.611625
3.694335
0.6260335
-4.055775
-0.416103
0.265624895
0.898086
-6.45296
-1.34153
-1.50723
-0.46875
5.32896
-2.0277364
0.87696085
2.034225
0.082975
1.6695865
-0.9787555
0.536147
-0.7435225
-0.4041995
1.11164785
1.2441605
1.668855
0.552708
-1.167059
0.6674885
0.3865185
0.481851
1.79787
2.9298
3.635145
0.6529945
0.5053641
0.0758385
-1.3091945
1.498058
0.6215055
1.446096
0.366564
1.035445
0.1531155
0.242934
0.352842
0.738855
0.464585
3.81155
-1.66628
0.68791
1.113409
-3.78417
2.2437885
-0.07499
1.329375
0.4539615
1.023248
-0.2535595
-0.67762
0.183572
0.6744315
1.846285
1.739695
1.366395
0.6478265
0.13374
3.01279
0.6532775
3.284985
0.004797
0.046382
0.6851595
-0.7765845
-0.5538485
0.101107
-1.841322
0.213255
-2.76078
-1.339155
-1.728325
-1.4068095
0.8186775
1.7015
0.366485
0.53842
0.516585
0.565584
0.16321
0.4803355
-0.256692
0.122549
0.1406855
0.708372
0.9116645
1.77279
0.3522455
-2.88515
-1.2374885
-0.3101085
1.023162
-1.2145415
-3.400705
-0.910324
1.815265
1.76377
1.628305
-1.71508
0.848289
1.0547935
0.3932395
-0.342163
0.953127
-0.12492335
1.47115235
0.6537425
0.6805695
-1.5218745
-0.16298
-1.281116
-0.9431455
0.962394
-0.5198905
0.210005
0.87981
0.22576
0.7459095
1.7636295
0.090757
2.903105
0.49686
0.662414
0.490111
1.933268
0.325921
2.56163
2.950895
0.3495745
0.454529
0.419693
-1.70836
1.99366
1.0208035
1.6925
0.6491535
3.92133
-0.1962805
2.47328
2.33402
-1.0432625
3.94252
0.885555
0.6206835
2.964935
-1.228029
-0.45544265
-0.6789825
-1.2210795
0.1789445
0.737867
-0.2028055
-2.988485
-6.591405
1.129023
0.2331065
0.10091
0.087824
2.4321925
2.34426
-0.59158
-0.513814
0.951793
0.354425
0.5842477
-0.179807
0.100811
-0.15970025
0.090206
1.343428
0.167545
1.851715
0.42876035
-0.29372655
-0.14298105
-2.468665
-2.132815
2.240625
-1.577995
1.611295
1.3664
-1.9475205
1.0091525
-1.307537
-0.7503785
1.2358535
1.1221985
1.83471
2.61436
2.592395
1.40542
-0.287636
1.3059365
-0.80007
-1.7463075
-1.5210065
0.967632
-0.444697
1.4363705
0.299669
-0.3968015
1.7638975
-0.595141
0.9264845
3.75042
-2.951425
2.0047035
1.293884
1.239705
0.9155705
-1.365935
0.1283549
-1.1078375
0.865818
1.637202
1.184852
0.901664
0.488005
1.23467
3.14413
1.2683
0.226894
-0.174248
0.920725
1.49956
0.65207
0.8148683
-1.036425
-0.713
-0.73548195
-0.468771
0.09468
1.71105
-0.44658265
-0.114955
-0.941095
-0.132773
2.126345
-5.03037
0.9376605
-0.930761
1.704321
0.8511725
0.5098206
0.9694375
-1.412312
2.84186
0.7143695
0.73586625
0.89406505
0.850614
-0.1355125
-0.855872
0.8263285
-0.843739
0.80906
0.7262775
0.1780405
1.582445
0.7181315
0.0475415
1.43383
1.720075
1.179656
2.320345
1.1466655
0.0739695
0.5599135
0.440807
0.632744
2.551339
1.523095
-0.75247
0.22687
1.6127735
0.393558
-0.7506795
-0.828617
-0.623966
-1.39128
1.694495
2.628555
0.969055
0.929005
0.843275
-0.2860045
3.558985
1.443423
-0.427558
-0.038445
1.889846
-0.12552265
0.7857915
0.344634
-0.832985
-1.4979911
1.124995
-2.648683
-3.295835
0.55482415
1.906411
-1.51642
-0.290861
1.667465
-0.591214
0.56509045
1.258663
1.97215
1.3282355
2.00296
1.266802
-0.5641025
0.9227405
-0.42012
1.25358395
0.8744014
-1.700407
3.041585
0.1801165
0.471167
1.679002
-0.7898645
1.484743
1.456705
1.282962
-3.0221155
-3.01262
0.5192405
0.4698775
0.3880905
0.2182415
1.12296
0.3900625
-5.16562
0.45772
0.443003
0.7993625
3.51635
-0.0836505
0.968763
-1.56629
1.68677
3.356855
2.03265
1.952455
1.398564
1.59973
0.2295635
-0.331769
0.79105825
-0.683662
-0.4296035
0.401798
1.1534645
0.311195
-1.997337
2.1436095
-0.29114995
1.2657827
-1.0454595
-1.49375
2.349725
0.8282295
2.875955
1.806425
-0.4444055
3.450125
1.404805
0.6810185
0.6688495
0.847449
0.0297175
-1.2692089
0.83186
1.1015858
0.879143
-0.5485585
0.275787
-0.1188955
-0.414566
0.57318965
1.621007
0.08587375
-0.802845
0.48124
1.23293
-0.00965349999999998
0.930896
2.31606
1.990787
0.792205
1.44794
1.85631
1.418467
-0.040645
-0.28597
3.48628
0.2359055
0.9360215
-1.332482
2.91311
3.411965
1.947005
0.9699705
1.720565
0.378663
0.567055
0.4567175
0.21783745
0.6931215
-0.22844
-0.3284815
7.732315
-4.444195
1.0567437
0.785865
0.388255
1.2994995
1.036911
0.5051115
-5.581535
-1.5120845
-1.567511
-0.4184295
0.687613
-0.11633
1.4362465
-0.756775
-1.197195
0.559556
1.340005
-0.102165
2.454268
0.426242
-1.47014
1.541035
1.48332
1.77889
2.84869
3.308355
0.32997
-1.44083
0.303297
0.147937
3.43122
-0.9187895
2.728275
0.01263
-0.0348800000000001
0.30735
0.1237185
0.2588625
1.3835465
0.3709225
0.59098675
5.637405
0.15552
-0.062424
0.465045
-1.9138045
0.257204
-0.31153945
-0.2586785
-0.443152
3.92004
-1.238883835
-0.4912954
2.40827
0.267364
0.805327
0.1107575
0.3870215
0.294514
-0.847934
1.56145
0.74795465
0.114409
1.5774425
-0.9831575
0.580315
-0.80855005
0.9939782
4.78293
-0.591281
-0.153928
0.600745
1.65174
0.9728065
-0.06035725
-0.0448756
0.4947585
-0.65383
0.5244005
1.918718
1.9444255
1.2243475
2.103775
1.223708
2.37647
-0.2045
1.473855
1.0153575
0.4620885
3.507435
0.821516
1.0878041
0.085861
-0.153672
0.31168
0.5221155
0.3568302
0.5502805
1.030342
-0.823759
-0.110575
-0.5484066
1.1958335
0.6092115
4.717145
4.649265
3.130585
4.03463
5.35665
3.96946
3.97698
-1.42929
-0.1740385
4.39531
-3.005275
-3.021785
-1.5657515
-0.4470995
5.46821
-2.147835
-0.3437797
2.0311005
2.79033
2.424755
0.3061705
3.051645
0.966599
-0.2047965
0.80886975
1.3421875
1.336304
1.896721
0.0990840000000001
-0.120365
0.870493
2.570196
1.1458625
-4.079915
0.479294
1.96968
0.265058
-1.3269255
-1.1193665
-0.0636800000000001
0.140774
1.003318
0.787679
0.80957175
3.86426
5.49882
0.8160225
-0.0904555
0.2445145
-0.494115
2.49662
1.1969025
0.6142005
0.5646885
-0.6635615
2.41576
-1.111582
3.709245
1.3825055
1.691165
0.6501775
0.9942695
-1.40231265
0.5122295
-0.841451
2.096405
0.827113
0.9932735
0.175737
0.2867605
0.1032875
-0.49271
3.463315
-0.833431
1.057845
-0.30605
2.522525
1.4378465
-5.34746
-0.3977905
-0.722413
0.757359
-0.1948405
1.554135
0.1535075
-0.345396
0.8646395
1.0033555
0.5374025
-0.869371
0.391027
1.389749
-1.757805
-1.037443
-1.391060175
3.0162165
-0.410785
-2.113965
0.024096
2.087998
1.715057
0.9778175
0.87250275
3.26313
1.691065
-1.499015
0.3679
2.38787
1.197641
1.1885555
-0.9392035
-1.315054
0.385715
-2.03568
-0.746267
-1.120242
-0.886615205
-0.45881
3.79444
2.48818
4.355875
0.449798
-0.6443416
0.505985
3.05518
2.53205
3.694845
1.18089
0.8395643
1.666966
-0.648833
0.9154135
-0.06914746
0.226219
1.1753965
0.309811
0.566004
-0.4724655
0.400577
1.545288
0.9214005
0.489259
0.3427835
1.74646
0.54922225
1.772375
1.140747
1.4206142
0.6750745
-1.486515
-1.041311
-0.1495535
-0.89331
-1.136025
1.0698948
-0.8006095
-1.483725
3.053225
2.17433
-2.891445
0.0697545
-0.74915
0.5516985
-0.846545
0.6237275
0.5628315
0.328758
0.6019855
0.8472785
3.2904
0.4041015
1.801105
1.7753
1.02252245
-0.723379
-0.13549
0.820282
1.7964935
0.042571
0.1048515
-0.0418045
1.243685
-0.3949355
0.6600135
1.05174
1.360524
1.77018
3.536595
-1.3023175
0.4958175
-0.0769000000000001
-0.750284
-1.633597
-0.0321750000000001
-2.577596
-0.5544165
1.8852285
5.44671
2.78987
-1.6985795
0.7241405
2.11643
2.684765
2.363565
2.36848
-0.75486
1.0282295
1.380794
2.096475
2.106425
1.602025
-0.00407349999999999
1.0706185
0.6278875
-0.781376
1.891055
0.9514156
2.136855
1.462634
0.486308
-0.7348873
1.4752615
2.4852455
-3.60231
3.773325
2.104995
2.1430855
-0.0455395
-0.816869
-0.930238
1.9333
0.7134805
0.8018965
2.19634
0.728367
-0.6049995
2.09818
1.102627
0.402291
-0.19090005
-0.89942
-0.2065115
1.526735
1.35193
-2.8863915
-0.8956005
1.31055
-0.06308585
-0.739008
-0.0031815
0.812878
2.26129
1.3491625
-1.106327
-2.009834
3.91457
-2.339045
-0.921575
-1.10755
-0.49019179
-2.608285
0.204628
-0.2791055
3.908555
1.029336
-0.7268505
-0.1284475
0.418069
2.05655
1.654516
3.003545
-1.2168951
2.978715
0.772185
2.242412
2.381043
1.250775
3.433805
0.6279645
1.762755
1.695382
0.396735
-0.2697945
-1.402215
2.3269157
4.53207
3.855725
4.23363
0.79662
1.334772
-0.0257945
-1.906605
0.479357
-0.0461775
1.852295
0.8561555
0.7977515
0.244933
1.604301
1.859545
0.414827
0.7381315
0.68284
0.4582155
0.2071305
-0.5399765
1.80794
0.4418375
2.134064
0.1780035
0.605962
0.2372035
-0.1190985
0.1644445
-0.184965
0.149066
-3.010195
2.444105
0.8564827
-3.683795
1.572611
0.9946455
0.105185
-0.18144
-1.1725225
0.7629975
-0.2752825205
0.02784
0.6976695
0.9044605
1.278124
0.1665459
0.9217025
0.236643165
1.742747
-0.999876
1.1979635
-0.6968765
0.357388495
1.3600955
-0.64715
0.2639205
-0.3898854
1.24915
1.2618385
-0.579969
0.1802342
1.759155
-0.304207
0.583715
0.00865199999999999
1.3688745
-0.522122
1.249498
-0.454235
3.587345
1.6242315
1.0802785
0.5243245
3.550195
2.037295
0.030457
0.3993855
0.8839895
2.583015
0.089901
-2.016555
3.495615
0.9133655
1.6492815
-1.4031795
3.260055
1.846872
1.02201
0.0827500000000001
-1.49717
1.717267
-1.352741
4.25045
0.6995882
0.5775695
3.438965
1.9428025
1.868235
0.949438
1.4080055
-0.3668205
0.895258
1.300065
4.630965
0.2832565
0.08410835
2.75924
0.4216969
0.2315355
-1.71915
-2.20079
-0.125085
0.01633
0.0937249999999999
0.3113595
-0.591945
3.16029
1.23776255
1.264625
-0.954515
-0.3428635
0.687436
-0.0519499999999999
0.859481
0.515683
0.344935
1.670747
1.2633735
0.793793
-0.4576655
1.3088095
2.52817
0.16609
-0.431848
2.626855
-0.8955405
0.7777815
1.029872
-0.2460315
0.109356
0.9780375
-0.01875
-2.201392
-0.2657845
0.928778
-0.7262445
-0.770746
-0.4149395
-0.474522
2.22384
2.89428
1.1745985
-0.06900775
0.744433
0.8583435
0.5428223
-0.8850655
0.09040235
2.14051485
1.69461
2.1509685
1.1897231
1.596521
0.950619
0.74509205
-0.6793915
1.3269115
-0.3946705
2.421073
1.6514635
1.198536
1.336825
-1.1615795
1.02992155
0.5196095
1.6846075
1.2954675
0.8564265
0.026842
-0.1935505
1.270996
0.5894375
2.7820275
0.25875
2.0547195
-0.736341
-1.587035
-3.936745
-1.7786225
3.6365
0.7431475
0.9051155
0.010949
1.18512
1.430859
-0.26722685
4.21495
3.01576
-0.65055605
0.058157
3.806225
4.5425
1.0265635
1.3185575
3.90134
-0.5238685
-2.2820655
1.0675
1.7962325
0.143635
0.6960955
-0.3043025
3.44067
-1.3123425
0.1605205
-0.513147
-0.685267
0.5896405
1.55423
2.510565
1.92919
-0.7596425
-0.1904785
1.804741
-1.68093
0.6386155
0.38071395
1.519215
3.94931
0.7749095
0.4068065
1.6550185
0.691043
0.2228876
-0.5657455
1.313276
-0.1211926
0.32473
1.4369705
-1.959172
-0.12258
0.833699
0.2782705
1.897522
0.26042
0.5323055
0.863147
0.7459935
1.98191
1.056943
1.44443
1.4227385
1.0960995
-0.0705095
0.1564425
1.900625
0.432307
0.3701535
1.9216885
2.517455
-0.572339
0.26109
0.9082575
2.183865
1.577279
1.3319495
0.812992
-2.62362
0.687961
1.0167525
-0.0431595
0.82015
2.228715
3.286095
6.147415
3.720115
5.025885
-2.59708
0.358386
-3.596075
2.37559
-0.020397
0.373152
0.75275765
0.24393
-0.642363
2.22648
0.3893415
1.627607
0.12485
0.6509835
-1.329631
1.22373
-1.686725
0.2338785
-0.1490274
0.225709
0.575533
0.6388915
1.929622
0.28758085
-0.244977
0.30307755
0.0928405
1.4458115
1.4602615
3.970695
1.81958485
1.4384685
0.6290097
0.841471
-0.4400375
0.972125
-0.14090415
0.99301
1.0868715
1.59197
-0.360235
-0.068415
-0.443765
0.59552165
0.856251
0.616854
2.630435
2.4622675
-2.45955
0.0421995
2.354835
2.212294
0.858136
0.49222
-0.366175
0.12559
1.3335975
0.35971245
0.298185
1.1284755
1.7254385
-0.324107
-2.19938
0.70889265
-0.69955
0.93965985
1.30453
0.414284
0.7352585
1.9458625
0.741819
-4.139913
-3.5771113
-6.094125
-5.574805
0.299958
0.4323995
-2.87761
0.9187795
-0.2725775
-1.1626609
1.511168
0.7462975
-0.0266087
0.50679
0.55825335
0.8235515
-0.147993
1.80611
1.49005
-0.1440989
0.5255015
-0.323528
-0.10212325
1.040182
1.796985
-0.117253
0.3533905
0.871022
0.488944
-0.101868
-0.0604825
0.6778095
0.8322115
0.0148955
2.960515
0.4466735
0.51587585
-0.6059985
-0.78668625
-0.1042324
0.742196
0.0801700000000001
0.046365
-0.762135
-0.084675
-1.6906386
1.3884505
1.5767915
-0.1913405
-0.0451875
1.668039
-0.41986485
3.458637
-1.376695
1.136712
0.186518285
1.3398695
-0.2503865
-1.604348
-0.4738515
-3.476405
2.42831
-0.0249405
-0.6280115
1.120065
-4.74066
1.47965
2.06644
-0.777418
1.4834055
-0.2729435
-0.509373
-0.986288
-0.042728625
0.2538378
0.847643
2.5208345
2.216805
-1.715115
-4.728915
-5.451005
1.1195975
0.8614065
0.603671
-0.3944695
1.0444305
-4.96983
-2.51442
-1.67762
-2.23431
2.578165
1.4867685
-3.30008
-0.208132
-1.12041655
1.4605955
1.00307
-2.215401
-0.498067
1.0518539
1.4768955
-0.096418
1.120775
1.265082
0.6080845
-0.679933
0.5169437
-1.824585
0.5349105
-0.7300655
-0.077618
-5.72828
0.154917
1.2645545
-0.329158
-3.408935
1.5410725
0.3685555
1.852595
-0.09415
-0.5238155
1.6891315
1.1069015
-2.355845
-0.186125
0.0218165
0.702967
2.09381
2.173965
0.9330615
1.15198
-0.4335095
-2.54351
0.486913
-1.934512
3.072985
4.694835
0.2386915
2.140035
-0.8544075
-0.986416
-0.9305638
0.447705
0.0323015
-2.269333
-0.825885395
0.787967
2.00957
0.594337
0.765145
1.570905
4.23919
3.74559
0.475993
2.663185
-0.8989185
0.125995
0.6178965
-0.677887
0.5952925
1.7805265
-0.306855
0.177865
0.4683335
2.252555
0.486402
-0.852685
-3.52395
-1.022159
0.0501349
0.705612
0.508673
-0.26232655
1.465655
0.317385
1.60393
-0.8512835
0.7486035
2.31893
-1.0059495
-0.84494
-1.8220315
0.152915
1.200521
-0.2465315
0.578718
0.967254
0.20601
0.719363
0.2444645
-0.293636
-1.539612
-2.5505855
-1.176715
-5.44599
-2.37294
1.5330085
0.7188965
0.8021875
0.1065985
2.71542
1.301675
-5.2297
4.11026
0.178036
0.6331815
-1.098125
-0.786934
1.21630385
-0.529805
-0.1273575
-0.5881295
-1.139564
-0.54071425
1.16324
-0.827455505
0.1053365
0.282328
-0.2156379
1.407475
0.758759
3.67197
2.962165
-1.584835
-0.5970145
4.55084
1.26525
0.165182
-0.5406435
-4.569145
1.4457775
-0.025163
1.4688985
0.3000805
-1.237264
0.40008
-0.8603575
-0.146597
0.947895
2.3032595
-0.5138905
0.88057505
0.7164425
0.3401305
-2.72311
1.815565
-0.7597685
0.395494
0.3815945
1.9221885
0.5894105
0.24716
1.970525
0.4101615
-0.620067
4.31694
1.2326905
-0.6612527
0.4672855
-0.2798385
0.815862
1.046164
-1.9512235
-0.155115
1.940095
2.678205
1.96895
-1.2970715
-0.19147305
0.72252185
0.197637
1.4065365
0.2692085
2.750265
1.556688
-0.0398175
-0.217917
0.2214465
0.735526
1.58784
-0.21049275
1.77289
0.844751
-2.7624895
-0.7815715
3.78491
-0.7848675
3.194808
1.613505
0.6956765
1.40424
2.19673
-0.628733
1.82762
0.1178775
1.1752705
0.9770045
0.529652
0.8620705
0.317301
0.023315
8.84491
6.132745
-0.832863
0.1294
0.741936
1.0984515
1.0465895
2.0222385
-1.0491915
2.1242
1.45952
1.4368365
-0.2130815
-0.13601
2.91113
-1.957529
-1.0279765
-2.38336
-1.480782
3.93062
-0.3261075
-0.876068
-3.10491
-1.324329
0.653443
-1.396485
-1.412662
-3.220015
0.362577
1.89462
2.41235
1.792765
-1.6113245
0.0459715
0.4647205
0.4145195
0.0954695
-0.1636798
3.542805
4.626955
2.60383
0.0497515
0.799278
0.68335
0.736012
-0.7927575
-1.5034865
0.528642
1.045305
3.0722
1.742835
-0.731515
-0.4334635
-0.31278
2.368485
0.430611
1.40205
-0.3838365
0.6285295
2.5513905
0.4636598
1.2484155
3.16627
2.344015
-0.831699
3.045465
0.180153
-0.721076
-1.9308195
2.08466
0.8971145
3.804215
0.34622
-2.411935
1.068232
0.462151
0.8348195
-0.8490433
1.1628845
1.74554755
0.9164385
0.3703186
0.5214705
-0.11674795
0.6748185
-0.884791
-0.039615
0.637797
1.1443045
0.8158072
0.7322325
0.2363543
-1.0906265
-0.177886
2.4037255
0.229687
1.462254
1.32674248
1.187745
1.2862415
3.9888
1.764695
0.497451
-0.17404195
-1.275123
-1.194263
-0.7099695
-1.117281
-1.923311
-0.5773565
-2.278475
-2.67196
1.89664
1.3272795
0.16122
0.225835
1.172572
-1.22997
0.1845205
-5.510075
0.6623255
-0.0690075
-0.0813615
2.0089025
0.460294
0.8577245
-2.9828
2.966205
-0.8813595
-2.1470515
-2.27031
-2.00732325
0.88005
4.22149
-2.46372
1.5625275
0.14698035
0.1068935
0.6965345
2.11634
3.2986
1.858505
-0.256025
-3.2237
1.336322
1.2109455
-2.10952
1.303564
0.621382
0.112523
3.54254
-0.048141
0.07297
1.159389
0.4727025
-0.232517
0.7176325
2.1119595
2.0894565
0.49005
1.399839
1.433285
-2.4795
-2.156771
0.28789
0.8045985
0.4082475
-0.363022
0.954467
0.5172105
0.6377965
-0.5376625
0.526702
-0.0346315
-0.914534
-0.8075205
0.725016
-1.12586
1.16944535
-1.057763
1.178855
1.1422935
0.9710025
-0.1954112
1.952265
1.4805725
-0.591465
0.6247062
0.0811905
-0.5633165
1.125149
0.266235
-0.4555965
-1.2573735
2.04762
1.15158716
0.10850895
6.60526
5.190695
0.00382350000000004
1.3422305
-0.34719745
0.413767
-1.419805
-1.177612
0.3492623
-0.2845335
0.393596
-0.61368
1.1251915
0.5686455
-1.570245
1.235721
0.8557365
-2.0599885
0.36010054
0.267845
-0.19908945
1.2515785
1.325164
2.1430905
1.26263
0.136009
3.087005
-2.40013
-0.3183575
0.49327655
-1.460052
-0.0459475
-0.3479395
3.33977
1.290175
1.340044
0.886029
0.18449985
0.631984
0.12844755
-1.456294
0.55826465
2.29261
-0.0442155
0.6924305
1.296164306
0.649272
-0.826385
-1.201115
1.46182
1.3352765
0.2156289
0.180871
1.898725
0.5362715
0.9340085
-1.553742
-1.107798
2.353545
-5.586415
-1.68611
-0.146161
5.28145
4.112985
-1.4688
-0.20457305
-0.0280950000000002
1.6529185
2.000149
0.362925
-0.088909
1.83639
0.516526
2.98932
-0.1756545
2.05649
0.11273
1.237943
-2.7056415
0.7610985
0.09544585
0.8888695
1.0062595
0.046055
0.57836295
0.2950005
0.780643
2.382555
-2.0198275
0.23936
0.84728845
-0.386165
1.617442
3.02194
2.082015
0.906594
0.23318
-1.45393
-0.031955
2.163135
2.598085
3.117665
-0.7660905
0.1267215
0.7559035
-1.4375065
-2.998445
0.08175755
-0.8123775
1.8680005
0.5729794
1.538194
-0.4898985
0.304067
0.1399905
1.357417
1.915225
-2.1019625
1.310835
4.104705
4.95223
4.68461
0.739308
0.20200105
5.245985
-0.2600075
-0.429648
-0.00304699999999997
0.605709
2.15458
-1.8698905
0.72124655
-1.0554
0.907058
-0.154902
-1.076373
0.3897105
1.0140205
-0.588076
-0.547562
1.5837785
1.3965235
-1.791594
-3.00588
-3.078665
-1.297045
0.7896232
-2.205985
3.66132
-3.35971
1.6544375
0.13259995
3.121545
-0.55826
0.1369605
0.1425545
-1.673385
1.4827
-3.6625815
-5.334115
-2.29354855
5.45875
-0.193869
-0.21539
3.05342
-1.301768
-2.873165
-1.309299
-0.2045575
-0.7142505
0.9508685
-0.365667
4.96244
1.3665305
0.1800322
1.24262
-0.4064295
0.252287
3.11495
-0.1434565
0.267576
2.082045
-1.74656
0.667716
-0.166435
0.5958335
0.365096
-0.20207
-0.142019
-0.6237625
1.503395
1.441622
3.127395
1.187312
1.3502195
-0.273424
-0.4447335
0.985415
0.6642075
1.5528835
0.4819245
1.13976
-0.0717185
2.076375
0.66422425
-0.0300252
1.337164
-0.6705385
2.3640285
-0.16499
1.45274
-0.1242945
0.3068335
0.1496375
1.18584055
1.11114
0.787169
-5.973325
1.6451765
2.093675
0.55982395
-0.867285
2.438516
-2.451056
-2.33864
-2.52368435
0.889552
1.2343055
3.05893
-1.925535
1.3400555
-0.3446787
-0.8354945
-0.4964585
0.6641243
1.3534275
0.526057
-4.466615
0.54163535
0.086511
-1.4957685
-0.3010585
-0.189375
0.968051
-0.703522
-1.6099205
0.8990595
0.2615555
1.546775
0.777187
-0.7354601
1.296408
-2.1967
-1.0103815
1.33886
0.6572605
0.14746245
0.422295
1.22209
0.7479365
1.382289
-0.66629065
-0.451224
0.44338
0.0141375
2.90996
0.471563
-4.079675
-1.049057
-1.455495
-0.7575135
0.4452095
-0.54841105
2.28
4.771345
2.3235125
0.609934
1.342065
0.7143845
-2.146565
2.602065
2.148515
0.25739
0.025985
-0.8266315
1.03845
0.9995765
0.6696925
1.3816897
1.5396315
0.6256065
1.6899985
0.4193955
0.419457
0.7272996
-0.1829437
-0.5513515
3.11251
-0.107079
-0.354547
0.34593715
2.68724
0.33228
0.9047345
2.645371
0.8763585
0.206975
-0.5938065
1.962215
-0.266955
0.616438
-1.0392175
1.054418
-0.00121499999999997
4.36113
-0.17919
2.504255
-0.45854265
-0.4428625
1.939119
-0.0850555
-0.0826549999999999
0.237016
-0.838395
-2.0361095
0.080885
2.3410355
0.3431085
-0.08614585
5.00416
1.215943
0.4252037
0.6175845
0.733943
1.453075
-0.39035
1.543606
-0.481202
2.103292
0.487028
0.485496
0.480127
1.33013
2.133015
-2.521002
2.339905
-0.4190153
-0.93244
0.5812005
0.543995
0.308075
-0.77065
-0.4991555
2.446775
2.27043
0.5379055
-0.63721
0.4550165
-2.087866
-1.12703
0.617177
1.1644795
0.7099825
-0.902412
0.828859
2.581495
0.4639085
0.6663815
0.2986775
0.2036215
-0.221184
0.43711895
-1.28435
0.7791475
2.643065
-0.7697165
1.0580095
0.1158135
-0.658763
-0.842653
-0.77739
0.418585
0.824017
0.03322
2.23245
-0.650175
1.1100515
2.079715
-0.6485175
0.6489415
0.2104961
-1.5343805
0.3878795
0.5282365
1.0876915
0.580039
-0.71303
-2.47834
1.535774
-0.392435
0.8516425
0.611508
0.024141
1.5065555
0.9195885
0.7316665
3.500545
0.758777
0.3828475
1.083164
1.146985
1.800897
0.135295
0.5178465
1.0205115
-2.782565
0.207657
1.118376
1.3204635
-1.0967025
0.5725745
-1.76124
-0.689397
-1.317435
0.53018
0.2457165
0.9385415
0.5993544
-0.062888
0.0292950000000001
1.1387365
0.8306905
0.4904875
1.845065
1.7462015
1.209126
4.513235
0.389164
-0.45988515
0.1139575
0.12781
2.51365
3.102225
1.560736
0.447781
0.2204106
-0.9658095
0.813229
0.823851
0.6894055
2.0944395
-0.7951195
1.060548
1.336366
-0.1246106
-1.975025
0.121505
0.99762
0.904715
0.8385315
-2.07457
0.317865
0.1645335
-0.351801
0.835662
-1.160319
3.74948
-0.087675
2.233988
-0.656445
0.62175335
4.237725
0.200137
0.7530665
1.294909
-0.1054505
2.47077
1.872025
2.75285
2.311325
0.0234295
4.195845
3.060325
0.047305
-2.006676
4.526005
-3.765655
3.59591
-0.361675
0.744522
-0.4905635
0.923953
1.046821
0.25136435
0.535337
1.543883
0.7423085
-1.5881755
-5.105625
0.342116
0.6294
1.01646
0.837199
0.6056405
0.5633195
0.765546
-0.6699585
2.537175
0.888699
2.119455
-0.40004
0.3383035
-0.3030735
0.866599
0.9934675
1.0124724
1.032506
3.52329
0.23492
0.417625
-0.1529065
0.90999
-0.27738965
4.2367
0.3186725
0.1105015
0.3964915
-2.726225
-0.5470973
0.836521
-0.563515
-1.7829795
0.1080595
0.254618
0.7384309
0.2479755
2.2280665
-0.1115915
-1.5313395
0.4121615
-2.778555
3.7268335
1.81549605
0.652448
1.0215575
-0.64831795
1.03934
-0.229095
1.05651815
0.717185
1.336602
2.0842115
0.5318735
2.535495
2.10394
2.30752
-0.201789
-1.28852
-0.555725
0.698271
2.660605
-1.0492625
1.305426
2.577735
-5.38249
-0.3595365
1.0872855
-2.1133095
0.631292
0.694938
-0.54429815
-0.3674726
-1.088902
1.510251
4.062705
0.1895895
3.1547
-0.00892600000000005
1.0499305
1.564803
1.278685
1.089877
0.85303
5.03079
0.9345
0.477116
2.039955
1.912025
-0.0316245
-3.043694345
0.9124052
0.103235
2.0637498
0.841002
0.7294315
0.6759575
3.95292
1.239405
0.8411505
2.015762
0.8097645
-0.7418335
-1.60786
1.260012
-0.267502
-0.2138455
1.7305435
0.805342
1.64014
-0.576108
1.10531615
1.383101
1.418889
0.234762
2.178655
0.1377654
0.9150285
1.620213
0.36968465
-1.788395
0.3115095
0.984539
-0.6524275
0.9356425
0.8302625
3.022095
1.805707
-0.0202145
2.89374
1.697835
2.633275
3.426675
-0.1374095
0.561635
-2.04155
1.29598625
1.08352
-0.035726
-1.874693
-1.53483
0.03931
-0.690723
0.541958
0.6113855
0.1194305
1.191915
-1.89475
1.148369
-0.66663415
-2.52652
-0.8489025
0.9087855
1.012257
2.79182
0.40265
0.181775
1.478077
-1.2182125
0.386041
0.963678
-0.5581335
0.564839
-0.029779
0.2570835
0.0764339
0.2899575
0.539414
1.2471125
0.17355805
1.385103
0.58198575
-1.36449
0.74979265
0.233811
0.2004088
-0.8317365
2.98503
4.402145
3.169705
2.57981
0.888348
1.665845
1.67836
-0.1436065
0.274686
-0.772446
-0.37184695
-1.290186
-0.0859285
4.29161
3.87815
-0.396286
0.9519655
0.6512005
1.717472
-0.6631115
1.379754
0.389405
-0.117895
1.206257
2.13766
-1.32923
1.57661
0.3820025
-0.20978345
0.6986789
-0.0382045
0.047945
-1.179447
-0.9755275
0.3686395
1.0199165
0.51243
1.212617
0.11493675
1.1328945
0.083315
1.7096615
0.690045
0.610779
-0.34719
0.210175
0.5020325
0.9422805
1.72183
-1.3482495
2.989385
2.30809
-1.71018
1.0391685
-0.00310850000000001
1.1860275
-0.888035
-0.755821
0.65951625
1.0374405
1.65132
-0.2984465
1.892905
1.219468
1.2432905
0.505145
0.0638650000000001
0.9666675
1.062521
3.775635
0.8809595
1.4513605
1.0454545
3.562175
0.920977
0.0808855
1.04313
1.142463
-0.53017
1.107997
-1.16504
-1.6312895
0.50692
4.43922
4.168055
3.90155
2.86334
-0.6667
2.106702
0.205906
0.1052
1.30595
0.0828302
0.00806999999999991
3.01646
-0.6853639
0.831723
1.55584
0.9940525
0.6803685
-0.4509965
0.9337895
-0.41941275
1.1893957
1.380834
1.0304595
0.797035
-3.92078
-0.341817
-0.00810350000000001
-1.7788545
1.9008155
0.456002
0.5784975
0.4597015
0.867804
0.7965415
1.3586065
0.0086742
0.65617
0.4034925
0.4829535
0.3764215
0.228507
0.669509
0.699775
3.18268
2.121075
2.435765
2.24244
1.0420445
0.181596
3.59145
-0.23757065
1.1212445
0.716716
0.68816055
0.39135
0.281484
0.4433675
0.2970555
-0.7060975
-0.4334505
-1.13842
1.0826365
-0.3420655
2.81209
1.46102
-0.275624
0.5157065
-1.0078835
0.2108205
0.5612945
1.983695
0.714508
0.5500595
0.110146
-0.576932
0.898327
0.1797635
-1.1719355
-0.3155835
-0.2182005
1.382924
0.76079
1.2839085
0.43814
-1.275965
0.6395395
0.949696
-2.85071
1.125105
2.67096
0.2862715
1.063182
-1.470036
2.774505
0.670399
2.25256
0.13213
0.979399
0.939616
-0.164675
0.0409400000000002
0.3007845
-0.5819568
2.08899
0.990594
-2.92727
2.42176
1.3254025
-1.541481
0.3724005
2.99219
0.666193
-0.08175385
-1.393401
0.4730785
1.3170065
2.598715
0.014455
-1.37981755
1.3197219
1.86732
0.8188735
2.1213
0.21141
-0.4117035
-0.2847945
-0.3883295
-0.431221
-0.224985
2.264705
1.8272115
0.49249065
2.214425
3.048685
4.082935
0.1539145
0.816485
0.289738
-0.51851
1.36793
1.80491
1.830665
2.1986755
0.608137
0.10905545
-1.429065
0.271695
2.641255
1.053741
-0.438667
2.137375
2.065234
0.7255395
0.497217
-0.0905244
1.8468655
1.036529
1.341055
2.04227
-0.045252
0.476826
1.36189535
0.10087833905
1.9661
-1.3098715
1.33275
0.800488
2.46786
0.3500515
-0.014893
1.49276
