H3_JulyAug_Temp_Var_z
2.67609055058844
6.07529730395903
10.4883642160352
5.56616025669575
2.64936252583646
4.48466837297178
5.49394956095712
4.25179668002338
2.17578927442942
6.10412167302209
3.6371229960929
3.49213436072066
4.35307364602459
2.50423971899673
2.76307699355423
6.34081183190267
5.46191843372469
3.10127609337132
3.94821712416287
6.38738439901707
3.10043459334705
4.32718582852137
4.51448856034437
3.04222132881424
0.516565655536063
2.27792166470757
4.13753536614197
2.61337648010101
5.11340828748584
5.70837407796553
2.98509298280599
2.14554104554889
1.54312998609882
2.76182085311881
4.10112641034309
5.45863906743621
3.347626340642
4.79386795835937
3.39297258492634
2.70619356338318
7.56858560859123
1.64774998732032
4.15706164098702
2.6982686366306
5.15400837743195
3.35296982604453
3.91679443816036
3.8513433514074
6.24683006264208
6.34933229127269
5.51739060298705
5.97399720993169
2.83083802483933
2.41952581172985
2.94396553382907
6.17182345949025
2.55118531060597
3.96927200640634
5.97911460726553
4.55299755186697
5.22531831388924
3.8157404228245
2.03707219004028
4.87646408484257
4.93314998254461
4.75655732882837
1.65566008763075
5.81048601079836
6.14355611486974
6.14480427503625
6.59277802592567
4.03443943396692
3.20111644824762
5.1296266136785
3.01364520934963
4.08478746146088
2.97592088363705
1.23926239507758
2.0516777459117
1.99654878950858
4.99250722225856
3.22774195050345
3.12972039663551
3.62549123644743
3.15940940843191
7.18549275249652
3.14256028889882
3.91630361825447
7.8519490954989
11.7042254596962
2.04418056073642
3.92695560687704
1.24704953982037
2.73517195526296
5.86153988621229
2.29045180236267
2.73591394243299
1.97901172086778
5.67468932456398
2.58160443997187
2.23476201641723
3.49871036404386
4.0088869638684
4.70321093693627
2.36042613891369
4.46390626802665
1.47698577555525
3.24959497426486
3.16153485399453
2.10029880902563
4.41409808913366
1.50917490236945
3.21372813578199
2.33528471653149
2.0863997415391
4.30649945274614
3.67399808885364
1.45521096464366
3.7112153929077
5.53229057682933
4.17824019111028
2.73522074336203
1.56062815844288
1.80678777925204
2.29818958697921
1.8091870948133
1.62624779806848
3.28790171601168
2.58267781247657
2.85232204340152
3.75557533698083
6.90787058964838
6.38485084720755
4.18133092071968
5.48381192658387
4.9931491388528
3.77671902605246
3.06215498567249
6.59874547912691
5.23661458121597
4.33275774131491
7.89614691499769
2.25240133902778
7.5962754207392
9.38853054723581
2.94021705118087
1.26895334064021
2.9828800822757
5.09400242723464
1.50564858815565
0.277775884925838
3.27863594507357
6.62418464565839
2.89744225763858
5.88832662820476
5.05180539823639
7.19565127020525
5.44917617331612
2.94686990894666
4.30478371498041
5.22380471382065
2.72067761876407
6.29232424405464
4.41826095533354
5.25772218285537
9.36193515784853
5.19406892458537
3.70914182483799
3.97297704906722
5.06670158100856
6.10930557270677
3.23643329183552
2.62478641102971
4.09087920146447
2.54853874204448
1.66064566355029
3.77244425657899
3.08755168351227
2.88351511258501
3.76059415353536
2.97067455106007
4.15006120162376
5.19401715637108
3.95246135088265
2.52324064382157
3.07041384197374
2.0423650434157
1.63595498628912
5.38536636977255
2.39024683761977
3.94503428893363
5.74552369857471
10.5343892648061
4.43674355994707
3.92392178931566
3.59325520887629
4.89934649618252
5.82026291445885
6.21907078831891
2.00442705569941
2.19772653263767
5.21320868819272
4.97298999319171
4.85585714207748
4.19376242018777
2.17655727824218
3.79860272901162
3.17408194089376
6.03503599009726
4.23021849099835
2.312679035576
2.0347941249513
4.02834038107906
4.65971168724733
3.59702708055671
4.54715021961063
1.80036885890888
1.26724678877864
2.39823955090725
3.48526467037903
6.70662167962271
3.46030544132801
4.01702747481291
10.0553862438893
3.95559447007635
3.6989999360693
2.67696620268487
6.80996594019618
4.78046661247103
2.17616151486578
6.1621921835994
5.10591921497845
2.81011112577181
2.90691319328866
1.62436465239183
5.62840668302462
2.19950582187548
4.40908298822812
3.09893066422098
0.516565655536063
4.70775737571079
1.48291625761007
2.66754464985337
5.75328300214439
6.60569543359451
5.17321583579887
2.53069478910255
2.4016876983578
1.33112425903879
4.62334353677349
4.19854017164537
2.12936648521686
2.83057724582241
1.00358987258633
5.80526273903657
5.45817827608689
2.32348265986192
4.68732303096903
6.80090639021206
4.2925590111712
3.3465461126076
6.98670582181493
5.99698732742927
3.43375026785197
4.91762244571896
3.57219965683373
3.9464240535366
1.58281425433217
1.02525551543511
1.66124202795887
7.83970046147201
2.83085009472524
3.3006451143078
3.80648220036338
3.42343536671456
4.00740787763889
2.86259181520222
3.40753279468038
3.68833593757916
1.87872218079833
2.52457907778509
3.94568893959896
5.28243861767317
3.0628398356674
3.35051049717961
2.8337013091771
4.90928074857026
4.17019070228338
5.17396470611978
3.70127931488545
8.24398290324484
3.86997262803074
4.86197833423594
2.56639138050745
3.42716518945092
3.7642058505146
6.84702559617121
2.23477772228075
4.73785990158087
2.24909610263981
2.76547964124927
3.40370390443622
3.06026584222234
1.86494651513606
4.47812406260858
6.09649378908362
3.53571236197075
3.7978187229735
3.12549940538446
3.34200003532994
3.64144192613026
4.57664182414016
5.11292740661714
3.0674043514194
4.18304964315595
2.24315024976042
3.04579626992348
2.42502133182194
4.67579472811887
3.6013748287435
2.6455778309561
1.65300159590113
1.09057004973258
4.78537608379501
2.56109105289326
2.71402415694205
3.50696203411683
4.5839838610308
1.98431077206684
1.75472007010722
4.43184001603604
2.32107311864532
3.42511661107709
7.22462143476905
3.39218658340397
2.33456493491601
1.7495055410913
4.62526128371206
3.84767351243974
4.64959893608247
2.28673901079763
2.20339355295303
1.35042555170549
4.06604906388361
3.24230546370027
1.46767916214406
2.14385411044513
4.37008095955935
5.04173190412498
1.28238989660892
1.33863202085959
2.39056181244554
1.67223941213445
7.26916379779367
6.65328228816247
4.4058022537487
8.67199810103423
2.28866895823302
3.90407210038911
3.14827047466611
2.12111936248173
2.27545439386384
5.81061323568345
2.26922587787386
3.19761671512718
7.81114704242505
3.54190972583767
2.73998488118377
3.82707131052475
5.22569731761894
4.4852297551622
3.59446203830629
5.5512370068958
3.96391355598288
1.93728900178379
4.60659970876618
3.36063295396444
2.85459094008084
4.16858093890359
2.80444002041695
1.20848808781754
0.412436468653302
0.253951065842021
1.14935285744766
0.338545801979744
0.785778097057039
2.51770214295984
3.79152048123775
1.87115182478554
4.81594875503524
3.06066740728783
1.293016167638
5.51247750308963
3.2018009509607
1.36949324158145
7.29398282856366
5.30367627819822
6.19660988087018
3.42821653062753
0.516565655536063
9.30160990610621
9.96718988468327
3.45885152239723
3.61022469576563
6.30785423390679
11.2563105269032
2.08752470538269
6.36619319637357
3.35018413160495
3.64790476094945
6.04485037049197
4.67580258845634
3.77173555155476
7.78629147281387
4.64456843172251
2.90440409896363
2.76245957654009
2.16548590430268
3.42820841143857
5.12244596542288
4.5557678902106
2.00917647452731
3.27343209149192
8.82297713081742
3.95246516165934
2.66845790061024
3.75802683473878
2.99763807721481
2.79929699360779
3.07491566860936
3.21830114229606
0.777912082863695
6.10496180785196
4.36843505624666
2.66526374978901
4.1370283696199
2.1416683942673
5.94032023244083
1.99466019331136
1.65697652576154
4.33703660234697
3.59439218857751
3.12945089022647
3.72258681792488
3.48363321424463
5.6440019827443
1.17438457672391
4.53246727496373
5.63184759374414
3.3748945018801
5.57229719323443
5.12671296753983
5.53723003382206
4.6120715185083
6.56107897166339
2.47168390897185
2.03674395546917
3.21281761995871
4.10280300530601
6.22043210313315
5.03361676349609
3.2673550666049
6.39837548669549
12.8812184059548
4.69442818196012
1.87237477297509
2.87362365429658
5.35914201045259
0.353745281042303
0.344277757753635
3.03308650164321
5.78994136573141
0.639522805476425
0.445034246205737
2.93739274073044
1.45452431762417
2.07585485372933
3.77459584330611
5.81849337753624
5.57500764585948
6.79427085769204
1.52791076557832
4.09351191425275
6.02664191043379
2.86202666035867
2.70138051308315
8.74003345419618
4.15266379760329
0.00365312739484581
0.264590490440751
0.00365312739484581
0.701553903601231
0.170779042587885
5.35758164852353
6.33424238214241
3.38756717920755
2.27036759196249
5.4158390575447
2.5302362046813
3.20660380782955
4.21594812698996
3.53391715951172
6.04250628114291
7.93171143020034
2.5887547728649
2.78652868085875
3.53973343249581
3.90918572351355
2.51814467219525
2.3784144275395
8.06091917154931
1.21577351715016
4.1605591364848
6.16299472824646
2.68562252627307
2.10303089102762
6.00045064109723
2.82313715070444
3.08998644106073
2.43522377285484
7.22009529323427
4.2781354386917
1.63935911336068
3.72948764940761
6.14242165429518
3.74505027391683
3.0084808859988
2.75554569684468
3.00366231086625
4.75302459333867
2.94199191725017
1.7919550342619
5.6006719483788
3.60989026744743
2.2555214167846
8.30628313182838
3.35833959046157
4.43372887602017
4.66075888589172
3.73118259498928
5.38267157992081
4.806909456856
4.29648843706103
6.81425312488824
3.92995876074154
2.42757266346374
3.02558190595749
2.17414638660013
4.32230480282816
5.50723863283499
2.51258864253685
2.67633454314183
3.43583811955272
1.74585721229957
4.22223545401258
4.16408732368249
3.90803257779915
3.80514862727197
2.97013159957023
3.84556300205404
2.06060196288774
5.5483484576767
5.7127189687986
6.47932165638779
3.1840358307977
2.95251855140898
6.17128385706219
2.0146014355003
5.31366284574239
3.49155123140354
6.76221998740284
2.64167742420063
5.50287738159427
5.44247679244329
3.40180654499313
4.01270112208017
1.78565541646935
2.87431225494763
4.07847089769957
8.11140373274005
8.92759318158084
2.29912460096542
4.48477324432787
9.36961485316657
6.71527674587996
6.34734877690303
2.87615442666337
3.05970492030435
5.45158232746059
1.86518128440646
7.82723359483074
2.95325956693957
8.04108670404177
6.46651439327573
3.93955228539205
5.64907443345134
2.05480687780623
1.86242334409119
2.25558324534836
3.58763138069167
5.8088373061663
2.90517042350919
1.54026928350555
2.49774525711598
2.82551933545015
5.18109961972717
6.39923332962815
4.76719514703277
7.18793433994585
3.50800239461817
3.24870666576061
3.63083852959896
3.44938723208822
6.48965420808249
3.68236206909536
2.03962187806481
3.52834164272027
4.19489741197625
4.68626489909352
2.96784124084786
2.35817833519486
2.72421286231764
5.42872947183224
9.54363990909073
4.79242083892787
4.49989684830196
5.77600890155012
3.8090140789806
4.20223898031853
1.65811316815201
3.5294464330119
4.1841588480952
2.57367126779072
4.9451448158589
1.21735267712941
3.17873690168268
6.42600169912581
6.09164767696066
4.73896222163596
3.07926037655021
6.97577462041907
8.0330332785122
2.77555115890457
2.31963490993003
7.02914092986994
4.341687292509
3.91642750704139
5.18498265128164
4.48152665152201
5.31655057684626
4.99282517845165
3.3151149203014
4.83180312164129
6.22117023354086
3.35639812130119
3.15711506186987
4.19967269496845
2.78526178497013
3.27684229755286
3.36042484024867
5.41702215846083
6.49267494693737
4.58296600758543
3.01564736964561
8.41333650745703
5.4090819854842
4.66455625850254
4.37278279237512
4.84574597725423
5.13324815803857
2.53061874980132
2.50749317036596
2.56592797118302
3.53314237866658
1.3716580744595
3.69827108463421
3.51001543324141
4.40821373494356
2.86880455410568
6.1401304642258
4.53903559839436
5.77587273124468
2.51602487031062
5.81830917614264
3.99023456158856
2.35992125927163
2.30517907760084
6.02125473415533
4.18315235623396
4.41147423027667
2.00735098723788
7.32673724463927
4.51485934353301
5.35436754238735
5.46208113093175
4.77486796900321
3.43475444959092
1.27388565902507
3.33101497954995
1.18514556032293
5.19212294723787
3.225276188224
3.42198685618389
5.68619478416986
2.54676030948218
3.00615846098135
5.07441833959977
6.65192166219577
4.19795878751346
1.9272790299
3.70944453303353
3.23369872895576
1.67423264789661
5.33021392828044
3.05656565398631
2.92701297144229
5.14365642235818
2.57258024828967
3.59070183763136
3.68924114428411
4.07687084761704
4.45750160834462
2.37829405441305
5.00395486744218
7.52908486436914
7.64679590200583
3.49526107362823
5.21078985070691
3.06782711304524
2.16336229776248
4.14332492228629
10.0369761952345
2.85973682322312
5.32145079345979
7.72637355131953
4.59448870690004
6.07558226462445
3.17962835681542
4.15059609374934
7.11772687583801
2.56322387105906
2.56113757568545
3.93401176270686
4.88247719449263
3.30749646049209
5.19309988581915
3.2919211487003
4.41713007235334
3.60582213792655
3.46388069710177
2.34013227271616
5.8355157908379
1.38347621807963
4.07717580424975
2.97269814401855
3.9623441823599
7.49928016345739
3.87656722171742
4.66134245638269
1.91427915184045
6.06991512569328
2.16132239278645
6.543644309303
3.43200822437171
2.10774238360323
7.19402153882218
6.65573386397012
1.84704125341365
3.86022863838261
4.58313939618949
6.31080780215184
2.34822587077828
5.87548827011668
4.48985490219456
2.00076900792473
5.46964753744323
3.11738478415288
4.96767362940703
5.97858043147306
4.8352813004236
4.28336114775325
6.25598393577184
2.93589904933035
4.76096365469447
3.07153168758878
3.19105411415148
4.47469332972237
0.725548081620854
3.02667089051191
1.91576685279328
1.08222297456994
3.57308132721838
3.27539201615993
7.0940526636986
3.03204078839256
5.09312688942239
6.37370800429138
3.4960198930359
6.62552410587855
4.13801409181921
7.58335096009283
2.1296345766367
3.38733603744318
4.17332544600482
0.516565655536063
2.09734093979734
1.79929546916575
6.33143382889565
9.55068182231846
6.45874572426154
4.64360363784188
5.76445325754766
4.80686226930232
4.52318387500355
2.1859035156844
2.61505993796667
2.94479396178472
4.14158483212419
3.10989845126541
2.91329200913606
9.04595839746492
2.24947816530239
4.42915508856738
4.79411125329138
4.50649481797476
4.38367577804957
3.53143577654742
3.91665624164789
5.83355278617949
5.456636067622
4.19914640738123
4.66643090498242
7.1334756863212
2.35719865962091
1.53866664583294
3.05566069418494
3.21632164931165
4.1488927035216
2.93668225253409
5.8908095335424
3.92248304366214
6.50458611735639
4.41093588174667
3.42606825957523
5.59320837971614
5.83782144358417
5.76422267384066
4.9729994208162
3.27750145627957
6.31571811844914
1.59055842692054
3.19925612281409
3.37730185888024
3.44744037021019
6.06057340428994
2.75329729356305
5.49260976147798
3.20039132328569
2.1415320042144
3.15958608023944
1.33211987496414
2.53565735355137
4.1735358624098
3.55832312299329
6.51573807157667
1.72056427638235
5.25348917983489
2.11078783352064
1.11923162388835
3.92409919820216
3.88646816493983
3.5106597321501
1.74185916271422
4.39139548743764
5.22249509541466
4.38445190286936
2.47503594041966
4.12604847401106
4.52940226023573
4.43291975693981
4.25724057476892
3.63353032963956
1.74400908020931
6.38766136086765
2.14970120537023
3.23832355266711
3.44527171324437
5.34528406263207
5.4133094590379
1.36915077740686
4.151429042438
5.56779106761854
3.74041803954429
2.22446258717362
3.18751786737316
3.40195364181055
2.5635886184382
3.6416714846903
5.62574005181717
6.62009645031341
5.55838566675012
6.65957910962897
2.17975490559565
3.59688848514714
5.32837196110005
1.63709030748119
7.53384327819103
5.12037627545705
4.10947775415125
1.26169851811898
7.69985928573154
7.67051497049665
4.57192411769634
4.22109811772811
3.29520445185566
2.96513404137038
3.5414231964156
1.90064289687895
3.22896619965377
4.6124025588684
3.79412786520507
3.71325287149912
3.39381481213647
4.26633013561361
3.40392170728994
3.84975838551408
5.16312192677061
5.50242043717478
1.36826595027842
5.28060343256998
5.36079892190502
4.8806537885028
3.46855165728535
7.85866830209781
4.48358303775372
5.39503315634766
10.761022695353
2.16116924550272
4.17112077058035
0.516565655536063
2.52655970983397
3.29460037027896
4.44319559105301
3.76202294279114
3.7042060325521
2.87458083972602
3.51876421920343
3.33593297791108
5.35507511995117
3.77973331385859
2.73753125439027
4.62481771857347
5.52612659712922
3.62447455466193
2.6104035379599
1.66521124152602
2.87786871983693
3.89198490308229
4.53985022168606
4.58052400711458
5.06742010140217
5.46090100456655
5.52351182070158
4.48419237760368
2.55821670839993
2.50045255831034
2.03672044671029
4.72104460402076
3.77486473840085
2.49080797221931
2.68284039147195
6.7207583270264
2.7783396262363
1.74498432357717
4.83406649779574
6.15761071171409
2.70646227036333
3.7747010967916
3.18915207902224
2.62931265154306
3.4637143473602
1.2531530916446
1.44045530739484
3.4304049877545
3.89978650210961
3.14508948214574
3.35942682481141
2.82308493921427
3.2995931717822
2.98777635858378
4.47265640016443
4.63208781456326
6.40652913546874
2.55468638721793
1.25952840550479
2.56936179150548
2.86449379043749
4.41106413472948
1.99613747861484
5.24416927429969
3.38578154589661
4.68585270170674
1.65394521382921
1.91689704891309
5.18030296844984
3.4129419077811
4.20019378577812
3.05948996976812
6.91514152582884
5.68523659026997
7.07091319183876
2.31985437503998
3.48253285982852
0.516565655536063
3.46017510771541
1.75800338427754
3.59966677344666
3.58988621893728
5.99231491298362
2.82238139249017
1.65084834918676
4.93696281933074
2.85441641868171
8.15892078519804
4.49291217414636
5.46135496562441
3.55102838453587
4.95282347260704
3.08381995149463
7.82912853306885
0.516565655536063
2.67468226147132
5.15167749242565
3.11587957582606
3.90105449802241
4.3674934224907
4.34982135919873
3.19429659442655
2.65355219397497
4.21467942479144
3.60815183724291
3.49056075318946
5.35342481360592
1.70886512070526
1.8351745453435
2.87135816471271
6.20702333890898
2.45291423956923
4.80855126698798
4.82126744235739
10.2614303828197
4.11995859324005
2.1727573527662
4.76199902999486
4.09272004475605
4.19113961392709
1.61213379515709
2.3411462629486
4.77142370064129
5.81612438834046
5.73168654398495
0.590005157165556
5.00547223530877
4.48052171971056
2.79324522741388
0.980552650995347
2.64319756796165
3.37156844223041
4.08157783287365
4.61387894523771
4.45961336973057
4.70467039454063
2.44367962861704
3.64956396949355
5.1407083817894
5.52496196742294
2.90002211206236
4.59609384089514
2.63613418462297
2.59489708495309
3.56282375141625
4.41703619008755
4.85318644396523
3.52574950761217
3.29503024266988
3.35127120277157
8.04883317587318
4.47413831510274
3.31214003255607
1.7354762818962
5.88343162529391
2.85361738772403
6.39090593343445
3.18033364625341
5.11169538543015
4.2730945806376
6.66568604178622
4.08477116562063
3.99268656113421
5.51560706559807
1.70375703038204
3.29077174792227
5.08348402118783
4.69907308348194
2.32274459964633
2.70490687269378
5.92960741874724
4.08344588441456
4.77384906169911
3.71863190418969
3.08144009752558
3.35726899033679
5.38184499147178
6.21011272427119
5.76185057617179
6.50679306173354
2.51766189415968
4.86728088375956
4.40498458366407
2.60939113758478
3.12489810152218
3.27276794403669
3.37117972078208
3.21292867436187
7.8725117053104
7.2517120003009
5.62638796846002
4.21891684787828
2.78723908910518
3.77527685094599
1.81359567529147
3.27566247168935
1.87869169127151
7.98645909094602
3.44002962286465
2.85928011988115
5.82804440619888
4.20546643490053
5.17753263597028
1.60309615500736
2.92883724730363
4.87536194241919
5.74032032979927
5.39163256361842
3.9041618874189
3.82336713551827
2.6167487448796
2.21805938196277
2.53823526484312
1.57913799730086
5.65098816759466
3.56999300359359
2.96433607728472
2.00338675337997
2.0748424519061
4.87787571681768
2.79482039923643
4.29078688873531
5.46233097421131
2.91070483348602
2.89458934729134
1.69902723825358
4.93792982276179
3.01513676913293
4.37033204562025
3.55922172005791
2.82071060368005
2.60114278551156
5.18237213539069
5.95435244871194
5.01469533115106
2.72101445045536
3.51719863169671
4.67276669786158
4.28692876152912
3.42161294999051
5.61718063260878
5.88728489308065
4.64695318490303
2.90165918305936
4.53230721839717
1.76369757935462
3.2934571706432
5.84972517133247
2.48741832350432
3.78445859044491
5.70017256968657
3.11506510802358
5.36472119892831
2.14396581334356
1.50875089655094
3.84269222502695
2.91033929734649
4.55260116300372
4.85717831900973
3.61459578714528
6.63640507469226
7.22239401889246
3.51931872725631
4.55140980773382
2.5427747740284
3.81477345665845
4.37980485502428
5.34320998322299
4.35280918742394
6.18380201031617
4.75925896066301
3.78119216982488
5.16568788699388
4.18688040511738
4.66519901882197
6.105868463851
3.73029911701048
2.34649528171692
2.14737590790136
3.04280389247884
6.47034671185245
4.74818916990688
5.75579569947883
6.54640626444246
1.69101583024477
2.98254303416262
1.64483715435573
4.75278288767424
4.33697746328247
1.73237323653892
5.07991519509467
3.48421835054692
2.13326699038988
5.62482821793646
1.99576493678204
3.40629679138174
6.34775602209538
8.22259086721127
3.72449593780171
7.30083586280515
8.30826757845663
4.62232866134652
6.7012390681066
3.33516345480499
5.78675272359659
4.8854912741521
2.73890504467652
2.5666435021126
5.89040901361777
5.74653894044294
3.21605879441344
3.93765807654122
8.14330538513157
1.39360949102258
3.03726567892041
2.32886476726866
5.0522294466866
4.13013307229103
4.3073196829569
1.5548531053033
6.0906898799612
4.96368566393217
4.04822130900032
1.39855727024799
4.68484901074296
4.3856166907446
1.83075204168539
7.33096701302286
4.64933917408892
7.25519140232704
3.11503167083013
8.18735155056071
3.74650497677505
2.99419386732534
2.97126916813751
5.06619868790253
6.72862819097017
1.44717089239335
3.06693392208683
8.145711931282
6.80831377941789
8.13270479648734
3.65033330418116
3.27765810785271
3.09191040334798
4.50208790868989
2.93422575427795
3.8289393886345
3.51402888036583
3.1797674135387
6.02949646779529
5.27461056307842
3.69824028680027
3.65354038173407
2.08693934742487
4.90593351266325
5.38830029406842
6.02206878313804
3.96207886987475
4.18989009366702
2.88069721089536
3.31940348841591
6.80057287022202
3.12990687386371
5.07658621189826
3.07536229793194
5.19354095508559
3.87151190533191
3.8851624853762
2.97283619362138
3.76295948481052
4.16048936874931
1.5283525596865
4.35865362228201
7.18120237197042
3.58878615825451
2.43997841775668
2.3651106065962
2.31453487727161
3.79207037517868
2.95247839854145
7.96141500435217
4.59218350727177
3.50379313585193
1.44801515647238
5.38458198720777
2.83601736226484
5.30489570397366
1.33794721766306
3.83375811591338
5.51465892923551
3.8108240247566
1.99681635767758
3.56966016364078
3.03847910609066
7.90466198376573
2.68211363534224
5.11950450293075
0.998957911741709
6.54797034891344
6.5733605519576
2.61183340665431
4.0052471832494
4.94148938293011
4.65017981230734
6.9975607441029
5.9753337792483
4.65972619831452
6.09813708136967
2.88060141676087
6.71188792257883
2.18265820744196
3.50086365417383
8.54693504469142
3.03195017273065
3.41679480878679
1.91065026508939
4.47621852608694
4.9137877502175
3.59680033029195
2.43401156882991
4.45652031738967
8.75878806140207
5.4869604308468
3.59853996477357
3.87521342486644
1.94352198238602
6.91370347118799
6.05291780023999
5.26463983763985
4.1842460135526
4.51901957896659
6.55544865125776
3.4341380166717
3.78613814793265
3.34165199051004
5.40667778903876
3.8743890538428
2.14037774608678
2.79662406992683
2.86294171613441
5.9127104306867
4.69226320737245
4.94202370610974
6.73485034781174
5.06576791692228
3.95238835076249
2.88515884397228
4.4535234916313
3.36352655608022
10.4825327359662
3.03040616927854
2.72177360504724
3.42594225596029
2.08747406762731
4.92633234983434
9.60581665359273
3.71671008855088
6.74991919387203
5.84944547892082
6.8556599112267
2.3975859052266
6.51480245812871
3.85463298458292
2.05296011307559
3.5253884243335
4.7331452110717
3.5051246967301
3.70719784478629
5.18064676763369
4.78702032103253
5.67128264425261
6.88456963398893
4.10288902166587
2.77091043853059
4.36955114265033
2.29116856531207
3.03063620010503
4.33407395639883
2.86894118946429
4.51187359914762
2.27269206691554
5.01266125218442
1.43819924115524
4.07593327553962
4.6173013562396
5.57300226304144
2.38160600801569
5.52456307477162
9.30807645139236
4.60775591724376
4.32796940506742
4.40393447157309
3.22048798729567
2.54597471127401
2.88088249123378
6.02749126790784
4.52422973164724
3.71247617739709
7.505369441591
8.11634568566945
2.69987143423387
2.60546254060202
2.88329229992523
8.49246640631065
5.63166373301297
2.59616882731264
5.16561736246431
3.15604642050363
5.21402385101083
5.13524374999397
2.93526070463263
3.60250446989409
3.06739457545128
5.55190686926208
7.00651162645566
3.38766291547474
2.93477905875703
4.72018260100843
3.13011102652181
2.96032144950364
3.92739016768448
1.65620152867225
3.58538102180364
5.51934138810467
9.92755983326146
4.74383792222265
2.65749680069118
1.73771107371076
4.26690507635391
5.55105112611938
5.34884172612268
2.89728677189969
7.65575739931233
6.21548043738136
3.63708967920081
4.38466909578938
3.07835268354941
2.47418598414827
3.86726811725889
7.51704862925081
6.34390653164099
5.36957353804062
4.51298800772955
7.43880074878066
2.64389244379143
5.47501006815857
2.06382037056503
4.8677968442108
2.5276558390957
7.96495656185114
4.34484221637419
5.51538389209381
2.80966942693273
3.9952230989843
1.69124296858236
3.60734674427535
1.76601326809642
5.97338865674034
1.37328380420349
2.0985625335596
3.67951735737325
3.89460642949745
7.19277870904405
5.04947483153128
3.81575918058748
5.77799223394058
1.93720270702909
2.0440558671734
3.02175939823489
2.30600107203982
6.1930516900763
4.0723180315962
6.31657203389779
3.51550000128895
4.22106020370914
3.2490435403278
8.32136115484268
0.794172460280169
4.81351926946674
2.84008971315864
1.65478562285079
4.1994747610642
3.74155943883258
4.3118567600493
2.54315592311284
3.24152345258983
1.25851834553523
5.69844905598726
1.07840959392441
3.87094686882091
1.12911058677523
5.3706102441808
5.00205782713395
2.63036536348083
3.70439105718342
6.70169038058332
3.06543820253854
3.92398777119669
6.27757931574245
2.22453920400137
2.83591588063856
3.04027845525782
1.40099364784348
1.68422792376814
3.38648097860158
2.94830300409955
5.78635367907339
6.13720237319822
2.43309843939595
2.68456159952909
5.48863414873481
4.94435502267917
5.43895600581239
5.30429060657792
5.47456814509278
4.44236501359502
3.99094306995147
5.01879849856999
5.77141326797276
6.17078728521041
3.92417167581028
2.6578620107141
2.2390230978939
3.43623010441088
3.08976636561367
3.36202034391039
5.64185176190801
5.68506083826874
2.58368400563935
2.66235180981154
2.32190233527559
3.85948990986987
6.3997257167316
4.03466931047978
3.80915907491695
2.93381351640603
3.82361741721942
5.77045009245412
4.69557176987183
6.41544348320852
6.35787226610536
4.90164559683882
1.38700130346401
5.56952257413541
6.43085772327579
6.09931224179006
7.47632209382203
5.33473484562017
6.93751358338463
2.08194466756881
5.42357136607644
5.39820828644835
0.516565655536063
4.38495092181414
2.46400777779365
5.74969762977966
3.4427847546954
3.54191935229999
2.96640557519492
1.89777867789225
5.26687481856981
6.72398610424442
1.95419031788782
3.89724085550049
5.06182022008468
6.66745858325329
7.13965425677783
5.80215605999591
3.57280180929486
3.44048151353225
4.63378782641337
2.33065543279512
4.19507430399192
5.13775565974244
5.97151540904303
4.68827022563775
3.76034459259009
3.75633258509901
6.42490234064827
3.44918886338748
2.99416314855203
6.68716345682086
4.27459804362048
2.16597290945092
4.30381151425967
2.23355110151784
2.94001085847707
4.29916105623737
1.80273465117052
4.62215827124141
5.18164411575206
5.42276837017527
5.72096682393126
5.8970022299787
3.98337623970447
2.89162536155693
1.06004910652879
4.22093282637171
3.41062527043904
3.59437020939524
5.38664648398248
3.10081149959477
0.516565655536063
4.57268115157101
5.69978953538944
3.08505340362256
2.3777485503902
5.38670815598189
8.13645066203694
6.89761572214575
4.32851003321374
3.83971011412746
6.59902030887207
2.91526462799212
3.61724257980902
4.74779714862483
5.62445373590769
4.27625541214033
6.03066105977082
4.55345573767462
2.12472910081152
3.15558849362044
1.71679423219869
3.34806195750839
3.92226258930627
4.28691620500082
5.24121310084236
3.59886388984135
3.90125231506391
2.86524173214042
5.70782824738791
6.56792378150622
6.33203899937125
4.8471328364053
2.82977500305812
6.10358964517066
2.04934020658344
5.02892114935164
5.14814052119297
2.95350462817528
7.72984895140462
4.0066692494335
4.59743121862709
4.86539016892272
3.94116506628506
3.93090369651249
3.8392919524081
5.80853960241338
3.37345211887697
2.56170678521119
3.04085117406183
4.66647213577412
2.26717321075735
3.2609281989242
4.06911839661283
6.94306404031764
2.01658862976524
5.36569810155691
3.68139634060695
2.79485812938449
2.64614849522124
2.58035623855556
4.51145393840531
2.57478474518713
2.96190683160912
5.50846607970341
2.75706181623314
2.38483034605123
2.31154343995651
5.50951381765338
4.50279912822395
3.70298615468422
2.33987356502357
2.28368567277209
4.07151515501917
1.92891368867881
2.34021791808127
2.61925669290319
2.51390887331779
3.38940394999538
2.07621447988763
1.1260427896125
0.726863460155031
2.75393741080322
2.42077261292794
3.70100945710661
6.78277608912341
4.55100358957075
2.24127618828936
3.56329130383566
1.92958877766789
4.52015000121837
4.07679564583613
5.87097988643589
5.46157171618681
4.74161730381785
4.57516437344369
4.45373926560214
3.60244641029557
4.65042731897859
5.22040661133775
7.06842009019114
5.16069418994951
4.42203487610669
3.08321137547195
5.60736715207826
4.93973928914131
6.90628673066064
4.62945495215003
4.36667108251674
2.92523902984538
4.4416297456677
3.7446232527059
4.1654733318189
4.58468266350016
3.0054457473148
4.51449661883163
2.30345968482002
3.02344538072224
3.09210389002805
2.02561489853934
2.59437538590606
5.82247383077939
2.58813418469306
4.17373420372058
3.74087962010587
6.49201579624827
4.13042230120537
5.27757004835208
3.23071722659853
6.16101080853838
4.99068067794745
5.29607203627708
5.38250516946471
4.59587009606352
3.50432981429765
5.12896120284351
1.69260357710453
2.06615373553544
4.8621637660824
4.0032778098547
2.82695759075118
3.8111708528552
4.23149654755916
4.10610283389161
5.59793349840986
2.58178306970124
2.86375963105437
2.04531243737857
2.39936815669456
2.74316641133767
2.70897369462127
3.69790614728636
3.3084232169285
4.38854497937897
4.52579431138034
3.50644735158883
2.65655048797964
1.20340440155602
2.72029675444588
2.73677056978061
4.29015815347315
2.10184987929958
3.59759627029194
2.99373595617058
1.58045805662449
2.90394210008699
6.34561298688575
3.94246077961299
3.04289247983093
4.19569935042117
3.65007512498863
3.21149228655583
4.7518541659771
4.42758066873554
5.72070689560399
2.36018415674734
5.81038103671484
12.5818328466335
6.29585231648473
2.5049839446179
2.22838118125119
5.90941094823692
5.36764577059739
2.93819405682467
2.59974761555799
3.39656152380293
3.05775772461252
5.74327424501228
4.52590049735394
4.86584755827221
3.07087901760517
3.83243219956986
4.8722428566606
5.18100908266246
3.40604786583506
4.61317321808686
2.86563927667171
4.88732467162979
3.81946758764561
2.76250199397532
2.53162457801364
3.46679318276019
3.70448527866451
2.66292246953198
2.28701203949486
4.91391841202287
3.89096647787091
1.93565301542558
5.66741301721647
5.86647907941639
4.59956142635449
4.03919347761261
2.61651985084894
3.51888138546441
3.57727463475296
5.27952671432047
7.03115761812554
2.73165486352187
1.63037282725937
8.27377263821753
5.30346407323493
6.04257615831859
3.40218770281081
2.81519377301937
3.0182696114991
3.61096558080175
3.78282303819555
4.03123760624501
2.9294272156964
8.84546592195641
4.58715242560414
1.71355464128746
5.8254360125696
4.93227343769164
2.94627634678503
4.6284847459447
5.48651273333153
2.82157865672403
6.57108243261679
3.54487810773405
3.0695349872461
1.07439589177688
2.0301973646644
5.67923923538541
4.81641491688729
2.56060124923525
3.73146459135372
4.94766859297146
5.50599780046125
3.53293880242789
3.83626931044145
3.34285878071052
6.27159674353889
2.00664610169991
3.86962847453577
7.17158960287315
4.82961303302156
5.96296329690855
3.84583468942512
3.97899472292369
13.6853358443114
2.62428694503981
3.21646727548595
3.04997024961735
4.19423699528868
2.36569436585662
4.28020277571909
7.3954670823749
3.23249913310741
5.28672882441162
3.60063328125468
8.19547815549762
3.601412954626
2.99638630519914
3.99427978690752
4.23812772659813
3.46504964621219
3.37552406594436
6.02940788248603
3.08695026826042
4.9808300640566
4.21345097137787
2.61123973905499
3.54839476019045
4.55224944063093
5.04991125959111
3.7897016292714
4.94651582255056
2.78361856136408
3.0018576016416
1.99560422502033
2.41160995369747
7.2240777662724
2.22226234206568
8.20702562631649
2.92541717018613
2.59959442174237
2.29658496356926
1.61559159982185
2.71725184755436
2.50887304493979
3.04777068276736
1.07380152760772
3.96921825022246
3.00091606243729
5.34866550170268
2.67995082564323
3.55939263154662
3.47373181229443
4.40070467211195
1.42495437365009
4.91332550037938
5.99255600333408
5.14609633160785
2.34497098785598
2.97715166789426
4.64155339302628
3.93929147682737
2.92164533627144
3.96233218479074
3.64471048093606
1.98857603802802
3.74446007903056
3.62856312613172
3.48827796231627
2.20433241435723
3.62785511560829
5.9591904001207
3.47191815691168
4.16959188432247
7.64128292111535
3.82839165247505
5.4837475800395
5.35336668238853
2.78029588088076
4.58290768054403
8.59509565106976
5.80118362198998
2.07672355169717
4.18439732559641
5.84244311967554
6.3595688456534
4.88330342477627
11.770548081582
6.52794858778372
5.09931741116758
9.72434201457077
9.56611979778682
4.39423048139012
4.10054788465666
6.37113208716149
1.57924699812763
4.00355883006402
1.16956707987362
2.67373274491206
2.82700502152125
5.23984063314669
4.0551844310738
3.10698643158872
3.12609606977178
5.12635331087209
2.1642641226817
4.67585543271678
3.24952293912389
7.44804368723747
4.44504624307643
2.3343045588204
6.5321905771558
3.97842905280704
2.3698874236073
4.64936335948499
4.50011409826891
2.65721503940739
4.01439846322113
3.8052066538206
3.75324163821164
3.27126438412169
3.68920007552688
2.34698773020413
1.42310558739416
4.46566084759934
4.27790860454636
8.12983282964533
4.92234588630174
2.20002335802437
2.95173199454174
5.97616914392128
4.77873383990898
2.12589228396882
5.81249683760957
6.53464962125268
5.07457515864976
4.2137397180777
3.62469970899873
3.39490902041967
8.27937521670243
3.40321646641406
1.83152348500663
3.59462639961073
2.11970597752065
1.60349531982007
4.34150409589877
4.5885998987107
1.31609072862496
2.66162625293634
6.12682362368901
3.55818425230391
4.93744826611947
5.37031390354642
6.54747906168997
1.82787316799448
1.9140477068952
2.84240470195404
1.39239286728283
4.45127160837347
4.89273919263327
4.08796747968128
2.85696479070047
3.45598897793056
3.59690386523249
1.40306750158918
3.16790368078158
1.4560021590575
3.05914721018334
4.62245648120638
2.3976530938605
4.37993324332072
2.23073412352315
6.76555378265938
2.21043051764501
2.98853277520065
4.56603835605025
3.01412486985108
5.74774396506859
3.49124225373526
1.95887503250525
7.04019594579013
2.30575210270065
4.37404625872467
4.15851637545884
3.15463451698179
2.55879800107016
2.81811701925415
3.34213162530235
3.49433708923548
3.78804791968883
2.34706450887368
6.4803862161553
9.49579324721589
2.87565849804776
2.06894759534677
4.38070481768593
0.736145820403971
5.89019302429722
4.44314269341484
9.45824578314458
2.51807727054146
1.60794958721843
3.64446792057103
4.33897792051939
2.83476224929143
2.68699341647817
2.83271538506353
3.93484677769043
3.72708400108736
6.79132838572245
4.45191270618363
6.08420105511231
3.86070309781608
3.15035849952773
1.44695490716067
5.75203989167219
2.88008710866959
6.5798877642416
2.99369704447768
4.5254492871527
5.53525129289368
4.50125868648413
5.0039714812429
3.65541205790164
3.60048353760544
7.4490682379371
3.32774854812348
3.82731967494675
4.43268333793597
5.70106162462635
4.55754843895991
1.6255349437156
4.479308924431
5.11097837528966
2.47049663984298
4.09076535158178
7.22942448808184
4.25969060118755
2.86134668519098
3.77324909123827
4.51491513234383
4.85722422769551
4.77239732920951
3.98749823153472
3.59839133874844
4.54288567447914
2.23328210540786
4.41042937043281
3.97445476040902
3.40024618640634
3.76916060455995
2.17259288029413
6.64136508263874
3.24452059906046
3.56652900332159
3.21778961614195
7.6044873724849
4.85342112432805
1.23801137083922
2.80050267160158
3.33306991876025
5.62341790308683
1.941425797453
2.40453659497609
5.66063569092312
2.87443373613543
3.83045054113576
4.40775896594335
2.90754328791997
2.49084997578674
3.12044299618406
5.3425997352109
4.9382337096136
0.863612817197351
3.81329652810456
5.15936281602248
6.65187008128544
3.43680597054955
2.63829856367596
2.18520829759795
3.07433310150965
3.97014063736536
3.54424214897333
4.72964884839026
1.99037982341248
2.82567661038291
6.18666958442571
5.94361324628368
3.16407757022839
5.14910469165478
9.59322109930359
2.74252241009091
3.52301178206277
2.68926797422231
2.34404623630311
4.19389992860898
3.96636910165697
6.24638437688644
5.39050811675736
4.04490924760762
3.22009012117176
7.14947125312283
6.7405127791516
1.94917130951822
2.58882884537976
3.87221972823939
3.92629831402312
3.01014187163623
4.56632540485267
6.19241152237444
4.06009961231764
2.3918154752896
3.62569521733587
6.31175802503528
6.21417161078977
2.24348384516965
5.42224492797963
2.0693211095319
5.25591409732584
1.49992784906702
3.67765851885871
3.28930327646938
5.24304632312207
1.77741723062042
0.93878675808622
2.47406105894203
6.42440547907892
5.01271759034778
1.77173333431016
3.86734665569653
2.25803723866456
9.29687646308289
3.04589474873897
3.01381476654465
4.17352065130403
1.80080183534007
3.61946252330001
3.50696914720822
3.02364002062375
3.49828199048748
3.57290253540526
3.59675045797932
1.67409683095418
3.13525693342628
3.45154388741683
1.34092407174944
6.54670465911993
1.9898513492516
3.23272817367094
4.10319870411768
3.38334017759637
3.89404917351466
6.08355660319414
5.03701869487178
2.52319155675526
5.03407166106737
3.67605122011497
3.33012123139361
5.42802908888072
5.08415320631955
3.11933631499284
4.0601634988259
2.08321895902374
6.7946816464373
4.91700142729776
8.52561981155385
4.4297585539451
3.81734626231204
7.54498875424399
5.7319854692192
4.58983936099119
7.21286046562181
2.99916237382372
7.64806572580585
4.18132496397067
3.81754838936028
3.68926181449939
3.92532643760926
4.39530706941387
4.65834199944667
3.87139815219986
3.89639837342544
5.91664178111168
2.01659912134048
4.56742093602203
3.89720983348399
1.79285194643917
4.99367610476662
4.52036123361314
4.65892735354252
3.68145836152695
4.08315133480249
1.94311315048699
2.91837475763755
3.09352251088586
4.32681887366974
3.31343551270253
6.14432470113394
4.07205777598849
4.31774958454758
1.62561029618027
3.1685011575846
3.25988865747853
5.17859947165973
4.48388127935965
8.91198669870935
4.35212744763988
2.28677944175941
2.56109671145197
3.23164543071068
7.56866827868749
3.13803478098293
3.25851217823152
8.57260229723158
2.41245141299815
3.00498011549212
5.38377956076675
1.15975558826006
4.7438854531833
2.98532588916871
3.84125110935581
5.21684842452131
4.70255687176523
3.23465235126767
2.34178279365123
0.834158384766972
1.50606115396958
2.87183376517432
1.61394543200473
4.48629113900332
3.98764142749313
2.41391461321033
2.25889930695454
4.63398683884773
2.50658780952116
2.76870140042898
2.45591730395738
6.21056435914149
3.52897595288695
6.92002727291485
3.8739094936694
1.84070268129293
2.823936445939
5.56355230153854
0.516565655536063
3.15954205725882
3.66725390698589
3.47563220917135
1.21279821809853
6.70948567031567
9.34586455272009
2.07920468127808
2.36559792604268
7.54881841372676
3.10678307258608
5.17549265335208
3.91431827509061
4.70951093152178
2.28881424955908
0.72896201867229
4.53476673320775
3.60750047610905
3.30410308749424
6.25104043300531
3.97465657364907
3.83978030700931
5.79204332353977
2.01456602010891
4.74657949700785
2.26390729900126
6.05868473763464
2.59112652092306
4.29932285284752
3.4084943603671
3.92436848493658
3.26214221054655
4.37747344836624
2.53001006616567
5.02183704918495
2.9224295624533
1.74334768278841
1.74655424827306
0.516565655536063
0.516565655536063
1.92210917810126
3.36355951836385
3.98979478371815
4.55508635230479
4.06244634024315
0.399606202245555
0.839705980855144
4.4047207330179
6.23179102013057
3.21918757543799
2.51716546208077
3.42794352308797
4.36342755655687
3.75392790143929
3.44730691675981
3.2725415077182
6.34887643273541
2.88363671119257
5.40960896302162
4.33599283301242
3.71359394001375
3.34869303129439
2.82538699814028
6.12287409713182
1.8267712058876
7.18222098718817
7.19270653450468
4.13488307856354
4.58786857397909
2.70779879561267
2.52459088478604
1.82092425942773
3.05625109480738
2.92841232170255
4.13494493517043
6.82087840110033
8.22388644142056
2.8287489197562
5.26819680015196
7.5813797703959
5.79945638260447
5.72886929704577
3.45833823616013
3.20267839206321
1.65469209788143
2.51454564970331
4.0314513226449
3.83472216615685
3.28601479913085
4.50953318090469
4.37965959591538
7.0141987481847
5.18699620459313
2.55672270572881
1.31789542316694
4.24986313673752
1.94374858204718
4.26199211021835
1.69278061193326
8.14934073070332
7.77663155018751
6.74332819230075
5.30961612284027
4.22447566586927
2.61130083050412
5.96169475221889
4.97637561538329
7.24765516951367
7.88324386434567
3.47036213417078
2.6633836753566
5.28527260155566
6.41689959218525
6.40833474182164
3.68326062757656
5.29352174968039
3.85268256792738
4.34199181997856
6.40518687179062
7.61209767790109
2.54159762027034
4.23123975859092
3.52368996342806
1.19136493414956
9.41048037522028
4.88458434102052
1.73298121635567
4.15469166484218
3.55443430227277
4.87983211606333
3.06684562271622
5.25015826024279
9.8713533686717
5.35394583093434
4.19541579806978
1.97046201331457
4.85056439285868
3.33368348696216
3.40432287988417
4.3919669578609
3.86821743330547
2.89625026169137
3.56545556517874
3.60666134247104
1.79416714794288
6.12020879387764
4.79619878361657
4.06892111092264
3.4038821532598
5.5498547346748
0.915692923250043
2.54380107594274
3.1714972973989
3.62444337975331
2.42637686722985
3.03801246316078
6.43323565104209
4.74283123784116
3.90447544874646
3.78751528702821
0.516565655536063
5.31467446452103
9.01864509599629
3.34397197761942
5.84484368333931
4.96240142891192
3.01042293275533
4.36706408165862
0.516565655536063
3.49287204213341
2.07353174060966
5.175730795803
2.43462920738178
3.41393418361239
3.40072872000405
3.67190988226138
3.07425710998932
4.740132717391
6.35434066723445
4.30722877561339
4.11737173049678
4.31186380707841
0.899691145965381
3.61255645427531
2.55682183057882
4.18486978404695
5.41203507344543
2.46646237733674
3.81844650781442
1.99885766332484
3.42359328522722
3.33290412295592
2.46940495287075
2.91221253947888
1.21873703130026
4.62070019472365
0.516565655536063
2.71269039386486
3.90192481875606
4.78949424292546
5.04047199760486
5.01083821458348
1.66957352344586
5.55276471575553
1.13143865011338
6.74338089900932
4.32899631415104
5.40483459401436
5.95296721927645
5.65881539422572
3.08928648804354
3.69970270290013
6.64455023601584
2.91786151408951
2.8823051155682
2.59474031155328
6.96829940079234
4.69257056542386
1.86217273103851
4.85201856417749
4.96387004838324
6.62126973810162
3.6221822214237
6.15216217688086
4.13633856429227
5.10551259285611
4.27994314224918
4.06884353423879
2.05111929626412
3.55982652571877
3.51257911301051
6.44971674178702
8.19488429987515
2.29309484654834
4.97787332597188
2.68796921891462
5.36147562283944
3.92130626489249
4.38883977212974
2.29959708401225
4.11110825908112
3.17920642599939
5.0998035418986
4.72470780277205
2.17177610177322
1.72264087569144
7.78856367195557
4.30342897809551
3.37081975650839
1.86686874369843
3.89306071611232
5.68682184768222
2.72461227129849
4.63677968368038
1.96945746409744
4.41617832131783
6.20837497561995
1.81365581448901
3.68685770640742
2.20152813463522
3.80041223520076
5.04155691543343
1.505662396819
4.58409076103576
0.516565655536063
4.51412972875057
5.8651705216546
0.516565655536063
3.90790403282036
1.62484406580346
2.66804532912361
2.2040369645612
2.77499457197609
3.16142677969508
2.364599029778
2.16002194228197
4.33315071662228
2.48975686326544
2.37927133839698
3.7961114165127
5.60948366075211
4.00019558030823
3.05387566064274
5.82284160472391
8.24298107306403
2.45567407041072
4.61857689845373
3.38806961461202
1.55484896140043
6.05702181572203
7.79192243085725
5.7867147734731
4.18010726590789
4.34859756419073
2.16319508840661
4.76050395625073
3.8090294957957
2.95001944180297
2.83433614226418
3.06133137198529
5.08591620442069
3.39061543420612
5.41214488014752
5.35356598475265
2.72274961535826
2.9932823924656
3.28386314450426
2.03264291678334
4.44897298031267
5.00839597958941
6.5860515476473
5.6880534003553
1.02850168142457
3.24725349219307
4.18145412753185
7.57262508213156
2.80284147225994
5.42088856591118
5.09346491556136
4.37260164510227
2.42650328941813
5.73584880366863
4.83170539985557
6.19128613119636
5.02133334523219
8.42124057015542
6.28568517174347
3.54100919569872
3.17217141547328
3.78660026816781
2.58229287322733
4.15233843686117
2.77616057830006
3.58460429446546
6.39991903337471
4.13783565263469
3.89783791415163
6.91964463469435
3.85244202190548
5.12011104135391
4.76446775257462
4.61249350901247
1.7251491902773
3.44298397206195
6.69469026229169
3.31839036246866
0.516565655536063
3.13799191039389
4.2900759380029
1.68150208267379
3.60276088093611
3.87870673501762
3.58716648779415
5.97373280884986
8.42015524611309
4.3871417861128
9.19183485735814
5.09202539832757
3.66675143887137
2.97515822105758
4.65256210421368
6.20132873425214
4.94518309093832
1.84437494853536
4.7365822879596
1.98083891249833
3.29130344503761
2.88200824398332
3.31088371022723
3.36167343822204
4.78266348984775
4.59586915264413
4.91345745068107
2.81529632408344
1.13237078252804
3.41398054992761
2.24872630542923
2.62627130711265
2.27006178961123
4.12168989874982
2.37483852897805
4.3304163438527
1.49016257183966
5.33126775348831
5.78423813632336
5.00551346024755
2.55833261077412
3.5693979106003
5.48315370841431
3.40974487453131
5.24090135365496
6.37648838903489
2.21854980718298
4.14868014670946
7.64923505656927
3.45453754497043
4.40208185086207
5.34808044758288
3.44333807912769
5.88199351415375
2.35292927114411
2.55390620222345
2.4723515276788
1.05458131198249
3.90203458911144
5.05409329310057
5.01151765896236
2.10353007591782
2.36367287151438
3.69978938131366
2.74217824237992
4.4490880368536
5.61639966420968
3.35964684057718
5.53947877151514
3.84780552305258
5.11377829020951
3.61371202456818
7.47494417962254
4.81497423393872
2.17613880759205
7.51923106432572
6.17148309324401
5.97579613966014
8.33477433333683
1.97871900167981
5.49608341042926
5.37979859456443
8.36541548045946
3.73975286479021
3.1620738726173
5.58282952074055
3.35243293653814
3.63715778761171
3.70661936599051
1.03203476478336
5.05253449964337
4.04775244692813
3.38508567000653
3.94763805384184
5.60268403154253
3.26804079403183
5.50748553235399
3.04485882588139
5.07770486365775
4.09367410071056
3.41769906963856
2.41869783457562
3.9614024911526
3.885717579498
1.84763980680267
4.24299346992173
2.65819667910205
3.07964542813617
6.05105346256537
1.46602686619313
3.60901020579785
3.03603630852118
4.31741229835863
3.10603299990923
4.41861530591613
4.11329755615286
3.32434298197494
3.66987573945361
3.64981348606561
4.73516920010469
5.47170977279652
1.6109860288742
5.78843226350351
1.81866976755612
4.20904357389957
4.98099950157697
0.443801145154689
2.68224084465374
1.02559468313421
2.43191910601855
2.80824854107303
1.49568833174133
3.24325314382831
6.05610276099542
1.97291104573119
3.60585257221885
3.60579380141345
4.05132937105462
3.17947999603876
2.04060113675535
1.80791553278155
4.5891822530316
4.36883106507341
2.44373890447186
1.87955431534497
1.65124407379966
5.19240662030456
4.26327574695945
2.27506331678268
6.27385817273952
6.53265768120072
0.00365312739484581
7.30827321971521
2.04355941032807
3.53850942811831
8.01412307705358
3.50857540516799
5.52712829747438
3.11488685077563
6.90123369895419
2.29975048488774
7.01824023354369
3.18026561505004
2.26170589550837
2.69909790273687
3.35760598664591
1.70706938214245
5.3200440165426
1.64206767268178
2.23767597611495
2.47584108001542
0.991833188726994
6.90901883794207
4.09034471565339
2.67275677470766
4.54193978054244
4.3995290982446
9.01738058212187
8.5067330877446
4.58087332803585
2.72555303834968
0.911792431638341
0.949498063580216
6.25363108482721
6.35717996653491
2.05725083897596
3.44298457521668
2.48849909956371
4.09131541203626
3.2833658066396
6.9702442776135
2.26125185963585
4.63043863093129
3.71982545882695
5.75966724679963
6.36466533124302
0.716769284067101
0.836568407793504
0.822627088401316
2.99235393765889
4.43942646039666
2.29459675783345
1.64306521720585
6.6594627030596
2.44272989760641
2.78634775018072
7.57244691753687
1.82443037156545
6.53662018840761
5.45767564434227
2.98782256743151
3.2095562254402
2.60014431578299
4.31321788327831
1.49256288514221
3.88704345356758
3.15726816192667
3.94472457492693
6.56437186575402
1.69296905683042
4.71583517157424
3.82479769493674
1.93413416317462
3.07657367646403
4.33166584839941
3.97925057814349
2.40405419940931
1.0889931218143
3.80737172565758
6.13050954835013
8.12358895406044
5.41731693275696
3.8266057806954
4.05212751694324
4.95918727946586
5.1562383995214
2.56083517104987
3.36012872524679
4.14581716419532
4.09204486832332
4.90187090156395
1.28869649034581
1.14400942675779
6.04459768947022
1.86214012731364
1.27357728339752
4.22290172922354
2.72682601478468
5.20211164269735
3.4361023491756
1.74903923135088
3.03710018863195
1.80979104847857
3.26749693632561
1.06267733780937
0.490990253781049
1.05277432243062
2.11239041579278
0.289471641927766
4.85251002286372
4.47998938279298
2.54539446596556
2.05091749792497
3.72509545521252
2.34325825684019
1.81459823523807
8.69101514240491
2.80330531153534
4.54766398619288
0.835602810425074
5.0986574369052
3.13648060388714
3.55709117275179
1.71605033986049
3.90833043984726
5.21376797340916
3.71460142624879
7.41089379351526
6.05203200862118
5.88999327188604
5.11951145363185
7.10346245432292
4.30434248589374
3.27239852672275
2.42673880732091
4.31569480764237
4.10495756848855
2.36763007649255
3.02574991343532
5.33723187688314
4.17930990693605
4.41501696315529
4.32013052385012
4.23989799584022
5.22761729690959
8.14143567998856
4.23805029875415
2.57512303823702
2.60621927489431
2.82609444910993
4.40622389512311
3.33226774050474
5.81597750399456
3.64344198390637
10.019648568504
3.41699446944618
4.72276945822798
4.01829187001157
3.56188664543685
3.7463675847127
3.45659487312713
1.64113381056649
3.68961646536924
1.97167483362875
1.98885016021442
4.45651824884884
3.87636081320303
2.41691079877429
2.65074453138896
0.00365312739484581
8.95515042777343
4.06747410119355
3.44448168118077
2.56335663047083
2.612874490458
7.50133280596223
3.96249752525583
3.80460480232247
2.3453796858876
3.13252414266692
6.77292602095749
7.11355780748993
10.950391017207
5.29041095730214
3.83524631204127
6.04289876210197
4.54667915537885
6.55138137630383
1.92020498617751
2.27410191433019
3.49791615138136
1.67458037568239
9.57452409760196
6.01700336445676
7.71845955877812
3.73231050070254
6.19421169703342
4.31714641585847
2.03583552839149
4.12551194104595
3.32854693208001
3.26834760463863
4.71527105891705
2.99929565514284
6.22211905129128
4.49375961164684
4.42832405185995
2.00406007883768
4.99884882759874
4.0562332073873
3.50834268772256
6.13593147334281
6.01051720940236
3.32878473658123
4.17853827356844
8.89095625322003
1.58995729951569
1.82617848445922
2.15784071082123
6.15971405535223
3.44632039221993
7.772913582494
5.08099041192674
2.30185754274976
7.09616354828939
3.65591326583991
4.07096631470094
3.84327048312469
12.5206426158783
9.53989817573493
3.85497521072881
2.52521754011299
1.91167689255002
2.68944477472628
1.98170997213636
9.49966079559294
3.4837006121419
6.11273890340505
4.88481837414759
4.42133777400744
4.40323076487543
3.17963987556415
3.15320594975433
1.63734909457184
6.96787387990233
7.40450236539914
3.34173482962847
6.82073074831291
3.27949976828515
2.51337418704682
3.55776931075816
4.67099419414471
2.69705500414103
7.66895119761466
1.96210150263602
1.86170246531426
8.64464111817346
6.24927297573422
2.23370908524684
1.64728395528172
1.97518958085015
4.33527379017256
1.30943816630371
3.88979536258732
5.64163607916388
4.08007729373456
2.94505677729333
0.672413412512117
3.35651289143673
3.36305418794639
2.47034002737036
3.54300267590097
1.28792563359131
3.52827325301372
3.62386159605986
1.67951217588147
2.51882280495209
5.79904907102862
6.51947759048664
4.55014979836674
2.71899278740926
2.74893349732874
3.92790265696041
3.604525591569
3.11485932744414
5.36499257612508
4.05925147859325
2.04519134754475
4.6201822548755
2.59629024775353
2.10944032652717
4.93840664103586
4.10572359073393
2.58607622209774
2.17820578312464
3.28609379834517
3.26147502314441
2.0762585410507
5.50030346239961
1.80115912769373
3.87762530733801
5.76699062017033
1.92367318456724
3.23472731545528
2.42227955763716
2.11347268310282
1.15293615338392
3.60544128483334
3.85740629234057
3.13724086833581
2.80646108516526
4.71612477819887
3.29719773570736
1.68621806868337
3.75483274500036
3.8470646784068
2.03789628568341
4.73496608177659
2.71732820147021
1.72774616073264
5.25690887560876
4.14931022801195
5.35420111076777
5.50548641633761
2.76873557805337
2.27010035973502
1.11052515489354
3.82564532757989
5.80531943874889
6.17690383890993
3.65180705437024
4.55964412242015
5.80775836676543
6.59653583681431
4.60518430057207
5.05231589956478
2.33225653970623
3.62367296296068
2.18675090301455
2.36376316679552
3.99228493970399
8.61579556870161
5.13640613835053
1.99889394620767
5.1960695780641
0.00365312739484581
3.47401286508466
2.4215309323515
3.34547159943123
2.92294495311248
3.09982680050833
1.87922473172709
2.52916183610055
5.14286831907848
6.06381932210955
6.2393129788552
3.47360651318137
3.12830085492443
3.57343761104035
2.71985219638847
2.74999338177032
5.95777572785593
3.37231281375157
2.25939068388452
3.21310541990183
5.89386453634274
6.52053887122083
3.99742687583882
4.61612832696518
3.33394156010935
8.56630757969792
4.8980147998559
3.01567354937911
6.35606090159468
4.50423320307501
4.4969834831184
4.8716116158476
4.53177266236062
3.37928563436253
1.25864196579356
2.05472318383725
3.71353391704608
2.90848990708039
4.31073835001052
1.49198024351766
0.289066217033567
3.57299200103741
4.37819635278754
4.48418517842379
7.63089044826273
0.201248371008212
2.29061720536761
4.20929712914373
4.52472434778511
2.57962968364712
2.68712179751714
3.17771190619658
7.3968057331677
6.41477593640604
4.06618891793403
7.30685829077142
3.05888675656561
7.0157897562803
4.56535525015319
4.49538713971275
3.44902390321533
4.85457404744794
3.37649585843589
2.11772752724091
5.00461118139514
2.89676023425225
3.16047613965971
6.34939417093113
6.71427633036328
2.09140421314863
2.81972608881719
3.9408313657453
5.82160667583773
4.4257932556088
5.20524228791679
5.47659232612286
4.05326602541969
3.0199318466834
4.66609805019321
3.84500152446053
5.46601988679109
6.53107539517337
4.36481867229558
3.98730783468717
5.47989125216568
4.06142907513643
3.25150350588463
2.57050432086612
5.62469955175559
5.28029347482451
8.16574959198792
3.81104756549436
2.0862264240578
3.47773668774482
2.12067758046262
2.30819893357802
0.782315906108833
1.30194580975299
1.25125678471773
5.88105723614497
1.45628268292827
1.58517936013708
2.34961621404135
6.90082043011263
3.13342628026847
3.59156940554449
5.61161349445734
4.86843320156949
2.15329694947409
2.89950108370809
4.61546981498378
4.48265727864726
3.16642811079718
2.82865710312643
6.73553081066158
3.37816236261418
6.36836023202378
2.4668519435809
3.04711902067997
3.32613892600879
2.29447792143816
4.28667700578552
1.80654559116013
6.48195416505889
6.08674797671692
1.19195927006662
1.38960945314641
1.66119917210476
0.354595684367878
0.855633026311573
5.62210286320013
4.34279868938764
1.60232887520321
1.73766069305604
2.71422364806071
3.55625547803159
3.91002826902736
3.22421462613428
4.84393249010313
6.46928163592854
7.15119469433143
4.13236923426371
4.48258810170918
4.87892112352433
8.63471435276701
2.88385815372528
1.87296066787122
4.4009258368527
3.3240699108718
4.61261355213165
2.28230142489245
3.12887203795601
3.39663039607209
0.288364484023001
3.49390986271596
2.24490133849843
0.92245590341132
0.510921154010411
0.172840588224384
0.689071884796476
5.23165202154893
3.32541114631846
0.551724488029728
1.28822775466926
0.521002717590386
3.21858959656049
1.07070047968251
0.454786697226105
0.87565056023011
6.15034135272477
5.00242669419238
3.1789537813179
4.05446580747683
2.61453070292317
3.19493101233765
3.45744931963793
4.2219820019344
5.24683598209583
7.02826949759853
4.58453290861327
5.56694065727276
4.98996810783262
4.76848570362831
1.75864084309419
3.99496360694725
1.0699927504476
0.63490672360581
1.19994961767596
1.25031526754223
1.61602570965982
2.06010051456532
1.30023334397713
4.975836484252
4.7665336330974
4.30805458534926
2.85222203482751
2.95832462342273
4.6858477587442
2.32578264569419
7.56637965303951
3.87040449503516
4.01818934773958
2.74256331692479
7.0284514284539
4.43656149047721
5.32879042476138
5.57799519034423
4.01883485343832
7.04334806598332
4.55207903088761
6.93203266660576
2.01452747364142
2.61012654327642
7.20850979225792
4.05510906842265
3.62068366557766
3.76169912532072
3.02957587891547
3.99725072989029
3.44879310807401
2.0453189257396
1.88212074888107
6.88328104894941
2.02611640242841
1.76900301152704
2.89980062090835
5.95717607279499
1.53244531749207
2.88386736402048
2.1068957692943
3.13259025582124
1.56579011044299
3.82903902957912
6.49073105986604
8.03806231477732
5.08948957274362
3.70457594390034
1.90618802021528
6.33568325404512
6.398417548796
2.02427811716291
1.22579719455602
5.18414730001989
3.24412110738847
3.34200375081235
5.39877832979361
5.01590403081582
5.02986942308788
4.9289675158979
4.21073140346428
2.08223785898273
2.16029021270999
1.27249584219478
5.46420544028084
0.980150922471203
6.51549025510124
5.42186846603839
3.74769592435565
0.516565655536063
2.53606568307081
6.01337117394494
1.47900543426012
2.10644658518698
2.64999283771057
6.41532027034369
3.45411447258602
3.38486414900051
1.75514736802005
2.1097413866489
4.26839255737376
3.482066762408
4.57231364971645
8.57978237316646
2.09804180777672
4.00044023675495
7.53737381700859
8.21633935000604
5.87303262470433
5.59849946244961
3.27278476856687
3.61327852073337
4.272094085536
4.75650029730151
4.08816663369212
5.54353460787316
5.36750823845963
2.65438802498564
5.45924967206926
3.35053005427821
4.54427295950611
3.7970755777975
3.22570357909657
2.76246433021825
4.89618834805264
5.16313685874724
6.26910610964538
3.88795712434733
4.60637225612622
2.12375897053398
3.23329346292782
2.68934655602715
4.17882032317229
2.02856082529307
3.70443159205428
4.52791404889393
2.63798874417312
3.635032268811
2.99165000507275
5.23599696893008
3.24101137138761
5.23150091038631
5.86729885768426
2.87670237026875
4.17512713011434
3.20670259086676
0.516565655536063
6.198764241048
2.41548842068801
4.67554586450109
3.01213223841758
4.79545613642625
7.79261601716367
4.07057520583613
4.73648007131467
3.11271495083274
4.86036720496747
5.61986034034116
4.51816098915057
4.99447019026503
2.26480061766241
2.61888247151364
1.48241895848035
3.24740957079376
5.08062919334139
2.82597205832301
5.84013891042061
2.79160151282485
3.90070498071712
3.44408883405883
6.10029603453855
2.01784345822007
2.52662718538179
3.43626675831094
5.62702324621441
3.39089252340577
4.49806193377754
5.12152407707473
2.35606899625546
3.24018997132126
2.30520030691883
1.58566187228341
2.26345240968096
1.32616249417478
5.84336027321053
3.43985680690378
3.61668738780177
0.516565655536063
3.66754707013353
3.46797483269479
2.18122317086611
1.77680940860547
2.99864872665881
9.88538654976357
4.24714618852839
4.73549692957189
2.05339562497947
5.38708375166443
3.66828112842084
6.22637213567117
2.5999435704514
2.67875364055194
5.12261387566241
3.29132185469993
3.9414260288804
2.73061384755271
3.28102881456731
4.33944500598
4.02647591470699
3.52556374772478
3.3018983396825
5.59433233011091
6.24926669003843
3.23513369756594
3.04149926767374
2.4696017432072
4.65551720428574
5.257667839027
3.6970675059301
3.88260363070567
3.49540820251024
2.82279485001049
3.16351506927277
4.74172166320912
3.21950320522282
2.15494885923066
4.41413444982867
4.11748317132577
5.97186686770675
4.32391823781681
5.54858640293081
3.5690626626403
3.11618666746828
3.78501144863852
1.63174394411316
3.55244190211508
2.28493122468328
4.66067543728352
2.47505322077059
2.46603468298699
5.3515036934274
3.93244265899025
4.46172637518065
6.10615670453411
3.37582804448073
3.17761399391816
4.26848830502776
5.0291645431555
2.20383593342276
4.68625277162588
2.97818846924285
1.86598182780677
4.07350075523239
2.812561445062
1.18861945228272
4.90422855768503
3.19531409753342
2.14006846172275
7.2106658906247
2.92482827248696
3.16074520563387
4.60568938038174
2.36346900606923
2.92959590219482
5.04682199570951
3.63972051208434
4.06852592223861
2.39100151410377
3.34287253473432
5.50010552559095
6.33165781015811
6.0641072752388
4.56268035877657
5.73759793152735
3.43159174735696
2.43350160190433
4.78232792368045
1.96222752295177
2.18170086612286
2.55893827558321
1.97220921605964
4.39650704572508
3.68221089770202
1.5244839989809
5.39930685643387
5.16608446364569
3.4221279329322
2.9199509619052
2.39823616441368
4.70404949983822
3.80235088998359
3.06467840144238
3.1627030901661
1.59540163390835
0.949484176297042
2.56586111070537
3.66100517936239
2.30851060829322
3.71567782015964
4.12949967719429
4.51605197022798
2.42878140004696
5.61591574972729
6.66835779872477
4.05660975007987
5.35373857746404
2.30804603843754
0.915501901475104
3.81756730714965
2.79999494491431
4.96537235634236
1.86656695782238
2.08062216166966
2.98125809856948
5.56641512069358
2.95775878880056
1.98718349413879
1.65321039737456
2.94952349973118
6.59880996164665
3.14049569763929
3.90496497546844
2.92599387750443
3.32539991106606
4.95225722768963
6.14227860535886
5.45420683713206
5.07623435116935
2.89642025604511
5.55838379998911
2.64952728913589
5.6079121148044
0.937581259614287
1.27683417430559
3.6595095604671
1.53681196107652
3.12716996059615
3.43185046978616
3.11231654304599
3.30195610868477
3.57832423903093
2.06878713316172
4.99887036591724
4.67087711304144
3.94245390617737
3.28758048433455
2.62278958261411
5.09138076363225
3.97064013340003
2.61736168347119
3.44714252088202
2.79061080139981
4.33554040509421
2.22883440868787
2.20680499923051
1.56861768551831
4.37267138408681
3.01126549672097
2.81560517774202
1.70194471135669
2.19165211623542
2.63183763477509
4.17934119278267
4.61924662311922
3.97726747549633
5.64684268396969
3.92242324694387
2.79401057341427
3.37538449522364
3.03422880188376
2.08941887559634
4.06495397161856
3.62987077755684
2.658828214102
3.02495762623119
2.77797918588701
2.50333534622268
5.26835636573637
6.8926946574327
4.02883674433316
6.76809335333768
2.22647934853213
2.31718886351016
3.67245198121602
0.882257093555121
1.58191610241386
3.26105880424833
5.25626697260198
7.20473038667047
3.63112819179565
3.14244886311938
1.74024268720957
6.43394346816482
2.75037027949802
4.3815371787306
3.94863963871561
5.83354469778278
2.12003837873645
3.95279984227041
5.32571999026419
2.74597024302258
4.14011588112447
2.54875597120921
5.65415759649302
0.516565655536063
2.4133566222173
4.00257788074204
3.85227585209488
5.32603871574165
3.92978683658778
7.00603380716591
1.29710155726966
1.57562990468011
4.86887858381517
3.72966097325601
4.06926367124765
2.39949710245245
6.27474613022642
4.34225364592084
2.25104889191954
4.21165308333673
4.72806817004201
3.86094786525223
3.8217668155009
0.516565655536063
2.41670615582852
7.90732988085353
3.85042067683828
2.01403456268518
4.86618577373887
3.98558022829997
2.06524824400296
1.87186076800383
2.02731888558739
2.94430797810922
7.03152015242986
2.83389692811649
7.27562809258462
4.45175154979248
7.3180538377133
2.03639906334337
4.85960641163862
4.04617610306405
2.44538084774719
6.32891885933015
3.71390692672743
1.72686334362952
3.98183007956833
6.12146971580014
7.49489019946158
0.00365312739484581
0.00365312739484581
3.38842667989007
3.95678146181613
2.18528977284738
5.26231865906822
1.42546806955283
1.05854384478791
3.63401747968106
3.47927431760613
3.71229046966363
6.6269893419629
5.22211132034529
2.12348632862844
6.68512108558207
5.07317688330364
4.51644587276139
0.342855996953719
1.47885310163072
1.75176679488303
2.77758051361902
6.25341345122846
3.36270342875546
2.93916562543014
3.28160742302401
1.38546339528524
3.02905525767134
3.39499941328784
4.34265219718617
3.94107798018992
4.08178384719626
3.95891964613748
3.27913677694102
2.91414576618624
4.19373137718797
3.55373918245776
4.54448636778763
3.75478238025258
6.59750066452029
8.59952499013983
4.03104901362673
6.81339721284844
4.44933900080856
2.85037598255815
6.32162287355461
3.4809283986925
2.53698150576958
2.43401376227198
2.60629183734866
3.87800755213371
4.20501307374862
4.66430990667118
3.64413077740516
3.76893228828795
3.17225532702378
2.26964180649044
6.38156802246345
6.7181109524501
4.81999026440207
3.24084489566186
3.95393866362267
3.93735037466293
1.49522300737194
3.14768278167747
3.01312877823389
7.08289992498662
3.94043723831869
1.40348353445249
4.17975644860306
3.69451899371088
2.83781757651334
1.79558004802189
2.69347563293422
3.6105263445336
4.95415675463899
2.66805648190148
2.94320956024238
4.38534418413066
3.83260216302416
5.26704249443442
6.65778523186208
4.79751551842371
2.1605478867859
2.62361019731751
5.29784239139293
4.69597279398589
4.10511254331278
5.31655504614171
3.48922589645198
2.487428933649
3.30991946406676
1.93115294177912
7.67458871287064
3.20765468098289
2.44232434468469
5.13102453153278
3.86129817690664
1.60441588446387
2.45280954118946
6.22608683825684
3.9989402942944
1.87653800466472
2.54896280874959
4.72150886675089
6.63083216329172
2.36723800913593
4.28655848507661
3.91295512233177
3.15247263636679
2.03612253640697
3.1387463193339
7.47171597225023
2.5047561234987
5.05554720598219
3.73868176887605
3.80684385483895
5.35129432911648
1.34927130741399
1.18409542333698
1.00160402008306
3.61774922578555
2.61631934536052
2.83645575734008
6.05743487587595
2.51513406323999
7.68848719196143
5.50632593273558
5.21035502885394
6.93910220337914
1.68782920290755
3.83880635945961
4.98887540439788
5.95260875846208
3.61716515399456
2.77399852380959
3.22838198901134
2.35220225244306
3.49878574869517
5.07386290925853
3.39345559718877
3.93480092712989
4.50190194632184
3.98168057082187
2.06287082482363
5.58840707715597
3.04705744174805
3.23066801694108
1.83894104455884
3.52755834917841
2.21076069580174
5.77595802867337
7.57962578959856
8.37553097351775
3.85337972990562
5.05575750368261
4.36826927580735
2.2928740935403
4.51415081693163
2.57156498561996
4.88684198533542
5.20755655192416
2.55986995949893
2.13688080026406
5.27561580130136
0.00365312739484581
0.00365312739484581
0.00365312739484581
0.00365312739484581
7.1794021973383
4.49248222963096
2.92695871727444
1.85184288738472
3.40714087502549
3.26188825477273
4.4208255421927
4.89847301322038
4.98630845266278
1.89489294080598
9.29752419982004
2.27497617938
2.06649193164539
8.19830556625138
4.52185518482925
2.64414662538557
4.67115419971869
3.33497963758307
5.27293401899829
4.11123559888752
2.53450904913345
2.88612512959516
2.18193701002673
2.09204412325833
0.977484132401546
4.04560738030277
6.24284091730182
2.78746064165574
3.08408516193497
6.43847839734833
6.20922639849091
4.45140338062257
3.154648097634
2.1458999627275
1.88120459211304
2.94701537170381
2.88937624035198
4.53219833663029
6.07938586846907
4.49193454404871
6.09676947578071
4.54926581220026
3.37103997003519
10.0010710100126
3.59452633966418
3.27271699830193
3.91348333910135
2.13663991901595
4.65796121560876
8.02398550873025
5.9303222137446
3.96070198584624
2.32997875395264
1.38573871039336
6.33598673827493
1.56424612779698
3.95715181481576
4.96238242392864
6.83957960242802
4.79902163452026
3.931199716048
3.25911366884213
3.93647436031257
3.99146878115368
3.18150161564964
4.00640958495417
5.7648984817889
4.52318895674158
3.02862901580413
2.86663106486132
4.68933237758163
3.73401894854481
2.03217698930378
4.88708683618233
3.54153140612535
4.56407156363761
5.50341958475871
2.85623148721523
5.86560525764605
8.45926032029733
4.66705742189465
1.87446636601736
6.46771833726083
9.17556210196933
2.25676946050124
2.05616195196665
9.68643064301744
5.97490446376498
3.90994654578048
1.84663693066691
5.25639188970634
3.71317892251267
3.26697624426991
3.18788583653947
6.26309532865949
6.04312117315835
4.64004886187042
4.96594844866907
3.90430098020647
4.60533922255685
6.35672042249771
3.80212611080673
2.55479013909736
3.94442189595561
5.94975276946592
4.88803719081308
1.82756701754844
2.34842146063359
6.86612421484654
3.00154927374972
1.84367671096381
6.59184458840784
3.29704332186426
4.12743292039888
2.40023649386717
2.30536345500351
6.8195390937692
2.59536309846271
5.2971155192966
3.70897501201851
6.50599066492736
3.5405415820824
7.86155612792239
3.95615486732527
6.46386751002695
3.25180818218972
3.21700969481642
2.61547433482063
5.51300551704828
3.41183514263022
2.21931067001124
3.66525047701467
7.70167103852763
5.08644861933
9.57840988105523
6.73524533924886
6.05225987554403
5.27323605914899
6.68322156489172
2.01310588144098
5.26571719773619
4.19231027856829
2.62028696759838
3.33968547513159
2.56972630891123
2.61580473127149
5.14105664328447
2.25075413303652
3.21555881695514
2.8172576876374
13.0217835663877
3.51442416223838
2.42845232903412
4.54416350779129
7.52751169641516
2.53195044371839
3.32539330251097
2.82218901491429
3.50714749466958
5.58432187596393
3.6132046890506
3.93316859809106
3.00028542526259
1.80690125766053
5.7599991965709
2.43971586737145
4.79441196868582
4.57947319359347
3.63270860289104
1.83117467065977
5.84700413850998
5.11374175398254
3.27440104292035
1.89329985567084
5.44383725493492
4.05292462116155
2.01870839219826
5.51597517348776
8.26480862362444
3.54758759699148
6.68166895449588
3.48469322229212
3.95179426199201
2.64447887390435
3.50630340902836
2.77750574080886
4.01642037219872
3.82243471372812
3.90215173075748
4.99973050175559
4.91160676978268
4.71293779839933
1.49047604090264
5.70654165038076
3.14944438462096
3.9724564009432
10.7453099191039
4.243915901294
9.18906777853704
0.516565655536063
2.43543772334607
1.97371569594515
4.13096455952564
6.71201010117186
5.65563483449253
2.51593865328732
2.10190810977813
2.65345767242169
1.94895237894957
3.71297810471425
5.59572550379308
1.87489646515936
5.13626839924966
4.92893254534832
3.92062668591766
6.08304822027052
0.686534955819794
1.39808638925821
2.18866926383082
3.39624071987278
2.24709164143094
2.65337486661329
1.79837992108447
4.87512984565256
2.21325673802168
3.83819117731438
3.31280397252828
4.22658601527404
4.47368139142285
5.36454099154864
6.18878446475606
3.66191268338673
8.88108423713734
3.47786503249442
5.89099821775011
3.13474099390265
4.16731328925302
4.79962363267699
4.67052170984949
3.82793751411942
6.24826146405831
3.00133190981859
2.3990580136324
9.09458317317172
3.88465803206412
6.94206778931304
3.70735469988001
5.08218853912966
2.42082765962304
5.55621000931237
2.52134247756219
4.3564632315399
4.80404857935943
3.11370294802491
1.70500798525334
5.10850198115708
2.35228462244447
2.49911172333442
1.56168328335901
1.49973677204058
4.77534775689534
5.22915480551656
6.59150091643682
2.31448149738405
3.61969956375611
4.06811877874957
5.48594132189872
3.57999904293491
3.1006414281115
4.34353842966357
7.48515293081542
2.30571175812111
0.961443712443418
3.09771840262692
3.68378027811918
2.66797364378441
3.5877017852205
1.94235050654076
3.24006601111955
1.25889226829944
5.26522505130445
3.62541896814348
4.05926692162293
7.42351355016021
3.40343156925593
7.94774743369202
3.76755976169306
3.90455804904994
9.00668175248448
7.2570676093159
3.90468198505023
6.21232417934644
3.1765336058867
7.55060342192853
3.44449592693006
3.56467903135509
2.93404778959724
2.86503880199047
4.34465236769433
4.38583096522049
4.59979191480569
4.99015334022683
2.54064771558255
2.09821520216059
3.56614416232118
6.07727318549156
3.88126727646493
1.80946237990522
1.8051534540736
3.57930964728529
3.81649346645439
4.87762699445554
5.42607053087042
4.37088275782077
3.1776973369324
2.21575039745114
3.76393920332263
4.55650669371333
6.37851599569047
1.97113647757695
2.94489986870203
2.73414462992102
3.67208724060937
3.00592906298006
5.78989262987181
5.91824316699733
2.76584563539708
8.17894426548461
4.05867950199887
3.75095154174394
3.82610321277766
5.54629443267322
5.89800503237512
5.11610779466078
5.52638149962709
3.51578280268172
1.82109823350551
2.95654993824163
4.40413112312399
4.20723610666539
4.39852966221547
4.61482736787689
1.50375336618241
3.02412551504529
3.36698703389491
3.56313544714036
4.08412456196481
4.26811460398036
4.48032054331239
4.86214669213843
3.96559320276588
2.61848395787951
2.55090637800386
6.51657730785013
3.85255595900499
4.22184266251386
3.19875879286503
2.05645700917048
4.53318939160274
6.73676882772119
1.60206782797268
1.92593327810105
9.10626037966223
2.38466543173906
2.96825093670045
5.98350277709361
2.29712254197464
2.35967279380352
3.85558991104969
6.65743821310171
9.89099517003186
2.76522410371218
4.91576818632702
3.26723362028405
2.96950786269678
1.70991087726089
3.75110051979533
3.03303136868421
4.15380069764179
2.23664085209686
5.2368468450112
4.40404169532007
1.24995472284622
4.79277108002435
1.75899064030042
4.02611704181377
3.51397964221455
2.25111227152809
7.26336078025047
7.71283137646501
7.9580421346334
5.60110591017552
3.39758875080685
4.31795684971357
2.47944119662983
2.77620101212851
4.56382178450437
5.1414961687713
4.71209879212243
5.36024412953818
6.57072344036927
6.69965586776515
3.80165507129589
3.41483039883386
3.04825071573335
6.60047637102727
1.96098419098941
4.21849045606477
1.60548355051102
5.55655489659736
5.83129462063831
5.7395972677414
3.31131966630705
4.89761939155579
2.41963027504646
3.57468961821945
4.1588554246167
2.27707842742689
0.888364382579961
1.68955752669576
5.20374413339922
4.41407416466809
4.76019460757913
6.58088501331741
3.05125873267084
2.6375798177116
4.63355029096619
1.76884979273484
5.36592786934576
6.27805278725461
8.46360803127771
7.19417851725236
4.41487082796885
4.82246163713158
5.79710001049355
4.56380249864808
5.58344435663502
1.12526906613218
5.22040288136935
3.02406952259163
12.6181677557174
0.516565655536063
6.59965214703079
4.55535013025074
2.83209506474809
5.70086766439226
3.23563322850885
3.38758951460993
4.8661995870397
4.71223663057324
2.88801088009981
5.09650808794136
2.50202319148757
4.96523924690927
4.22915588904904
2.96544884243523
4.87911171489285
2.85607344467253
6.17927806525395
3.15676219638123
3.46307150952378
3.63720611430313
7.33090670659723
3.9393172446425
3.90632745089788
4.03716179347492
2.0142067392241
2.10876813780346
1.68774092541689
2.99993331615337
1.8943466760291
4.65531896023152
6.42090149310201
1.94590373745296
3.84453870111983
3.0698525798441
3.24783234567646
1.43497810388157
3.01823787235968
4.68286659039622
2.52943664169611
1.56924022438761
4.71891064801865
4.18612168981245
5.85797390275742
3.01410447058023
4.42116260462535
3.94531622567593
1.86499377246651
4.04747591938186
5.09162218212691
3.05398271635726
6.81526801862765
4.21623671681986
4.54162958991442
2.49723026330761
3.29365933917473
2.19898141003744
2.00572875412113
4.9972664235351
3.3184529519055
4.97062262464926
3.05783434050429
4.2039385966709
7.03027179314804
5.17931080414358
5.54983469388642
2.09897248154776
4.86563959752604
1.87544521809722
6.6107403126925
7.15123811823798
3.48824494063645
2.40290133442575
2.04421353729825
2.66953980747191
4.75204864451483
4.44030092171965
2.20552827986055
3.86603784398154
5.15127895578142
3.25886865334968
3.77051585789038
1.93373336734744
3.92175280022917
3.47846641278365
0.92310571172712
4.0015524244149
3.54831853365823
1.4783482931808
3.190756136474
2.80758869575865
4.48459788136492
1.23252785964639
2.83570212538625
4.38985956985653
5.48922911658071
3.39503181892195
2.10680998766002
2.90293651935246
6.18060455266706
3.99350206264472
6.25057746332508
5.20391334863081
5.15902562845765
6.75511272901964
5.12851103162974
2.62001201191056
5.41990318347529
4.7081977365299
7.95462383199761
4.2277334305761
4.90134840004925
1.708876737229
4.04047883360872
1.78166948245531
7.3342380480778
1.82821326925222
5.47188527685279
3.52912129720746
4.97500634913644
6.86443196751453
3.601994519432
3.40256858554555
0.934619843762037
3.36454167689393
3.99266119421277
3.43870469020985
5.1927349423058
3.56242789223244
2.8999668586184
1.90073209214016
3.12988077629007
3.81006743680884
3.78403384989299
7.31338842770711
2.1077273574113
3.44970748443191
5.88433096629833
1.43363523051129
6.07131311835906
6.92383948773766
8.22165962996864
4.84669915759185
4.9952069563712
4.33145731545204
3.89918330662985
10.3104970375536
2.31622622156849
9.50588996554641
3.87353465253467
3.7900310911704
3.45800608524717
0.516565655536063
2.90810723890602
3.14894860147789
4.69870258084636
4.24702232585239
2.50392790469356
2.68597692943857
2.67151314155446
2.76355701457192
3.341721733681
2.2396435245212
1.98360737470961
5.83456813978792
2.27511940720211
5.27056706448914
3.46642612888775
4.10144528946304
4.53608779036214
2.3168562465116
4.96636088373799
3.49442287712033
4.68705521234431
2.04969306210624
3.89698729708426
2.89199011454422
5.3126158066887
2.07826785446424
3.19890105307583
2.05663139504735
4.53176542935123
2.6077550161565
3.58298433338295
4.79676354568925
4.45005071437522
3.19841808961811
2.12725944814946
3.66038814436366
1.86300335082881
3.96643877162082
2.93264475357084
3.72321861865923
2.36227686368485
4.20698480701001
2.68949217696844
2.4671397162066
2.23133213852023
6.36067222945677
4.79889874704161
6.10513144691971
3.65533333064555
5.37003549097971
4.08355464444162
6.61288950470071
2.29709809966868
4.00478992026138
8.69261744403382
3.53042742341785
7.73428167301011
8.13156367988488
5.36516652413908
4.62828390918819
4.68552965575662
7.22818217070679
5.84214865548374
3.0673549250136
7.70866265787446
3.04099529034588
4.6887377999878
4.69656193811284
1.80900566506249
6.38407831263867
5.09865131954037
5.28651908195552
1.81733781257377
3.01201458738778
5.58102178918336
7.24838627765859
1.37802632235275
6.0001427562452
5.1457689708625
7.02383307281167
5.45671406690391
5.77872428684112
3.01240383468682
3.66808440385182
1.15743364621298
4.45806129635271
4.65595573162766
1.16605233787038
2.80029354002647
2.20574894416572
0.516565655536063
1.54457445416913
5.73307391615681
5.71130479378152
3.74520258219052
5.19333523480769
4.65480877086179
4.52495541867225
2.75496683465795
4.67967522471796
4.81412056554022
1.81928459704534
3.90503389943237
9.84969337042705
4.07597856664924
2.44424067978291
5.6531940044802
3.73349322397628
2.93192176251923
3.80913221590838
4.11228010312372
5.40360997639391
4.64025438159028
1.83885370695495
5.40197003536287
2.77063297323456
2.52456549329872
2.6672155454578
4.73249322504789
2.67381666794026
4.57472318249798
5.75906776635076
4.38046021635475
4.21116373139408
2.71188128107243
4.79623151076112
4.23090606609172
4.84164728749377
3.60569230347738
5.91515900493646
6.25709763664224
3.16706337807103
4.4798826671967
5.20013393029191
3.67717687295881
3.79067019753826
3.74805691853771
3.02100842448073
1.74695200954481
2.64380792770764
4.16520238311572
4.98721775232051
8.86932300439838
4.96913210740532
5.70999722465395
2.74311022332377
3.07201688376524
2.05340168726823
4.30183173441669
7.67514262797232
4.38979259216114
5.3758668478493
4.16733623726486
4.02814196164752
4.32634331055246
4.25784213829836
7.3843322117166
4.84850065136458
4.3556701308345
5.91403529992099
0.169891609322463
1.93767851528405
6.77229984599206
2.69085473585106
2.62299013017418
3.49356646431592
5.61377369717169
5.39142558507093
3.13910340039699
3.80527814880233
5.5000418587878
7.87236829504791
8.08716123019324
1.92555532269145
6.11674997578759
3.25497220053956
4.87022410117367
4.83394415210166
5.37153618607832
7.86404537451716
3.79592434294778
4.64243444656176
4.88962342470995
4.23275912155512
4.20826834756691
2.41199816295964
5.525784830719
4.98731007055372
6.34883987026037
3.22960361171752
3.99909333138107
3.35715344439528
1.96369422071923
3.14185252097903
2.37608979042361
5.35982767657483
6.62305225267168
7.84481196782611
5.38906387102444
2.40926705618795
2.70460910983528
3.26988368066242
4.31047121371183
1.71040230905052
3.06657587677711
1.49939662297426
2.50605854295579
2.11208684689292
1.7433356454859
5.26624323861399
3.81131527329001
4.13492268453849
3.26984981484912
3.96206317743316
4.84656035494855
4.72804905440936
2.48242735772235
2.31991246077819
4.23280807397521
3.05989600521436
3.24836941267605
3.74281643858436
4.00885455025604
6.26764258930153
2.33744583340457
4.96492483143347
3.61360487704836
3.88160134553728
5.95836978647081
11.4690059578143
6.75630155580099
7.86240891669357
8.29518632582625
6.56469593165906
6.34021484558666
5.07706208076737
4.27854017214237
5.75828057977488
4.07391691790667
2.68848337591231
5.89040949186715
2.78604646686313
5.46750615782948
6.33162699678309
4.5541099954808
6.60107316397596
9.66741324039264
3.88576925830921
1.75656380919596
4.19484002870958
5.02214759031051
3.68172395927158
2.20943961278024
2.42272468826967
1.20010154128939
1.62175079236994
2.16374298307249
5.03764994664648
4.69226115845025
3.05579072624925
5.1625462366763
7.90722193339958
5.55166937325104
3.86282501591739
1.17003294309914
5.34133043567877
3.42213672278584
0.76860904711669
7.80532762241723
4.86016980779375
4.29918735528383
5.48299191735913
4.97963281899938
1.42391797764548
2.81604167915415
2.10888999267056
4.83360990877961
4.15125801946199
3.20011006332113
6.53802778197281
5.10917995339715
4.22585274971926
2.12041233733614
4.07822830289633
3.72130885985092
2.3296407865629
3.02886884281485
7.36923698865329
4.49235885873756
3.92969952236705
2.81285531108507
4.82693915625609
5.53647391790498
2.24558106132838
4.55333171545367
3.97481205552715
4.88351109578351
5.09144799655285
2.29497928304895
2.75597041167154
2.07581108073858
4.21296679320021
4.71468325793819
2.27207425983336
9.09064626902538
1.86198415303599
3.69918737592413
4.25284713342073
2.57037415190873
2.48707899383622
7.84292174560562
5.8070088132938
4.59868168321482
3.46062479322068
7.8992889977014
4.12778892446236
4.86913479488141
3.09055741924846
4.77120935381784
3.5907810783251
4.74473294235771
4.15243946153724
3.18917637924036
3.05957542842439
7.13237874191356
1.4654957090298
2.41565749939476
3.45566056568375
4.92237144539017
2.40530687344845
5.7210213600913
3.3722797021421
2.75350912941133
2.42168277913666
1.12874651859324
2.2638675205513
2.34694829365493
4.22196443412661
2.53062862624858
3.96779683102507
3.8485102715482
5.75767342174182
1.98176333174066
3.51850728195768
6.6418816483787
8.62881890682618
4.85100553823032
4.59125960120629
6.02895150523507
1.88131490041444
6.66864833173802
3.03094658444715
2.76822956068661
4.0913246922831
6.97616168738263
3.28691030135603
2.41151811392056
1.82061149799995
3.86564634821301
6.02461787339812
2.53727037064035
4.35323206153989
3.6205831709294
2.62818276217212
5.17102426937984
2.01189781294228
2.84965333783064
4.54299658838036
4.7881661277715
4.06935186550096
3.76126358060746
3.92762791091364
2.70086173371669
3.09589925014104
3.77527055227467
3.09439700593479
8.80677420775021
5.40490652505193
3.75394024296601
3.30375658223863
3.92658926504039
4.60800071949114
6.23889995830055
5.47686868935214
3.51036864933861
1.16035382375242
4.55336613262739
4.69977589208393
1.21304480805845
2.80413091610365
3.50874826121001
4.05601239653334
6.47730017410601
5.79416646974618
6.44774504928298
4.84251747802703
3.62011698665809
4.70480256285782
5.93455193319833
4.5902937229328
4.17828146538523
2.18082140835561
7.02821846754102
5.3699444755111
4.24624914025395
3.40060107392081
4.90570052348413
0.516565655536063
3.53144620015857
3.65901846835944
7.40702956962798
4.90508874748709
3.19849254292942
3.61264431015023
9.51983080332357
7.40271531365445
3.88987582323478
3.12127522342459
3.28580342890474
5.05246804224776
2.32124747676625
2.76704721683421
2.52892722682741
5.21022537710097
2.19140881510541
1.81715810218896
3.51161191370274
5.51027776625383
2.83255576893242
3.57264609794325
4.54230764747524
3.14472968783658
5.13615953146064
3.53651755188497
4.8136553983043
1.56520253448985
6.9500540174015
4.57318469221388
4.03803559014691
2.00723775015039
2.7306463024774
3.09439493756553
5.28186920890388
4.94746890448088
6.90780827719958
2.72480232497593
2.86102924790704
3.94810296328146
3.68588356558922
2.20363128689465
4.7462254163123
4.62316301932348
5.07070455197776
2.44195195778223
2.20819671582733
3.37915064116538
2.03293273119797
3.83947381724706
7.82306345821399
3.59403795045929
6.40516335427181
7.08998251729824
4.2595759002383
4.18054293749856
2.19721507551955
4.17023167474013
0.516565655536063
6.11924742438418
1.84896340282632
6.10456630189336
6.24800687465919
2.99968667951294
3.01687151133034
1.08713148545585
3.56934842795149
3.4726662162423
5.27085080635856
4.17449846754679
2.4784042321052
2.0054551760102
2.28409897415739
2.33624751324734
2.4068285188016
3.30562178002083
3.24956966723952
6.57881035573823
6.68098750834847
3.99606572705812
3.0794131899672
2.27306232184282
0.598809606782372
1.76715333321867
6.51893557513565
3.57933607791058
1.86629219987167
3.51580948251782
6.74077217004692
4.52045657561082
5.87845527416021
1.65229937266712
0.745877591421658
4.01010419192352
3.58220750940149
4.38993238692142
3.92053371989815
3.96553747429896
2.81901405152354
2.20847690773477
1.41842102481446
2.07383186838542
4.10355091847018
3.5031453639096
2.96866898356767
5.76181512109682
3.00186322596088
2.66767659631874
3.64369333805583
4.06392707094128
4.76092855765091
6.35095888348577
3.2272679128024
2.85627449966483
5.35697841889933
8.51641064583156
6.48402480322794
5.29765128021977
3.67872028803873
1.50595886538783
4.0980279256887
5.36989756181893
4.10114469491371
5.08569078178316
4.54013109605495
3.71305901306742
1.80178111061854
1.83972032116178
7.16417867904707
3.33848125473756
5.40985768211668
1.79161296459099
6.7476223654368
6.53510046991548
4.0629129684424
7.27546574017742
3.9978420512843
7.76968727812227
3.76332376208519
5.4013547844983
4.30715110872765
4.96383081106599
3.22649296801853
2.38829459229607
4.03247872372687
2.82173760764009
3.53204714019251
3.45224527280119
5.14542691826564
5.3198515304884
1.44775030343541
7.84267288107009
4.14684342007999
3.90783593514641
2.0655213798826
3.53428151367317
4.91851414200501
2.58385595619592
4.90549671807881
1.92997843572012
5.12700518648428
4.35634609249556
3.93246963414454
3.12835051463381
6.30009194426978
5.0887007675643
4.42259979169476
2.65720180002481
2.7541032387061
8.34575459520156
5.62837091786814
2.81868271070501
4.558886426665
5.10863635688528
6.15406684776344
3.32818632818782
2.38312175848927
3.80097621506812
4.0371116675535
5.59469015863238
1.18360032685024
3.59506343935803
2.12436977744562
3.67410909573664
3.53121614804996
7.80126064562232
6.4198579642196
3.73842970750165
3.49584042777221
8.2438578299395
6.2680187990909
5.35821081388638
7.86959118892498
6.70290473822277
2.97840468949199
6.48524684003908
3.21189068332824
3.66259537011216
2.11989132165817
4.31168097935831
4.68212420846447
5.60085626709777
3.64441555656447
5.23415014228505
1.85242314738948
2.71482852552616
6.32115201277863
3.47605034211878
5.96872018794998
6.21982185088243
6.38481364742879
3.82946254008032
0.781397112414026
1.28636045091799
4.40644185093742
7.2169883944068
4.84820304899568
3.40593203257146
3.08694498914856
4.59467457431716
4.93276022193435
4.30583972226636
3.98572155402781
4.91695186214211
5.37760104219855
2.04240733011223
4.6937975114879
2.63992468724505
5.74664473966546
1.82189906857742
2.75266947180207
5.59113814888921
5.89468536264575
2.07993194649313
3.37682245507376
4.04023840505066
4.09152241749704
5.14005811219545
3.22592499865372
2.39622570650066
2.15912922650432
3.11389908755103
4.58152433364707
7.32672351130962
3.80209696540458
2.1894788642029
8.26171648807273
15.9035630294949
3.38679578929796
1.85426181563642
2.78051120424957
3.54021344119825
2.33975995237326
2.89121960602445
10.4543509221077
2.61264467184831
3.00194239675125
4.84695970951928
2.60560788256381
7.08877083885142
5.73991440478461
1.62841688569234
2.91159383211242
4.88076753862861
1.35875953326443
2.30946153235453
9.87249691223642
2.95973550820068
5.79379467956527
5.37034376721927
2.44415284413615
3.1733294439548
1.86600334665723
1.95716783759095
3.09024949876702
3.82413160944771
5.75867608060006
7.16460747720822
4.1524330191816
2.56945845827511
6.62289273134861
8.20998988035413
3.7031354336067
1.16154309159471
2.73185860334567
6.75958237224938
4.15807532748529
2.54498172112527
4.71569560461222
4.12813391404011
1.69935071449093
5.56449656263121
3.18304454316744
4.03192695371789
6.37644761766982
1.50145277343333
4.5751480958772
3.97026743335302
6.5194613357726
8.60342097516069
3.91054759463118
6.50315956397248
4.07230342539793
3.13499221521666
4.61841048433059
2.26756834088784
2.45251318316411
0.894836572800988
1.97057413810877
3.3593088306755
2.70315233216142
7.04354441636292
3.42745567263102
3.53603406934833
3.94773333500055
5.40486942541027
3.92201854145724
5.25075560089727
5.20309686848544
6.22460785797373
4.7555515804187
5.42344199255609
2.080102578117
2.15803551489453
3.69614783763939
2.7392287628837
1.96497043807881
1.97422376142603
5.24782910190958
1.67950696162378
4.26120295462725
4.31825435486817
3.15040463074441
5.92875402753281
3.91660049513827
3.57872095198633
3.88590845689229
4.6531354947784
1.46558492123468
2.84068930143228
2.08249797834797
2.46350263729001
2.10996051595811
5.02621321478038
4.52702646163398
3.03017429655159
2.34355711558387
1.16493481777395
4.99017736636838
3.73249642134524
3.13813140006883
4.54958991489046
3.40860308889791
3.64805161010711
4.28924974762226
4.0520858355377
2.38411360495254
1.36544689581505
3.22738031367015
4.29841842431192
5.12191428618235
3.18893324160004
4.16977283196613
2.82617208175392
1.52546838510158
4.08064894327327
2.03818291017702
4.03858743442867
3.5753131560137
3.06226065103092
5.85271846328523
2.49309155655648
7.58024741324905
6.52070732778896
1.85253521912228
5.8193434007239
2.46818148562866
4.2777258248391
1.28993885951622
3.64500226201888
5.35539941000648
4.34699344299106
2.99129728801246
3.45211444130338
5.26041885050823
2.37265230894444
3.70515079705618
6.20604008053279
2.55560179375764
3.17314045189484
3.15600388054878
5.86544177707632
4.30200261689839
4.52584247258142
4.39467173496421
0.247075110735699
3.35576131852195
2.89714429043107
5.79338967339032
5.1167572838805
3.848587689321
3.49783417628088
4.16397213590321
3.39737610443146
6.55625700521407
5.07285336815644
2.16731533516587
3.1085068528424
1.70239480995834
2.68191298824151
2.76834239426144
3.80694444759032
3.08700531953025
2.36972181740827
5.61938487315744
7.90783840518759
4.85436303426114
3.98779554790006
5.57659886509582
2.93345805035949
3.40168713077829
1.45630474690106
4.25587841465212
3.19984434444239
2.44658472109127
3.89863231307455
3.93958135851018
1.00864507271805
2.79370561939679
4.85183313835083
4.003343498179
3.84919234020554
4.56301280843328
7.42537739640813
3.81673917572127
7.65324822960891
2.50253911952645
2.15108664209699
3.3658780603927
3.11485381836562
1.07970118835007
2.46767438697761
3.20704651017384
4.27375890830664
1.98013362246779
1.71876042003783
4.92994774367001
4.03702278311899
4.75504275579554
5.41696836709305
3.4048680822625
4.14678183277638
3.38530615181284
5.71678982945727
4.6973795422376
3.43831297212264
1.88837874787779
4.5396076732964
3.04709024043638
2.86392621132728
3.61402978578027
5.19435264216975
4.22702161619187
3.90735983363831
4.94990116875715
4.44017702524732
3.34267781273767
3.26467496233362
3.58073910240582
5.26053893557776
5.17207255289678
6.5627987826151
4.38690272778175
5.32600442676353
1.5622942606511
2.88077428315471
6.25283363655941
1.82026246609199
3.40774268968881
4.65026672327696
5.75410740319152
5.12352291575811
3.13769582997485
1.02715452596498
5.15762217308545
2.40269893135831
1.94228026210845
2.42075606580568
4.6730030942725
4.92895718274933
3.05842349013893
4.30882753423184
1.79339803745234
1.18495863808943
2.90016953029061
1.7823032105184
3.94902238972184
3.45896338354219
4.03764120243008
1.37468886463005
3.9849070809485
2.45810505414631
2.63946091517167
1.91785060807074
3.334659835599
5.47591745510704
4.26639274354618
3.58222648554912
5.40659341837264
5.63676267751347
1.60945257061327
4.0813509712252
3.12201256409532
2.75928710656047
2.16103849875272
2.95833635410573
6.04956988518677
2.73627212305032
1.35618414950119
6.21719648289864
5.66534047433999
4.09693988886094
2.10930640938274
1.41029878633021
2.30799627638395
3.39514484205143
4.67032087994543
2.70285964836897
3.19242110664456
4.90891802039821
7.66710470236365
4.02367181188411
3.64998018754214
4.01286858580214
2.31087414480039
4.46817000077011
4.05982214631913
1.17992726480733
0.643578525385567
1.67906399986408
3.11879323480489
1.99282729836172
2.91908688807045
4.88271069845776
3.28296107974358
5.21520627500256
3.21982752223731
3.56935167441742
3.09905676617392
4.3221687093937
3.87836301027362
4.04926657855576
3.48508696743714
4.37971422032131
1.89110460567486
3.55545630753119
1.93927027886299
2.65924592611335
2.29494284273053
7.02724781964637
5.89721863353911
4.05508298243381
1.59692986135038
4.1012970639755
2.63850430028541
2.11026249637932
3.29910909897304
4.12441665173601
2.06463091694748
1.53616888308207
2.87349905101966
1.8372302371505
4.33074577137299
2.6223185894417
2.94500931642022
2.40954275245893
4.58891892933225
2.7971597162185
3.81072216060128
0.516565655536063
3.67954545148259
4.78552848764051
3.09631909849835
4.00343312136469
4.49090447738883
1.54579774616368
4.46119901601089
4.51162663779948
7.0521006432532
1.60890695858394
2.19163091674599
1.60024479501659
6.42833419474153
3.14988249325266
3.96269528682732
2.19838501475922
2.5040851878957
2.48331892090592
0.740566152384579
0.516565655536063
5.63292319677481
4.439226996494
6.10470004606997
1.22750498449186
3.22756386327148
2.73303051875863
3.89197834446
1.42767751551353
2.02468078956436
3.9155945329964
5.01218932109457
1.92231203188369
5.19518707777017
3.52474965281681
6.68651425842756
2.03694164870571
3.33042700926636
3.72109858342181
6.46109727126217
2.15012472380462
2.9027182363283
4.06057985866837
1.95752875593521
3.48833144388182
2.90229497216396
4.87502423044431
3.61181562388058
5.17285543764687
6.98798259445268
1.87918397894293
5.08651073805107
3.59320251413246
6.82493430214055
3.96974239917065
3.96524438486162
