H3_JulyAug_Temp_Med_z
-0.1194405
0.6774224555
0.613705
3.709655
2.520985
1.3349345
2.68793
1.46686
1.118806
0.984309
2.97447
2.062235
1.4250835
-0.435322
1.89988
-0.966936
0.4171365
0.718407
-1.3488812
-0.4923468
1.116007
-0.715238
-1.6719355
1.202664
0.493505
0.3284245
4.705245
-1.4095115
3.775435
3.32471
2.06925
-1.525007
1.59113
-1.0904715
2.394895
-0.7256815
-0.27537
6.918535
-0.0656845
4.23348
-0.9272695
-0.736372
5.30734
0.1977715
-0.0939955
-0.496646
0.5626485
1.4427131
5.954275
0.14321
2.98909
-3.731
-3.230561
-0.01085
0.094921
-0.916196
2.11694
-0.2545735
-3.48415
-0.347924
3.51146
-0.0152600000000001
1.516985
4.927905
-1.114006
-0.416121
-0.04106275
-0.05002
2.0120905
2.84638
-0.62642
-1.8682435
0.0796995
-2.691095
0.332091
2.62662
-0.219482
-0.7175405
2.0773988
0.2076475
-0.6904725
0.792742397
-0.816582
-1.932255
-0.0737945
-0.096803
-0.879011
-0.8998315
0.660952
-0.342811
1.491771
-0.64945
-1.75839
0.8639245
-1.646475
0.715787
-0.0375755
-0.219647
0.3905425
-0.63531535
3.83529
0.915525
-0.2951235
-1.706835
-1.24601
-1.8006145
0.4909855
1.1303652
-1.2739555
-0.4553865
1.457026
-0.20142655
-2.173515
0.9167085
2.109625
1.8640145
0.9910425
2.323265
4.669815
1.537444
3.389335
0.3784925
-0.954169
-0.5454225
0.412007
0.0024835
-0.6574085
-1.799579
-0.836028
0.4364
-1.58839
3.517595
5.85132
1.030588
-0.9960985
3.48534
3.05706
3.839985
0.05694
-3.86524
4.4739
-2.5185065
-3.11781
3.1674
0.8825945
0.8430735
-0.6573985
0.322865
7.15668
1.59689
0.8968255
0.585992
-2.455505
2.199665
3.283415
0.7134676
3.39308
4.761815
2.813595
0.2512935
9.17431
-1.489631
-0.9723685
0.513745
-1.3085105
-1.094885
1.0146985
-1.5924045
-1.4500322
0.369385
-0.925377
-0.0160155
1.089832
0.34601
1.8644795
-1.0433795
1.0819725
1.408113
1.64358
1.2568685
4.509865
1.0101645
-0.827634
0.041202
0.4921595
-0.3739615
1.162053
1.77113
1.88693
0.74616
-0.60297
0.1172265
-1.6749085
-2.204465
1.189448
0.3120905
-0.2962435
-0.17638
-0.413901
-2.279985
-0.097303
2.811695
1.428247
0.915095
1.0979235
2.358865
1.0452695
-0.271365
-0.22151
-0.188158
0.22031
1.08846
-1.7916225
-3.26454
0.00801499999999999
-1.21659
7.423755
-0.3589715
5.25099
2.461193
-5.02688
0.0263795
9.15117
9.927135
0.190954
1.416095
-1.53521
-0.26619
-0.246913
-0.3951695
-1.554175
-0.3253125
0.6202245
-0.4048385
-0.5192055
0.368011
-0.1281145
0.473723
0.426289
0.607952
0.00143000000000004
7.792435
6.2994
0.69692
1.5771405
0.4685895
-2.99653
0.9040415
1.553565
4.27656
0.802625
-4.649195
-0.289864
0.494035
-5.026925
0.272938
-4.287605
0.6765885
-3.007145
-2.858465
0.634633
-4.65044
-2.75424
-0.724436
-0.5695125
0.4330035
0.8406925
0.432416
0.170431
-1.01166
-1.6420055
-0.1209845
1.313678
3.77499
0.8024395
0.9951795
0.9229285
0.813748
3.168715
1.310216
0.9311225
-1.126412
4.233705
1.1783365
0.4472885
1.1734195
-1.925185
4.7586
3.9701
1.42417
-1.353633
8.537155
1.188591
0.722933
-0.064138
0.9622465
3.69298
0.173445
6.920915
-2.331708
0.448842
-3.349055
-1.4214255
-2.2018
-0.080985
-1.342945
-2.605335
6.088845
8.903115
-1.567385
-0.6766855
1.2181005
2.867225
0.352082
0.6923435
-0.7622535
-0.34638
1.47897
-0.636285
-0.6450275
2.11289
2.2319
0.923407
0.792441
2.18477
0.4939285
2.86122
2.993195
1.0265605
2.046155
1.192538
1.0405945
0.3451465
-4.43478
2.324175
-0.196995
1.67044
0.47381
1.637715
-3.110445
0.882411
-0.4027755
2.633065
0.8348375
2.5083195
2.593865
0.408887
0.762515
1.1848265
0.8443955
0.14334365
-1.2244905
-0.354255
-0.121994
-0.4847295
8.249955
2.95021
1.611039
-0.0380772
-0.015228
0.3778
0.7678225
-2.870405
1.903495
-1.483415
3.512775
-0.0563585
1.3622
3.063395
1.649464
-1.628815
0.353751
0.948004
2.790535
2.5078615
3.04699
-2.886045
-0.227265
1.009027
-1.66579
0.991897
-1.74267
-0.1438985
-0.444296
-0.553704
-0.115631
0.48578885
2.93559
0.268656
-1.220555
0.673395
-0.11743
3.64739
-0.45992
-0.0864954999999999
0.4142
-0.814135
-3.83931
1.7049015
0.0652685
-3.044785
4.607325
2.4196105
-0.810559
6.264005
-1.47674
-0.3566945
2.663695
2.48999
-0.5284895
2.440845
3.257275
-0.522384
2.237275
-2.287525
2.694105
-0.070723
2.533715
1.68082
5.475905
2.87792
0.6534985
0.8328395
-4.057825
-0.8361395
0.286246
0.1583145
1.2513635
0.329775
-1.1438225
0.300734
0.601845
0.1369105
1.186095
-1.14529
-0.5573454
-0.0726155
-1.203318
-1.11077
-1.392446
1.341756
5.269885
0.467323
1.38538
-2.021182
0.5785375
0.531443
-1.83692
-1.1785035
-1.646865
5.444975
7.91314
0.301885
-0.7474615
-4.47334
-0.471726
2.845385
-0.27991445
3.68122
4.676765
0.3887335
2.77977
3.562285
4.331115
-3.60045
-2.295214
0.240798
0.6067295
-0.753334
0.8816035
-5.675325
1.587254
-0.01427
2.03156
0.0149401
1.03085
-1.374309
-0.20574
1.0253475
1.2190045
3.542465
0.8437213
5.967615
2.71255
1.4921785
1.621107
-0.4550135
2.452045
0.9360045
1.211212
2.74735
1.1807405
1.6536
3.42673
-3.656595
-0.51221
2.209305
0.154855
0.296344
1.196024
1.882985
-1.383882
0.54857
1.389585
1.1784925
-6.147305
4.915305
-4.03884
1.535785
-0.854946
-0.390755
1.014184
-1.628885
-0.270847
-0.872796
1.7167875
1.0998575
3.04483
5.19014
0.25024
0.0778249999999999
0.560461
0.805335
-0.44290224
7.180495
-1.455981
7.100155
4.5466
0.4483975
7.91503
-0.7551705
6.576055
6.708265
-0.29996425
0.7507635
1.1510735
0.910188
0.3922195
-0.7019733
0.876112
-0.0705755
-0.267284
-1.383226
-0.8680405
-2.098195
-0.97481
3.439445
-1.59305
2.19426
-1.110474
2.578975
0.4233935
-0.57012975
2.88314
1.0778475
-1.1858
2.159085
3.534165
-0.173363
-1.75877
-0.35026425
-2.06861
0.2015975
2.31525
-2.85232
-0.1767785
1.769526
-3.193865
-5.921925
-5.057835
-2.44611
-0.0847850000000001
-1.1091095
0.395065
-0.3255125
0.13402055
0.2279801
-0.758405
5.95849
-0.935681
-8.09046
1.2457505
0.1155555
-3.089765
-3.899225
-3.259755
2.769193
1.67885
0.791372
1.698006
0.27047
2.2578
2.759135
2.69421
2.208625
-2.37042
1.311458
1.184947
3.82613
3.38107
1.100925
-0.55611
0.282212
0.4117295
1.140254
-2.04796
-1.35154355
-2.2807595
2.50251
-0.81130915
-0.5778955
1.092223
-0.4997465
4.95706
4.6742
6.22426
0.6338635
-1.3816265
-0.022935
-0.7589275
0.4821104
0.022252
6.98925
0.024116
1.7652
-0.431832
2.59101
1.4214425
3.277165
1.1241155
0.1430685
-2.255775
-0.9600865
-1.054155
-0.424105921
1.6176
2.128545
-0.326317
1.520585
4.58309
-0.838804
3.89964
0.3137334
-0.2399945
-2.68658
10.334415
-5.17424
-0.7150855
0.4476325
-0.078568375
1.95104
-0.132725
-1.867908
-2.530595
2.498295
-0.30726
-3.092045
-0.35499065
-0.835831
0.5736655
-0.289773
-0.446285
-0.746075
-0.21785
4.29414
3.592035
0.33321
0.6783735
0.799701
-0.410825
0.817521
3.466245
0.3922535765
2.418191
0.247028
-4.24618
3.8922945
0.185139
0.886617
2.3527
0.304305
0.749325
0.43531705
-0.3852545
-1.7941285
4.070265
2.88806
0.8576205
-1.46426
-0.92458305
4.56891
-1.524109
2.38547
-1.330497
1.1415745
-0.46553
-0.637587
3.22013
6.79309
-5.77799
-1.12198885
-6.993205
-0.5326475
3.003205
-0.04616
-0.380505
0.1083505
-0.304744
2.26658
0.25766
0.664992
-1.354985
-1.94081
1.35956895
0.3307235
-0.889445
-0.592323
-0.8137388
2.42648
-1.569818
-0.046024
-0.2355465
1.0205
3.185445
-0.203352
5.79252
3.37503
-3.84925
1.318609
0.1056645
1.441606
3.559605
-1.96997
-0.117285
-1.7422775
-1.6641775
1.623098
3.104915
4.30534
-2.584255
-1.54077905
1.1604375
0.59923005
0.8579975
-4.00673
-0.0572905
1.47358
0.4126235
4.71594
5.096975
1.214278
3.410655
-0.373835
0.060435
-0.8633285
-3.010715
-3.338765
4.18221
-4.01013
-0.4575
-0.0870175
0.832175
1.413589
4.17406
2.73154
6.36481
-2.794235
1.2510975
2.135715
-3.20953
-4.569865
1.81069
0.4014285
-0.1071845
0.82407
-1.385823
-0.8449725
-0.36443
-2.25983
3.54345
-3.073195
5.19318
0.690699
-0.53878885
-2.428205
1.69709
-2.193795
0.9370165
-0.883659
1.5371565
0.8357824
1.371411
1.6900795
-0.01752
0.843915
-1.1704585
-1.287045
0.2631475
1.745257
-1.43514
-0.50626
0.9807085
0.4952645
-0.21867
0.9554755
0.40477
0.0613575
4.985035
6.479985
6.80244
0.844968
2.84638
5.47347
-0.0663699999999999
0.52861845
1.000349
1.4867235
1.175702
-0.4290185
0.4607775
3.08247
0.161815
1.42602
3.52962
2.207735
3.85266
0.056311
0.8274995
-0.093545
0.826378
0.89478809
-1.203875
0.188294
-0.280429
-0.6399068
1.3860205
-0.190825
1.4302725
3.151515
-0.3214885
-3.623505
-2.70186
-3.35177
-0.00269250000000001
-3.13125
5.57435
5.54269
-1.113292
-1.217336
-0.6671655
-0.063682
0.281269
-0.410747
0.13813
0.390197
0.9680925
-1.3828735
0.048023
0.952337
0.079377
0.620766
0.5727055
0.0353385
0.9157653
-2.17101
1.01208
0.507697
3.109315
-1.348165
3.157675
2.92776
0.80694
-0.0283235
-0.9099695
-0.8025695
0.18538
-1.42855
-1.1386905
0.1163715
1.009862
-1.5593795
1.13578
0.16131
4.12685
2.93665
-4.294275
-3.4087835
-4.367455
-1.347942
-0.6466825
2.583012
1.423986
-1.477279
-1.492885
0.3534165
5.08514
4.85538
1.69929
1.1130355
0.20626655
7.93196
5.448465
0.63889775
5.08393
2.39098
0.97816932
0.26436925
0.418466
-0.692455
1.62544
0.4628782
0.1269365
0.656813
-0.211577
0.7927383
-2.45811
2.56253
2.966265
-0.63374
-0.418773
3.875205
0.712773
0.831756
0.53308
1.20153
-0.920756
1.22644
-1.280502
4.50057
-2.47691
0.804903
2.18029
-0.2107495
4.496645
0.3370325
-1.41848
5.952425
2.90318
2.20152
1.8111055
1.538775
4.461935
0.7643535
1.267912
0.258875
1.99526
2.2246945
1.45145495
1.5600405
-2.10425
-1.3161475
3.71086
0.963195
-0.246027
-2.089405
0.7514415
0.896679
0.8280602
0.459335
3.57983
3.85536
2.841655
4.468305
3.296625
-1.929715
2.087945
1.9220085
5.552165
0.6090235
1.235903
1.2882255
-1.2917755
4.03033
4.101445
2.45843
1.6356465
1.94423
1.5952615
0.3518964
4.542175
2.0372
2.571975
2.099305
1.3165575
1.10379
2.390325
0.04625935
0.0058649999999999
0.0503985
0.9529205
-0.3988005
1.5373665
-1.349238
1.0538925
0.9204655
0.661327
-2.508025
-0.5333305
-2.87257
0.949052
0.954233
-4.9839
-0.1863985
0.4696935
-1.270405
-0.8741365
1.674074
3.183775
4.56589
-2.21462
-1.263315
4.5976
0.7416035
-0.386373512
1.237036
7.59203
0.91664
-0.981959
-1.2259595
0.54607
0.476627
-1.2224825
-1.509195
4.310195
0.646205
-1.922065
-0.7212215
0.5084235
0.073395
0.15546
1.91447
5.07234
5.791965
-0.5401039
0.094369
2.09676
1.1448185
-1.94128
0.4445925
-0.326132
1.25963
-0.9463555
5.274695
3.316015
0.13017
1.39706
4.192165
1.185358
1.47499
-5.69383
7.04959
-1.11434
-0.0920049999999999
-1.0964613
-0.7398095
2.06214
1.8564095
2.14477
1.5347117
-0.995647
-0.893322
0.275783
3.600125
-0.4165815
0.327206
0.4813895
0.321125
1.3661065
2.329265
1.339504
0.5519435
-2.25255
0.4301075
-1.032865
0.096075
0.8809695
0.7960505
0.7592905
2.15988
-1.71143
-1.318554
0.218529
-0.243092
0.131485
1.1494127
0.8115277
-2.641026
2.216105
1.733535
0.8996245
8.17872
0.3646841
1.0128428
-0.4635484
-1.960835
-1.859635
-0.1903995
0.3546775
-0.6602175
0.7906511
2.31592
-1.13201685
0.344998
3.240425
2.75195
2.4298
1.714545
2.045865
-1.362105
0.933555
1.11851
-2.4598185
-2.97414
0.882797
0.3019935
-2.403045
-1.2932335
-0.42776
0.5524895
0.1581745
1.0843035
2.157363
-0.64493605
0.627021
6.02053
5.99347
1.496925
3.844372
-1.742855
1.577723
-0.303036
3.358635
2.900615
4.866685
0.680096
0.3700185
-1.9192355
-1.600415
-5.42437
4.225095
-4.799635
6.601945
2.40561
0.696833
-3.348065
-4.72738
-0.569685
-0.8207065
0.3474148
-2.864881
1.236873
0.684415
-0.8792225
-0.5670685
0.1644295
9.116485
0.5720175
-0.8853185
-0.00709749999999998
1.4948885
-0.540435
1.37901
-1.49436
0.7646995
3.81866
-1.0881485
-2.92795
-0.7723695
-0.0807
-0.408309
-1.70664015
0.1290735
2.2298515
-0.9998085
0.54399
11.2549
1.3383635
-0.1672285
1.940155
1.153209
1.11406
1.420268
1.699205
0.812068
0.21388
0.7015045
4.13291
0.956965
-1.624065
-1.030003
-1.172812
-1.052114
-1.72941
3.88155
-0.604984
-5.02922
-0.00107999999999997
-0.4218905
-0.7846735
10.003
1.2322106
1.314161
0.6532985
0.789687
6.38469
-1.3713165
3.01089
5.414875
4.03228
-0.3668285
3.267755
3.14697
-2.1925775
0.00211749999999999
1.29279
0.1735135
1.225321
1.538116
-0.238705
5.5383
-0.1760205
-0.640933
3.27033
-0.162835
0.094045
4.303195
5.5559
5.32793
1.5999935
7.346455
1.55416
4.81865
0.218415
2.2091
-1.27224
0.5122965
0.400323
0.6157745
3.11769
-0.2968925
2.16129
2.77766
0.24117
1.21644
0.4988645
-0.1477715
-0.5504511
-0.3317095
-1.632516
-0.6584755
2.1169795
2.04586
4.487655
0.2232165
-0.377515
-0.880653
6.37564
-1.738725
-1.8256045
0.3072075
-1.2472935
-1.329113
0.8193085
-2.454165
-1.2938915
1.599205
1.6233135
2.883635
-1.42331
2.18755
-0.330634
-1.35468
6.417275
0.536725
1.745755
-0.755258
-0.908065
-0.745762
-0.1042285
-0.0744255
-0.448388
2.802925
-1.073505
-0.3567685
-7.186215
12.15375
2.91978
1.735572
0.0901955
1.12823085
-0.272436
-0.29032
-0.7637515
-2.491885
3.76571
-0.695034
0.1728705
-0.4224715
0.1640485
-1.0298095
-0.5242625
0.9821625
-1.382745
-1.1951265
-1.525935
-0.1285195
-1.067158
-1.266014
1.39753
-2.2118465
0.1782045
-0.096903
0.288295
5.387095
0.7533065
2.467585
1.988215
4.63528
-1.0029085
-1.95774
-2.392865
-0.53471
0.81309
8.574645
0.472004
1.4954315
3.13832
0.2729065
0.9336795
0.9028195
-0.4769565
2.337575
-0.0398175
0.6793256
0.116254
5.258015
7.03973
0.1342815
0.7782065
0.155618
4.5045
2.256715
-2.856925
0.71670678
-0.721684
5.46703
3.07243
1.8176
-0.0272845
-5.536385
0.882793
-0.1818375
2.1540755
1.127166
0.420883
-2.008385
4.479465
-0.692485
3.436775
-0.2798345
0.9015178
-0.3222805
-0.6047675
-2.068395
0.267738
-2.34384
0.3373125
1.561003
-2.6620605
-0.858459
0.58359745
0.760625
1.8483055
-0.782843
3.710235
2.872895
0.9047965
-2.25928
-1.823199
0.8350295
-0.787429
0.4705295
2.29861505
1.004063
1.75877
-1.49003
5.226715
1.330954
-0.375784
-0.110792
1.3495125
1.196265
-1.139258
1.258472
0.601934
-0.511872
6.60778
-0.8073195
1.289887
-0.868584
-0.957013
1.10496
-0.8458975
-1.195569
-1.70314105
-2.497635
-2.870115
1.6205
-2.63343
-0.890278
-1.224978
-0.856407
1.553908
0.382992
1.83566
1.8394245
0.6638
2.903965
0.5492615
0.9859805
1.168798
-0.02747
-1.6937
2.314985
1.162805
-2.359335
-1.8012255
-1.83055
1.7504475
-0.168187
1.87917
1.65276
0.406686895
0.2688165
0.955597
6.379115
8.344305
-1.46334
2.0607945
0.6517405
7.635155
0.6856696
-0.804223
-0.5034019
0.9013325
1.52486
0.6120105
6.750135
3.965075
-0.43136
-0.915225
4.626445
2.360175
1.0641605
-0.8282395
-1.477915
4.07519
-2.36488
0.0270115
-3.966785
-7.52873
4.08064
-8.65943
1.5681465
3.900165
0.244552
5.5792
5.164665
-0.4962535
-2.0692935
-1.4017143
1.430507
2.259175
-0.11280462
-2.411445
3.43262
-0.839385
1.85256
0.330474
1.691983
2.94307
1.076716
4.606025
0.511296
4.600425
0.4538215
-4.193545
-0.7640785
0.06714404
-0.14337
-2.966545
-0.679284
1.76443
-0.184048
0.6940005
0.542135
-1.703975
-1.3978
1.87366
0.207396
-2.255375
1.472443
-1.616665
-1.3274085
-0.1791045
-3.435595
0.87300125
-0.43863
1.605881
-2.10526
1.1766245
-0.85567645
5.61151
0.059045
2.40323
1.4251511
2.154745
1.0209465
1.467395
2.65974
0.4242222
2.10248
2.6314685
2.72657
-2.51667
0.0532595
6.480545
-0.6056955
4.742385
0.844365
2.56396
4.06886
0.672865
-0.621903
-0.721827
-3.227145
1.57375
-0.3310696
1.079834
0.4280175
-1.046835
-1.551061
2.753355
-0.15213165
1.47085
8.05527
0.3017835
1.907785
4.991315
-1.2018915
4.414035
-3.68504
-1.7388845
-2.37701
-2.0975705
-1.653095
-2.12005
-2.722795
-0.0127155
0.719392
0.0929615
0.298595
1.886275
1.609815
2.7871125
0.3747765
3.003305
0.6610121
-0.359645
5.82731
5.707565
0.3996905
0.6595475
1.877304
0.723027
1.218766
4.265685
-3.45047
0.09842
1.644712
1.140955
5.061535
3.95525
-1.58711
-4.01885
-1.1410215
1.3267975
0.8315425
-0.452905
0.5363035
0.3227615
-1.65883
2.468815
4.28273
-1.631739
7.13222
-1.4173715
0.2696605
1.9439
-1.973855
-2.20881
0.2542865
-0.8649945
6.3353
3.267995
-0.2984785
3.21852
0.5985555
5.29685
-0.3682195
-2.945435
-3.387185
1.2557755
1.4735115
-0.93452451
-1.513215
-1.4816855
0.0661225
3.26488
1.0421685
1.2810805
-3.68331
0.286543
-1.65342
0.56009945
1.781963
-0.525062
1.552248
3.364145
2.3975185
3.11418
5.56049
4.91571
4.892445
0.443302
-1.399149
-1.3497634
0.583934
6.265035
0.2296855
-1.4550415
0.87942725
1.6207261
3.52432
3.72804
7.744705
7.056705
-1.343535
-0.8276545
-0.6812125
2.537895
-2.683715
-1.77808
-0.956582
-0.618005
-0.856222635
-0.6935235
1.873515
-2.295475
-1.0228855
0.890654
-0.5448925
4.951885
3.15699
0.0745545
1.1943255
2.177785
-1.576005
0.6984835
-1.7061995
-0.088568
0.2709902
0.792403
-0.02384
-2.900595
-0.3501565
0.702193
1.246715
2.639664
-0.415109
1.443995
0.503997
-2.146064
-1.707029
11.998
-3.1509
-2.65881
-0.820137
2.11806
1.87899
4.84054
0.49214
1.6944
2.300855
1.222248
0.274675
-1.7603305
2.26616
1.2038845
-2.39522
-1.41398
-3.101295
-0.5906665
1.077375
-0.3157765
-1.0782965
3.928228
1.84983
1.0679175
0.00932900000000003
0.619785
2.95442
0.2188985
0.5689953
-1.563185
-0.38783
-1.341279
-0.497948
0.786855
-0.247822
0.8236995
-0.68758
-1.450505
-3.14572
5.900575
-1.645133
0.6999998
2.517595
2.796305
2.8499
-2.9822
0.907373
-0.4542975
0.1548975
0.1271455
-0.180467
0.958822
-0.4352645
-0.2711015
-0.6806615
-0.124598
-0.723666
-1.344775
-1.036743
-0.04348
0.036692
1.1827065
-1.0531435
1.8377845
4.67038
3.486455
-1.558309
-1.600731
0.06086
0.7926995
2.493585
1.6967
7.880085
1.12871
-1.7972255
1.966645
0.936415
4.380955
7.36557
4.268045
3.683275
2.016704
-0.9487485
0.7445915
3.011325
3.720595
0.037977
-1.071073
1.52995
0.016028
-1.784565
0.434363
3.13729
1.63081
-3.283725
-0.500913
4.135575
-3.11192
0.203671
-1.32969
0.11205265
-1.07846
-0.8112695
0.113236
4.105405
0.503135
-1.592802
-0.5940745
0.703489
2.16819
0.9620415
0.7025065
0.1402685
2.519325
1.1109155
0.9660245
-1.276925
-0.0692200000000001
0.82934645
2.121666
0.18957185
-0.203653
-3.434635
-0.8620155
-1.55306
5.841635
-0.622094
5.398065
3.0438
-2.42165
-1.7747235
-0.9168336
3.14719
1.56207
1.91598
0.109739
-0.8775185
0.5938195
-0.365784
2.85249
-1.59384
1.812725
1.0421775
1.0669385
0.6731695
-1.8376555
3.108985
-2.892076
-3.05065
3.4216
7.146835
-1.0962965
6.253455
0.687213
-2.081536
-1.48176
0.6573575
-0.9376615
-0.074322
-2.453485
2.67497
1.460295
3.78143
1.990265
1.0807675
4.60118
0.2001591
0.295628
0.224067
0.0257726
1.834473
0.7899695
-2.05332
-2.0129605
2.608465
1.1563545
0.2185903
1.1533535
0.253275
0.7923625
1.784273
-0.9848795
1.136956
-0.93164
0.0044758
-0.1374065
1.2045949
0.1694565
-0.5806465
1.4072
0.1170835
-7.71804
-0.110919
1.369623
1.78947
0.660197
2.26309
-1.3890617
7.098355
-0.648625
1.3824027
10.52065
3.92091
1.071673
-0.594377
2.1078565
2.94941
-6.02958
4.043105
3.206735
-4.07064
-1.823575
0.674415
-0.493305
-0.25005075
0.2504135
-0.159582
0.551723
-0.5497368
-1.143346
-0.820881
1.2342045
-0.452061
-0.9212
3.99383
3.026035
-1.18671
-0.34216915
-1.045352
-0.4431159
-0.45586045
0.7005155
-0.354853
1.88718
-1.1549375
1.28224
3.414125
0.086802
0.996061
0.100757
1.387825
-0.3700435
-0.9073305
0.3163449
0.2639935
-0.848122
-0.346093
-1.460395
2.155655
-0.736674
0.893183
0.5558895
0.6469135
2.31381
0.5246168
1.96881
2.59277
0.100395
-1.370382
0.00158549999999999
-0.26183845
0.26582275
0.659823
-0.763953
3.696815
0.3380865
0.3719975
0.723422
0.9904935
-3.053155
0.754882
-2.2473755
3.81311
-1.589185
3.28256
-2.75786
1.6869365
-0.6647641
-4.03683
-2.01168
3.19954
1.4939
4.34388
5.65526
1.1580065
3.73772
-0.0331105
-3.830385
-0.15660175
-4.08684
-2.577075
0.2819215
-0.2306155
0.3730041
2.972565
0.300775
-4.527015
-5.317995
-5.946305
-3.80355
-3.74836
0.0301485
2.022331
-2.189655
-0.4001625
0.241271
-0.2909835
1.993025
-0.411498
4.9556
-0.296615
-4.0317
1.695811
-0.708805
0.3256775
-1.194961
2.062685
1.098722
3.02565
-1.303495
0.9153375
-0.583945
1.526218
2.55811
-0.8543865
-0.4790705
-0.7867305
6.73871
7.501095
0.1804765
-1.548814
2.79445
2.364265
0.72373
1.95644
-0.999086
-0.4480955
1.71814
0.484745
0.3456575
0.8917175
-0.768816
2.86198
-0.236934
0.3419145
0.6041745
2.5185205
0.8195345
-1.909795
1.398451
1.0734669
-2.65213
-0.2352505
-0.5442305
1.8681475
0.6291635
4.458965
1.700925
2.11245
-2.47365
3.7273
1.1849815
2.46085
-1.306181
0.21333395
4.3396
1.54307
-1.91341
3.12247
-0.064387
2.0348245
-1.80181
1.835585
1.160866
3.827119
1.2786138
1.66595565
0.6222955
2.815385
-0.826747
-0.8507725
1.125767
1.2513305
1.6690945
-1.93928
2.468595
1.3430595
-0.1867655
1.3033095
1.062755
-1.72712065
3.63486
5.3993
0.9272015
1.322584
-0.88404
0.272602
3.585115
1.216984
1.917765
3.694375
4.276515
-0.9258708
-1.217513
-1.173429
0.57185625
-0.947613
-0.740577
0.6123575
-2.78574
0.9264867
-0.785742
-0.923265
-1.79513
2.83351
2.403835
0.091724
2.362555
-0.0945635
1.79921
0.585702
2.82387
1.86481
2.142465
1.804621
0.031789
0.569289
-0.00228200000000001
3.064505
4.0410525
2.92814
1.3259605
1.7011
-1.2982125
7.05994
-1.2155105
2.834195
-0.775765
5.59007
5.46666
-0.2884065
0.5741995
0.529226855
1.8861755
1.8917295
2.80378
-0.6654975
-0.14581785
-0.79488
-4.465155
1.54671
0.469165
-0.42577675
-0.04411
-0.798829
1.074108
0.934665
-0.3501745
0.510496
-0.201183
-0.5910665
-0.62163987
0.7147135
-0.01215
0.4267145
1.98332
2.058575
-0.21625
1.459245
1.6615435
0.309315
-1.604352
1.60793
2.1719
1.884912
-0.750076
1.8356983
-0.3243375
1.635947
0.5371675
1.004587435
3.922985
-0.325287
3.11981
6.44933
-0.7803825
0.32168
-1.511725
1.88478
2.27893
2.96806
-0.18741
-0.6195105
1.135963
2.187124
-0.911454
-1.32326
0.21011
0.3039965
0.12246
0.821627
-0.534504
0.537429
-6.10218
0.9733435
-5.14594
-3.773825
1.879699
-0.6968405
-0.1448475
0.5442875
2.081032
0.55231215
0.4693245
1.61492
3.25795
0.2151395
-5.71069
-0.489179
1.9422935
2.082514
-0.5220575
-2.181255
-1.3295385
-0.902837
2.21981
0.055613
-0.906876345
1.442171
0.0632465
-0.3601835
0.739696515
-0.637138
-0.8552965
-0.47778
-1.585827
-0.00201499999999999
0.347895
-3.23587
-1.885905
-0.1696265
1.016654
4.920695
-2.153025
0.1922965
0.3652915
-1.414494
-1.2641585
0.6121175
-1.1868505
-2.584995
1.118666
5.60124
3.310245
1.141955
0.4830925
0.1699765
0.317501
0.8823125
-1.86311
-0.62352
-0.14281205
0.715895
-1.942255
2.91843
-1.160503
-1.988892
1.316533
-1.582845
1.0330665
1.0303625
-0.51785
4.74573
3.48284
3.613485
7.078385
-0.00072950000000005
-0.7055725
-1.0027235
5.11379
-0.976875
1.579455
0.014355
5.03054
-0.8415225
1.403805
1.98446
0.982595
-1.393413
0.00043399999999999
-0.596718
-2.585465
2.245015
-2.242145
10.16238
-1.66833
-1.889145
-0.125002
1.16836655
2.802995
-3.202715
0.5524475
-0.581348155
8.12042
0.191085
-0.9955855
-0.0487818
0.630699
-1.2612838
-3.308755
2.06617
-0.479078
2.174795
2.65552
5.58367
-2.703705
2.011155
1.653791
-1.66283
0.577399
-0.0444950000000001
0.641938
4.620365
0.3127335
-1.1683525
-1.1009935
0.3931235
-0.24486015
0.1911565
1.794165
1.48869
-0.80901905
0.512976
-0.3039625
-0.3824405
-1.265775
-0.3790705
-0.460924
-1.58019
1.187683
0.80366865
0.3694975
-0.41247
0.7860065
-2.047509
1.400955
-2.17733
-1.480598
-4.855065
-0.956153
1.80573
0.333047
2.1287
0.382982
-0.26001845
-1.368816
2.866205
1.1811409
-0.148555
4.06576
0.724365
-0.164655
2.103605
0.4062405
-0.87242
1.0788895
5.44359
0.989755
0.18269085
0.1927515
-0.0926255
1.428734
2.533335
3.55139
1.884695
2.2239495
0.4074495
-0.804128
2.793595
-2.538325
0.6953695
-1.2226945
0.715013
-0.5466435
-0.34626475
-1.6224155
0.0186645
-3.976765
1.1309895
-0.8913695
1.1809105
0.6819095
-1.305807
-0.33532056
-0.31815
-0.7594
1.7779575
-0.763209
0.41915725
1.49729
-0.140581
6.48424
-0.9581865
0.6814675
1.174707
-1.2033145
2.816505
3.27555
-2.57745
2.044335
1.741089
2.10688375
-0.929434
-0.113381
-0.9812605
0.4898695
-1.337016
0.36957
-0.387885
0.10568
6.82331
-4.32659
0.649795
3.50174
3.228695
0.5182675
3.37141
3.942535
3.35198
3.826625
1.7144805
3.569705
0.225905
2.58888
0.2489695
5.46843
0.034271
1.75203
-1.513293
0.945444
0.148836
-0.4876975
2.73578
-1.145817
0.5555585
0.75534
1.79437
1.041935
1.23639
-0.022685
1.619025
0.2004335
0.8031165
3.402155
4.64599
5.19938
-0.082531
-2.404805
-2.093315
-1.424866
5.24714
1.6057
-1.542847
3.48379
-1.597181
0.33854
-1.393341
-0.6668335
-3.278705
0.717224
-0.0629850000000001
3.59708
-0.76144965
0.1431345
-0.4578235
1.87177
1.788915
8.308325
1.033275
2.256875
0.334571
-1.642625
0.483924
-1.502638
-0.5988605
0.46068785
2.36271
-2.837665
0.112405
-1.800235
-0.852626
-4.86934
4.273255
1.0077265
6.06269
1.41868
-0.9897505
0.9448385
-2.067305
-1.8421025
3.1887
0.1687242
5.069585
0.5748765
2.07288
-0.6409495
-1.0515475
-0.666487
-0.4106035
5.951895
5.159855
0.8249485
1.1614455
1.42225745
-0.8988585
-4.449955
0.706183
3.376175
-3.523365
-3.347625
0.8574155
0.244828
2.588755
-0.6592465
-1.52678
0.8183625
0.6756285
-0.867052
-0.047472
1.171919
5.73234
2.6765685
4.32875
2.629542
-0.8140928
0.1927025
2.723865
4.29426
2.57676
2.20252
-0.409369
3.188545
1.2903495
4.59297
3.897545
1.595655
-2.00235
5.452435
2.0726
-0.152485
0.00725799999999999
4.40956
0.5566155
-0.724679
0.64913
0.1873205
2.56162
-1.012684
-0.4932385
-1.46934
-2.09534
5.030765
0.0266999999999999
6.73361
-0.54774765
-1.92002
-0.1312715
1.064071
0.514019
4.815035
4.702675
-0.1225005
2.913045
2.65121
0.902095
3.849925
1.938995
3.435545
-0.719265
0.070502
0.80362015
-2.104205
-0.15847635
-0.55322495
-2.94055
0.148675
-0.6919351
1.33615045
5.62804
-2.41946
-1.8866805
-2.75472
7.166
3.405725
0.140351
0.9569785
1.1839795
0.1481575
2.730165
6.29716
-3.882135
3.86008
1.832355
-0.229525
-2.86694
1.465377
2.442065
-2.562207
3.78876
1.4610015
3.492135
-0.06049
2.049305
1.865185
-1.24217
3.275765
2.0962275
0.1115921
6.71398
1.272137
-0.9260435
5.23127
1.3403655
0.8015375
-2.546055
0.774138
-1.30531
5.100855
0.5961865
8.213435
0.456613
-1.643995
2.17924
-2.083805
3.14543
-0.4134727
-0.128595
-2.019115
-0.2928625
-0.3166965
-1.763365
-4.02002
1.0526385
1.052835
-1.0200255
0.05542
-0.722402
-2.82441
-3.083615
-2.972925
0.127811
-1.252785
-0.98824845
8.08743
-1.07503145
1.0509735
0.068438
0.6295855
-1.092809
0.8950105
-0.6106495
-0.737463
0.8613615
3.662645
-1.76667
-0.084036
2.545895
-2.16794
0.6980215
-2.975254
5.71642
-2.19057
-0.119432
-1.38805
7.351765
0.3185065
0.3800635
6.732965
-1.0220915
6.158645
2.1223
5.75464
-0.022326
1.729816
-1.0493945
-0.1035575
1.48652
5.013325
1.2227035
1.922395
1.245416
0.72986475
2.08856
-1.3310295
0.810168
2.233484
-0.572687
1.3590115
0.044903
0.4637985
1.5842845
0.51112935
5.826115
2.478335
2.534585
1.268757
-0.80234
-0.370268
0.784256
12.20758
-0.190842
-6.429165
0.810821
-0.1734305
-3.35757
-1.982595
-0.0187907
-2.31543
-1.6917435
-0.369188
-0.334135
1.3342885
0.6988155
1.0021795
-1.0249405
-1.76439
-0.1051384
1.5837255
2.0666225
-0.167406
-1.080978
1.2116255
0.4880395
-0.2341195
0.557855
3.37813
1.962655
2.485455
2.252603
5.321465
-0.1760015
2.398155
2.2625
4.51014
0.32174
2.666
1.269168
6.437365
-0.650445
-0.7423135
-0.0191225
0.4314305
0.1432565
0.5373834
1.488465
0.779912
4.33385
-0.1029465
4.890145
6.323075
0.8686328
0.4434335
3.008445
0.208272
0.8288275
0.41600685
-0.8090075
-0.842645
0.0100515
-0.38545285
-4.27296
-0.3042855
3.70875
1.52193
-1.1996045
0.5758915
0.20511
-0.872874
-0.149085
-1.42563265
-0.19807825
-2.449613
0.1926357
0.222183
0.4631415
-0.398505
-0.1799025
0.2868265
0.639121
-2.954095
-0.1458585
3.81375
3.66744
3.532935
-0.7999372
-0.8228615
-1.8643615
-0.5933415
-5.75374
0.24247
-0.0224299999999999
0.339464
4.715115
1.869166
2.07453
0.896638
0.01933
-0.6644985
-1.175035
-0.8685625
0.810155
-1.402015
-0.9449215
-1.75513875
-0.455755
-0.29778435
-2.080975
0.5906458
0.2951475
3.15895
2.86711
0.999206
0.93136585
-0.815717
0.821603
1.43745
-2.85786
1.211465
0.1138205
0.7308895
2.61449
5.504035
3.60597
3.564515
-0.58431
2.165285
1.421442
0.3730695
0.4927045
-0.14364445
-0.1767595
-1.3369535
1.155632
-0.0922315
-0.671663
2.2766665
0.8704265
2.68818
3.534265
4.41312
0.898088
1.475627
0.695049
1.6165905
-0.747173
1.66123
1.17176
1.3538285
-3.007565
-3.093565
-0.82778175
5.07488
4.077145
5.683315
2.67671
5.95882
6.268285
1.61352
1.760127
0.853504
0.19564745
-7.800445
0.00300900000000001
-0.012621
0.409481
-0.151098
-0.73932125
8.27524
-0.43033305
-0.4529765
1.0877025
-1.29984
7.09796
-0.10608
4.70182
3.26064
-3.39349
0.56410305
0.4163165
2.98241
0.0490455
0.5179805
0.885607
4.794595
-0.2689325
0.9579395
0.413693
0.5473545
0.237595
1.4430725
1.5691215
1.4265855
4.313825
0.5856235
3.31127
-1.51459
3.94088
1.322928
2.231072
-0.02274331
0.6091925
0.2308074
1.1021442
0.7162385
0.320402
0.9732205
-1.8276195
-1.4802125
-0.8421007
-0.96880975
0.1067575
1.824265
0.506111
-4.600125
-1.163686
-0.783815
-0.1544065
-0.87465
2.605945
-0.9762855
-1.066271
-0.092469
-1.085199
-0.564635
-0.95848785
1.424827
3.317
-2.47059
0.27303025
1.45326
-1.1690255
-2.300615
-3.62218
1.446789
0.6136605
0.537731
0.796552
-2.470631
-1.176015
0.591346
0.5782005
1.1534975
-2.49281
1.29724985
0.868046
1.6511
0.751527
0.6301881
0.6975035
3.57136
1.828545
0.1620365
0.546542
2.513845
-0.975768
1.841865
1.137222
1.1429615
2.47142
-2.082875
1.262514
0.459612
0.842841
-0.8541795
0.37493
-2.575685
-1.590495
3.51808
1.6379905
1.742273
5.05835
-1.30302
0.179256
-0.950299
-0.141405
-2.00001
0.7394935
-0.496268
1.2026095
0.5672625
2.92333
-0.631885
-0.802989
2.824095
-2.541105
-1.72991
6.22598
0.31812
1.504333
1.575677
0.8400615
11.288085
0.33340949
2.476825
-0.336266
7.46166
0.26454
0.424911
-0.6576798
2.319665
-0.6709105
-1.585297
0.019817
0.4449625
-0.30856095
-0.232335
2.171605
2.80316
-1.2477435
1.4823463
-0.337136
0.512488
2.40159
4.02946
2.043795
-0.0108955
-0.383727
4.065765
3.842975
10.79835
-3.269205
-2.275394
0.794955
0.811446
0.725338
1.3484425
-1.4778925
0.1020385
-3.60489
0.4107845
-0.9096977
2.540245
5.149065
-0.6728845
5.285305
2.45089
4.207725
-0.5136385
0.12282
0.701858
0.12380925
-0.359212
-0.5149885
3.912155
3.21169
2.2070815
-1.28135
-0.5321815
0.715285
0.163285
1.179846
1.58652
2.091305
-1.0987455
-1.123137
-0.028884
1.001165
1.1893375
0.616445
1.046561
-0.0919800000000001
0.898439
-0.04895135
0.4844115
0.8084375
1.57371
3.155845
2.954435
-2.645705
0.0517649999999999
-0.4692695
-1.2265475
1.2041812
2.5242
-4.32126
6.62297
5.978325
-1.931595
3.98077
-0.04331
-1.12466
2.8859005
7.89116
3.32636
-0.11234
-1.3772205
5.46546
0.557001
0.8382777
0.956008
1.347619
3.395685
2.658535
2.364685
0.18376705
-1.389091
2.59192
0.026665
0.8844935
-0.1202055
-1.159918
1.358601
-0.084984
-0.2530455
-2.306295
-2.020505
0.0721655
-0.4296495
-0.100836
0.715589
0.114346
0.729538
1.7605735
2.09107
3.38959
0.5801075
-5.70355
-3.763475
-0.645707
-2.71213
-1.787225
-4.707
0.996825
0.0792355
-0.346893
0.753348
-0.510309
2.22392
2.439755
-0.5427625
0.4757965
0.8953325
0.7129714
1.557775
2.7095965
3.360935
-0.442995
3.28401
1.99338
1.649565
-1.309455
-0.8380785
1.5983075
-0.4664955
2.22088
3.261965
0.551087
-0.6150435
3.455081
0.8305755
-0.890589
1.615665
1.56209
1.226834
-0.5629935
1.63717
0.441567
0.4797655
0.43024605
0.8067715
0.1012055
0.2754795
1.334139
2.82518
1.393062
-0.53402615
3.66657
4.1297
0.347415
1.54093
0.3967765
0.094638
1.3029825
-1.921825
-0.19038
0.411146
1.1681725
-1.798725
-0.686251
-0.744785
4.927235
-5.581255
1.262455
1.597805
0.5496285
0.55494
3.26402
3.179195
-1.74541
-1.821355
2.036848
1.1233295
-0.4156755
-1.2693775
0.530254
1.830055
2.294112
-0.456979
-0.83448
-1.6678785
2.818735
1.928725
0.9020985
0.265379
0.7426625
-0.000445000000000029
0.617545
1.2142155
0.883968
2.08616695
0.2729754
1.813875
2.256545
-0.246952
-0.5337285
2.40552
3.952005
3.69284
2.446855
4.62362
0.6175225
-1.9922085
0.114425
0.956175
2.79294
-2.130717
3.57503
2.416015
-0.46373
1.5088635
0.7316405
-0.466103
6.7317
-4.140675
-1.200612
-0.4258345
-2.07797
0.1689305
0.166815
-2.5452405
0.2494965
-0.852521
0.840405
0.020375
1.1579855
1.06667
1.67465
6.599385
5.99548
-0.5269695
-1.4289205
0.976394
5.730025
1.0934385
4.992365
1.72228
0.34545
0.9932245
0.2277235
-1.5159535
-0.3343595
0.2815961
3.519075
-2.6905
-2.87282
2.26305
0.40372885
-0.017525
-3.21711
1.3493815
-0.3598585
5.80667
2.2407175
-3.01039
2.13781
0.1799435
1.00846
-0.4643055
0.744382
-0.1718745
0.1093855
1.260723
2.0619035
4.20546
0.8907095
0.7291235
-1.53915
1.1457835
0.45375525
0.880114
2.03641
1.780083
0.765976
1.3872035
-1.631264
-0.698678
2.927055
0.67517
3.89604
-0.90303
0.6616935
-0.149175
1.224209
0.5449985
1.3921145
3.4138835
-0.606582
-1.2458885
-3.324255
2.620355
0.1737095
-0.398532
0.9340005
0.4679297
2.886005
1.169722
-2.377365
0.620276
1.965605
-0.038815
-0.12248965
1.544935
2.753715
-3.349915
3.691325
2.54817
2.090155
-1.124729
0.2170795
-0.168222
-0.697111
-1.675565
-0.3349891
1.4259075
1.431735
0.53894
0.2489035
-1.401295
-0.019565
-0.52088
0.866693
1.62389
1.61103
1.3183375
4.345725
2.76564
1.93514
1.4013685
0.572885
-1.6086395
-0.3634275
0.04810355
-0.0089785
-3.09447
-2.272176
-0.720507
-1.31378
0.1105938
0.359485
-0.2813485
-1.6720685
0.8609905
2.433775
-1.8316565
-2.70756
-1.364757
0.723938
0.24493
-1.178475
0.721106
1.163208
0.2223465
1.691295
0.0737375
0.9714405
-0.145805
-1.76026
0.201344
0.4091565
4.102315
-0.4278545
-0.831485
-0.768802
1.1516245
1.679785
-1.603535
-1.843107
-1.90183
-6.22625
4.34093
-0.96408
2.6965325
-1.5260975
2.616675
1.4331585
0.25591185
1.33717
4.13991
3.633395
-0.3404885
-1.6016335
5.89928
-0.140953
2.822175
-0.1154205
-1.4340835
-0.282632
0.518785
0.539197
-0.916589
-0.0511175
1.218432
0.8563405
0.0100955
0.9880865
1.410685
1.7880095
-2.9052
-4.368935
-2.674015
1.74367
0.201235
4.42671
1.86164
4.83767
1.081654
-0.110453
3.0070265
2.239475
2.876615
2.604255
2.44472
2.983555
-0.0459355
0.5237595
-0.023663
0.273967
3.74379
2.75602
-0.40838
8.151955
-6.09881
2.22618
0.221615
-0.22276595
3.71811
0.981695
1.0366855
-2.6577
0.190621
-0.229732
0.9577015
1.30282
1.83168
1.31483
2.700675
0.7365775
-0.50611
2.65709
5.19082
6.397655
-3.341265
1.38566
-0.3224655
1.186535
2.676065
0.9570595
-0.02882
-0.087733
-1.92963
-2.07803
-1.382585
6.665105
0.3087815
1.1620635
0.8905835
-1.2065505
-0.67446
0.665576
-0.36676
1.211184
0.2827875
-0.8310321
4.980875
-2.5666855
-0.11272775
-0.82725
1.85827
0.53858975
0.4952075
0.658255
4.109755
6.972895
-1.89904
-2.475425
5.51216
-0.5978715
0.571455
-2.241485
-0.682148
3.105065
0.8821825
2.190315
1.615415
0.525465
0.8250795
2.957155
1.642175
1.178006
0.957799
3.764345
1.5265485
0.20763
-0.259009
-0.629352
1.1397335
1.450923
-1.74653
0.4389985
5.46239
-0.2811465
-1.1209855
-0.0398168
1.1141575
1.5872885
-0.2850555
0.340245
1.7263075
4.090195
-0.599697
0.860561
3.70657
0.8512315
0.860804
-0.897438
-0.015698
1.419634
-0.235961
0.041607
0.8110175
0.780599
0.575423
0.393271
0.0797055
1.1037815
0.163654
2.0486
2.854005
2.10043
1.80508
1.8112215
2.63239
1.15702675
0.262322
0.683962
6.587725
-3.404275
-2.502805
-3.39884
-2.28082
5.899315
-0.781217
-0.326235
2.454115
0.8841565
2.274885
0.242065
2.49552
-0.271613
2.36917
-0.342499
0.9586815
1.6802835
-0.186169
1.373223905
0.0289715
5.669925
1.459815
0.8630765
-1.3494115
-1.741075
2.188785
-0.8812295
3.176935
0.015736
-2.953915
3.84711
2.525855
0.273402
-1.205447
4.2325
4.78072
2.184695
-1.9428613
0.1794011
-0.700737
4.01944
-1.285753
0.062040155
-1.149432
0.7438675
2.653695
1.7476
1.386448
0.26446
-0.2908155
-0.393495
1.135819
3.003705
2.221585
-0.28681325
-0.8055395
0.7644675
1.0183415
1.2265785
-1.4096065
-0.119686
-0.4401715
1.2882865
-4.13755
3.39823
-2.002585
2.244255
4.69821
-3.803
1.084305
-0.8372215
3.006425
0.5648745
0.7618215
2.66449
-0.3678805
1.947816
0.8138985
-0.5299435
1.1279895
1.9324
-1.0893605
-0.3147115
0.8252465
-1.92484
1.93002
1.2176178
-0.6569395
2.61221
3.38818
4.96995
4.504515
3.068295
3.00195
3.5267
-0.798957
1.34141
3.892495
-0.767987
2.57433
-0.527365
-0.1650045
1.52946
-0.6097295
-1.01740665
0.398135
1.61172675
0.259385
3.657125
4.77896
3.296725
-2.31315
1.81996
0.29138255
5.27155
2.552275
1.427611
1.947235
-0.160952
1.52351
-1.9727755
2.843835
2.588205
2.654745
0.1868635
1.273395
1.0734085
0.559641
0.5987185
2.8083
1.4188324
0.0978235
-0.0605365
2.918995
-0.0517747
1.62425
-0.796195
0.17563215
-1.8147925
-1.95656
-0.336431
0.917766
-1.4056645
-0.27026
0.608391
-1.16823
-4.577995
3.34447
2.620755
-1.28115
1.798565
1.53234
0.9721455
-0.094925
0.365651
0.041749
2.03955
-0.250817
0.96861151
4.579505
-0.6481615
-0.9732305
-0.0480855
2.253255
-2.976165
1.52252
1.337423
0.813503
1.5508685
-0.7865925
-0.490605
1.22945
-0.302205
-0.35926
0.4069915
2.90554
4.33518
5.48289
-1.1775025
0.00221000000000005
1.3848955
-0.373965
-0.603665
0.513559
0.3660305
-1.103567
1.3203855
7.987095
2.852325
2.00027
-1.143333
4.031795
2.66337
3.30155
2.906575
0.928812
2.256275
1.805105
3.468695
1.260883
1.385148
-0.3046235
4.27531
0.305312
0.509807
2.304995
2.5500625
-0.112615
3.78659
0.8029665
0.70746
-1.863965
-0.331971
1.210125
6.44651
3.44228
6.520355
-2.06052
1.272626
3.64458
3.271175
-0.081085
1.1718045
3.205355
-1.966832
-0.1861345
-0.356404
-0.8062295
0.933934
0.809277
-1.70158695
-0.732216
2.2287005
2.795875
-1.557625
4.19394
2.294879
0.0133625
-1.4771325
1.8353
0.3197443
3.080985
-0.3450425
-1.479768435
0.2642455
2.15744
-0.47524
0.1627885
-1.275175
1.5006075
0.107639
1.0575105
-0.8682375
2.3996
0.3216195
0.33613
-0.1498925
-0.0814125
2.113085
4.88446
4.024935
-0.7099896
-1.577635
0.10396105
0.9667295
1.890647
-0.353465
0.635296
-0.8415055
0.11500105
0.7925299
-0.3697775
1.1300005
2.27857
-0.57211
3.333945
1.116682
3.19322
1.6355
0.8648565
-1.60813
-0.2358125
0.25781
-2.183735
3.356575
-0.47777115
-0.0265545
-1.347147
6.292165
-0.5663895
-0.896968
-0.546715
0.908561
-0.263961
1.227112
0.29562
2.3609445
-0.06874
3.5449
1.0927869
-1.772659
1.5540525
1.0387095
-0.331708
4.980525
-2.853935
1.69631
2.305605
3.612025
-2.161725
2.8206205
-0.8455865
1.216825
0.699623
0.802705
-1.3513225
-0.968588
1.365164
-0.0519715
1.300809
1.493369
-1.18856
0.44433
0.6231325
-0.8121315
0.510796
0.840444
-2.425235
1.268025
1.2523495
0.302034
1.450343
0.313835
2.80468
1.499499
0.5298635
1.634235
1.2803275
1.3453185
1.65653
2.260735
-1.39116
2.083595
-0.45089
0.753157
1.3727515
-0.462422
0.7309365
0.192421
2.943795
3.445035
6.188205
3.539645
2.276695
-1.967375
0.0273749999999999
-4.002025
3.54504
-0.4139665
-0.0343235
2.88723
8.11752
0.585469995
1.363075
-2.3105155
-1.10822745
1.4321955
-4.113955
5.997165
1.373175
-0.0439525
4.885015
5.169185
2.11898
1.023837
0.9609485
2.30809
0.1575685
-1.168157
-0.9528635
0.6528105
-1.274641
3.06722
1.292713
1.2337545
1.569299
0.25102
-2.5152375
-1.621589
-2.48161
-1.121776
3.30211
-0.4063342
0.82837
0.228436
-1.53494
0.0530685
-0.4679815
1.039341
-0.9035385
-0.0180609999999999
-2.5401535
1.99918
0.3103545
0.421778
1.531465
2.285
2.413365
-4.12235
0.6833175
3.494185
-0.0870428
0.425955
1.32186
1.703306
-1.0718925
-2.138842
0.789339
0.8775765
-0.287175
0.208741
1.216817
2.7791485
-0.10172
0.9099045
4.136905
4.74058
-0.583683
-4.907885
0.739034
0.7651815
0.5526205
0.2664345
1.827795
4.488425
-0.9070895
-1.894388
0.6683685
-0.316045
0.035479
-0.2640418
-2.418555
4.80282
0.637735
5.239715
5.087625
0.2330005
2.763865
2.36759
-1.163325
1.6771
1.166571
3.12293
0.74479355
-0.0778765
-1.487905
2.539435
-0.182267
6.731755
-0.1226945
3.91243
-1.6344655
-2.515767
-5.348285
3.14562
-1.2079005
0.439464
6.10897
0.698352
3.161325
-1.251084
-0.11731
5.954015
7.717965
1.685365
-0.4337565
3.889765
10.18353
-0.180617
0.152244
2.032575
-0.5493885
-0.365315
3.995175
2.47551
2.256606
-1.428015
0.6679615
5.637385
1.0865695
1.1792325
2.323295
-2.00981
1.2707923
2.270815
0.511781
-0.66889705
-0.511882
1.16676
0.96763
-0.2310465
-1.65462
-1.157891
2.235685
4.00708
-1.4610795
-0.0219
-1.3529465
-1.0636945
2.043365
1.22564
4.07388
-0.6205165
0.0157865
0.801631
4.256645
-1.34781
0.549308
0.786879
3.7373
1.1301905
-0.557226
0.235035
-0.445969
3.468205
1.555013
4.68302
4.195035
6.588585
2.06269
0.0241675
-1.915125
3.85868
5.042845
2.180898
1.2241855
-0.667396
-1.67686
-0.4150005
-0.22353
1.983654
2.01283
1.95467
0.015107
-0.64781745
-0.0517104
-0.5837025
1.184855
0.403401
1.14940055
10.9808
8.558165
9.098805
0.896095
1.202415
-0.924304
7.149525
-0.91512755
7.962535
3.053205
-0.065426
2.623755
3.512955
3.000705
0.484921
5.138735
0.7109245
-1.468911
1.368385
-0.75194
1.49071
0.225105
-0.59218075
0.7938685
-0.38499935
-0.51882115
-0.740588
2.344715
0.7106245
-0.30399205
-0.7985025
0.2810955
0.7463535
1.2978456
1.80332
6.889245
0.897396
1.4900685
-1.9911
1.0842465
0.919053
0.454051
5.74802
2.81709
-0.536308
-3.1469
-0.081069055
0.1311895
0.37722775
0.41848
-0.254844
-0.363935
-2.189915
0.6132105
3.977745
-0.0262645
0.0552900000000001
1.575393
-0.5133065
1.03281
0.823414
9.682375
-1.70057
7.6274
0.5877063
1.48881
1.993135
4.42174
4.49392
0.20894
2.654175
1.6593325
-1.1361666
-0.7722685
-1.273403
-1.1181385
-0.9319735
-1.0664265
-1.95656
0.464332
5.57733
-0.6140495
-0.5577205
1.465083
0.960037
-0.4356285
0.64779
7.41051
-0.850298
1.016636
0.81841555
0.654792
-0.0996444
-1.20828
5.442375
0.4454765
2.15934
1.291259
1.9040065
1.061735
2.9898595
1.434735
-1.0243225
-1.493239
-1.094415
0.4358415
-0.54269
1.451472
-1.2439216
0.84545115
0.0256195
-1.49433
-2.38941
1.0494785
-3.44845
-1.7167169
-0.7684455
2.064345
0.179429
-4.014025
0.33465
0.235591
1.906133
-0.0966835
0.00378000000000001
0.0690355
1.788975
2.04807
0.6014835
2.465955
-1.5943055
0.7371055
0.600124
-0.1804471
-3.463265
7.68652
0.6846405
0.7893795
1.15812
-4.482905
1.9928585
1.017656
0.5556245
-0.5180441
0.606622
-3.013299
1.1525778
0.010187
-0.202237
2.443155
1.98319
2.939875
1.5666735
-2.12407
0.5541485
0.861193
-0.465516
-1.596988
-1.352275
-0.8040775
-3.6344265
-9.480865
-0.930131
-1.607575
2.90097
3.91929
-2.1392045
0.691589
-3.353915
8.77601
9.040745
-1.49029
-1.3377715
-0.0814374
-0.572065
-0.99397885
0.99655
-1.397237
1.86182
0.6601955
0.2166735
0.98442145
0.0661065
-3.144635
-1.771975
-5.61279
0.52859
1.961536
-0.20481
-3.88039
-0.023188
1.542885
0.6276705
0.641912
0.890495
-0.776215
0.593435
-1.89359
0.405714
-2.3047
0.079654
1.7909215
-0.3135595
0.082896
-1.68887
0.1046575
-1.532224
3.90793
-1.010691
5.531665
5.830645
0.13036
3.52478
0.6767905
-4.25562
4.40716
3.820005
0.1887905
-2.017465
-1.1417595
-0.7868935
2.824485
2.96945
4.27348
0.447722
5.789735
5.256455
0.0460499999999999
2.720565
-1.0086355
-4.129475
-0.506868
0.0331895
1.4596645
4.308515
-2.059194
0.3342115
-2.028095
3.73948
-0.754545
-1.15317
-4.751625
0.7318015
1.039527
2.6136175
0.3986825
1.066711
1.623
4.665755
-1.0876845
-1.550365
0.972966
2.483095
4.026495
3.72354
3.60643
2.946855
-2.5373145
3.07256
0.6033575
0.4786433
1.6671805
1.6632685
-1.999115
0.1131477
0.690945
-2.897505
-1.992285
-7.472655
-4.71286
6.59152
-1.220964
-0.483814
-0.475835
6.252985
0.889348
-3.28488
6.14283
5.08233
0.966336
-0.436965
-0.8400575
0.4033565
1.428937
0.7456815
1.19671
0.4010975
1.671405
2.01752
0.104318
0.102436
0.3079845
-1.302301
0.051216
-2.925465
8.566455
7.01323
-2.95819
-0.242825
4.412665
-0.0381265
-1.208224
-0.2296855
-1.2568665
0.7866225
1.8793025
-1.89428
-2.468465
1.954685
-1.692761
-1.14287615
-1.755172
-3.354045
5.657725
-0.510425
0.0740325
-0.940687
0.45693
0.173795
1.208591
-4.34524
2.492075
-1.90372
-2.6779205
-1.1302725
-1.77538
4.20812
0.04811
4.193845
4.39188
-0.3451665
-0.2521465
-0.2572825
0.29210825
1.406502
2.76799
3.30173
-0.3789195
5.35485
1.0188655
2.24468
-0.0782145
1.544325
2.543115
3.08549
1.751925
2.85702
-1.2916781
0.916268
3.562105
-0.0158985
0.96589555
0.4954245
0.704238
0.595128
0.7738427
-1.741835
-0.456986
-0.0365949999999999
2.06848
0.126285
2.089595
1.98351
1.198843
3.30194
2.443018
0.7604205
5.60467
6.558795
5.423505
5.869885
6.3854
0.4881112
1.1308824
1.3003765
7.276435
4.57301
3.0891
-1.0219525
1.2249805
-0.188397
-2.5986615
2.764245
-3.343245
6.317485
0.7549105
-1.1596787
0.38640476
-0.69207285
6.158385
-0.383958
0.1887474
2.92971
-2.523535
2.708315
0.328358
-0.4033445
1.619635
1.238689
0.0694505
1.74403
0.7772705
3.183875
-0.7490365
-0.5287755
1.67635
0.6232825
-2.373445
1.842193
-0.456209
-1.7500955
1.5336
2.711375
2.80955
2.694355
4.41556
-3.623165
-0.39380435
-0.9220745
-0.000817499999999999
2.230495
-4.964595
0.8028045
-0.135174
2.88159
2.665745
-1.94995
0.572562
0.020628
1.947295
-0.576334
2.594695
-0.382024
4.40953
2.393465
0.1539
4.67001
4.01002
4.43382
6.9905
6.68165
0.417731
1.117735
0.40471125
-0.3018045
-1.105155
-0.124765
9.925595
1.999432
1.6474493
-0.904927
-0.184175
-0.524655
0.692906
3.45569
-0.131834
1.535275
-0.02957
2.13175
1.2272895
1.655935
0.791897
3.8122
1.519584175
0.388126
1.1301615
1.322404
1.423568
0.6873215
1.8780385
-0.7531825
-0.000263676
-0.2807855
1.450912
-1.059201
3.00768
4.67136
1.89054
0.2100595
2.603155
5.89047
3.78319
0.9724865
1.908414
-0.19262665
-2.36385
-0.857852
-0.7543895
1.57056
-2.454967
1.710225
-0.12917215
-1.278105
4.96785
-3.967085
0.3833607
-1.3519
-1.98202
4.6836
1.4024065
-2.28969
-2.52771
3.146005
0.7155425
-4.48321
-4.543235
-5.711935
2.3750815
-1.140453
-4.21791
-2.54444
0.650646
-0.61309
0.212363
3.03893
2.05898
-1.308465
0.403823
-2.39283
-0.847038
1.4159055
1.4844719
0.3745005
0.1989465
0.638263
4.5833
-0.295795
0.739872
0.4634163
-2.25972
-1.494055
-1.16665
2.0607555
1.982453
-1.441774
0.1782525
0.21062185
-3.401875
-2.728245
0.5903625
0.500854
4.54801
0.975231
1.7280205
0.8418755
0.2657105
1.8363945
0.65966603
0.39528325
1.6514
-0.5441429235
0.319865
-0.531895
1.76983
1.065521
4.05623
1.225536
0.5064195
0.2004035
1.347105
0.78900435
-3.27228
-2.508035
-3.694435
-0.6445575
-1.708156
-1.311265
2.287915
0.4343845
-2.293785
1.0105465
0.430329495
7.515755
7.60523
0.0502899999999999
-0.427095
2.431233
-0.20065825
2.014555
2.34763
-0.322524
1.292126
0.400409
1.8440625
-1.899175
-0.061005
-2.166074
-1.179739
0.362457
-1.354805
-0.4512265
0.21957
-0.546193
7.786655
-0.70056
1.65652
-1.066222
-0.3217455
1.21032
1.0898495
-1.503934
-3.2432
-1.043155
-0.8866075
-0.43627
-0.22508
1.686745
-0.1556765
4.581875
0.00948000000000004
0.172725
-0.1741665
3.219875
0.30614
2.637825
0.782185
1.516358
-0.33297995
3.661105
-1.53406
3.105785
2.88955
0.5525133
-1.87844
0.7605765
5.050435
-0.0208200000000001
-0.11543973
-0.683485
-3.8329
2.091723
-0.922124
-0.470545
-1.99008
4.73574
3.71025
0.427437
-0.0743065
6.19628
0.317665
-0.793244
0.199616
0.466974
1.9321495
-0.5740585
8.434255
-2.0614355
0.225746
-0.3149455
-0.1446695
-2.117305
0.1088605
2.25058
1.2938635
0.055725
-3.380745
-3.75147
-0.0818
1.4971515
4.0036
-1.557028
0.4887865
1.2564655
2.22372
2.75511
3.65743
2.407405
0.44264645
4.438605
-0.0733335
0.32421
6.949945
5.40979
4.932955
-2.5989
2.343905
2.3758
-3.680675
-1.72056
0.318685
1.278305
-1.3154355
-0.0789785
1.39136
2.260145
-0.3192515
0.1665575
1.673655
3.845095
-1.1378405
2.868775
1.325385
2.876116
1.592084
-1.0432055
-1.431248
1.81450085
-0.025261
2.12468
-2.29588
0.092625
-0.2431735
-1.6769895
-0.8889495
-1.92115
-4.036715
-1.947
-0.774588
-2.8241835
1.7817665
1.2747105
1.3506565
3.32847
2.0305215
0.375453
-4.806115
-3.97509
1.267715
1.888885
2.5308745
0.966339
3.04501
0.4731435
0.5757095
-2.299525
2.60836
0.3482605
-0.960643
0.6469515
1.37987
2.0065
-4.66537
-1.78711
3.47274
-1.65781
1.378645
2.84271
1.9122065
0.509665
1.7904315
2.048075
-1.262325
2.9437
3.317515
7.43096
3.91786
1.4112755
4.13773
2.24651
0.40459815
5.399735
1.937915
1.4199335
0.7783795
-1.60987
-2.14358
4.027255
-0.8087245
0.876678
-1.12874
-0.5970688
-0.945583
1.8130785
0.553955
2.1833
0.4446895
2.97197
-1.0999
1.54176
-0.3565235
0.00323000000000007
-0.606642
1.061832
5.261875
2.180165
-0.0284405
-0.6650983
3.205855
0.992662
0.4947105
3.447935
2.72507
0.681095
2.048145
0.218537
-0.4002185
0.8887258
2.832365
2.297775
-6.23423
-0.3170505
3.778745
1.0561765
0.711141
3.162965
-1.46598
-1.5247605
0.1686315
0.6937345
-0.049742
5.24362
-1.0361595
2.03851
1.248195
-0.14874
-4.145175
-0.0533635
1.264689
0.569159
-8.58785
0.1937095
0.201825
-2.869095
1.2367405
0.202985
0.2982315
0.3008595
-2.302025
-0.708269
0.5936245
9.077595
0.7246125
-0.4747655
-0.138341
-0.967426
-0.652721
-1.203345
-0.33834355
-2.7263
0.709421
1.5636475
-0.245178
0.1170455
-0.5015
-0.754025
2.92268
-0.8624625
4.168505
-1.02722
-4.3849
1.77126
2.37914
-1.8952535
0.4831125
1.05011
2.91181
3.92147
0.9249485
2.01602
2.564955
0.9977895
0.602455
4.95604
4.384585
0.571659
2.647425
2.30981
-0.7250365
-1.278305
-2.3509545
-0.387185
-0.887578
-1.25559
-2.951567
0.25886
-1.49597
0.1764955
0.4560565
0.0351795
-0.0432250000000001
-0.5979795
-0.816572
0.469722
9.38996
-0.179964
-0.39851595
2.086245
1.31501
0.012761
-0.7116235
3.40266
0.2620665
0.261375
-0.1689425
0.4313244
0.131615
8.0439
-0.5969245
0.8743955
-4.98922
-2.725825
0.894652
1.567865
1.488055
-0.3113005
3.943365
-1.889935
0.6291735
0.878839
-2.628545
0.7800985
7.842295
-0.8215455
3.431725
2.097905
1.0842505
0.9261995
0.713065
-0.5469485
1.604668
-0.304532
0.7267255
-1.3138585
-0.8856445
1.973745
1.52472
2.5724415
5.09582
-2.207185
-2.66327
-0.2148795
2.3464375
0.182965
2.44752
-0.39083
-0.825583
4.130225
1.4493915
3.406935
0.191553
-3.29595
1.9077355
2.017197
3.192525
-0.42963775
0.3120455
0.8408905
5.25148
0.4428315
1.48947
0.0934
-0.453361
0.4113715
-0.9761875
1.5716184
0.2234745
-0.463216
-2.911925
0.558765
-0.0980617
0.11231
1.1592515
-1.459817
0.1880325
6.896575
-1.0461395
8.99396
1.662093
2.872295
4.25422
-1.165855
-1.470985
2.409765
-3.275155
0.0513175
-0.631483
2.55769
2.410625
2.0395105
1.1437995
0.8758525
0.754862
1.401834
-1.941405
0.664961865
3.1151
0.4940625
1.234247
5.523845
0.2655085
0.0695795
-0.80711925
-0.827291875
0.9417855
-2.898315
-0.089109
1.766919
-0.494405
-0.8843385
0.094645
0.5199415
1.022848
-0.376457
-4.93162
-4.082305
-5.144615
-0.7503155
1.035649
0.4010885
-0.0294350000000001
-0.0533325
0.77420575
4.725205
6.049585
-3.41039
5.3858
2.88589
1.48847
8.37747
0.0732385
-0.375237
-0.702546
-2.135729
5.411555
3.01357
0.222952
0.0925036
-0.0533745
2.391937
0.417058
0.612455
0.9914
1.7007395
-2.48248
0.4511063
-1.53502183
-0.0827243
2.22139
2.63342
1.1268055
0.932256
-2.1823285
0.970775
1.160562
-1.7865915
0.043108
-0.579535
-1.55593
0.0713095
0.21933525
3.98808
2.590015
2.15867
6.846915
2.41984
-0.15312
-4.511065
0.2437825
6.97326
-0.2384395
7.569835
7.16904
-0.20492735
6.96116
6.523945
1.2066045
0.82259925
4.222525
-2.000631
6.06052
-3.53947
0.52547
-0.18735
2.335295
1.87147
0.4309685
3.50404
0.959376
-0.660701
4.31455
-2.33727
0.061161
3.804815
4.05488
0.5899333
-3.881365
-5.129885
-2.2710335
-0.3719581
-0.018014
2.0016295
2.41191
4.548395
2.3814175
-0.5209065
3.91912
4.885145
0.439917
0.140925
1.02069
-3.745985
1.40638
0.2561901
3.526215
0.3507715
8.22304
2.12466
-0.9118709
-0.3426975
-0.1106095
0.973636
-0.8873055
0.318675
-2.7197405
-1.19081
2.053155
0.7058315
-0.467321
0.461083
0.621815
0.7211805
0.7124799855
-3.02747
8.883095
6.70137
1.45994
-0.1770075
0.6329305
1.2818485
-0.037187
0.8300545
6.71827
3.016555
1.822255
0.292665
1.074222
2.7068625
0.234985
1.091317
1.77381
0.758224
1.35015
0.825918
-1.1646765
0.838241
7.626995
-0.417698
3.10696
1.1782545
-1.534666
-1.427525
-0.5286335
-2.25744
-1.94929
-5.29019
1.6007465
5.49477
-0.0567455
4.938655
0.282903
-0.7316035
0.84943225
-2.538645
0.19978
-0.4487895
4.70153
5.13286
1.7022555
-1.327077
0.191565
2.35908
2.88341
-0.2831015
2.864985
7.20619
-4.45365
-1.2716
-0.7086575
3.649135
3.39801
2.159422
3.843585
-0.328167
-1.7193955
-0.1293391
1.61094
0.2410815
0.7567365
2.8656
0.0545695
1.909435
0.1996525
3.13942
1.6263937
2.008535
1.125435
0.594425
1.8171135
-2.88366
0.1327325
1.3641645
-0.501885
3.493485
4.14284
-0.04671
-0.020329
0.0858435
4.32436
2.69253
1.289505
-0.3423305
-0.36782955
-1.424053
0.5331
-0.4481185
0.8898175
-0.080279
1.2093535
-1.1880105
-0.3282905
0.224500753
-3.971065
3.47802
-1.311632
-0.137031
1.916065
1.0633915
1.936675
3.834615
-0.842658
1.3337505
-1.131029
1.7566715
0.8682865
1.16750175
3.08937
1.911839
2.165265
1.566165
1.9580115
0.85658
1.872615
1.87985
1.14365
-1.278607
-1.89239
-1.95437
-1.312677
0.945809
-1.091577
-0.144505
4.78225
1.187805
1.118075
0.3660035
1.135511
-0.2607365
0.402729
2.460833
4.49908
1.41334
1.37988
0.146535
0.6257505
4.501335
-0.247288
0.9380345
0.9370545
0.4470195
0.2299205
0.4147992
2.96297
5.78634
6.14651
0.052639
-0.7016945
2.200636
0.956272
0.3620865
-1.145522
4.1792
3.444235
0.883152
-0.3925598
5.072175
1.556852
0.9086865
-0.389525
0.554427
-0.4020455
-2.360385
-2.800975
-1.3776895
2.154265
2.32536
-1.78224
0.844058
2.07141
2.40423
-0.04145075
0.03954
-0.6562777
-0.6337345
-0.706548
-0.7460775
-1.446305
0.4527575
1.157637
0.7422835
0.482985
1.713475
0.6852125
0.7502695
1.42587
-1.138336
-1.41605
0.785913
1.731896
2.702975
0.453518
1.9371855
2.43127
1.408685
-1.468825
-0.985988
-0.28432
-1.301635
3.81495
2.129665
2.73076
1.4617
4.156475
0.588438
-1.0143325
0.3959125
2.42603
0.02252925
0.557658
0.2660325
0.4068665
0.044853
1.8974
2.81315
1.8666495
1.347435
-0.285283
4.54622
-1.612225
-0.4385285
3.061305
2.71984
2.61617
1.590845
-2.155535
-1.4164815
0.5265345
1.0530637
0.7530255
0.1674595
-0.07328
0.826367
-0.8506475
-1.41598
3.71138
1.3867755
-0.98114325
-0.03832
2.94076
1.029275
0.0166625
0.019064
0.6521985
2.143565
0.9289375
0.334438
2.57752
0.440189
1.5174585
0.667383
0.2705025
-0.327943
0.8565005
-1.624805
0.5962475
0.6618955
0.9758045
0.8039445
-0.6706216
1.57049
-0.08954735
2.94918
-0.480855
0.47709
1.56511
0.240385
-1.0263195
-2.46298
-0.532169
-1.481253
1.37813
1.77771
2.463535
0.668013
0.8797485
1.7596005
3.184725
2.20308
1.234398
0.731501
2.1133685
1.038175
1.345992
0.9187345
1.803925
-0.681253
0.4759305
1.3813275
-0.2052786
-1.510048
0.17554
-0.12041
-0.96654
0.59258
1.99953
-0.58942
-0.13177
0.6890235
-1.013992
-2.967125
4.02116
0.59002735
-0.7913535
-1.1269495
-1.56378
3.951865
2.974108
4.34422
-1.3687975
-3.340745
-1.3916425
-0.0133805
2.57966
3.273935
-0.011499
0.264035
-0.019585
-1.33085
2.56341
3.44563
1.98656
2.39576
0.3520635
3.48126
2.751556
0.988177
0.727585
1.985525
3.583255
0.102424
0.03747
2.2219585
2.69771
0.5767632
-2.675505
1.2817355
2.014767
-0.7863745
-0.5951175
0.5410545
3.590455
4.10171
4.81119
2.25123
3.784885
4.01452
4.090975
1.914407
0.1222486
-0.04552
-1.22701
0.376017
2.123025
3.415475
4.66349
0.6166405
-0.392006
-0.4092745
-0.6471185
1.745107
0.59375
2.029792
1.3101095
2.521705
3.993195
-0.8067545
0.263554
2.742215
1.0809875
3.355625
1.82579
-0.1841645
-0.292669
2.181965
-0.0275785
1.599055
3.0416
2.9847
3.34198
2.94946
0.1035625
-1.722667
2.004815
