H3_JulyAug_Temp_Ave_z
2.26056013354489
5.80546536083699
7.84510782868805
4.85345077024555
4.10365377933432
7.51571550029108
4.16160184560446
3.03146502684237
2.31070531426147
3.91042247976203
3.08753629170418
2.66650365991622
7.23883532034893
5.66002380073635
2.58866007233146
6.29498027234841
4.06806399744303
5.12180597155803
4.72786841553091
4.69247156867873
3.05360883991983
2.17127612564059
3.5437416028852
2.05806084488607
3.99153323677841
2.27698492248374
9.05691948793134
2.0810587623321
3.08591546826606
3.0643096854141
6.7523827856006
4.32155667084103
3.68321049569151
3.85414248521124
5.41804543139441
5.40967272749769
1.18957825478274
4.47120242617119
5.13540361702416
3.03410076254392
6.7097908072931
4.8561654290116
5.91150923026756
5.23231041543679
5.30384501209126
4.29926888220181
7.45275482116308
2.65817542057593
7.2568355837299
3.42986826414401
4.72752475184537
3.85567092532474
3.55979474484171
4.53852088216621
0.0214476213133406
6.55060195313287
4.33115653846886
3.92275281641568
6.65214789634588
4.65804374171251
4.55684983589046
2.82267290406324
4.44493230833634
3.43567835739404
6.72228642697208
2.79213762617779
4.47097614860402
5.39138217423696
2.73512209930977
4.8336623633364
10.1006753173393
3.76655280567076
3.72953343804953
1.96832265433866
2.02346574216752
3.43842352005225
2.32339814956604
2.52781857091642
3.81239977693218
3.18709742291039
2.23237083941837
3.21952833816836
3.55669940697412
5.38781672192029
0.0214476213133406
6.47778307782035
2.45774123866208
6.77322599227955
5.60292265994148
3.78708286405875
3.47291644211098
5.93226204504041
1.82500218606296
3.80574231270055
3.88540180925995
3.96243666262033
1.80233571865866
3.43961850751574
2.12493527235947
3.59252542475782
2.8900341783666
3.78307853641979
2.73618722439059
4.66936165882989
1.93426435153102
5.04103346633036
3.21776303253098
3.29782397411971
4.99678957213155
3.80906607817952
3.82453778523474
1.75626085625501
6.33736747515419
3.66317091229569
4.07873352583419
3.17431576938676
3.39830262550106
6.21862076656121
3.47129991932555
5.41135822792766
3.98919277543593
4.06897423180159
1.47271632923941
1.48386261186707
2.09420229021534
2.46593562525822
2.93906111440204
2.48535136908629
1.92029062645938
5.08110388646295
4.27450512993927
5.80032133665859
6.41993635747754
2.65164531340845
4.53335308272159
1.58601335586368
4.24113780765022
8.62410218239313
3.42977816506848
4.89934474428139
4.58561094024368
7.77479806265115
4.04104175784477
3.78186834077239
5.45710085833153
4.5682647502536
2.05646605804489
2.9725474036785
6.07559660546881
2.63693621962977
0.0214476213133406
2.93856751495153
4.81166724535096
5.78280674959587
4.06954645553043
4.26220700714157
7.16765190194251
9.31910823650561
2.77986875099775
5.92095473315089
5.32590248379659
6.00847876748835
3.20983684714275
3.27424690200848
6.3315396906661
7.20842349944464
3.74768623471011
4.55748072919901
5.53881689306218
4.47129800050338
4.48007466881459
4.28439718158406
0.786258275912063
2.28242652409049
1.38646606262217
5.40367697462662
4.07096534036085
2.79291097394021
3.12316336794269
3.79073838809109
1.77699887773847
1.93846314029277
3.68295189962327
1.90888688202158
1.07510654815448
3.30803070624003
4.74168099932957
3.16299541778664
3.49752013449679
5.25439217001225
3.35284405913961
4.88386699563034
5.64301933592472
7.34360430570714
4.63115803199125
3.69358463320658
4.73118650862457
4.15627135600761
1.79656514721265
3.39078234065202
3.95137070455482
1.75343778889331
5.7239027650044
1.53602230922255
2.52068753430815
1.08324781392521
4.04379761244577
3.44460363173985
5.8288983504445
7.59349358129062
4.02314595923591
1.51853419267399
2.02269688788059
5.44033632227309
3.92690488943088
4.7298331810043
8.85107808762461
2.76068109979161
2.47497153166094
1.68751254176297
2.63431736354326
4.05691311210805
6.06497686071355
7.13036765861049
3.96865258655409
4.39227685534575
3.44621989232242
7.03743514217832
7.05307964501686
2.5668036211546
7.1371668536832
9.28018950355182
2.59615446012847
4.01945419276014
5.29652835250642
4.89998623188557
5.12241136862367
4.31945062076779
1.32380317324034
3.64816890045849
5.34467386687066
6.38091135515109
5.68951884400541
2.13079525968486
4.44366429058666
6.21132776048567
5.43439425558056
0.0214476213133406
3.29473923177942
5.96313578493054
3.04504975798014
5.54629150006189
4.49533912742523
3.31995652635067
6.81239558978161
4.0594426226569
10.2680854936577
5.66399774433359
7.04101142274931
3.99129895928497
2.36728352275342
5.6860532553833
5.8035123880117
4.66189154015626
2.60834634437445
2.47804978770651
6.06343226270868
2.45088231554669
1.26923272394933
2.62437338903991
1.7941706690222
0.992093679164376
3.43239089243741
4.9413113389119
1.84297290036132
6.04817196923438
3.96709960275924
1.79192791633912
2.22441766222016
5.26268561516783
7.21094352979282
3.31895034299358
4.7207598041079
2.82811608071201
3.59085107862616
3.98894650253236
2.46257227166888
5.09414012850322
6.06545705578827
4.35582381741494
4.50240053071015
1.89687253383915
3.2412707647278
4.18215408425463
7.13719992221271
4.13050514211834
5.04979720336906
1.43488333499357
3.28954011547655
3.84620280501842
2.89264923902698
3.46103681561602
3.70396487052509
3.51999818860436
4.62406361650649
3.94710299340575
3.1461569253184
1.82501842561376
4.54062700749873
3.0396950325815
2.5109135856919
2.71832105976826
3.80978931139744
5.79413482267598
0.0214476213133406
6.92290963220502
0.864665387269427
3.16866186228721
3.3519236916177
5.40007749408295
2.67050325597115
3.6480624655722
2.46248697655893
2.64925071670879
4.20814125714579
2.89183350743478
4.24092482092572
6.21682611291155
2.24972762472468
2.71912716533365
3.12598553878155
4.42785431758515
2.21476609497572
3.55352949227309
6.43136468768046
3.24877532773925
3.54820491239831
2.3646562268492
2.81009673488595
3.0634410527986
3.48005531093897
2.97468382082583
5.23360101073763
2.6047446959383
5.69217377070374
1.6093835500629
2.51912310136201
2.51566837292179
3.83417566849683
1.72410779086602
3.60263161151629
3.1885836108317
7.76405600000017
5.49875280339549
5.43410598012625
4.09779458081703
4.30257887442419
0.0214476213133406
3.2865700093887
3.50426581020103
2.39791932930311
4.71004342370054
6.06941943513443
2.24067753874098
4.38364101793365
10.4123333805291
4.56813746517929
4.59654417591184
3.79365662201835
7.39273558760375
6.65341763299602
4.81377694685393
4.15810929206745
4.80497325922696
4.54619073632697
4.65417605245254
8.21908495598351
4.07113939419185
3.37327928712591
3.55629018508823
0.716350497670705
1.23863098223267
0.6057630364032
0.93932103286041
0.860621092234454
0.269566582613113
3.9669024265572
4.26306890957366
1.07090708336182
2.71316231576424
3.65127970042365
2.77270446896881
3.4539569593134
1.87555800685141
1.25362607460401
3.43939442232336
5.97641072919182
7.81313410616322
3.80955412064921
3.78263987145468
6.28362132955692
10.7156343683612
2.34057193737583
1.43867368647999
5.73556279793843
5.60169646234489
2.89331979642253
3.00430131775183
4.23985565946581
4.92119987881692
4.19788603465675
2.43291542364271
3.98568626670147
9.55799642884024
6.07419251005339
4.93625223455125
3.94504636284148
4.4521546482129
5.59262678832845
4.4130576944102
3.83606684723732
2.36488685538341
4.77122042960993
3.92991334594399
5.39003018120616
3.66884293604199
2.56928190600199
5.06359839895815
3.44089234166778
2.39455132084246
6.3039839814625
3.70117811843385
4.79659329912878
5.9312270462986
2.17240453834053
6.83588017537202
4.57268286068962
3.68093766877947
4.69318861281293
2.39651356415328
7.12742046165722
2.10792554999213
3.70189986055337
1.94526939941156
2.51632542525344
5.5588108888329
3.28118888212132
6.77859110209776
4.77625279100242
5.21489138095001
5.20188940993435
2.91658359268891
2.51117292248078
0.431830416285399
3.37704616198917
6.35251097955802
4.32195666508991
4.15456632613299
4.03410524148481
7.03663236240391
6.16552211268458
4.87910974197906
7.97359126055685
7.01266144457982
2.55736256746954
1.56359262869271
4.66904334652906
4.02431765357153
0.396758071903197
0.300572603399482
4.43689844956611
4.10879729174389
0.152449732658513
0.678887627781958
1.35308052811772
2.06330726371536
2.50386261832034
7.29082638659988
5.05671487588422
3.88749013963084
3.47457011029877
2.77525214369865
2.7316208682348
3.66918064975538
0.0214476213133406
5.21277356541744
7.60731880574006
3.23829280446061
0.0214476213133406
0.577677575446558
0.0214476213133406
0.128482247543637
0.541077439042579
3.03146276455303
5.28093608360192
2.59718627961121
4.74532992885606
2.63510652776687
2.14003392322159
3.57375355988515
3.93819008787305
2.79877245335617
3.56796431060964
3.53356924008533
3.06123125361356
4.52727928734361
3.82017388782681
4.36549892491776
4.38916193132548
2.34293473764893
2.72535127261566
2.89669633673578
2.15577491225315
3.86193511508128
5.7032456045146
3.34224403453512
5.28838306412467
5.52313159920869
8.06298271724312
6.10850074634199
3.59598972537632
4.09729498882896
0.0214476213133406
3.08872673823439
4.21820702053695
9.92976494794629
4.08357306182084
4.81447257696984
1.64021037405417
3.07227569987288
3.99524096012843
3.36282411422086
6.9586062205461
4.7332332623273
2.39949997048985
6.85195370202491
3.51993096414057
2.71162613351739
5.16593949340565
2.80892084515145
3.28327224126057
2.50878375226614
4.46620802046773
6.27882185258136
3.26484806363136
3.49700879492778
6.72858430539848
2.43117236699968
6.85607233538523
6.98579801189543
2.30300950493853
5.35700375344888
1.49972271438193
4.52457188640812
2.45319797856645
2.25718538138502
6.34500059512197
2.64588981954167
1.72406603823843
6.12392766934405
3.83675504587154
5.20164695561937
4.11682755546346
5.66576148603028
3.10577666823089
4.45771262712032
3.99456352012263
5.60434054632467
5.64222579551859
5.65916055217504
6.08778351519188
4.39494580965699
7.67880359980437
2.64317661264294
2.83517918480667
4.19841878379769
2.46511744311014
0.952330364178491
6.3247992776851
3.9302012277608
2.95561748830852
1.3019841983401
4.24774154125033
9.5493130181781
8.0238989896457
5.85896943089832
5.08475048192564
2.79937598921367
3.5467258821285
2.40648144678918
4.94069800327566
2.29475270884937
8.6261954330599
5.66498089241047
3.42490209465573
7.09811296378716
2.86026050437175
4.25673491041152
2.49827926968992
3.72871608869394
7.75294917403321
3.23773975550344
3.73458296483711
2.86760953527815
4.65064010713574
3.61406579361582
6.89621393390289
3.60457779378792
4.46493078662104
4.16386049159993
2.48458366256411
2.88047320915521
2.12565709528503
2.36291672487305
3.72770178695522
5.83523901529996
0.982415498800597
4.0311978103033
3.46420547077478
2.6798108635409
3.08527654316388
3.48724726795165
3.04855817687658
3.15763267761183
4.35024779132242
0.0214476213133406
3.38471991239315
2.84603166069151
6.86951129909329
3.48858669227904
3.1513119997886
3.02634445518681
4.66383007556087
4.30251944678694
3.43628328011074
2.77056035624941
3.91354310880974
3.91302952231934
5.76271917320876
7.35079249166697
5.74980664709768
4.8384836417149
0.724135758849989
3.81091864155119
5.63942211297403
4.64920295213323
4.92665419936942
7.64885487307002
3.32197480707153
4.54168886155705
5.32927124942753
5.79073590046724
7.2827011317408
4.86193092011994
6.99243377369314
3.86652742530751
5.00780781826662
2.6511604133372
6.72144148531947
1.50453510038841
2.92572166374414
1.86872693912597
4.66020842909159
8.11409569596042
6.71745069665317
9.25978406595369
4.02883063261638
2.64466981984721
1.66994100412503
1.26700671198451
8.16160933107409
3.82246781349964
4.15239657555156
4.14476174590714
2.80481220047626
3.93101395005097
2.37091100374719
1.47523613214393
1.03146179835252
8.85748279926359
3.56383924106431
3.80352365587125
2.19664822091395
2.24002760684691
6.46186982245877
1.92845464408474
3.70263633870263
2.21882454506583
9.11163569114635
3.91687828938141
1.14148704599113
4.19765109263059
4.75608410113926
2.47029641968656
2.83394405931519
3.37230860357919
3.97651145588194
2.89395978291254
5.63897428588395
2.622627324552
5.33855115948204
5.2156672392492
5.98864913681265
4.26453421113393
2.66451942073921
4.67622314119832
1.9188451428058
1.3570882139609
6.95823416927837
4.00377090554453
6.96942906031889
3.49300288707754
6.71181081412707
5.44523408126029
5.45109948910732
1.38432995531882
2.69458394306635
3.21233275699787
3.46227757637897
7.41780719722114
1.86814386209293
4.0228565787404
2.49672977227461
6.39682506954887
4.92525759298865
5.20218960046118
2.95424501884415
5.2736414228467
3.11659600310658
2.23518705426515
1.38176964756484
7.25406380469653
2.80234874733457
4.34575729219446
5.11696225038226
5.81448974323919
5.94850124411536
3.40933152841958
1.14487609431105
3.92790848930486
2.68668066165715
4.42848393426288
4.05901946686258
2.79028320114699
4.39419602867201
3.3423308357572
2.06426272762696
3.053498284178
3.44280112946665
5.70153915190714
5.11097888807316
2.46463609353215
4.01907574114153
2.74640531334816
7.49159358567854
4.7139071321063
6.63734977629638
3.97229877130299
2.32329380143995
4.86033397839827
3.56094962320594
2.77386781936377
3.61745623737969
5.32802349568256
4.11187313939096
4.54353831852468
4.40996990537836
1.93975141689856
5.97982895353101
4.15120607906457
2.41607900192351
2.32037556576456
4.20669322537589
2.79266206224886
3.05929944680484
6.36272345193492
3.41111240897495
4.22411839403889
6.77203634657233
2.25759903054257
3.66716040272357
5.70163958773897
1.66047106049553
6.39751536190047
4.19681738369688
4.09516210783426
4.94357733348245
0.725170805978324
3.79644906980421
1.74427283094816
0.551044200625684
5.51051745956657
3.46097143856325
5.90714773905827
4.25853718142943
8.33489406264735
2.30384235953559
4.37036804157848
4.86381163851094
2.78427778456123
4.02700412842825
3.02956686183643
2.92797206185785
2.65144518276174
2.34781135668663
2.94729619756924
3.30022746234774
7.41044404120098
2.98809509883019
7.85796817746687
3.23877270146105
3.92720271608347
3.18718196987106
6.89767933711365
3.05465059187708
2.84699114850063
2.78910035773421
2.20787576959033
2.3437971448665
2.01227051881674
3.04493193592066
4.28419116131593
3.96042665705453
3.63214798548392
5.90939351203902
4.43610248101231
1.16630686782962
2.60862116963541
5.03758926838486
5.52382090890869
2.56078033811481
4.36261709876679
6.40699677279188
3.64608206167388
0.385751412964096
1.62480830826855
2.85473235712998
4.12264057044033
4.62926439275215
7.67174077374427
8.45039440558571
6.29228365088319
6.00962628885398
3.50058334245121
4.45507294826793
8.6258615653377
7.48462738224134
4.66208134494821
6.100336871205
3.18924107399535
3.57016473434883
3.44930425592947
3.72592790820513
3.71373908476798
4.28001136201769
2.18245676239078
5.95870067893394
2.67488222217568
2.70109468082653
1.88093961059617
2.438324412875
3.40062276977498
3.70869921607343
3.35365023812005
3.9803490992541
2.97998335173348
7.08404182916954
1.98238680746091
3.5534806154565
2.53049130025771
4.1465416641385
5.07934893029093
4.16994786604911
3.99660338843569
5.65446347453565
5.48513517132066
3.01961679368019
4.77218139274034
6.92748651256439
2.96267097668101
5.05239489144226
3.86632395735004
2.74418426575457
7.47433802742388
4.63928179032567
7.26254975876011
2.19658920869425
3.99357080835908
3.71065939882957
2.09782910619602
3.23253306054171
4.08518457214954
2.75575278191113
4.64849356768173
3.69944510218213
2.68768823961104
5.90434824073731
1.2018040744896
3.62568669680376
3.85068902325491
4.96528814738182
1.0228788249224
2.68395958102663
1.89072006815661
5.47952437315506
2.08808382407319
9.88816671258707
1.36335972523381
3.21536764515203
3.27116984117284
4.82654817606667
4.2706587500507
3.28751721618787
1.17612220651842
4.62690017470875
3.3769773419067
2.29300698818441
3.07387672450232
2.85473652028071
5.84813241578971
4.42259368113304
4.29095112374642
1.81274056509307
7.02717457432373
2.80701825221387
3.20069312198404
1.96368975978684
5.05126013160764
3.39795879653935
3.88011758111962
4.70967258417399
3.15037364060367
4.03157403069234
5.37003624541847
2.45652116743006
5.15288929361264
6.47212674052226
3.20525914025236
4.74785474131695
1.89219840421353
3.21522631791784
2.77658395594018
4.29456894721956
3.3576183457556
1.74778094160718
4.35307602516411
2.05845312128226
2.46350397611148
4.28095938888648
2.28425264422339
2.35270381597373
1.72032813846173
4.40349693761781
4.27255429156048
3.47967996052117
2.66896528869169
2.55424278927196
3.4298156598508
1.60482827582147
4.26759865606247
4.84246611470764
2.79038931008511
4.39864403500447
3.6858329098794
2.6602889914532
3.83385049206567
2.95486259200503
4.42709747635199
3.12471806235311
4.85670445900292
5.55180636319795
3.51958024702299
3.25765492020945
3.47833282912889
4.58789851451095
2.64619356780078
3.4379586745238
4.9456576625292
6.15832442760049
5.53228144058134
3.6037870404132
3.16298875336556
1.68368872565758
4.63457280056399
5.87858756799342
4.3429876120997
3.65814369527644
3.49749371204159
3.49056669671257
2.03815313131544
2.10607610348785
2.70247252282068
3.88901392284281
4.42604721227257
2.76479260995385
1.86605616674734
3.37903916511801
3.64595659965331
3.86388877972757
4.56837123143302
3.47095606565257
5.72612651193839
2.44161805854862
5.94625772598909
2.86893114779298
0.853326079156991
7.3737767283389
3.96971446229437
8.26794050143403
5.1815343186917
4.75554841689974
5.22666596156946
3.06050052642184
2.89346982587281
2.33943275066755
5.08152368733793
3.50538550618982
2.68452463779529
3.09686129821404
2.84671202389778
3.211019350057
6.65111128936462
4.15059262890223
6.6001316153576
4.54093485784484
4.81800140972826
4.83798350860878
2.08773898502228
3.31018133003282
10.1608614915027
1.80311021134378
2.01358980698309
4.45545655436596
2.39307235890705
4.50712757805225
4.95449607435259
2.09143751873264
4.2293331456615
3.06175328439229
4.2687913525275
1.85029074603074
7.98043818765673
4.29705033281883
3.24443952714493
5.33525498408581
3.40774468976002
6.0947649977961
2.4684606940226
2.82236031540889
4.35475299115961
5.94148941307791
3.28582681633031
2.42295523866321
4.49316562441838
2.67573387069292
4.60974689703945
3.24463008258465
3.77019738391985
9.292666972423
4.10858416622916
4.97945313688931
3.29053604002036
4.36131004463144
3.98038574928372
2.22452318994648
2.9229852590571
4.3835638762317
4.84358875654743
1.71598285043207
3.89479733475066
4.77209618799822
6.55135633806291
2.36452331757225
3.67822910038518
4.10693573741868
2.50699706032984
1.48366422802648
2.49012042685512
3.57160783747388
4.30239849377271
2.29358864864193
6.01287460029478
0.619907858731451
2.22975003628945
2.73559584995392
3.11371737454263
6.61742483009572
1.08723464988147
4.13904472292883
1.61748989684857
6.57325443074485
2.14428587480666
2.58779013692161
2.48053445908866
3.74845897897216
6.13005280870307
4.68947293333234
5.70536672045873
2.3191563857848
4.433560151859
4.17084611288449
6.19593493830141
3.93707890403839
4.56665208471204
3.01551164726577
4.01890748575103
2.85726843359329
3.58838036295101
4.32869473176638
4.56891501984165
4.36844180133973
3.0484276488404
8.3070150765163
5.40615870369643
5.59362571114446
2.00971545820903
2.72149276735434
3.22996133578712
2.09013711149115
3.60676730666701
2.62852530617496
5.24169680980402
2.34692086736901
3.80695034571612
8.86254173825998
6.44614595697015
6.75569420319642
7.3860582752034
5.25497547686571
2.62888187895997
2.69919313659861
5.01532765982526
1.2474153690474
0.805825311583693
4.02539165144516
3.90879237143307
5.93310485966346
3.89914421495785
4.8282856970483
5.00843235158475
3.35327643318636
3.97293496156113
4.8816211769531
2.54585493013669
9.696786102229
6.38467652602983
3.25989382658957
9.14532636987786
1.86215250454082
7.33789068730181
3.98439233097791
6.58704542019904
2.74740180909602
2.97575610888141
3.19349984763215
3.83078747754767
3.68771881020667
3.6872442219866
5.67632772665344
3.4632303025956
3.28455725405656
4.61623703946765
2.70135860245967
2.52471892277912
5.1725297276999
1.89302961424325
3.82034150848581
2.48061219983438
4.26954262439532
6.80917912126345
8.12337469417725
4.8101904390149
4.86386880050738
2.52105671025988
1.88716100607734
6.723221985779
5.73287997036603
5.6572241009691
4.28925800746106
3.37116690402263
4.57584616271918
3.77529661854535
3.10200936958959
3.04755148312663
1.34290473957449
3.19156140961823
2.25553488007709
2.40125917626794
3.04713776354791
0.0214476213133406
3.2025740643468
4.28124383541812
2.70889919674884
2.43071561870088
2.91596539421384
3.86011873898712
3.8402870645788
7.02209144465052
2.99189819970224
8.31887076126474
1.87533608964061
4.1157948966719
5.8150838948196
5.46317597714365
1.97666094631189
7.49102733423999
3.3896771842776
5.51950351472877
3.0778588448807
3.15244346126554
2.49314914275479
4.95050309794782
3.36715166255686
3.34968961009689
1.88371189973639
1.98701422943891
6.30418992152427
4.34783125061121
5.83912403567116
8.24956494741514
3.39366146197212
1.20932332867654
4.97961624442243
2.93208103283317
2.7329880986318
5.70209592015595
2.91501348690083
4.10712216489943
2.24114387696049
7.68690382773739
3.46401636969519
5.84487652146042
3.5288357381952
7.97628008829648
4.5886559871239
4.92731651673401
5.00285000578422
4.65780035786421
7.0867773295657
4.53695799655188
5.56686901576701
5.7702726038782
2.64866634011077
4.67492579508903
5.27962100041987
4.21384752985375
2.47791016517887
2.0793402670061
5.74030102322986
3.66177263327941
1.59367245495834
2.66778450284888
6.27953217307724
3.84878644373606
5.75939673829643
1.71558348156385
4.61188479032893
4.13038789829865
4.5854633124665
3.48666687693097
2.76677218898672
0.809570845693471
3.35870499845862
7.38903469131672
4.3267288896806
10.3114226208907
5.08972396152916
8.66291303280444
2.47777958878024
4.6586000474907
2.5293330346649
5.33647409969477
5.51007380268308
6.46636781414986
2.65180971954111
4.91363148122892
2.79295950883451
3.56514389970586
4.5799848154634
3.29755105945241
4.18126856948746
1.26106743093392
3.78999930118308
4.32939178056251
5.15114842264791
4.96556087381389
2.33794639481433
3.34074432850884
2.08262130954937
3.54297818545582
2.54248297346541
3.99992119873732
5.98838383027044
7.85906842623345
3.24831818705682
5.14744151203546
1.83015245447822
2.94573816794331
1.8770976721674
4.13670806020611
4.45302837927405
4.58628974700782
6.37393470792702
5.66208030530169
3.17723016795324
6.87610604345982
4.48570309134359
3.92359843284186
2.00813176604363
3.35019116107161
3.40476917948653
4.52584967846129
3.91318531973612
3.74812103109508
2.8834373380419
3.64755788265295
2.44983771360775
2.56353059571968
7.1228458324087
7.76480050639382
1.80931822330067
2.59661887740616
5.28115538834499
7.38155148221271
3.06042255491665
4.09781743866266
4.66446699789751
1.95110354358399
4.65012851345124
2.80148445772907
3.06586327141266
7.5489575246726
3.38051324295287
4.33304034871142
3.71216489391492
4.02944586556391
4.66394887552462
5.26625532034768
3.98459327682567
7.44704616259343
5.85265112832113
5.16687557961519
4.79328036872807
2.40396115355237
2.47240644138325
6.75004609000872
2.33419593116401
4.80855817295651
1.73542221934426
6.69469611532914
2.74633132811522
5.8210812617958
4.75706251493384
7.21024800011497
5.94232133051142
4.58162210761458
5.14624706553007
2.98762336192551
3.02800768566129
3.9690006924736
1.49311014684759
5.26557997107487
3.51535667494155
9.04253611141409
5.39578753822235
5.64267750718336
4.9166080575472
3.63329200404792
5.03500288681925
5.35739926867329
5.28306238325184
3.88502168065138
2.09400362165416
2.17593152076671
2.55053567649316
2.47857209367736
3.12539049237297
5.90073154388207
5.7295155734213
2.95827461503084
2.02131986012513
4.2994236201343
5.30383531910758
4.62027061646285
2.21948912641488
2.20389708796286
9.80455510869062
4.0922021513297
3.12514401403482
2.79002596306616
0.0214476213133406
6.39129403311436
5.27357615677525
8.80404017248103
2.63693450510542
3.7142207583729
9.02390983637132
2.55807303825917
2.3587321132297
3.86831547968323
3.62269057436556
3.24371602806718
1.7069292914256
3.12728782073819
2.39473009935868
4.35646436448366
2.75990915961957
1.24220366916022
7.47494468744717
4.53592797109489
3.25234625172968
3.89075298843727
4.60617147859453
0.0214476213133406
4.40036824870485
4.90690344212506
4.96387565554046
3.62063087116248
3.66310012559821
2.59764477028916
3.2817180169407
3.89970290129456
4.3188275663944
4.65844152472349
3.94090161107595
9.09338225650881
2.98114258731702
2.76420771824295
3.52932269691925
2.17896645598936
3.55323633304406
2.64857185084995
2.69744687437932
1.96979233346052
2.06766928544069
6.86895075942194
6.67551704847188
4.02205141656391
2.74271782924594
4.70857130338222
5.7073664124383
2.31691705801944
4.58849538314896
2.18994626939627
3.3124697084352
3.79090841494209
3.12037316074363
7.54803629131427
4.81921170220545
3.31902321875729
4.79671675114278
7.92473476164084
2.82444473514018
3.0833080723783
6.60457868842206
2.57606613269692
3.12867351019757
5.08850267526739
3.40016401063654
8.25674767026697
5.3024598481874
4.63305592412711
5.79401637369391
3.53398142423238
5.09518735154292
4.89588830546115
8.49488366869772
4.86769026609295
3.44059425294539
3.58618220839077
3.08201113692536
4.13436097971312
1.78085962596352
2.77836845064004
3.8989200396079
4.39813386589184
5.67522220369133
5.30241404374973
4.29268717409426
4.80236795989698
3.36942175443357
4.50275565378383
3.54005823952993
4.50871625060471
6.36262605587492
1.80759500462384
7.43143329040148
3.12316038496847
1.7343137698832
1.85982289223806
5.12745275530387
4.16129453344066
3.65572587126002
4.77736297917683
4.48147599593252
1.57077682650288
4.34520131174745
3.15754508397096
2.16497078942814
8.34095770264407
6.64274767539355
1.28158948884283
5.06214619695564
7.05405474780201
4.02564807534964
7.15911115308137
1.3997294384274
4.97812643884557
5.67131372047008
7.03024914855985
2.16181314251449
4.3373754199797
5.06304767321045
7.10857402330751
4.52539057652167
4.32858220077548
4.21014550196365
2.28981776665695
2.69641787769739
4.21777702691137
3.23677770940506
2.36799404014855
4.06488006997624
1.75089802651589
9.68537028839434
3.01859525474892
4.78611599258376
5.07444953842973
4.98486009171788
6.51571184225327
3.78412340939515
2.57324463288248
3.44656792838651
3.35244643714968
2.12591549953382
10.7844815400553
2.43580402348823
1.71996443785921
3.18110175607649
4.96053008236008
5.68015797099584
3.52639378625704
2.08778125239813
3.1155447402211
2.61883755170761
5.54324810814353
1.96323521036205
4.18726498319418
6.25779791579366
4.82139164783877
2.47444331133161
4.68933810766655
4.65654686914176
5.3292487706162
3.18139905132976
4.32169592013448
2.2599807376185
4.37138017263856
1.5196648662703
3.3058041602521
2.75718769041999
3.43350611590935
4.86965098807606
5.40635737983417
2.48042985121343
4.41279775053704
2.90285702156789
3.16026422874983
2.6003652011958
4.64205552644146
1.33053847055821
2.98011964479355
2.81568520295331
4.57643064719235
3.64618132855082
3.78466166610427
7.20717016432947
8.02596491355614
4.39774483927004
0.423334047676049
4.7263475015904
6.72146079693527
7.20913633787607
4.39071157807495
7.00643444465547
3.83464362851721
4.83385686655632
3.35910269023106
4.23505537498586
5.2298721123353
2.186769483231
6.05527874004683
5.08673509374727
5.22772514409714
3.02268467684866
5.78085793677822
2.17453029456682
6.89133883275148
6.7012138749819
5.1520652022099
5.47885367015365
3.06485315974508
7.79628153371433
5.61976226392306
3.21556146909043
3.25338053884956
3.08339238475836
3.33066970300888
3.35034357962598
7.86366897840991
3.32092170992446
6.10420713552598
6.19536406583767
3.23004164938041
4.1464999934365
4.45213462596357
4.53919264222788
2.412443262117
3.87939309371978
5.32194494226668
3.46937926317633
3.28315485432649
2.82591616570123
3.98353238057056
2.6995323368212
4.40601602890699
2.74445375858757
6.32542141485828
5.16792167634623
6.64811301161219
3.8279756649976
6.67771639830316
4.03956429586926
1.75426497426835
4.95039984473504
3.87585585832171
5.25728221499564
4.21907348053959
4.4994548864042
2.78160412783394
2.91248330418019
3.55114800629981
3.0808306352194
4.0556638023441
4.23445421129645
6.50333612460606
8.52096328410966
2.63170496233155
7.04729569985545
4.87692180953669
2.53433999857234
5.52984811864959
4.06377250286309
6.85280071286924
5.23329824677412
4.454607481371
7.82279569553123
2.48491964264728
4.30572972776768
2.79219286718771
5.28963522265365
3.52152866272326
2.10837361655795
5.0071938654266
6.07542903393189
5.02275904462391
5.43540470568097
8.11182850020291
3.94914583807475
9.10071365793295
6.06241529690839
3.80968200674013
4.58680048170445
3.02739632425365
5.25298722012916
3.62895992658342
4.61538518521719
4.58881774790377
3.35580461630957
3.308859126417
5.13955700321054
2.29121416354749
3.0605324945651
2.39019580021173
3.87509367465621
2.95257235607828
1.12030368373891
4.26583355890578
5.13201906020493
5.31876861568833
3.25297291585041
2.39432559280192
2.3019801644717
2.98375375750579
5.49329029288065
3.34060793428681
5.32622756092698
2.77048446907218
2.69087403856683
6.10681262518891
2.60717803282442
3.75334850438033
4.98118718844664
3.89091753866748
1.35147059775829
6.19685388467387
2.26672045940126
2.67135279704561
2.21317648252672
1.98879229124688
4.55358787298973
6.28812939255313
1.35808114527012
2.31704033620964
1.64629717048605
2.78399152508873
2.49470154807891
1.53609076273456
2.47130350591007
2.39130885418181
3.06079576060044
1.94848503607689
1.66957847017903
3.14897232137488
2.27888264518952
3.49586454152445
3.23915966710155
4.04615679621451
1.21373998291737
4.40379379284106
2.39866854187582
4.47227811979572
2.70393250605349
4.30965123805488
3.7142552429464
3.2567829160119
3.0290737780257
4.69739718125691
6.72306459305076
6.97628126825922
3.51958537157365
5.33631747527974
4.05448931136205
4.59009734108173
4.01385257812405
2.93158496969912
4.6603982017759
5.92290609824095
4.42266716554641
4.91143259858541
4.32450322695438
5.94917860671155
3.24464589041691
3.89501057277661
2.67142645542762
8.28160435379903
4.0461499349395
2.82832564930703
5.21090576608612
4.47226646253231
3.60897201064994
4.61198971893773
5.568409030262
5.91089167577541
2.68317145519093
3.8379484758508
2.54222909092683
3.82768073185641
2.43068975563292
2.14677251935677
5.30156615781275
3.1095467814183
4.88337294393251
3.00931556187447
3.39884546384062
3.11756012678222
2.95207871536401
5.24314766112582
4.87262142862258
6.16061352063302
3.50177773861606
3.46708659890095
1.17463716643441
3.36094652087501
1.07200049343386
2.05644045643427
5.10418170966491
1.35933350633089
1.51030476183372
3.1106303616534
2.92379827979212
3.07978212043344
4.16771775765333
3.26352060404007
2.70809073890179
5.4380631706251
1.63482812407654
2.99645426288168
4.55687374916278
4.27083619455529
4.68424332984139
7.62975449705239
5.36452231886815
1.91495632304058
4.05982550230205
2.29545429809533
4.13527338734436
4.65119658521741
4.03808656816877
3.30048746027245
5.09651068299296
3.76352365064414
6.82805145668125
5.61047065414543
5.87706074403788
5.50017736950612
5.73198030465204
1.60330026464459
2.77624641315739
5.24393183563162
3.75936976316368
4.21465891865849
2.75146152385626
2.32591443435694
2.88509135369994
3.56498232773106
2.35966897007982
4.5357966363494
3.07214446400077
5.55271929629644
3.5803759301578
4.40523376910054
2.9949754392853
2.74482963516301
1.61129325698767
5.36251091619655
4.97381957288178
3.88351309226709
3.58718125439406
7.15896986023667
7.36222060212112
3.308281705588
4.5782449114855
1.34639531597533
5.41344326683774
3.44638859607714
2.17033023376823
7.20649601602199
3.11865873453141
2.37907097069591
4.89828203552749
3.0797233366315
4.72201035012907
6.32517785000158
3.84156111486573
6.796638691886
3.30133338162121
5.98539748343444
4.53352312176343
3.2327083708906
3.50846344340784
3.44194682735484
3.9811098157909
2.45803114574397
2.71755792983174
3.67981567187425
6.55322665125894
4.71955933886047
3.40347153717073
3.86873165741577
2.34037730922177
3.62133967087575
2.97607013246881
3.49994292387888
6.23576884809342
2.60214208825688
3.36097731696532
4.2296725203195
2.99982855511686
1.89851921017518
2.92414528472757
2.20998639461897
4.25264333622695
4.83331251993958
3.23405307557014
2.62204743730065
6.97361260874224
4.0842465308999
1.87455427611832
3.34036208554446
3.28482581851829
3.89748033606509
2.88000571421882
1.95689459619265
2.10747136186316
3.31769758997361
4.89166203374703
5.13490288722441
4.08133965425822
4.29025198541964
7.09225729447896
1.99003486700712
2.79646167181938
1.72260854521184
0.0214476213133406
5.0631002285511
1.99663641007397
3.08940196068316
5.01076433168872
1.8375161242899
5.47678522017308
4.99945291107213
3.27237619463654
1.8221226453864
3.54701445081412
2.98017687589132
1.85937334386404
3.86698685535431
3.31995450054217
5.00422261288111
1.76056124318501
5.28771505677512
2.96582677551483
4.32024012189953
3.54736330966478
0.0214476213133406
3.16387966307734
2.29072523995654
3.73680632606736
1.82787841226599
3.72234632209877
4.52217782770573
3.52257228951291
4.45262655523965
3.45581108561598
0.0214476213133406
3.39065877017403
3.44066009744046
0.620498164044641
2.36397570360133
2.03650793541681
4.1799983695326
4.64418427760228
7.35150681055139
3.17097027611002
2.33580817463733
2.47603369853058
3.87275966188811
3.80208649783762
6.65547342186463
3.88515607486228
3.24431014261048
2.81612494103735
2.71406783555153
9.12660886295021
3.48642914774167
3.20244490994197
4.81810524297426
3.93250998560277
2.97521129746241
2.14303724391628
7.77832008789552
3.16362792480109
4.7806827382374
6.77855416477343
9.15866484561536
6.15029350291592
4.43557268632379
2.10176665767352
4.4167656899024
2.11300496598937
8.2587261255249
2.25249699303846
8.01689105049801
4.23360647696269
7.88556709652204
2.72184610627467
4.51435130882339
3.59384410459868
4.47553597775009
5.64647149142225
6.00467892290788
7.73657695947171
4.23238152983012
9.14859201255318
5.01901819073654
4.48529160397949
5.99443735716837
6.5995919474542
2.64264116107897
3.89157005119929
4.22467708046583
2.63534003926086
3.09340771361525
3.10232834565425
4.37212435692452
2.76281398135826
4.69586149021057
4.03793105339528
0.0214476213133406
4.58584540704322
2.27311099414563
1.53010416406969
3.09237301798947
6.45589221538382
1.99163956201241
5.6872491064181
4.07166780907907
3.27544130187723
4.41610686234252
2.09845572121195
1.85718551715503
6.62538258189607
4.70087135857752
2.66880055692021
3.20622137939833
1.44305924264981
2.97667718156568
4.49455000755493
3.74375364464171
4.07989955571926
1.76523273819447
4.80691290604409
2.31928759492193
2.18671096354224
3.3740073379696
1.85229608858041
6.08737409669504
5.84693228256973
2.81594996990372
3.8969580182721
4.94054193467715
5.17006686187045
4.1522403699604
2.56280199646228
1.58391713715748
5.74649055252255
2.26178763745522
2.05935309735368
0.819888766928239
2.61643139448208
2.38938864779576
5.89031078470234
3.56183351396623
5.22559236809928
7.22784597078329
3.68180125209053
4.32566272480123
6.23476828708932
2.18973550367587
4.33033993146295
3.74510978433378
3.43858380383999
3.13192885945158
2.67033236233101
2.05185364062249
6.21067223198373
4.80351934327213
6.64547255715157
6.56776810667887
4.17714755313987
1.68991684546715
7.272776595274
4.38607622843696
2.87782376654606
3.19514608113971
7.0295165479931
2.4367677455456
3.13261642339447
4.7856769964483
4.21357996131793
2.39873448000976
6.47850514315358
2.64154394764406
10.9011015027102
1.70458445063708
3.25756876008359
1.32575692384296
3.07957065425321
2.40297528659874
2.07250635979647
4.54583883512168
1.37609773983473
3.17729597649873
4.04211780220414
6.21231518828835
9.46351417473434
3.07437658107343
3.55000020352061
3.93209871515451
4.64142547912978
2.28486342950875
5.47694394563858
4.13011564401473
1.97472440549919
2.52119878955818
3.80146574271535
5.61021875735158
4.87582894960643
3.01004882641986
2.08327612097605
3.26392595242782
2.24139308876087
9.17417582247556
6.76557415703012
5.84954623894315
4.07374366492348
4.04092738169353
2.23817012870846
4.08139891211893
3.97217730805463
4.05153245522219
5.06926267843386
4.85326623138171
4.21970456425098
3.41473607736305
4.26942292244236
2.77252980017173
4.68711399493569
3.81277610854816
5.05587820017573
3.0273561966234
3.8381071573089
6.00391312425713
3.05237512439972
2.14633453046749
2.81713607240311
4.80742988318086
2.76327390861081
2.43500857174358
5.00096640381134
2.12782320012032
2.67208826150216
5.11457674052411
5.13896534217504
4.8741046920916
3.14251566512244
5.22456181683033
2.47043643841243
4.29541224498595
2.55965611003671
3.74633695929466
4.67196491799904
2.44666563360734
2.63000322706485
5.65630132549703
5.2060055729914
3.15974139350901
2.69008744019958
4.07357549423379
4.62139221269218
3.08032762743482
1.68635299157148
1.19314836364508
1.76126038257638
7.40486332748789
3.00051164184433
2.1890126051006
6.91632293328304
3.26199250156372
2.07775091784185
2.93456453091946
2.88744572620275
1.67929018363935
4.20158223717851
3.58117706851699
4.62600744891299
4.57605807789901
2.88266356327913
2.07270584245311
4.69753626884087
5.454217796353
2.93031844906922
3.71103427629354
4.9069013760985
7.23176317237344
4.49922553809768
5.30776594450765
2.4929790370713
1.00025863359069
7.71521342793216
5.29624776725709
2.11558125027631
4.68372455886489
2.67289369603521
3.52772942620764
5.68712560729775
2.70060331892155
3.76250924954893
3.33160343547324
7.36735461810438
5.79849605321799
5.18771305099223
7.7537013001228
6.21774639267213
5.48669165231939
2.65077854381201
2.72181262279905
5.68611107250315
2.50868541778581
6.24979474968457
4.74317912024576
8.92213648100356
4.91354576606373
5.23187296408452
2.66968127616674
7.64568928632725
3.48060437771048
2.69054507957202
3.77508481134583
1.25225889852751
4.03438815312651
1.77228840028534
2.33981101157884
7.12181276595413
3.33387454589144
4.78087207576703
4.49996780684248
3.52023466773298
3.94135814129317
2.20678744607241
5.87688393250948
3.24492897195485
6.19543775574681
8.59918985695078
8.51825143205986
2.76008703566949
2.11386072993393
3.6362049315409
3.60833120277299
2.65833811057865
3.78445929375084
5.15845405916597
5.08853038128714
7.00025712430042
2.77344984820183
3.12575348268163
3.01718433863967
3.27062014906877
2.97875018431508
2.37775737619929
3.18251826960571
5.24465514994481
4.54119524504041
4.08925007364109
4.05597401227336
2.36479289094105
6.90033684623129
4.62949372701145
5.91101375581405
3.9636521643472
5.11113880250572
5.50588417907083
4.37186209697879
4.05665010166317
4.46589576277566
6.0142813693004
2.92570003267101
5.62481090413268
5.74601919183036
4.40990447189854
4.73407415177696
4.29007478856257
4.65116198975203
4.94774743624591
6.16871048727451
2.02763730765098
7.22213065719963
4.39981812718802
3.68726099684077
4.03884810530595
3.17781251903272
2.50202731991268
4.72838456595777
4.69217806589936
4.45703797797219
2.52614033457058
2.77242401862906
5.31822301207252
2.75131955208119
1.11398078648645
5.35750699550802
2.98083074105529
2.03891416725534
5.47932556139513
3.44632438986053
3.61827073402796
6.14846797886262
4.52950325352946
5.59684150543675
3.80511222074392
2.29077760999592
4.90936430734549
4.49108683095007
4.68504505829168
6.85291620721358
4.38003524589565
3.73071213390827
4.84767413398984
5.14512008459912
3.66718161326725
6.9609345400459
2.90333423634509
2.08384605955674
3.50481243603092
3.59331950157124
3.77548587719454
1.38287765060467
2.69441148756041
2.94918552702863
4.06404280607526
2.74055964601592
3.43779441743099
2.86245711022478
3.16345551268184
2.62141705333781
4.11408040518746
7.23716067275549
1.45523536916546
2.46495727632972
1.33557172089074
3.53832621010945
2.49585216779608
3.30594897436804
5.10546010848008
3.98176716187961
4.15531512347057
3.23701230297264
2.18332911831849
3.30708132924534
5.97564747360637
3.88728612687586
4.19469330803496
7.02433459109967
3.97343648466396
6.045940886499
5.19139426301778
6.80043275573039
3.23721459502598
3.23378705487109
3.18277354148385
3.10201640151752
1.35053794546779
4.01557262143716
6.51640048873651
4.08256747368109
4.07281650172691
1.16354634841625
3.3932996161709
7.11613751169268
3.60740026618154
2.62476270354106
2.38419888200174
3.42954122973416
2.67955432169282
2.77293542947981
2.15665842167337
3.58130426436574
5.19522529587892
2.57590095005211
5.11195499726497
2.69948449551764
6.23490897202999
4.32499369621182
7.11298232823167
4.47113744335161
4.28024920570825
1.93230044968853
1.73197183127279
6.42229650986992
1.70702215257255
3.21523370677272
6.02517331569262
2.3066595434455
2.29935484408394
2.47596329458367
0.420915169203938
0.0214476213133406
2.64639499989189
5.04270430519235
3.67482735658692
2.75864989435028
4.57942544807089
0.296827111955565
0.362193756654241
1.07372091828868
5.12112286762624
3.00815920876827
3.76213370154372
2.83695139471303
2.19658733928662
2.77110832111665
3.81108875743141
3.31022242999094
4.80596998212034
4.32090252871832
3.98466766526896
3.95061910699881
6.3749063172675
2.62081647278575
4.38046383763113
6.74284199119722
1.89944720640826
3.91578336921537
3.00461154879593
5.84036975643682
5.91790689870247
2.73614289037946
4.01882715514584
4.59625053468301
1.53558868385425
2.42989688816407
1.63025604669332
6.16089899801968
9.80897419266399
6.04523472405694
8.47657771451322
4.88001855518676
7.79945421416578
5.03871757319695
7.05423602301867
4.66509473070254
1.1153082130125
3.67458275078543
5.59647335799397
2.32198576654784
1.90903956623035
5.96005661170155
7.72006752973254
6.47813588767856
4.37647857561861
2.51072406771107
3.31515150381362
3.5837786119143
3.52020042659729
2.6348695120646
4.71224880806536
8.03374574446426
8.75676979540136
8.34040496222113
8.92771741489476
2.80494892047841
2.7577696739099
4.51192649335763
1.99713658459139
6.84482825724765
3.8020179634076
2.76320806531285
2.83228701440384
6.19437178767742
4.60878275993469
4.15778797738498
3.91871459821488
6.5550666150268
2.4444269334024
4.77716394590265
6.92630458644607
4.98118656518051
3.55239796673889
3.11001980077307
2.80364745753733
3.76374644397048
5.30278042905687
5.18286496130274
3.00432876208497
3.04123258044304
5.18872276121632
6.5837685184571
3.78683624868121
3.72747841161974
3.60463722679514
3.1940093588562
3.45180299721801
3.04487487164009
7.10997160983239
6.53559366880178
6.61749240318261
5.58971659661026
3.37559712421598
3.14199485596624
3.70490681186569
1.70310691470468
3.06124417871368
3.33782418213427
7.0915884308436
4.81460933529319
2.58955640663844
8.00752508605158
0.0214476213133406
2.23664170843975
4.64321530824554
7.21620920186871
1.52072839253094
4.85689785396524
6.57272405340007
6.17006923414052
4.17137560018833
2.08491000941414
2.0791965601867
3.78765671300779
4.10021060562714
2.58041949448252
3.6878005714349
5.31460715828003
5.79159330585898
4.23903241472358
3.02482266465787
3.3661030323425
6.78416052701485
3.51479596224598
3.2746010478211
3.6594610351103
3.64570141893842
4.03721079302574
2.81591093573548
9.28064705619922
3.36342704390967
6.98277191902365
3.34592199088675
5.30802829538127
5.88123797950796
2.20977669635247
2.47643242188839
3.07001663334567
4.72082459554774
3.22121392031357
3.94631121513451
2.34781617306467
3.13640939638392
3.44309202897879
5.5174543378305
2.04389431211926
2.50700122447352
5.15781412660859
1.38879246115792
4.53288013242646
4.89596161627771
1.9899058090654
4.16466884793829
3.64820926365592
2.97787865114444
2.82244706575528
3.5117073215826
6.03360626892083
4.33397745815725
2.8920021069068
2.83311228018027
4.57756093738382
2.96861839159938
1.95140985036099
5.54421547030564
2.35841120625962
2.32379672538597
2.81123959102006
6.8692773784659
8.21088576897119
1.73212878874192
4.52876520905685
5.29291194150303
4.61024274289211
3.02586971303126
4.41529129609672
2.90006170779429
4.6444534459429
1.47377348053152
6.71779139404872
6.03464009670254
2.95125965806927
3.22767504205119
4.87410128523888
6.14319001001446
2.39395163493058
3.74379045104723
3.20332569299551
6.59723633116328
3.02339679109821
2.73306325360878
4.29790472753861
4.56829588199713
2.70142067492783
3.12481126755748
4.0555384303704
2.52129106179863
2.24335097057192
9.24247124770909
3.40563970505079
6.00380395980659
2.40671146549847
3.39956737608138
4.39139858830972
2.03577795218828
5.56573925383165
3.50919155212864
6.67020540770325
2.30599271728383
5.1420033063538
7.13513365229774
5.04954469242636
2.43806307310089
3.60596939222717
5.01038912027761
3.14171225435242
3.84906641151894
4.77042514405369
3.69740752883478
2.5259561775879
4.03216239417339
2.96408923007693
4.37334217144304
3.20292637364723
4.35931393824262
6.68467365861055
1.34869915582893
2.93109678333132
4.81026745958966
3.33266037761503
1.66816929532998
3.8163547524444
4.4185782141994
6.1073433470444
2.13594908045695
8.71591814316077
7.48305649457408
1.68187531855539
1.64268294191846
6.0545577030368
3.78450614396725
4.06012169104657
4.56727477813
4.60149882276493
5.33491833928311
3.91975192452393
4.04198713240261
3.34053439388778
2.15805019085305
3.73162027029908
3.35255975976977
3.76047594261949
5.76472272541654
5.91718570769382
5.12930563475447
3.4849302359474
2.65231933861495
3.1379154271708
4.31047298861158
3.3070532063598
4.21138160463573
5.55180214165947
4.8061348845408
3.82305072103812
3.0346862269891
4.4865799629965
2.88519700695417
6.70204661459328
4.07266939550989
6.27207749633098
1.92627412452306
5.70062615676867
1.62478574267461
4.96121139924409
2.02737201128138
4.96696109304784
7.0828131915524
4.83764360056741
5.83718387205219
2.98921253616559
4.21320503719954
2.64057755518291
4.14272313311044
5.24993314618876
4.26896493893547
5.17987198450925
2.97856138904461
4.26969449254317
5.08220672704727
6.22150506811406
3.35894054656034
4.28376112074737
3.36773903626187
3.11976613170601
3.30246667489736
5.59014739873656
4.68434659173565
5.57701323164965
1.63890673451226
3.5761453366643
2.70527391189827
4.71767322671479
3.44697308122293
2.60615141458811
3.43228749472488
3.59415256779898
8.32984932005104
2.40910677950636
4.56285415999778
4.39276156563738
3.48406638062271
3.21580552703472
2.52049164280068
6.55392726993671
1.51996061066909
3.15455973593877
6.18839936543494
3.55974732159808
3.18722145536094
4.45079891610986
3.01194708614443
2.80495272205067
4.11948954601774
2.01576483668442
3.24995167377638
4.47839376645138
4.38672032902953
4.31952310572543
3.91077111061395
6.52948137272905
2.77306267615842
4.83039149727384
4.06589697564412
3.35538576780069
7.99338545467809
3.05189372169112
3.69276792160769
3.96312786339908
7.97102720768583
3.99271542676645
5.13333979817946
2.48767891365698
4.56931130177005
4.28494811703752
4.01785689181652
2.79162535719055
7.97277028281939
2.04207076831394
5.71191924112691
3.17786119970548
1.98261440422096
5.03031755822117
5.09440995112917
3.16205624461846
1.07695937693044
4.85122702686194
5.32566127946005
2.26702752008955
5.84105441717667
1.87426577122428
1.07607566831628
5.87649824480511
5.2854525554773
4.49744975911758
1.75530716716891
4.43312551023929
3.60332256611128
1.56605779571208
3.03007324421042
2.61187122719224
3.11979697021809
1.6773741876584
3.22384321486363
3.89797806893667
5.55756419974359
6.9519887076651
4.02437781733415
4.4295828777228
4.72873454624095
4.82925316780975
8.0735589404377
2.71183060547065
2.89628261319948
7.35947711577615
5.87534475210784
3.46556090743686
3.74961645103042
0.710962113898432
7.72395855734471
3.58675670428407
5.55062987621129
7.32817630092304
1.93546574870325
2.91188822443555
8.15607633980796
2.87581377871162
3.22015889710118
3.92899438110211
2.53742577280096
5.8500965839621
2.18739505561153
2.61097964069435
4.13803623796524
2.91068441415326
3.80896898848982
0.883625616096628
3.22534602093993
4.66555010684454
2.71969592650898
5.29128899454931
6.01648703077765
4.49842337321831
4.30253843428187
4.58680653613661
1.72113782258187
2.95610064128811
4.4680904903266
2.80650541521782
5.65821594435141
3.19134612771327
3.04543341811573
1.06613668524523
2.59856779358128
6.47000632783799
0.0214476213133406
5.43763815256266
1.65422521449462
2.63335187502533
6.8121019636848
3.16935594693929
3.53348682394821
2.20042267102515
5.04677979793339
2.73961897673275
5.23749469364025
2.65076124539273
3.22931054969244
3.37548889831809
1.95578874614241
4.17554978257719
4.1936965032297
2.45356481634091
4.10864836889447
4.2365685630465
2.55339683201013
3.52938712623919
3.56699936869704
5.07182509171223
6.6350637347104
0.0214476213133406
6.35714103294834
3.02365295770471
6.50453507306985
6.85794510360393
5.34809551702633
5.30304516126081
4.61859628942764
6.50592284865771
3.71873530636064
5.6211354607853
4.16285318467206
4.76232719882285
2.20713062425661
5.7171815137414
4.59390131285967
4.6108196784006
3.684385116714
2.82322456248669
2.20531873639272
3.34729897056806
3.49330059157564
1.9751482048051
3.68626306671672
3.27546698705737
4.06749691304666
6.82579619725245
7.5725331513234
3.08002413600781
4.54483905773746
1.62560079111425
2.18824609266701
3.7042509171616
7.47959711533726
3.58195269450024
5.86295044647575
2.23649721098951
3.81563058789859
4.02395255613179
4.59585668836395
3.92705369070662
3.99714100737608
2.23067449049443
5.83675717181992
5.92809502890584
1.07333105820624
1.35850567019282
0.419415796394482
4.42191925269367
1.67271132005202
7.98256845948691
2.98301495040168
1.78726981217152
2.62522462477859
4.51362228810937
4.4632271805665
4.71742631219985
2.62911720472335
2.64899500863541
5.72662475575433
1.78269133142473
1.52879076365813
2.97386461380771
5.45500458411052
2.14483073512238
3.02146127685737
4.42247581536854
4.0896398161833
3.18388795809035
5.56019211049907
2.69097492384353
1.49569918509085
2.23299508486732
1.54181575740585
4.19036880494016
2.40182055381461
3.14032376807926
5.48973197272095
4.65311660144273
4.06205585899329
5.16284663989573
5.42197098466976
4.95982155205007
4.14011963119317
8.09418773151033
3.49068924744218
4.65151053733071
3.55301099742868
2.43416988326852
4.39175552830309
1.095134853125
1.73289731202484
4.24611646363006
2.8487795856446
3.08382344176989
3.03700584653155
2.32356456147995
4.99531059970409
5.55724038483438
7.24817854492341
3.56046374153246
3.07626964494014
4.04021981686988
0.943292446511835
1.59443290787022
0.580335507044015
0.986178214446537
1.68652051906186
5.15772334955397
6.27848122984821
2.35819892431814
3.60250880351649
8.85702463366487
3.43640066794809
4.68329502169346
7.22598952528304
3.44980064726085
6.51668405347524
6.3089523754574
4.48867136603222
3.44019203464912
1.72052365992102
3.19994667039365
6.42118893818348
2.83983311797275
4.16139891204584
2.76413860651823
5.97355153677024
4.21830135878358
8.29709866993901
10.7573845041232
2.29041308110249
2.88987790819586
3.87412529935503
7.16595366866826
4.58026704727091
4.25813918776059
2.36292583223967
3.36820351170202
6.16334353609902
4.37920062621429
2.41050101597568
3.25303479390824
2.7335763742727
8.39188319301451
8.75846387906354
5.73385137808446
2.02811077391937
2.89028776245984
5.26166882232722
3.32185881506602
9.50194810308836
5.07429239065423
3.70504255795036
3.41228323044316
3.75935747203234
3.3471355424147
6.3881330889994
2.63706966870358
2.53087707282675
2.08869239016152
4.13625304204962
3.07278596421359
1.83683169844444
1.69955449322523
4.58802613867515
2.698966203743
3.73574267297926
0.0214476213133406
9.23313337514799
6.48187518519632
4.59910357555533
5.52618581203041
2.65874276903118
5.85545408615892
4.47572856441411
4.03414798374881
3.22138705882966
4.22018202922794
5.93772435141466
9.25420876324067
6.35802388045845
6.69895612562375
1.83923806689531
7.79203644008509
3.26666376418587
3.69880163813264
2.82379035086218
7.3608142395574
3.00759862133465
6.09436922800608
3.40516939450545
6.30532613087633
7.58136502881552
4.98841558091942
2.36266065696294
7.36858564984528
3.45302777732149
4.12062103947464
3.91892278778908
5.39273240256514
4.40175129433793
1.74262466768896
5.17963227927042
5.15880815171435
3.72704183870629
2.61418267867184
3.50529538491982
3.28820985314995
3.57924584621646
4.75841407316908
4.62863704396569
3.83687126059543
3.08862058211237
4.71221862283583
4.31294643539475
4.04501954400663
5.01778114018825
4.84744661624631
2.73119326148273
3.77801640316292
3.92673310053805
4.96004329811872
6.92225994671666
4.92349124494537
6.88336470893949
5.1390476890575
9.41116222281777
3.78520540090175
2.77116783033968
2.27965198465991
5.28840141513062
3.37484332807721
1.57997728356432
7.57894130578811
3.84489705846209
5.85499813056221
4.87135643862511
7.6934770018423
3.0172406530028
4.79262286696286
4.98128801701175
3.83789596661253
7.65598672965237
2.00528100899261
3.10787512185797
7.70522826605807
3.14912082075943
5.11409159702836
4.0521181018561
2.53463629662114
4.49310996968828
3.36068493914746
4.20526004841307
4.17048927206082
4.718223613004
8.02462612136036
4.08036525228117
3.2846740338798
2.48395368339914
4.14060998812569
2.97457429938685
2.99753840619468
3.50601343750947
2.86412828274829
4.4179687491159
4.11168268940411
3.97487549655303
3.56991663932137
4.87231090189401
0.876331181090555
2.51411651584783
3.95834654084135
4.52539420988044
2.44907224048078
2.29519021146478
1.09839829116813
5.85711085828549
3.08025455782698
4.57029658217107
4.04349702688274
3.29085986666246
2.71061759635499
3.08158256249556
3.47558340213591
2.05263076937931
5.6818621107069
4.70750331979626
2.15993790827671
3.52652561569405
5.89058821361308
2.86837404291499
4.64419008771162
1.36023935544863
3.75766895839463
1.69272439666164
2.72419792764693
5.1614330819362
2.88015324184107
6.06020254196438
5.51554534240311
0.534814720287379
3.11761677924846
3.93972084648177
1.98299073868502
4.07729472004979
5.33802766643937
3.88739852143684
3.75915568464216
4.0035833631523
4.19129364916078
3.34308140627733
5.51179001717072
3.1958326623105
1.36692849610982
2.93011438449213
4.694126193447
3.42993648559977
5.75105451904567
2.25782941006155
5.29912577496806
8.12309190094667
3.35863371294417
3.72286184189837
3.23170718096506
0.674113973512392
2.84199355835254
5.91596844154989
4.34094518805794
3.29169523458104
6.98650572363519
3.95216885399028
2.2853287592922
5.26113465084174
3.35864626589941
4.70754862659628
2.8593401226938
1.7356008905077
2.70639055947461
4.51450446232048
3.13483414225881
4.35959931935694
2.78861016364964
4.28788626812572
0.0214476213133406
1.76582921977552
4.66122398221924
4.63560075761399
1.63029935523851
3.80512104694927
2.22490017055195
2.88019222905524
3.90917826800237
2.94166001977287
3.51198230354487
3.12574643101621
4.23596862835496
2.75842635240695
5.07682169119813
4.28492321049982
5.56646090516555
1.60074207200878
2.10686142237146
4.99714580695975
3.7694854787443
3.22423019190221
3.24337183018542
3.51283581765558
2.66847565904657
8.52148813185192
3.30276163668543
2.36913653066053
2.64135351317367
3.53520861855045
2.35645598141195
3.8992405108519
5.62582651105519
4.46183666639423
3.7222180131815
4.90657432467906
4.52294944657067
4.50641940497776
2.99780361884475
2.59004906028467
0.400645551761846
3.80765200092114
3.5567770115091
4.54659287345593
4.25368626100463
0.558193503840908
5.3102708835837
1.38165449502124
3.00451680406903
7.77678801591373
4.17155501787566
3.36228795174573
7.9946965716679
6.89159615509191
3.6184793335742
7.15247778983879
2.92715018551357
2.96738761109215
4.57244646148775
3.16464999510526
3.82412792338195
6.18442621293475
5.1924012147999
7.22177636854571
3.96878294061395
5.45311888811487
4.99394826343056
10.0423661218325
5.75846264963772
1.86360032847876
2.2519797392688
2.34887699264305
5.49258285851516
2.89538933160494
3.55670634831645
7.35890485934581
3.2496502353591
4.34475964187964
4.65017248591349
2.5627089842894
4.0172289636484
3.65096810235367
4.63653939865535
2.78314131627136
3.89962424359605
1.33559879313633
1.72863331171758
6.39029032397728
5.7296833424956
5.31773998975199
8.29540690774441
3.32999328632546
0.0214476213133406
2.73297411066035
2.01014888307223
2.07590096754981
0.637343123231739
1.9696367714601
1.75572619924625
3.32231288153723
5.24742686709898
2.82316359433751
4.23765315441839
5.3908096892099
3.39873707156069
4.56415937992521
1.18998698366966
6.02560278532746
3.36191046193445
2.39537884670618
2.8883202435408
3.7069758231465
3.66279574760592
3.62672024184363
8.63885166509199
5.27655640875277
4.68065564821273
2.78279709713448
1.38446399864787
3.32383286185431
3.55456003379457
3.53436823084696
2.6500414181047
5.38309329659453
6.92733966824583
1.23424495705605
0.941750944086952
1.0391793169926
0.707320660205969
0.60110034709834
3.81225893311269
6.66167133643609
3.22673362227083
4.75225178614869
1.49507934900585
2.43755959648311
1.67900247332988
1.61754056331814
8.6404157517801
2.03283002910488
5.94702546690318
5.9148382412713
4.31954582560922
2.20711827860789
4.97410245415369
2.9547666309016
4.19423743366206
4.06308186671182
2.54639156263338
5.80869578348526
5.37525912298082
4.11977962096116
6.00001994470353
4.77706731268248
4.11319862612048
0.615226977476516
0.720869951214252
0.0214476213133406
0.830713158794996
0.554800355414683
7.36894574248746
4.28215713683831
1.45919278903754
1.1824711905524
0.805053944320203
4.69819292907899
0.354647791460045
1.28950476856354
1.02074813092932
3.28059356153027
2.61263037407883
2.81484800713994
4.36550995919231
2.87097087440245
2.36094320805405
5.5279211588242
2.7743185747085
6.7993675444576
8.22586236807914
5.59182854541052
3.14503049072462
6.28418708745229
3.8579297765211
3.30643843373138
5.22290325596322
0.938834637046109
0.752403122694987
1.54043577554655
0.963754934729612
1.03956055798292
1.75071595118875
2.27689924496698
6.56372686735708
3.78014785979134
2.71080279184716
6.06082018281501
2.57798187415206
3.14531568194731
3.91160768660626
10.7390765378894
7.0675334400916
4.06304441262682
6.98983124067865
4.04871693317668
2.58888599886058
1.7053261250758
3.96603048058541
3.86561034247402
5.4061324673028
5.63669963090796
3.60398515767215
4.33663400887657
1.916783712098
8.73773361386726
4.49646498516092
3.7829885282468
1.69480056657908
1.75904782476832
2.7440223010848
5.79210809844306
0.0214476213133406
6.23789553484907
3.65615444648273
0.0214476213133406
6.24178151807936
2.60536891542472
4.96332510451245
3.60290665727862
1.07051415269482
3.33775683633315
2.82859001022808
3.35875703012219
2.42498294694402
6.08301630883841
4.5899800406231
7.5110296600692
2.74298069461141
2.25124516324453
7.79133839580483
9.0136899128883
2.88059493644954
2.37622810937256
3.29027815563805
2.29482835106429
6.20913092739443
4.16898952945854
3.95051572716027
1.65383030194465
7.05040332681678
6.57914308112123
6.66946543705815
4.36446858726266
4.9694437603627
2.01298349435747
0.463962457363825
2.44570181258105
7.0410558322424
0.67482606618815
4.30417777592703
3.99508366113991
6.69908547151986
3.21693593097131
4.15706739256705
3.81973908460024
5.64146853009516
2.68389812382716
5.18500469289048
2.85537790786389
1.82416538406973
4.16163440640746
3.7616029805893
7.1472136576355
8.57741395761816
3.88650120391537
2.98457741182594
7.77055849111795
5.28307125831346
8.16173929302233
4.57900008399541
2.31371574037327
3.60559667585253
4.0085238304025
6.76906797542639
3.00391164364767
1.83380874025427
4.21550012922956
3.64741094530308
2.77096852128587
5.22956785976217
3.04121798428842
3.98604063897354
1.67466165622517
3.63982999271298
6.38974320186477
5.01839351239201
5.94199797237093
1.93640363337705
2.17074284772457
1.23770461131475
5.5377377373908
2.49194844579986
3.80250667114599
3.83650334084889
3.05928992184587
3.58119690640373
3.18649852525679
2.90478835410227
5.71798714517364
4.64924765072814
4.91359059573144
3.92385690198711
5.91896851489591
3.01394645846706
4.87289998236107
2.24561343995327
2.08719783990616
4.62832520545959
5.44032648619085
4.71155569068762
3.65633780060917
4.23304064948364
5.34913965674825
3.82158851526057
1.45165063629142
2.48809168898043
3.71261944046653
3.39402329342796
4.85181204988231
3.62180956711958
1.12695227583645
1.58017987180528
1.82487480959545
2.52028394886228
4.01073583476736
1.14346966305081
3.07746577949857
4.86438070956979
7.95684469059113
4.32231130631712
4.14270972114637
2.51499564310334
3.79091344938139
3.82526043108184
5.08175935144576
4.58722220491217
1.44295252309909
5.32219264169179
3.05085688569662
2.39972802325801
1.60529104220629
1.31527741649972
2.14207108530085
3.9045081513654
7.12729772558487
4.3840514493982
2.01888446959787
3.98414579318026
4.71800126265653
4.55001540073782
3.01801015565927
1.65390583046509
4.11951416650461
3.40113886910982
4.53994200349438
4.78589635900802
2.55483720616936
3.35078035110192
3.97795390942632
7.15242621701502
2.98687626726386
3.52214508469311
4.24216402869214
3.39101763106683
6.01489422321859
4.19576552755228
1.9750666828124
4.73203792429334
3.40704510112703
3.22999860583613
2.41638757881772
3.93162014701656
4.70076006476353
3.22104553169593
4.17201876822742
3.33799942994943
4.86545684435741
5.97144515648571
3.86475607544288
3.12400812441449
3.09777143326768
2.89290321213384
3.42296989217533
7.80139320381206
5.41199254353746
2.62160707887727
7.17186898777586
2.69360609404901
4.49785941730368
4.25586623917289
5.8710803502431
6.30970847994143
1.67880844326173
2.16930010610099
2.31456167822315
2.1297889372542
2.77896403386509
3.24943725845351
3.82954356770215
4.03245631151037
5.09235291624379
2.87535672272214
4.78933835977459
6.28003172264546
3.10510734697976
2.21917641550818
2.9642323358193
3.51058971858854
4.80095606770195
4.96839511159286
4.47152471201466
0.0214476213133406
3.15727996582492
3.51035800366682
3.72942633607698
4.10501460490963
3.33273329855812
1.46474783494738
4.7634871599326
1.84210277887966
3.11967979999069
2.42277223190039
3.59814958313293
3.91820977097893
4.70650803902538
4.18529969899595
2.7345141204674
4.71849555065712
4.18318634290054
2.90007454038027
1.38385417877339
3.33425953682782
4.45633142002467
4.05321930297635
1.5769500788124
2.05230646492899
3.74657588025214
3.40676824669402
4.12260286916992
3.93634945817888
3.00749628831922
4.11938547330114
2.60046768938118
5.73002014938805
1.82532885958122
4.6855606395115
5.05481507910672
1.68155071563274
3.50781426238612
3.7438671115683
5.10569432403041
4.01755391363943
3.72259539512333
4.83855136719296
6.51898824099481
2.54359171746275
3.55382007052379
2.87444860968274
4.76984613178932
1.98534981838412
3.44976065898169
4.95651655014796
5.85721487935507
4.5336009119467
5.247550927078
7.47520555980969
0.957727880825323
1.22999209628758
5.44597384764922
5.64459260831111
3.36440099543167
4.60814244391591
3.47486036579749
4.13613908019355
5.70695824901366
4.17697380130188
2.80788515716077
0.661203074253129
3.12480082808405
4.27811372639666
5.71914359767174
6.192735797392
1.55101824181771
5.65311273931258
3.72301551825832
5.72006935311271
5.45228872036198
5.67842332445004
2.59696775101651
4.2184631866627
2.22319762109598
5.8800222340188
3.75053643355003
4.31338413072584
3.03256774998099
4.38402628992153
6.05394484725736
2.45609919378039
3.96392156017037
2.00828069691517
5.72112093601242
4.55209013713938
3.44840727753282
2.89196434969405
2.52451517034718
4.10763489566849
3.12203434963405
4.11807162127828
3.14212510317636
5.47908985076098
2.8085854073681
4.09375739026011
3.92414902054002
2.60361200075732
1.28549555264246
2.36621932116678
3.60051269402265
4.58945144408298
2.76371637061035
3.40112431909177
2.37833340373747
3.93081764602298
1.77488427178902
4.01379237911397
3.42816170193558
2.73579370504343
3.80281961536838
4.11534894340707
2.91707181953538
3.72313400230666
4.65551130539278
4.20847212795414
4.57621956177839
2.82339926855843
4.76328692068525
5.19603911605753
3.72133977392536
3.18941489556774
6.7767475862243
5.70815613200207
2.78595295456468
4.34705813403742
4.28720375110613
2.80749940788674
1.26145216689458
4.00046599505237
3.48257471492004
2.9369035040402
3.05219673732151
2.94567470902381
5.87609294979876
6.62330574526124
4.10761457081592
2.94418955028738
3.19481533114539
3.41490051748208
2.7826778178913
3.20766302097387
5.49784122222092
5.3233393589452
3.58474759191299
5.18719452584242
2.40166934649672
3.69414910868272
3.64851750184335
1.89188913245945
4.38146103135511
1.96493795776024
4.72048764259122
3.56345264457103
5.60210168299222
1.29189394151037
1.03062993893334
4.41782547983545
3.64968861097373
4.23777262275745
4.05761326541409
3.979194339956
4.93779825571331
2.98086071758504
3.04861411908979
2.17342154639711
2.59717900293766
7.07896951892779
3.51592847465867
2.93984781122528
8.27875688759136
3.80253488584292
3.37197886330387
4.1107351470038
5.0292756672481
1.89292257040344
1.47274790228703
3.69299355881968
1.78830484181163
4.46924710108042
5.04693355225756
4.56879480965155
5.19163413644583
10.6232726282978
0.0214476213133406
5.49791618178834
3.42684522483321
4.37944450563883
5.56008569917893
3.29344532645136
2.13934028465143
7.93684458929856
5.09208219288946
5.46758159194021
0.413293310854521
0.0214476213133406
3.72963415322107
3.81117604360995
2.25886346787958
9.42279978499693
3.13404094869988
1.75043821919388
3.34744910592141
3.31545364422225
8.27555138348336
2.9293101764569
2.58503174614712
3.30801407097318
5.47584152705143
5.58390126313348
3.78257109797492
0.705551495022178
1.45059122560133
6.59366835831739
2.14333438611963
4.1139073595545
3.10424358754152
1.49050880543571
2.99286746240533
1.39026257829152
4.0235433638253
4.52515869965521
4.77485219909974
5.37593491573587
2.74680395237067
3.19814965459369
3.86260829233089
4.64571166396848
4.338219815467
4.68473245045211
6.99781801643112
3.04765670622569
9.60211421787258
4.11751247872749
2.24893409387377
6.51140103759615
5.51127984633173
3.94313208928276
2.71180587303548
2.97575353405723
4.79182842001103
1.00424419509357
3.32297096796771
1.80235677687596
5.97333955694601
4.87126085631873
5.53147861566295
3.14372619026903
3.38595446846334
2.8855255951181
5.24474057246391
5.18159575121242
7.69268198403257
5.6490616097488
4.30849714121762
2.5353510102307
4.53557418592368
5.25601413568731
2.02793581112536
7.24621393360503
3.5565747540937
4.18691263572804
5.0153599262955
4.24508529003415
2.83173913702018
2.54376818533725
4.94653229243352
3.90808338315304
5.68037516738496
3.89347993961181
2.37670556016091
4.75102954771474
3.91746932079207
2.6896609349759
7.3635976772259
2.28957847657944
2.90923404867204
4.55421464094149
3.37364782315025
6.93578038847342
3.19835527657018
1.83585745043424
5.29231160287361
4.61407015595627
4.12971187387359
0.0214476213133406
6.05185545335421
4.39249862336798
4.60684050094729
4.94326112072996
2.63310260068325
2.97760362451141
4.41049685525611
3.61595057282617
1.40974036135682
1.54648673887093
2.17318929543486
3.19333443908065
3.92519573257482
1.92473499188016
3.07056979116644
3.44702118032161
3.08246179591315
4.15138678644985
3.27125255057438
3.80551618614459
2.91221532328066
5.92683157223912
5.18243221724132
1.98528809953269
8.46966098687977
0.532984480880977
1.26137195622782
2.45864423993276
5.04031628207476
2.93625541189319
4.59211668314603
3.55893820616975
5.02523214969776
6.70995355544805
3.22917294705155
4.76457735311248
4.49786751005997
4.0677579174689
2.4135830993438
4.36924497681555
5.29047638283949
4.7034781726372
0.896406590746279
2.5008931681657
5.09432211853276
2.43677019476686
3.01192465313697
5.50203921839687
7.54048235907954
7.10221486174662
3.6126797334656
3.04830739197815
6.22034156060436
3.91811833404279
4.551277731542
3.74994296490778
2.48236603938584
4.57342947484638
2.65105192845184
4.71829328330761
6.62221003196527
2.23042924835049
4.97687708396588
3.03268321545894
3.34561465066855
2.07726691396185
3.50941904264533
2.20744041794886
6.41726020201699
3.69796591979046
4.82026175620322
3.40744716593222
0.0214476213133406
0.256770708200349
0.0214476213133406
0.0214476213133406
3.15868908718195
4.67858153469114
3.19286313646949
3.25297046924795
3.07338710780102
3.392220090211
3.38693196201725
1.89301345408628
3.29104674861615
4.19333883392341
11.3187482698556
3.14269980719647
2.56541072941147
2.83969738199252
2.9864775652822
0.848551140368011
3.64657721954511
4.00949425274107
5.2984486330755
8.63837137436923
3.39064495279108
3.95716508483641
1.9773333417748
1.83950913854767
2.57463560757547
4.07237105479294
6.10104641377346
4.3484214949691
4.43807587343732
4.32733345273691
8.70517893075909
2.97249997480103
3.60830174906815
3.53012762705371
4.43222416170484
5.16691633491866
3.37933057244412
1.78898807193778
3.80739810985969
2.44645096021969
4.44533700963602
3.7866020770592
3.66582579372637
12.8100002665095
5.22615921913163
3.4723170149721
2.22749114438446
3.52372223881278
2.77709002216139
6.77988731184029
8.76510058015128
2.83864543560126
5.48410092998185
2.29952740221779
2.7372973953545
1.56528985325202
3.30434941116531
5.66397794496149
4.27879922853902
3.43023584492672
4.33397637972274
2.63693981886786
2.95575268430991
1.65988188275906
3.36184373675424
3.51266826611017
3.2904821473204
5.67731442752261
3.07959988179701
1.8617825790279
5.17488466423182
2.55361729567404
3.0619734408881
3.34815916332246
2.10335269612404
1.93146100334178
4.48302107089364
6.49875887198602
4.98624458383456
4.39547966978717
6.22392094502568
1.95585532192225
5.08338583304348
4.04177266044081
5.74144250480563
3.65020431674969
5.3145062141844
3.32838843665452
1.05499821598804
3.80439050078668
4.50441237154178
2.98134052598394
3.40063377981952
5.17631308351326
5.79981264275097
4.1780224210738
1.21523246643312
2.75074901578053
2.67637293731884
2.80046619931125
5.23524561808548
3.51039157528306
2.35956252361022
4.39797987552371
4.0065769214206
3.00512411236953
3.06458589143772
3.92646010955581
5.99356850157186
4.73377215244345
5.33452434452542
1.32795498852808
4.99083201270718
3.40324637406187
3.66393438049024
3.6131176942045
6.45703905290426
5.41269923552708
3.78023067466783
6.1261906731192
4.44045702750947
4.64267575619713
3.73338816541338
5.43191389623316
4.60879271497322
3.2033867218797
7.00209510955381
2.52307783656454
4.10985106306768
2.64974920783371
6.13161651725083
2.93100037045411
4.52320908178474
7.37484355014067
7.5216172024662
4.99843124997429
5.44027490766964
3.86085877344348
5.83236690809896
3.59639676414488
5.24088644255954
7.11714006424743
4.36149819378105
5.11098656451354
3.23707699219811
2.01427838420164
4.20011017712208
3.5441079664157
4.07131813171766
1.73373366703122
8.78745915617626
1.83956121995618
2.3564164999841
4.64808149463752
4.85958199787115
3.00693942536307
4.80201923599038
4.38791165582778
2.0746452991277
5.82376122054487
3.79401597237739
4.0843294532224
1.82523571605756
2.63189910902669
2.72789118052448
1.96916793751127
2.54511359159795
3.92688694887159
3.57688228073245
2.95959497581149
2.11962533320517
4.11397511014079
2.97052094276322
3.82643884386217
6.17116794810603
5.09572515357694
1.25777759469352
2.06685317796047
4.4354649498584
4.09002137393138
6.31585582427617
4.52999490955473
5.66094507972251
2.09465265755191
3.1575289340914
3.0559725936991
3.80612942917278
8.74668128939739
5.32081432967703
5.66913513524303
4.31664073952979
5.55742145128099
4.7100835635308
4.33945416850985
4.95404846829587
2.99570676156808
5.01834989148887
3.90675095473408
7.61336600165664
1.7086920946142
5.55819974148003
4.45283772196318
6.0981621769532
5.37278883314333
2.86528178158248
1.70520038515825
2.79419609354895
4.33121989726687
1.17409372480371
2.17965342737867
1.11464453640563
3.98703983975044
3.18622742335158
3.75963786640383
4.02227835657802
5.6953910456454
1.95288821212094
2.0544460331854
4.28948542526354
2.60749552033461
4.04039281700517
2.72225097539222
4.76859231027751
4.37392945965096
3.97078960712785
2.53298967374512
5.35397885965861
2.87361180560156
3.87926543430032
1.90436423917189
2.3680888991748
1.86723039673483
5.53006751454903
3.17751955401676
2.89202016887877
3.85607393006855
4.69427344959619
2.42323401060787
5.46023110527542
2.80972829971683
4.32061558636039
3.3914049712362
2.87224794216781
3.93429438146368
3.40770093650723
4.17344898876469
3.54987192269491
1.88951644606866
4.20215499120188
4.71164129777893
4.13313166517096
3.12382815902964
3.5291994253757
3.55233000979717
4.14195378010086
3.28984469678715
2.4249820342433
3.79974493547636
4.83071306597942
5.10374896497408
5.01920053966879
2.25613923917319
3.85592911660698
4.65942486826004
3.96246180127209
3.55747806498941
4.42723521314269
3.35255730766241
4.74765515749316
2.64481375929967
5.18377099705197
2.95755970485174
3.46746454016588
2.85283639748714
5.98104383782704
2.90351483243812
3.67642766533334
2.71073495130803
4.11081600706505
3.55356359018181
2.48687743882175
7.2920126632799
2.54124456348691
6.42359935175336
2.27959778306011
6.28977657583387
2.56556801170486
5.10430012101135
5.01936419606643
8.39193526283212
3.2907894927823
6.86604940645266
5.55829970334002
3.78597736959547
7.56550191232628
6.15627983043028
6.89896773325855
2.80239469125545
5.17555729810885
3.76944108274114
4.02783857748356
2.15838299252616
3.45573088742427
5.20228091638625
6.97033445062391
6.87031089176983
2.37875374894222
3.2356755538
1.307763704394
3.83012385220452
6.60013420114123
9.0677636892387
3.25052383045701
3.96385695869102
1.69078144509755
3.6354253141388
3.00902992706311
4.29084924643177
5.48142670515337
3.73112715494272
3.26481656836842
4.37521993139118
2.22714704448962
3.38145258039459
2.99183508370432
5.89746317381868
3.43889505827102
6.72028458778919
4.56666075827657
3.50100036626288
4.9699622090677
4.57439683113361
2.30716843740864
6.02168624098252
0.93471620855248
1.09560012365568
5.5470415218318
4.55768143650801
3.64146385802606
3.45461007511124
2.19758849588538
7.33410316893885
3.12237674031321
6.37268767516845
3.90857514148066
7.06652848824664
3.50361386564641
6.86158815025907
3.12377414721732
7.1463269247819
5.15170232807004
3.05496971579499
4.94863830696624
3.30784235032219
4.09557873497209
3.93625331491822
4.18455798421659
4.53745382203912
2.30158107916407
5.2014442148826
0.957319893800973
1.18344850367435
8.06870584552412
2.78893518942478
3.01500283094431
9.02325316223231
3.04847997927515
1.84575426847312
4.84709641517219
4.00775113642005
5.42135232574279
2.32682111874389
3.06037103655186
2.10109760917087
5.56204591362812
3.56987956553491
4.07124332411017
2.65492475022688
2.13788321846934
3.26426349595125
2.05280944616646
3.09454581795827
3.41429654050789
8.01020346532491
3.19523396962282
2.68073229525007
3.29184462585587
4.64906296561212
8.33985400679972
10.132480540414
5.57466232973683
8.09020702539392
6.18116914140081
4.12934686900396
6.38745316545791
1.46562639769593
1.79894352607345
6.85995582293392
3.49214345973421
4.1293976327679
6.34472069494024
7.60365005187016
3.4282868872653
3.61363005647948
2.27280355721229
5.4488184322455
3.75167416808194
4.02983506829475
3.01797634995806
2.94703723090581
4.4422546368646
6.7329828067634
3.30653305386077
7.04689101019363
1.90081176669571
5.10609015265177
2.564987567296
2.91100364074364
3.7228789694626
2.60705360337147
5.3694837835122
2.49419755716444
4.58162475844075
6.72236516802497
4.31450986510072
5.6822482268924
3.46551202511819
3.8932841747411
5.21713370490294
6.47584043142983
3.9301274944096
2.12162356166733
4.78410621066404
3.41560882687926
3.15941414814048
3.51478401369567
6.97670350896927
2.65036521411763
2.75608358682778
2.21288385710258
5.9800259062192
4.21900808541272
3.58121189120965
3.93721056877443
4.33522460882216
6.39844629297176
4.93341229019449
5.47300012706729
1.30885707979413
6.12077061540033
3.77216219606808
3.96702385235884
3.08883268168983
4.64455451525032
2.61078167698294
3.53308947437425
5.12609290738851
3.31174882768071
6.30114318968887
5.67028501876246
3.01902007581599
2.83745901200678
5.40915692996986
6.6366634211182
4.11180213618418
2.41260712351993
2.53692022385083
1.81994258741041
1.68143445271609
4.31961296579083
2.59611584335671
4.43253945330882
6.43256129179045
2.25420291648373
6.06681250807071
5.59460896705195
2.05203116702421
6.24393707014673
5.17235605506445
6.09819572716717
5.90592289836391
3.93312235351829
4.61413352512367
1.86123717530263
5.53555905786978
2.67293910463995
2.48436218368199
1.14573252696617
3.79649731875248
2.95306453707782
4.45748505334805
4.96390979379412
8.00188672901691
7.05047702001799
4.48340362066849
2.0845858826086
7.2470183631668
3.40158115460674
3.72685581847405
3.66529660668406
6.63700384161037
2.83572470594331
5.8503668306143
3.36997510631802
4.12541430674336
5.52645479323141
2.39717460582052
1.94726790485829
4.1091575732511
2.32400012608813
5.88663872413229
3.7588582846886
2.95911119990133
2.44672284243005
1.47500526896763
2.11216775455075
3.73727133068791
3.93247845987424
4.01685856907772
5.03363767237417
3.8827298031138
1.44366186678552
3.98228520751819
2.98910206461361
3.38226904004188
3.84125589110797
2.02618274169689
2.23366347043821
5.94220770724313
3.9156826139009
2.14545229664868
5.62269368279861
3.9891093201881
4.86165732241092
3.10330067246748
7.10245197404956
5.12796746418937
7.41300734053896
4.3377631098783
5.0421660932599
4.15287907687749
2.34751004285683
10.46096115018
5.15936023295394
3.06061903763531
3.77302243169194
3.14516948395898
4.25410499754394
4.89581735831332
4.07208670599076
5.17566011072413
3.16822441496066
5.01229327706674
3.3524143964309
5.57532429798894
6.89923341691203
4.11971970846241
2.52330976870743
6.14133574411578
5.86469310955343
3.61254017684911
8.34381022729875
2.06932437579087
5.39062856671954
5.72776259804059
3.35119385237251
1.99045335966743
5.1169662430365
4.97849890753922
6.4665116212037
0.0214476213133406
3.49056326223921
2.75297873024269
2.62695232454108
3.35673440247989
4.89654440001847
2.4865447834349
2.52200892395653
7.26702117346604
3.54183556525645
3.83211808817264
7.77770925615431
7.50902942056215
2.05001874877958
3.1651297226577
5.02986788812336
2.18745043248279
6.45005213497746
2.721530458573
10.2537445245078
3.33987407495311
3.38086585150296
5.00141102954799
2.10003862692703
5.86504558505017
1.80750659262483
5.08108903251545
4.3192436621133
5.37942591822756
2.49237136567149
4.58680113733034
4.33335762920696
4.48390957397761
3.23785495084882
4.95246566044141
3.28812498975681
3.77043497058818
4.56083834387021
5.09168094315361
2.43549817076498
2.45924446287166
3.3322138424677
3.17356909117628
1.89621646637648
5.70377613574341
1.19704583123693
2.36376372673765
3.45511124796301
6.84870198761639
2.76125896470349
1.89118201232047
4.87159469320366
2.07655547111179
4.2088604194757
5.74823144325636
1.83899583927865
5.80194146454066
2.87990322106314
4.84389696767407
6.82359936061899
3.27498436243867
2.26456938847822
5.5011687591795
6.04853686368514
3.76907631559214
5.8021192517956
3.06970306788618
2.35301821368206
3.58060397662189
7.21293275713068
7.42034061376212
4.82489975799147
1.91843965820488
5.52762183829829
3.9917870056899
6.0239603710902
2.96661998387538
4.08222956999615
4.68219643977112
8.36011507885777
3.22258526595743
3.4158294013425
6.20321238807824
4.90529695110589
2.6622016648206
3.78852675751725
5.65126397916036
1.36065842060888
3.64091227717112
2.70081798864941
5.24081743452267
10.2879735153436
3.69186629530801
4.97943605472273
3.46741697884877
2.37994772001576
5.60017200627486
2.07846312339987
4.14877688963892
5.99049855145781
5.97018096201055
4.99198095270593
3.63743992213392
3.55044931718502
3.19436213550719
2.18056200884524
3.35126139649271
2.99622019756947
7.39874245874495
2.36569550366801
3.07431333547212
3.79442968081291
2.31066504601101
2.01685389254765
2.51761513817605
1.95157919738642
2.5223315824382
3.49784112123139
3.25966344251637
2.73080164392865
0.863918559130145
4.28260650686004
3.54351566577868
5.23989585402744
3.94855111845469
2.68501577172998
5.64903377632344
5.62039843422965
6.8720423300584
2.33813089087404
4.8923183747787
2.70560202669131
3.05955677034275
1.25473794347576
3.78628817262629
4.07991014285111
5.03615182560914
5.9610508360893
5.3801677630023
3.16644034979433
3.47072010322864
7.23680451363735
3.00510447809792
4.39091597158472
7.96620376399388
2.9928723575877
5.21745504245039
3.29300348923762
5.17568462123662
3.95748017670315
6.25019103051797
4.09356330997392
3.02496540932329
3.9853954304653
4.87175893260625
1.97341256831924
1.90563301284916
4.37741692931887
7.85100745003968
3.53816349017346
3.9613448471243
2.43538733637596
1.92682800708144
2.23544900895415
5.48616424486492
5.14015354270299
6.1845836617358
4.7204502317104
6.37279247437309
2.56028955127057
5.45605960023802
4.1698627502914
5.26661164632153
4.03447366494088
1.71904235943114
2.72230938092578
6.20318578623192
3.09457434985419
3.13748615956464
4.37171195602393
5.76102202593292
6.32366079849537
3.45361879452936
4.57823047180287
0.673608247684615
5.59078230981811
3.67569561340368
2.604538039988
4.09205854375541
5.48650384821925
5.55644497939978
4.43261655391134
3.44049158921524
2.46564629956222
2.66161576044585
9.53706416622343
7.85381175559465
5.47663674523135
6.52526097525348
5.91421419782712
1.97402276592772
5.00061001783048
5.08219106993467
4.77042707973046
2.8823020540222
2.46610303596197
3.44338282282598
4.66203540128588
4.12876796436771
2.48576073599571
4.51843316979265
4.4126212531388
2.33824513483921
0.470661044694221
4.74742428123236
4.90933553629364
4.31191168656224
2.80909247253457
4.35148642279333
3.58344165851605
7.51251162700917
4.2554647842565
3.00500249995374
4.47007907180102
3.26244176938871
8.34282209731949
3.44852910418585
1.77622208962248
3.60413496649228
0.532807119197782
1.32403483839566
2.53377728653886
2.30275880833498
3.42960507080404
3.11059918269856
4.24738937534358
2.7461230352953
5.19705803684329
3.51356927667105
4.34809361976957
3.25436697748495
4.89571304092211
4.57683247151506
3.4787282422412
2.36779463370068
3.73585790843225
6.59331490778196
3.60318426910584
3.94959914209045
5.14192209473046
5.54861080328117
3.86566322124674
3.36091194020681
9.64066113407062
8.95973226311153
6.83012581973013
4.93625232557681
7.27298439076768
5.40525528215688
3.22620584368296
5.23782922932347
3.99763956976324
3.3065995066332
4.13464756655871
8.30733345234918
5.00891480101584
4.43604758254888
2.28127859559245
3.18647018214157
3.28625416764255
8.89457798673074
3.72486405280825
2.46558430942201
4.63859084509336
1.85972475470178
1.28771129513303
2.47498190032592
7.31573238625133
3.27257293659926
4.74415925655365
2.89057839974848
4.87253913428143
5.70278846696636
2.04582710517567
3.9860324123561
6.1503813168428
5.10285030833902
0.0214476213133406
2.9671986418043
4.51075043425666
3.14457993802985
4.51556362587901
9.86537887574299
3.83654410555152
2.24183511668205
8.14656700520409
5.30351308794744
3.40749841835193
3.46407345085363
6.09259834714699
4.11283299524996
2.85648863307661
2.96138230920363
4.43339564870303
6.43699945672468
2.43078692182735
1.8802161911426
3.59335650355704
5.2240641819335
2.6929908665756
4.82631494568153
2.84444227255879
4.47486681813954
2.07702417121299
2.32876066619811
7.5189310208803
3.00629752574172
3.34118142888057
2.62004278312843
3.03431478331039
7.11066327065022
9.27929046694236
3.02305986991744
3.9884068575434
2.27035232914636
5.57377791487977
4.74480020683373
3.74082068077223
7.11391168087018
1.15565492522052
1.8733119977753
3.65945540836671
1.26598598655397
3.25093221942078
6.06705257839587
6.26423361708775
4.49574633437705
2.37486168967658
6.09179167017932
2.53000169811465
4.82935127803849
2.45676200476546
2.26198940360761
1.99788108016443
6.68072785397209
5.3847066562937
3.8523019131309
7.04703317043314
4.34059632166826
5.62569006633363
0.0214476213133406
2.41309232645075
2.86827040844693
4.93964476274603
4.42088782318676
2.80200892059888
6.28754758058956
2.40468512857774
2.54717230687532
5.61108626052927
6.23714249792355
4.45573662972268
5.61526165564134
3.16455820965646
1.83035146743691
5.58996484812251
5.40662278772719
3.73845056679487
4.22397404889947
8.62751394922109
6.2042385313411
2.83316504289678
4.19616899329151
3.17448831863162
8.22620780869246
2.25509739511412
2.84133148996335
2.04432199461412
1.84991854461471
3.05379924993661
6.22026540599074
2.20860271142073
1.73392818851889
1.96197420161326
1.88926491250816
6.02880259641779
3.69910396920322
2.28808469096942
4.4539572474722
5.14470898740042
2.31731397978577
3.1682496978371
3.10406990881135
4.10861381376708
3.46054379094052
6.06198999627238
3.27108000933089
3.39989761199101
4.09983699064846
5.7280796387893
12.6773653269498
3.97166311406979
3.89962358649631
4.25176948956286
4.50064409601913
5.4023845900632
8.030557288218
3.63722093901412
2.85304688835264
2.72924600773916
4.37431235277934
2.27831421136926
3.51732357243239
6.75458763946454
4.1260760008507
4.85573949125869
3.79455876804028
6.07128095494103
7.90785883643957
4.60806821013426
4.30064974293159
4.66025903220705
4.45614227721436
1.88861262470808
5.64679121703493
2.80181895358548
5.25018238532626
1.79838559285396
3.19178861717082
4.12270379414573
3.8784335677008
2.48410590673804
3.14594231011454
3.42701140050472
3.30442523293107
3.52932333199855
5.8194903848576
4.57242004578065
4.02354162645713
4.04258484611402
5.11493562633397
2.97198713942369
3.09738737476518
4.65108785901655
4.20807334769492
2.5173368425893
3.58735813953027
4.90425970287956
4.38919424538539
2.94409556524284
3.33566806050172
5.31014055051983
3.12187171494355
2.94783895244553
6.47345934666123
5.44762843872136
6.32207991558926
4.75533264157127
4.76737260666522
3.13144393285526
6.19605770723013
6.44337164814304
2.67598395757819
0.0214476213133406
5.42392454829461
2.4551532665597
6.73313541324013
3.88239879389261
7.1059251498991
3.19225545397518
3.21350572848549
3.58582917628478
2.50734694106406
1.84121642961151
3.13633529124592
6.15230617697036
5.62122581674192
3.25026289698426
3.86555545616434
3.56743297691463
5.6945824513773
2.30535567629679
6.2361693256357
0.633142484420659
8.24546818641051
4.06036168833934
3.4998257485693
3.07074432145867
3.23763125816683
5.37863117858241
4.36576686793843
5.65215358062256
3.37920773352473
4.90657143619105
4.55573405729142
1.33389867148467
7.0329882670004
3.91209997724135
4.57602804910214
3.27921832549558
2.43177261852604
6.00073512670403
2.82361030827808
2.6146975411826
1.04458207542978
1.73887313483958
3.95841666198821
4.76007638800576
1.83077061520083
3.71700883658489
3.27818388190802
3.29843248566797
5.76861713308947
2.99294427484325
0.0214476213133406
2.28559845854506
6.06722392805802
3.88719343527843
4.53676356795623
5.73571342858802
6.46973602032815
3.30500413209054
4.09393208796962
1.15878496283727
1.04041692575549
3.25745808130149
4.08229688437907
3.19728010011309
4.98604470122946
2.78476660085976
2.23021755834502
3.33465436908328
4.43854119761274
2.56089309795575
2.74998181166138
4.20573289444571
7.18898939195556
6.97592870054156
4.53382222240018
1.65026941711213
4.76270883830273
4.24157708824062
5.1776348577205
2.21417297320154
4.19032816116466
3.15360899253544
4.4970363830235
7.96679062552952
3.07324551935897
8.43871041404839
4.18226221812729
1.21534078049393
2.94361152130386
4.17369631083863
2.81972593748095
3.67323028609379
3.40764675565363
4.66388907627166
3.71105226723571
6.04824373157181
6.25003700600567
6.3744585267579
3.52090395182097
4.42505958004163
7.20496472947036
5.72915267928116
4.78543201432697
6.63257356571142
2.80694828938451
5.76563564728813
5.55982740126312
7.90023493119189
4.47624122587745
7.28553579514946
3.23411902468902
3.35673732440943
4.72141577563071
4.51179639110211
4.53212337971961
4.44443493883338
2.78782326013762
2.76827912758199
3.57101440399806
2.65448526391145
7.9690977183103
0.963491832687432
1.20617911793898
9.2961646207563
2.1039559659571
2.933319134259
7.22537290018261
4.89010410833268
5.59358113481345
3.87149493507424
2.46870521327701
1.9191353689955
0.874843825440266
8.68891995581713
5.55080195419312
7.84124263112128
2.11355862476957
2.35037803675887
6.66061491772637
4.16623231412888
2.38731771853332
6.87472817575742
4.78185198249386
4.20321816921124
7.21083021452717
3.74283481434605
4.0815694755222
4.6053990151568
4.2915935794187
3.95471800539538
5.00874709869956
5.37514254340109
4.17923672438892
2.87476527516394
5.21472715255555
5.79533987015826
2.01958906001118
8.87391428971437
6.01216911377986
5.20819333770368
5.53627671426399
5.28789332368067
2.60419383261779
3.79019087941009
6.23653729364252
8.86234725990657
1.74326556298267
3.34408681966346
7.73350615840078
7.08369380754219
4.73461990564301
5.95168888517923
4.91067320287896
3.62253414742192
4.54729428469232
3.03746287082994
4.2480765555039
4.58071901445833
4.78541931252237
4.26297974559324
4.36607893000486
1.97221567507947
8.74399831056138
5.41697761492531
5.20505049554037
3.78590732696478
3.92264609649129
4.26295585235445
1.8483358536217
3.65520715640714
5.90109641611055
3.78282039887857
3.24205420711144
3.34711587401896
3.77148560760922
2.4982050809766
6.59310460579277
1.88463751475076
3.20224761818268
4.83718172901488
5.71681030783891
2.74547284802721
2.49606968037893
6.86550514523112
5.49115464804555
6.02368396429226
2.74991467191551
4.17337577396788
5.3616048404489
3.23268816413935
4.17284290212447
3.94645728182931
6.73393887563339
3.81431621655326
6.69562507734663
6.15269754166844
3.92208089125339
1.54298022738802
0.0214476213133406
6.28886911738396
4.57656820649138
1.25548037455997
6.91152146772682
2.30948394844401
2.48199088196181
3.33250681708593
6.26172848366156
4.18702208367318
8.98259733093065
3.51647367946043
6.47050298575088
2.34150363550352
3.24453042950775
4.43300538974335
6.0951150572702
6.40901542758951
4.4225368515569
8.07109371904314
3.49681352256176
1.7796502024879
2.08791816953784
3.92301784649887
2.92924349044098
4.01853313345966
5.7429946778187
6.34792391125006
7.21698470234086
5.27226821876418
6.09280739076387
3.54942892344928
4.47823895172935
2.82411925742289
2.03378970673459
4.75812318373471
2.43967823155862
3.44650857035095
7.18295080071099
2.92238337932186
3.86315131777028
2.99136116748186
5.89333430354293
4.90862117559779
7.749318943598
2.54008504863281
4.68676612854421
6.06327220852863
5.6102180572408
7.68034985086843
4.50287136426163
3.63064423904515
3.33790069819989
3.42442240268433
1.8350690596322
3.26604670521303
2.59330751603194
5.08021465327144
3.52186299291946
2.77779220477371
4.37004479457504
2.08198560484805
3.81629365209888
5.70359556839761
3.399136777125
2.75414130984359
1.31336470733755
4.29904942957207
2.46554225036281
5.35079504912235
7.42412723481666
2.08752030362396
4.50301335924977
2.01254213633399
4.12997426683682
1.69808248214981
2.39546868201865
2.00983701941402
6.84862066548159
2.14436297568926
3.02815728168916
2.48607428401022
4.10902031899906
4.19676425368359
4.08244333378748
4.68207272776484
2.70205636566673
6.03919272723692
2.63345870860101
1.56355778398113
3.63195261338481
3.20872903972868
5.09447887557203
4.39632439372758
3.91660217426784
2.84623841839608
5.32088200642562
1.00570700551495
2.21449904499507
3.86710878669998
3.40643208856808
3.22555015712062
5.07157664741259
3.24885681100841
3.12358485688722
5.68388169718709
5.25349284219377
3.71227297145815
1.90295339480348
4.54165716639169
4.07480458723643
3.87026385434672
5.10676844921058
2.79564660051849
3.0634503321818
4.29077138247752
2.85309065948047
3.72121959564348
2.24984777363253
4.35859994419634
3.56827434984431
4.37595609581861
5.82433312954153
4.35573987796881
4.47847667835147
5.26380160413288
5.61643058217122
5.27677141902891
2.26939696856614
2.96525754148324
1.2715202465772
3.59557987885709
1.03421779271735
2.35520768674689
3.68533447600503
5.19529906632829
4.5238280374142
4.19175795016183
2.92687621475555
5.11659554648646
2.71746410761367
1.85100356694733
4.07514757711938
2.75852309331362
3.94313390616511
5.83727633940502
4.14295732001589
4.90560704521181
4.5325582445991
4.60371722891624
3.72886357043346
3.21178014969896
3.4694877519507
4.3357297010078
4.35097013189003
5.22272502531068
2.92598197184427
4.60189726721639
4.80818529209683
3.10450767895438
2.48072335800747
3.07213422933551
1.41261748220674
3.07202370625954
2.43628399125696
8.36633357112511
7.82069875157276
5.2690206998561
1.81114126254014
4.3953908589862
3.25584119575826
4.04275684676619
5.05602400914485
6.23513163766702
0.872543662553862
5.55689651102425
2.96389515313902
3.6858341299322
3.11710723824975
3.10053136743067
1.53857393524178
3.04287266677197
6.42921928820581
5.72875774703823
3.90526546435556
3.63903895973528
4.96979704306514
5.27998484147815
3.29835069460072
1.55579247990374
0.541636271958904
3.4322435766275
2.51183891917833
4.5129753370883
3.32890965260721
4.51113978094121
4.62010246068847
4.13780308383391
2.70909169135014
6.20667758443727
5.70185180250538
2.48570739161037
2.50168377080832
0.706809544574983
2.24648321354069
3.7548109939521
4.79718944669544
3.48500018316546
3.14204339710262
1.90582294222008
4.25033209829768
4.13545354990391
5.25916538611709
4.17892938979162
3.50657489053188
2.38618172739847
6.1181666829238
5.06306204730426
2.92229227912823
0.986401106156093
1.51455735768378
4.95435634945023
2.31379277609546
2.68031753837271
5.15481669113577
4.76083997380391
5.03769079978307
4.00796848135129
2.5371509955018
3.07743909881236
3.38036754673414
4.36155968767396
2.74786067797217
3.03942434402185
5.01229124439687
2.89154680803693
1.42746263320755
3.98544495597496
3.2851361383784
5.17979284169591
1.79468169420927
2.92341614337991
1.34894033255213
1.63344449922631
4.91783795267859
3.16028917861958
3.98080498759775
2.82399324960395
5.73670346566692
2.59951212379332
3.42196455848122
1.8328525958766
4.31713718983261
1.74172332491354
4.01672194064633
4.39393429348852
3.02348928358658
2.86791710534076
1.76249426194706
3.55250744217976
3.38937592824434
1.35422078925686
1.69603173288815
4.69718354344429
1.34505280264492
2.54605694636175
5.06220315098681
3.21662369728322
7.15715007325008
6.54200985092079
3.25142597180516
4.05501002862646
1.50780901544259
2.23226338298352
4.81397158585639
0.0214476213133406
5.0402674955129
5.60510288681275
2.67788604812907
1.19324848418598
4.38990843293283
5.1829167269323
3.22410525186274
4.71319139950788
3.12059258595172
1.98507196860654
2.22821423524576
1.66036217482401
1.45392901319699
2.13054303459594
2.2850398385298
2.88174819135088
4.65353991452986
5.96824020902168
2.47462067690992
1.34404582953753
5.25139287573939
3.45799584905372
5.25924448678238
1.40663618207784
3.32837413020754
1.88320662356542
5.33624505398173
4.649921751367
0.979532312841013
0.0214476213133406
4.90528670217459
2.14656961318338
6.40623405420045
9.82625676430687
7.19340542451784
4.04808899834068
4.61441881920876
5.29343469176562
4.69441322339509
2.68149969670471
2.60280952733718
3.50141141218107
2.9384727078874
7.34933963269958
4.45233262209293
4.75381102486051
2.9184131451671
4.936289278482
1.36267213183516
3.22602220787167
2.03423527478414
2.75082561969528
3.3749286794418
7.01169856201384
5.28501947343134
3.67654738745958
4.63980639068843
4.81715418954414
8.87300163220518
2.65895718644159
6.63989404632816
3.56051619706217
6.52734151051149
1.74281616883706
5.26987581224168
1.188394589474
7.87209513973907
4.30902512466592
3.86268641739085
2.34461543734519
2.42150862459245
1.08006618710541
0.883848700804294
1.87836578361328
5.76748638198765
2.59406285472181
2.51807143160297
1.97423964329922
1.98005115867817
1.24799878457575
2.99632121776316
4.29183041010639
3.97260690884873
4.48368635340525
4.71525321287047
4.76560910900138
3.04046290846662
2.49018474291057
5.07160308991267
3.10989534008112
5.45870015964779
4.22914959883579
2.82149333486915
3.97999253917768
3.52491065308994
1.76162586669667
5.35533693080807
7.23180072147815
3.83499451000076
5.67395696366682
3.47692840604662
5.59779180619617
6.56107287662596
3.96565159331261
4.74055504127481
4.65735704997178
3.52953849316467
2.76340260420444
2.48216007821599
