H3_JulyAug_Temp_Var_z
2.70761924107999
11.5517060248973
8.18637554894246
4.68981109766973
6.53359090517425
4.62245926762709
4.49007414185267
3.07992374253634
5.38910021969165
4.74604890833252
3.49193523312316
2.52925803753303
4.79524852772262
2.11376054900564
2.12934910853672
4.99326423856422
6.63133009218778
3.74818254504341
4.55589578259779
1.94470554567651
2.33678439251264
2.64558532196938
7.35759553364857
3.11655765649314
4.80168370588756
5.45590175239238
13.9479025895617
5.21441438857825
2.85394875840056
3.25664218719034
2.42227430818354
3.41459285033571
1.09585123322806
5.84130541836284
2.76189688096133
8.7349860486542
2.64496868875772
6.18815319422694
3.05236565428055
3.79185664795766
5.07164843401609
1.58596228917858
7.6714961196457
3.58703063184039
2.81991780279512
2.78820261713525
5.04799577825873
5.14443525457203
3.6600719393144
2.81282217355599
3.3222170906248
2.93496542304701
2.42513175213663
2.98563535737844
1.49187241875551
2.13952829348428
5.6526370288932
1.36786975407031
6.63177405720333
6.02582415063243
6.16739841998882
5.64932791513448
2.99944724574211
6.54519433776796
4.23532690429228
3.77070853901286
3.4921339039779
5.38909805918048
5.42952976422424
3.65368454626413
9.05550796180935
3.3305954822643
5.56192986400021
6.50336593200465
3.21423172479746
5.42419813007499
2.36378406381382
3.49167739707707
5.74661686946285
3.78615569404421
4.46287715000398
3.5703119132879
4.73293054314661
2.83519469673943
2.08989825671918
5.8492138446751
3.79986053702173
5.590561928948
4.44233819436514
4.1669409592697
4.11005902334137
4.0429505360877
2.85065667889962
5.18222737499234
1.88270227458532
2.45331031002173
2.25930254160444
2.77703384687115
3.57440111585097
2.937886813572
3.83335491080286
3.37006531341232
4.86089441172572
4.41632406332809
2.30912570227375
6.87404505759104
2.41181651653638
7.17957782548603
2.57050152388388
2.07266385900977
2.59061398175642
1.05117680840688
3.40690569636226
4.12943477847386
3.25643247427154
1.4194924054613
3.18941867350905
7.95793898625202
4.96845596487695
4.1474494051103
2.18587374384012
3.95903189366054
3.55390712148913
3.03113914353825
3.99882945550477
2.0829546016558
1.66608491065254
2.91104191026554
2.65838764367816
1.7449014464633
6.81164128227988
3.35632054968599
2.08901018347781
3.10934224140568
2.59133863019881
5.95738304548062
3.12116844938132
4.60219252322385
3.9639744049101
1.91836919498498
3.98724740800724
4.89129868108051
3.28575987183225
5.15446791906052
2.58882351615287
4.55751363768402
3.34092997922685
4.34897402066038
3.63596606480525
4.63177133141641
0.00372411776755804
4.19208403549387
4.61846936468161
7.24296207586521
7.74855079990062
3.71103584071608
6.97631193556854
6.42462502843009
1.64351579077671
5.06424207404278
5.56112020077199
7.94728742887413
1.88772637723991
5.72015092257567
4.58959497361294
7.92797908878491
9.51689922838353
5.22949582568186
5.65306124039365
4.61604080887945
3.03067923944184
3.59361262453543
2.6801594925369
2.54117722052018
1.29568692830614
2.54266736990146
2.53384875160349
2.85393746862824
3.29681902660669
1.43070291776973
1.99006174776929
7.66448570007524
1.23768449677343
5.62639617685815
0.526603954267584
1.66470413477193
3.01833319392365
2.43758596816629
6.63369140618986
3.44371191791465
5.07912371000373
3.69594769203268
7.26956666321841
7.20994604908646
2.30710977576605
2.77194671815458
2.86947392203249
4.87233723699156
5.29309252132958
3.90652034128609
3.87874965725487
3.63525222032395
4.73242352676275
7.03223921570174
1.75730508957991
3.91814751557298
2.77021946370903
5.82359576423788
2.36978254130628
4.85353050290647
6.52692703005223
2.65698728970024
3.26241546581266
4.19492260600872
3.32265869264114
5.04104342776161
4.39875351142289
4.66516075009768
3.37794231602735
2.36635338969918
3.49054666090548
3.50050788531667
6.2270715823812
9.10263916154192
1.96541372738242
2.86672902753131
3.00718737483385
1.77530587938345
2.42130741236218
5.71437600572149
5.48550594234779
7.82214208556823
3.97338877893775
5.14544958546043
5.75443692239636
3.78271817446149
4.57645525646084
4.61918039411436
3.64798505183351
4.16073826536998
7.71247334072009
6.82048587728029
4.59437588533064
2.13684063193933
4.41435583398017
2.4725140497867
5.22053809603982
2.68763054977629
2.58520172948103
4.56263060242471
2.33474315728945
4.18817133245415
8.16726539625001
1.50038051976241
4.60228307867675
4.98716318957966
3.70619059045347
3.10682318452543
7.17266726791941
6.51889983105929
3.21353264830327
7.06576125606631
4.17447324004974
2.27771759265574
3.74498365136347
3.15588379969322
5.60111989384182
1.84651743345771
2.11077521880676
2.30014785163101
5.11738372569524
1.56282873915253
2.66553823469028
4.19901344909631
3.46936900330227
1.6444129986995
2.96958015634079
3.04531148032748
2.73057092514088
2.38590428966009
4.09669948687378
4.13368082498109
6.26257894070046
1.43550297769058
4.23477916288425
2.70573292261626
3.93471452946038
1.72886364166131
7.01406343713631
3.01809573880572
4.73612615097595
6.96510572211226
4.79649372237153
2.48894614298167
8.58041354369378
4.07059376325117
4.01460984349719
2.39778663552044
4.43781363377661
4.9947915725851
3.74298632168668
3.81706351882455
4.72946886783512
4.75339934951112
3.3806016316199
4.57800321381583
4.32759408566885
4.34791786126362
3.46958741101192
2.15838862212916
3.11027565407287
2.67395377778964
3.26864863210907
4.48496904801601
2.41590594553439
3.23233753831352
5.4591977082006
4.03091598520531
6.03918391394456
3.27884686682555
2.85750659443059
3.83117105944816
3.55971255098905
0.659532242801637
5.05433244759195
1.91098795461785
1.89942757056713
4.48060970617854
3.02402689515377
3.30675463995848
3.32419005579191
4.12700428878287
3.23094954286316
2.24511749274849
3.08659207771918
4.10440414661468
4.1535536183777
1.84356312798891
2.65750499704067
2.82738661954156
3.48011756088917
4.0513019211928
5.3596862699761
1.87589956407509
2.65024256756895
1.88826424488604
3.56877996438698
4.0576974768495
1.18640894468244
2.86247840569985
5.62025005454877
2.77919287078903
3.45964022369217
7.15490469362897
6.98957503090917
6.36457547594642
8.45953278723328
1.57843817267452
4.72733052392045
3.71833089277236
3.51696993625443
4.23847882862322
7.43508301812016
2.74949484697003
7.72043169819061
3.31278482864594
2.15853049939525
6.4913960401069
6.42844697586438
3.35836940531096
5.55301156751195
4.82250511520238
4.23625168250915
2.92198983745059
3.97336925966072
3.51889321016549
4.40466928303698
6.12654427997524
6.19108408634174
5.19368022780617
0.925677606349186
0.206120860209264
0.319555798597882
0.341199455875986
0.583560980738262
0.216362688994728
5.0620159912711
4.7196266965508
0.344297517815461
8.69514660896265
3.78380139497337
1.32621029907214
5.9547510416879
3.32624399893071
1.73808784736551
5.4891827844454
1.66836466602043
4.41745115461402
2.51228941045179
3.56943427553572
7.36081601202121
12.9067086382088
3.72707076907273
4.14147217129721
5.31540469697649
2.40789035084086
3.09674268598719
6.9700409940201
5.32634621352714
3.26007860361076
4.21632055891458
4.31417954989787
5.45632117663596
10.5014125325022
2.97410257880119
1.58842284462974
1.90490975398676
4.32368595302562
3.40960261114068
5.26974574387734
3.84510700677452
1.96630728462071
4.06906255826551
6.31536745916226
3.93439376219401
2.91264392007411
4.96220920978716
0.582013731832328
3.28270911367199
3.46801137684515
5.4263806992302
5.05907411389475
1.35534672738425
4.10378603096634
3.38382118548889
2.92399016458169
2.63301974415694
4.62318406846773
4.21171023590075
3.94377589883762
4.21550341185598
4.6932666887526
3.3507683031314
3.72400504733504
6.91117076864514
4.30408600492965
3.80987670104094
4.91171792760353
4.90458283040812
2.47125431696044
3.28885511697142
8.07562093046127
10.991853502104
2.43869062713564
4.11946744553824
8.45759947819644
1.93768387100259
5.44433217042747
5.23778361281928
7.16589356272213
8.41085267581711
5.41125916007416
6.05213110335707
8.57209649555367
3.25737809592664
1.88399782324742
1.90088306435495
3.61860024716555
0.14162944008755
0.572819790307658
6.60171484476401
5.88398709384235
1.38561887250319
0.60654022422582
3.42765316495176
1.38981438138468
3.0228785336325
5.45029216682202
1.18560756839572
5.52890371340654
3.38902689037235
3.01705855048713
4.96662138906096
8.37757500790018
3.23187566608003
5.11310942403076
8.48861926414217
4.39379488913951
0.00372411776755804
0.12329437033705
0.301647698617062
0.331876209275469
0.00372411776755804
4.50481561874372
4.7701276153508
4.69445848277877
2.82977969797144
5.7856268184539
3.01582378044424
3.57545706817812
4.78262865523348
6.42668607773755
9.7583736924508
3.71467198320574
3.31347548034307
6.73013113154573
3.01959884665937
3.21315650553515
6.39956284244763
5.05935196208377
6.17254079143102
4.45915404331975
4.3895928293772
6.12533928062052
5.24343429462587
2.27707730788006
7.77277188109786
3.92139673833556
6.15179103525041
2.18870062022227
5.03747483529678
1.78354492907621
5.00205093093698
2.91640840389063
5.32879377798839
7.85833166997176
6.01426514972309
3.1712587568648
0.526603954267584
6.39099568302244
5.15593421934633
3.14750089779259
8.61448799559921
1.1059621525637
3.20273204643707
12.1437307071811
3.32690750954888
5.04429533029509
3.77630768349016
2.00894102634148
2.15869847025134
2.53423146106163
2.74764647659471
4.81938487391967
4.85902456759416
4.461990672237
3.06908468502641
6.4729175395004
4.31675999781647
7.53280883615777
4.61483349221978
5.44692919113358
3.46638995595196
5.58153344221517
1.74718805577435
2.20918142182079
6.31725461791858
6.39875546630987
3.10842180150881
3.53343405049288
3.77667988585757
4.74036529946683
1.58720045404019
5.1415417158827
5.392085603644
2.86601787403328
6.31682906491796
5.71261517206583
2.98186421862371
3.52289973373569
4.9235229520172
3.38882274148364
4.45498854970502
4.15314012252732
3.55524889527131
2.79950549207314
2.87734232471611
3.03780863623728
3.33667208309667
6.07701628183908
10.1716218847936
2.48009527916167
3.81269188692138
4.26440824658418
9.64293809503526
4.7054167432156
2.58968500914846
6.50328249308278
2.45735323832537
1.85347105538388
3.94572153493042
4.19706856779442
7.37983191070621
4.49336196816864
2.93418260406708
5.92045676001071
3.55851702358876
3.68041501334076
3.50491833472492
2.02845650313415
4.87711320604143
4.04540961620901
2.8375299959287
3.3647961905225
3.01503771285659
3.53174612491469
6.67313366866707
4.10507683139355
5.65034519200319
5.08658020891203
3.23527261112695
3.53758725178781
3.2749445555381
4.02340368928403
4.49226048821428
3.16563651338526
1.57179293545071
4.28660514144874
3.55799830447304
2.98731911598219
2.25655471002739
1.4967548222452
5.53735115789968
3.71494974096621
6.29949921282245
3.79805696754674
7.5918712893986
4.88955779572225
8.73568993633944
1.36985874171437
3.36423191289603
4.48084159081883
3.97968347650009
2.5430093938221
3.35380842055658
4.25116297871399
4.21034044121075
3.32254562235826
3.94231233629444
8.94132036537737
5.78277658904219
3.47316892319818
2.65671153891435
3.62272129779823
2.66548205015048
2.81592818728162
7.29660431589048
3.03634392368666
5.49795972181187
4.2521164178736
6.24792759310581
2.59277897033204
5.35179117712122
7.73607910010349
4.88516046426217
1.98372873870957
10.9042822280266
3.88903581107833
3.00398263266342
2.33409003791149
5.56457498204582
6.7686320283083
3.63624579282887
6.95619912650743
8.00072306457198
8.84173572757337
5.6941749473308
3.64733920652617
2.51067451059103
5.01186081813418
6.75431868229863
5.04132072408441
2.65935021794124
3.45146017504096
4.70513890001337
4.81991835320238
2.97200825613541
2.27429380032434
3.49169383852371
9.32067519356682
2.6270469141934
4.51684336178957
6.07343771453987
4.69196508145207
7.80872453245192
2.64774610192048
3.56116683366714
4.36781881007598
9.21559053798484
5.47651529862518
2.58688327786957
10.0466607747274
5.05848364309187
2.45294007945726
2.47892221985657
7.20447826829799
3.78722970666363
3.33746072041767
4.43405988980587
2.88972455879351
5.83889399910843
7.99793625351031
2.70560097178235
4.41287953880431
3.8304284490201
2.96442515008688
4.0191892437484
5.94355760557425
9.73796380836592
4.1443590767672
4.3075826031565
2.51083293640448
6.89108597323308
10.4065424688656
7.72450804961725
3.98172828796531
3.64916444863972
2.55947711975984
5.89099125264837
6.40394230217402
1.74523881696552
4.87127613378247
4.07664686829355
3.94940677177486
5.06648192631573
7.77345757947108
4.70430850022192
4.95542122286392
1.62615062523732
4.06407077776815
4.85286479401739
9.01677180028005
2.54257319371478
3.67888923738173
2.50957919308531
5.65171304880377
8.85340703488948
4.90045466496897
4.61921191770133
6.2031055594157
3.09502850218948
1.86771014378679
3.30445973043329
4.3739155332433
9.62859976597396
2.45040241597747
2.52386343892968
4.38204451007646
5.53320940851323
3.74817263978492
4.28120445574042
7.25396040270169
1.69685520904045
2.64493524653803
3.89728129240014
5.04569725012194
6.95659834301445
2.82630100765255
4.0101475148241
2.88552258952149
6.68883605428728
3.48598717383308
2.63597514535435
6.42814447463975
4.31929112019739
7.19376433195292
6.74130340685262
4.01126517676369
5.73248992364833
4.50028254682981
4.29489464211682
4.54923133982012
4.93867955382138
4.50643524835787
3.33400260212262
4.71684666053885
3.80011848149899
5.57912307689525
6.52335951631496
3.35525544972598
6.03293946758051
10.9894529116989
1.26723566172034
6.68476532893665
2.6467520953305
4.43214109840362
8.50227653661962
1.08946370972025
1.88092682799715
1.44013086289006
0.767781807850366
2.44798974476228
2.60114910893627
2.04916355554494
1.70975584449022
7.51642917595421
5.84852918626358
4.79410631175863
5.06733177966994
8.27091539293679
3.65360830061995
5.96469791597818
5.0045386713872
4.62116197656323
0.526603954267584
1.93053330076498
2.21777344801281
6.41990269393709
7.22884393915278
7.97633423865476
2.17578093942835
7.30209676907502
7.04570352769492
4.92871399611796
4.60866418175768
3.97103856050019
1.5221180028339
5.17695461636381
2.38700894252402
4.8681194766036
4.43189175736789
5.8535824986357
3.80563331006836
3.63234126775935
4.18534629922093
7.62082952302993
3.93408779043941
3.40292907309658
6.05684233421765
4.17334853525057
4.21637617401521
4.27645969849624
4.75403344877206
1.76686979026285
3.82893669714198
3.21330443716025
3.53328546557856
3.15408900985089
3.82312308274083
5.80771495354371
5.89181111273569
5.34746331505891
6.9936720230377
4.23893446254248
6.82849088571586
8.32644838462041
8.71951460045744
5.15107022644345
3.87466644091188
3.38237871187564
3.88062363356377
3.09265492763366
2.39444724723725
4.41825469563306
3.28961857859113
3.92247843620186
6.16945868897985
1.95780731584774
2.52514980607227
2.7181676187038
3.159391694513
2.7182416010341
3.41726812692897
5.03918267348227
4.17537856208684
2.66427089896578
4.25714404178246
2.73586907819107
4.62422334164799
4.32953520490124
3.51663897170942
5.83048679799497
4.35044751980404
0.971303572703881
4.39189807953094
5.39051418271944
2.21602737412322
3.64554636163994
4.50802237232955
4.96793166961251
5.31236737049741
7.09238629225219
5.636568587148
7.92877741932621
5.6494833844368
2.76054836843649
3.84367692915831
7.5473218553612
7.81060678644109
2.05153228930444
2.01525517996414
4.37882463951417
4.02335614054997
3.05681164649801
4.78424026308116
6.56885273839694
4.12330775389607
3.04280847971425
4.71280525734193
4.44722541575687
5.58819505460206
2.7086377626947
1.36136288019235
3.6409627921874
3.02347599523367
1.97309814560389
4.57994102113459
2.83534595011746
9.10005586627225
2.62068985372974
8.35213275482933
3.16575797727239
8.72049840825684
6.31074295378425
4.20927084127234
2.67126474426255
0.526603954267584
2.72672685711669
0.526603954267584
6.96984282946732
8.475115242817
4.03618072909054
2.86300052869463
8.65393692923777
2.70045188045736
1.5783735665881
4.30718554265219
4.2439124833021
3.14785619993282
6.16386034395457
3.52618909530361
3.54255426836816
3.01022253005163
8.31122590093428
3.64922049824925
5.42563990855296
6.45782365536298
1.85052632162935
2.80284212705317
2.38321485336138
2.38010632478169
4.7933866463412
3.5654123899963
0.526603954267584
2.90367281534559
3.55302107057476
1.82711110699296
3.24883556698875
3.55330551525832
5.10653071927845
3.66422050013228
4.92808934151708
2.46186387094685
3.54682867630379
3.40581512697026
0.526603954267584
4.57563242279234
4.93601198741676
2.95635612084375
2.92687627041318
2.73808092255358
7.25448847434728
6.54836940713497
3.71382894978929
5.61127058314348
4.89250460669019
3.39261925826407
3.96994934019506
6.28652106615063
5.07898054655411
5.03258274937762
4.664522730289
6.71364420862986
3.18836414253193
2.64030428714158
4.55437420548316
3.07470643805884
4.3489919225551
6.54090833895013
7.3870371075705
1.43362559146392
3.83522012336071
3.26302091264273
6.45512828131705
0.526603954267584
4.22145918782109
4.82189465289447
3.95285236414675
2.70576409054194
3.06729905039635
5.48937158805867
1.82600103172243
4.49366843170704
2.20701972475036
2.3004379550215
4.57414850779778
4.45038920012236
5.60253317142715
2.57990888107289
4.1699734711902
2.71864397259301
4.76866297727857
2.1376756410062
2.41188932026377
7.58152134354352
3.74818605252703
2.94970687053169
1.99482793312559
8.62674599632037
4.67794271499008
4.92678320779814
3.92685639565736
4.5197721733632
2.19384330242583
4.83644362287405
5.69822788395875
2.46578602644565
5.27918928504668
3.44514030992904
2.0537096012369
4.90835284902867
3.51432586597403
5.07190469096928
5.98467890848691
2.86899262881791
5.62230758095725
2.10571209184466
4.1018470360624
2.4710803818056
3.49110536845991
3.20642773057888
3.32061512858574
2.61425193807774
4.24881266852189
1.89478322191331
4.31479816186091
1.04382675807482
4.94683569544841
2.70892151038899
2.50672634719687
3.78018089625594
3.94023704948585
3.31754107978088
3.64122164522613
4.9065740837513
1.77856714596934
4.44454147074101
3.61481067574917
8.39929561229181
2.20137839552145
12.0701653118462
3.45838288981699
2.78809491621051
6.54369097515199
3.48444211908172
4.56887880194917
3.06085838318531
4.43537854990328
4.06160256051971
6.46820013980583
4.2644732815425
3.77425222497683
3.82105591467708
4.94091105243826
2.92480357510798
1.23456843314595
2.21317854815715
4.4543497159271
2.54735950002978
6.48372224528627
3.24632784227504
2.74248807901105
4.29692226828364
2.83823310185303
2.53418040016599
3.87337611448054
3.258587590352
3.29310872505333
8.04886240936561
4.94707057511138
2.39406622452199
5.38417204328597
4.35494559720735
5.73547216597274
2.32245002448055
1.69418237297289
7.36385653195619
2.83549593740994
4.47727197035525
2.35664358714285
6.4242602950813
3.72744315671864
2.30647993235512
3.262871882292
6.05768240337992
6.08571389577712
1.7771030192449
2.9282781224305
1.38809726535133
3.61131928665223
4.76714040157363
2.01769496687689
6.90619223830127
5.36331177481082
3.68626726278993
4.48995861121688
2.48610967220487
5.13044822073305
3.61395552101447
5.0131838730135
5.93904128304854
4.49576711463663
11.5226488958865
3.19869747720394
5.39782002470057
2.71791147774254
5.8014226156165
6.95613995519823
5.03435249467723
4.90915356594648
6.02200724917958
4.11313816959276
7.61536855982023
2.50084488598323
4.44960784094198
5.27804693622628
2.40807294787209
3.82179481303707
3.8221170829642
2.98709739665174
4.18731195031792
2.01069281615302
3.55944291196192
2.66237716303318
5.10608114530132
5.69025369776146
6.99803819030677
4.74453287215548
5.16559690619823
4.8194327946971
5.10826946705959
5.68408255611701
3.09422237098953
2.59363890541029
6.60271842817612
5.84655156860552
2.84388409260226
5.81961402968884
2.79485068765038
5.64469451437765
4.40185697280115
9.04513695078903
2.89194735967278
3.46009961921342
5.04157928482549
1.90841676954216
3.10983620751368
3.88420028113598
4.19594952027453
3.07102780704185
3.17127006454584
4.36458178641159
2.83779681183528
2.92482110135924
3.54130202275102
3.88137535558467
2.14078707785234
1.84661351774488
2.81591487113558
7.40396915797933
4.30458390396654
5.81716434389612
4.51712230607955
8.34306710357465
4.54369835247468
5.53049186967043
6.33456657964645
2.24997640593873
3.97182672896326
3.67921688800395
2.70514356451996
5.76719984420346
3.63681142316399
1.33852690937205
5.46634287093774
1.95473670037399
4.68798191503394
2.53504726347503
2.64625437110097
4.87333144964372
2.75866891065494
1.1628673689281
3.20264908153746
2.55133357061726
1.96877348281947
5.61049096165143
7.05176974118809
5.59047672634107
4.64015578285234
5.35069061384138
2.23278810085253
3.41992297724686
4.19061144461641
4.94158205642341
4.77538609969916
6.08934272620502
2.89053298213016
2.54807589251519
3.8489532778193
2.18946367859661
4.49735029610836
5.49811079949732
4.51782113181957
4.88587613714144
3.6497093193453
4.74722678160516
7.16622487646877
2.27976090131413
6.13083312256122
7.14275956284763
3.18755393784911
3.88659117489748
2.60515421809622
5.14479998155469
2.35696956121275
8.00765987981903
6.50969398022594
5.87575143677637
2.15560971330241
6.36835417382215
2.17225984593139
4.93784766696477
6.04347209631442
7.46807352641541
8.21191707355963
3.0649428139566
4.69622699946631
2.5642827052747
9.49804860681791
4.75303590986665
5.63883935573854
4.99166026302683
4.3542810563008
1.38990663414874
5.1830797040841
3.45939295575053
3.96482236116016
7.66978371549047
4.31956074803448
4.59222090554685
3.3372500273627
3.39503821977325
5.59055396201944
5.19042189217432
5.58267072642482
3.4225705380557
5.52192893926871
4.86672774964774
6.67669110411157
4.21313975205326
2.97182403175395
2.34966593007642
4.76877599011966
8.27256826687931
3.49019053850157
4.87167790733064
6.77274557413605
6.57352909467761
3.04595654800462
3.2136231284733
4.2707324707198
5.03119681920668
6.49071080013672
4.08533944244525
3.820178773764
5.83096935519415
4.98337979125174
4.97334230946925
6.55511076931658
2.86155025052086
4.39427802560144
1.95164626180914
4.91633755378532
4.41241046600664
2.51066421078318
3.98289683571614
4.22927647397229
7.40742411933536
3.83936868563197
2.58191964417562
3.43353935667671
4.52295032247019
3.7710275650727
5.40457339741324
3.59655573402888
5.34354996144103
3.5483553567876
4.17403067216653
5.20353816316634
3.26118720798234
5.65592923266318
5.22754245840625
4.82182077186839
6.6986379015559
5.27332345896487
3.92555064599556
2.10549190238676
6.54688637186592
2.24143551217049
4.59149450703213
4.1851442472501
4.10019334463232
6.54140466994472
4.25669118442335
2.78702961490296
3.5532953978164
4.56898752158204
4.72041706974969
5.97287842027143
5.33636438159978
2.77970523223137
4.5659867334972
5.97387701128274
5.6461744165601
1.963016103503
5.32505910866086
3.33760797153701
3.67571315556699
4.11993905596687
3.41982280037465
4.26133219696325
5.73758746550345
4.37700065934648
4.66236024450146
2.19558051187603
5.23671259214421
6.44090299091166
2.5811196674137
3.29952514496364
5.49158649780605
5.89945739411754
4.51308704447892
8.28015659557026
2.24836201630538
2.13973005359539
2.84230109656566
2.41524507424357
5.52453231058185
2.50044526387392
13.7942025709379
2.26768964709802
2.06098573783233
5.60865059688059
4.27777583882084
3.39109898541655
5.03525633637288
3.75947647707371
3.44885122980852
2.92526401963599
7.67409509235751
3.80979318029428
9.09929036773623
1.84278388113735
5.83285109012091
7.15681273589653
6.08663386548416
2.81812344271082
2.73457156649549
5.19985847286816
5.34716160875296
4.26833676803996
1.78606870238156
4.00135374273207
4.93524869231928
2.94954346830443
3.98443625782873
3.84187987575056
6.1364744314737
5.40529507203617
4.29654160904755
3.23128539750024
4.14546483632666
5.24281930757184
3.91964651445372
3.52558689321781
7.40492018452174
6.50592625910765
3.19410575373076
5.15214154398279
1.82767292766797
2.4420156605715
4.11133526697788
7.27556053369364
7.20353787272144
6.29323247243242
4.32632140653124
5.64821296452926
3.11668575667349
1.64403563734818
4.09582456480152
1.10347014851566
4.35263549733882
1.62321025854757
0.526603954267584
5.10944991706237
2.67468979749692
4.13107005051628
3.06505251033552
3.59731409825954
2.52093176271709
4.90258941444648
3.71426006805901
5.59315091668314
1.49462222052875
7.13642824069495
7.11118832152367
7.77854162031693
2.82893562359875
5.11053039936874
4.30765257281384
6.37478972381792
3.50677958916132
4.54683917457523
4.75121262733213
3.8404503595321
5.82853412757214
4.88135499223842
5.61794072245899
5.18483840024362
5.08567593726818
4.01577089117622
3.5045082989851
6.03226358586958
3.15300146704359
4.05581470422455
5.81644372578178
7.98229540366625
2.45720149683355
2.7370876718639
2.89149464508516
3.86922044174951
2.40398878005813
4.28420839973444
4.52950794129752
3.00272687773634
7.79319686781706
2.71642773558733
4.23033435314186
3.25885877665572
4.10343790961015
2.51267316570917
11.1964733320033
2.05131366943615
2.8993499255273
3.6657185789852
3.33815706170408
4.82816699375238
4.42895472363345
4.40741124181832
9.00914399436221
2.61249163073617
9.39897372999924
3.94180024130162
4.26629586664713
4.28569374898662
2.89068276122722
10.8785071109104
5.18755229369994
3.27186398901039
4.013558308914
6.13387146244742
3.90631342451896
4.26998428313445
2.80401944620616
3.89627308685653
6.43753826374424
6.44923851778001
4.48226794317016
5.29005591429816
2.88646603323054
7.66520679472009
3.85638189897998
6.62294475108289
1.51079578081838
4.42257072468343
2.46385282851966
8.80236307632408
2.71233635319253
3.2540572979591
2.65501421810986
5.06828117265877
2.6683697020509
3.31536080359631
2.83808982958169
2.67698025934355
3.32721730183455
3.00821569983311
3.80609234962881
2.39005238775938
7.93980573677618
5.20784685650898
3.52242567334626
3.56003754636738
5.54407587549588
3.07275152398164
6.81343882922827
1.37974014773671
3.12946236494486
5.55667575831544
4.80081894311199
3.26941744424871
3.87797273461472
4.2785764727284
2.69315065170345
3.89860790614284
3.58879498301146
3.39482323512256
2.55875836722002
3.41668135319952
3.79533174786005
2.95377193152454
2.90766662037794
6.65654815362133
2.63724263328437
10.1736526083779
3.59118370730458
6.9717188754585
4.76423538604439
5.59994277649614
4.58670772772457
2.86855087359647
4.69297134592301
4.19245956238855
3.48897819118053
5.76941713529838
12.1135121711689
3.26281704746711
2.66530926084236
4.27536027737769
5.31270282705809
4.09380731420138
4.21763610844206
5.51185156225211
1.65131041347505
3.27619588803028
4.04356925639232
0.526603954267584
5.75866548213576
5.48434508168388
2.67716536779751
3.20061474486131
5.36173609108087
4.23641505594335
4.95988479293836
5.69830674019344
4.64971100672139
3.16291915845842
1.18513408085502
4.25522878297606
2.27835270558576
1.75405719439609
4.86366511205636
3.70081609704076
5.44371787226013
3.56727040512447
5.32407302185599
2.9295094674976
1.80390277252748
3.54994674677982
3.03398302132047
5.41381343569987
3.30001826066748
5.00260489947866
4.01224429463217
3.55172030238625
3.98452824602886
5.34118499527998
6.96455680799359
7.69909252019698
1.95186175866706
6.77332093201717
6.12225880046362
4.32475789644534
7.18631118607321
6.3107470507215
6.49937523723385
2.93747494630657
3.52097450977788
2.66489174584181
4.47589292728038
3.87229009350605
3.70569130947581
5.10430037908623
5.47478334493996
5.56625210948665
3.43182431797741
7.14965357108613
6.50166970401954
5.16522819745347
4.92344104226382
5.09107940255425
4.8939328608553
4.896763575516
5.37932770479079
8.63389371907392
2.87358258737446
3.88843591013509
6.39763178890246
5.8920604664747
3.81984665138641
5.04906324004633
3.3263689157451
4.89117120482095
3.56455873086201
5.16539794106238
7.36662865438742
5.752001567525
3.43719590068086
5.24523452350758
6.95507154955853
1.63952518629348
3.3033543481805
3.53763310869734
3.11405526058546
3.83295749245862
1.93019672262086
3.48766128025345
4.60726291504231
4.92009862993975
9.60812638278341
8.03758437151516
5.42605288828362
2.64258038841668
5.17770562954089
4.4695767066809
8.11259758008781
3.5966110467005
5.33561481393525
4.20028174047367
1.08314820763515
6.47323189599898
4.82068251725621
5.15929545456193
3.08885052866816
6.57123795900165
7.53429261946319
9.39960384471845
5.0398690803509
4.59097606454032
3.8887359985421
7.23027341407755
4.0709796351425
7.60995396882494
4.93754161756794
3.37202418042898
6.10165214501478
6.34665088431993
3.56094775832188
4.17655483489975
4.62388530415215
5.65709375456743
2.65458004119725
4.21225737849981
4.51712384077242
4.50104217790311
1.72526678715605
2.61513834351332
5.47179236192431
6.05507262383713
5.45645366693373
6.53341185689527
5.15878574216214
5.31088751321902
3.44720052205302
5.15115323829655
4.30954051347985
3.39424576157655
8.29744229018306
7.33185334741756
5.85537128045342
3.66188862049968
5.05419224857738
5.71571775923842
3.89748493778382
3.14094684544432
3.32496472015819
3.0845580470774
4.33861681802775
3.54902728039384
2.93319256467964
4.64117661843165
2.31367093691503
3.62942985432848
4.63044953505545
6.6716897335038
6.00170965466483
5.10323686484359
1.21397772534043
4.50990013785256
6.40279833666312
5.23259806769868
6.23581761529235
3.92074806351213
2.79100161724018
2.55907547575348
5.8843256123154
4.66717054830788
4.45913120923988
4.47574406051074
2.54473973233309
1.16127549127612
6.02280006082332
3.37852591029609
2.87533687335323
1.88432135290258
3.66935524134941
2.80303782802973
2.61144915084369
1.65605881342438
4.05689101450806
2.35955626585785
3.37273535479575
2.55717434529121
5.87620789466059
6.28017196909868
3.47687078831536
3.63157142464678
2.9750227017457
2.86645640468917
6.29819589078109
4.20280557293922
4.881819560056
3.37072072477747
1.68970617704932
4.42325444258659
4.87071648387376
4.17983176540534
4.00949748072331
10.8486992156905
2.6646715715386
5.25013785060476
3.72988557624679
2.15098600617962
5.86147563045194
5.88463911155993
7.55733050690125
2.94782495035172
4.55369621423326
5.49184390313115
3.0312546174853
6.15523331557626
6.48913684107744
2.47573465836824
5.99551204049179
2.63883182010507
4.58867462750883
3.61587810220299
5.27752942811432
4.10595458564198
4.27744272374151
1.70753350185548
4.80208748680227
4.5660843842917
1.8973890383708
5.59374679433497
2.84377081599934
4.24447030011396
5.09022980992524
4.03359492077956
5.57111561083486
4.80477614134467
2.05534033171393
2.75497581078762
4.45607310107218
8.10957817334677
2.0860809350246
3.37207570897854
4.41998914678246
4.93712768360188
6.66284284890903
4.28409947348386
4.74735419811308
2.08045614185712
2.67581059780373
1.80047132697603
1.30339623124611
3.72290958202379
3.30786316029555
1.68030151157408
4.51897506993987
3.67683766051868
4.42748344817556
5.65588691443233
4.24881020023713
4.65712753861701
4.24091607711181
1.79127377021777
4.85585924238935
4.57110324505927
5.17039295682905
4.57816153642315
6.60693946023298
4.60564271255909
3.15702505179284
10.4920956790324
2.22061318812742
2.51336393786008
4.41905874339791
4.52088072138232
7.44124568465703
6.92146709732429
3.12241792751249
4.28537453373154
5.15141446181082
4.55360762678528
8.20770518904119
7.11260485714335
3.88278361718461
2.8572617307114
6.20286847708055
3.53624107610854
3.51774673925621
2.25737955289496
2.39732782308916
2.36672809727437
1.99667154629699
3.04395568992843
3.28845712791519
5.1535722480738
3.14060141326974
5.69991604715125
2.48076121190856
4.88129718479174
4.33065812599395
2.43567909242608
4.55354450289489
3.75923406614909
3.29896353084588
4.60341219196439
4.86647042819512
5.15957717950126
3.82926892390308
2.95052718944242
3.29351567814453
3.05164516159922
4.92136595896374
5.95524826744866
1.8187802219415
5.74271851707663
3.88791572694288
1.7471615578652
4.22911709697479
6.38349675794799
4.81711677767602
4.91526234846784
3.28108145617431
1.98370945464433
8.67759402241273
5.89580889785125
6.88791610597353
2.06346050132734
4.88845313622432
1.67778742303489
2.56752927995586
4.05417072226619
1.48801690742495
4.18432189100734
3.99304104401469
4.6678693639244
4.99033251274455
5.30946191617723
2.45294067496413
2.50762776565881
4.85117169331388
5.4570508560277
5.20753510576048
3.74673007124194
3.88620798814273
5.04102832131214
2.17002400243895
1.9966709865408
2.34647656439426
3.56706269826713
5.17430112055136
4.80699366997514
3.25571432938843
4.59782324697581
6.77327715861031
4.40056287369176
2.74668118388364
7.53047337108028
2.55325440200092
2.35275019346177
2.67632063182832
2.5203043110258
6.55193136453495
3.73238273955673
2.44295630612759
5.60742896003776
4.18537807692232
7.94680368037664
1.74361277886816
5.06917874813439
5.32555986385942
0.526603954267584
5.27385447341583
0.526603954267584
7.45722336194201
4.09818225454155
6.37862961188042
5.25845726337063
2.96700540140242
2.11831022957842
2.75354487769946
2.99674222208798
2.89226165254508
3.59862461775561
4.00379489343452
4.08547007317806
3.1342866950723
2.62348465402888
4.1039677354001
6.07173501060603
1.40927289872659
5.49818116705614
3.64928366990012
2.17645616549593
3.74555406843035
3.00948332432132
3.6726455529841
3.91450703561802
2.78953857855495
5.49156226558306
5.33520205884593
3.37756160492433
0.526603954267584
2.32405890142315
2.46822557045604
1.01576105177601
2.74105619130612
3.67672313698983
2.01780113935907
2.77246348787459
2.04423764045284
3.51914994367253
3.33164430704102
3.37744447679845
5.83485947505618
2.47643696471221
4.98785934782713
3.71156655266768
2.34054235103101
2.90083797096312
2.18246083277346
4.8775552764606
5.51430118054027
5.80482830853293
1.51918708654747
5.97846973190831
4.36465451856542
4.89761437630606
6.10012112342968
5.55839213929446
3.87887469409272
4.84167816124634
3.13662683049575
5.51066412096868
3.35923236235988
3.18099798375559
3.17608978578712
4.79182834245534
6.22818056626035
3.21395439379526
4.85653382129204
8.03143902264879
7.26769030336412
1.88639317634794
2.25970320383743
4.61971136605636
2.98306667597261
5.85365556071341
11.085422572024
6.52933339731253
5.7339369259861
9.57055826508517
10.3591500365462
4.8757882471373
4.10339508485475
6.62021056248692
3.80504767015723
2.29411220867288
2.07103760975917
4.94992177224228
3.44838411351042
6.57671338291927
6.0298528018408
6.0664410545329
3.05670381589696
4.03076447090306
1.89018641609951
4.14881574341432
2.70353692426948
3.22247408217647
5.08079940261437
3.09899050319514
4.20134314218796
3.9172872500542
4.10445519809858
1.98994914515872
7.65610562557366
3.57718555041978
3.74809899471175
5.19961598686492
5.89399274759592
6.47737911745689
2.88236285038818
2.97219742027318
2.9922610374272
1.7592023381417
6.94616452225392
6.29186960785329
3.70476728675816
5.4809743645994
4.55034265437666
4.70004273817538
4.97054096786508
4.27277876282165
3.0523679200993
4.34558711384727
1.66792555915883
2.38266708390804
6.46585168032786
6.28061811855275
3.45138478383785
1.96822645167058
2.51338141432832
4.71072074841247
4.51688500620953
4.22100715458895
3.37715057858989
3.16921014795447
2.78694507983978
5.63948830203163
2.79156144965171
9.21129179627014
8.59719007250254
3.88602038178827
4.16001898446444
5.60376139272009
4.94728557332537
7.87846493309642
3.36158313970858
3.10703581376566
4.8382572147145
2.64162517860517
7.02275473842218
3.38520958543335
4.83843222872132
3.69270045153296
2.81015540618407
4.77887032790199
4.20468735721468
6.92973691072046
2.80608262545649
4.32497680721975
1.38253562708799
7.13949738602268
2.93193020677151
2.64833851956858
3.27190052010709
5.04792719476476
4.72836255951195
4.40129688757993
2.78056779976653
5.08699131905081
4.64500717936137
3.260167077054
7.67280763501359
4.72137608432726
2.63469920270515
3.90761911738974
5.42296857640317
6.07434922173818
2.7773127531238
2.37042829837245
3.73570779559195
4.54710083585983
1.99356808370186
5.85234818715763
3.07751866233825
5.74943849005451
4.6535615361719
4.99850972759327
7.57615250620684
2.2060608726899
1.82306255512276
2.06704602176025
6.49170103760767
7.54094237644539
2.91620474179384
1.95391827886496
3.48061802817721
5.07840715365186
3.44688365031713
4.62302240742583
8.44100535884903
4.0535084121528
4.11346400014347
5.95369267064924
2.71700982750934
2.29010786601728
6.24211590525171
2.88655273718634
2.76412321272438
3.51389121090143
7.0996644460386
9.77698425104298
4.51346457131105
2.66961755653985
4.53668644193376
1.86187818738204
2.07741215013306
4.80748646871093
5.60002834208383
5.63495088747324
5.3379624653193
4.27220309619335
2.67022448884536
3.79742842221364
2.90267834303257
3.88886882756309
3.08762966838385
3.45138395386556
3.73658956954806
7.74424771343895
3.22806432250019
3.31661266606684
4.66238699549237
3.98936180777501
2.13874060091188
3.00184944005393
5.26711271550087
2.4768824842981
3.43519080341184
4.65481491746429
2.48040603658451
4.76561396816804
6.01650445452622
4.01114350200403
3.57535637991163
3.91303241546101
1.93302132510484
4.98419218097924
1.69701536467075
2.09490257272201
3.61143336679633
5.94771154292014
1.47330547020117
2.90470127568351
4.85470455854737
3.09219066114707
3.02496030768991
2.45933526240921
5.92513482603054
3.50880765520999
10.4930928585986
8.59246761608692
5.3740304932211
3.59409165658777
5.77124567872462
4.95486505617215
2.94505125164284
4.13631730713805
4.04758305684594
1.75536346139593
5.32936111137392
4.67437722252236
1.5184845590795
2.27171199578079
4.78491068501788
2.74559883789141
5.94546612444626
1.83991116956183
6.72742811310399
3.87614996893104
5.81236594309145
1.71190761694937
5.57158656907687
3.69865421808356
2.98036617766713
4.08177491842775
6.03766249493543
6.78609754602678
4.46439205498895
6.19475603692784
5.32199251534113
2.04977948813193
2.61538841274902
4.06690078568317
5.2859734243355
4.11407336721289
3.33890089496076
8.0448154039828
2.70542411018718
4.11421466814773
3.38228045536927
4.05980238517268
3.80231406200721
2.31934370479175
3.09249121637397
6.00523097171248
4.04944725199804
5.70011206498642
2.63477474256131
6.25473858527677
2.63842519008621
4.40465208535565
7.99501456024203
2.70104124046724
1.91751700133233
3.60359678503185
7.14402205970673
3.91202596701502
8.40189719290826
5.44466424086662
10.8086286821589
4.26569362869724
5.37515581640712
2.3126859520251
1.97126978926174
3.21568816577371
1.47227881505758
3.35464813388199
2.07361303763975
6.25590157883902
1.16833652576862
1.96433668049254
2.5382019172509
3.71452381581876
3.40462753087213
2.94726503056759
2.20479009343763
3.80247712464194
1.43895884561414
5.16022691403403
4.43948361223307
2.63957143689106
5.50552657325571
5.05479286183237
3.69098025363537
0.939821377033007
3.22048658729451
6.71628424614091
5.3713268896892
4.82368003621568
5.14700503758586
7.95957855669621
5.3372034170369
1.18609332467449
7.05533264079529
6.47588409298134
7.73055607718139
9.63800011874833
4.43798104240245
5.38287270403708
5.4414521421613
4.8580421924043
3.8300019394671
4.70794003371968
8.1640511977862
3.56573459377765
0.650432087502186
4.21689666695212
3.42614298686484
6.38954163885409
7.18216889091779
12.2477381820868
5.58612339306716
3.8969772091138
3.223711457573
3.78266932723871
8.42668017169767
5.0066336332942
4.45087607071683
4.42222399608154
2.94712812746461
4.80257731874933
2.55148216316218
4.07209692396929
4.23567629271223
6.40220551204659
3.14986108895899
3.35303302686071
5.73127617633051
5.52548996059354
3.85918898982831
4.79691401378812
6.58042636902289
3.05222105685551
9.55784699945549
3.39176272844595
4.48236667980709
4.6798906683375
2.0463526439905
5.69440560995916
3.60983019115086
4.16819576737247
5.75168105783365
3.91502266953915
3.37955018629155
6.07870375440696
2.86373485659799
4.06625352744056
3.54529478032241
2.53865578971886
2.47189682812463
6.00155863146262
3.39068137605985
1.0706070522882
2.22565476220016
1.89018340121985
2.016169227953
1.07691376948571
4.63276748654122
4.57192824515285
3.51245978846195
3.46816606095469
9.36540186897798
1.27439377286977
2.55602755038983
2.83158132329949
5.64403167891726
3.52214878686923
10.5448056299026
3.86944037458221
6.48815977353194
3.31151581057641
6.37989024552656
1.76920038575838
3.30710623255036
4.2626722806244
2.96645317307071
2.24855323447369
3.91844280322074
6.82033477713418
1.70013969416119
3.22529773770574
9.58229943239465
4.19881333891298
1.91021568633966
5.45029395544196
6.05575323406986
2.72917110665262
2.12338214208883
2.99898035264188
2.77856540577525
3.25240180041905
4.26725462142926
6.70050228077565
3.50392155476467
3.81983396695644
1.73825875974662
3.14817575492354
3.31724532129408
6.75160807964211
0.877779716675397
5.19964924856064
4.76240420511305
3.98321911374306
4.46150801770049
2.27860018248444
4.12473167600167
4.22885245295558
5.35684525594694
2.10380926275815
2.55153803183257
3.25551225285598
2.24961324198678
3.54330511351481
4.68623178637058
2.37085541650099
2.89334653818085
7.63835251487216
0.279410638073851
0.00372411776755804
3.95673585138831
4.3165870984643
2.97973180422564
1.91843343210747
5.24611267658562
5.05722384721312
3.42136024581885
6.64924803611211
6.95697355446748
2.7753475361178
4.54420972212809
4.14359517108685
3.45136078366139
8.39767785879129
3.8109951792478
4.87575150135816
5.21044945243167
4.23154247721097
4.64936695739981
5.74614731128406
5.35045695477151
4.29324348270954
2.96757360357354
3.42370556096814
3.74871370775074
4.5443087369047
3.8981034551607
4.66054268049311
7.64627023450931
4.57935467624437
3.38778391527237
8.62457531350995
7.96117165348865
7.81168746363905
6.63932085882554
8.62453711341878
4.60643262519218
0.526603954267584
2.97114927472201
1.65290195697457
2.57623055495434
2.20299337826402
5.79746666877643
6.60125415794348
4.42861842699632
7.08738531737015
3.30895488948449
4.75199359057056
9.07699300494106
2.9629272633557
3.81324213166285
2.47060297724787
7.1028634644238
6.63136961840747
5.91071345722615
9.92214450924969
5.77656796437774
4.53750540240618
3.56081724334759
2.95260901552004
7.78129785699244
6.06096428067442
2.4375906079797
5.35059344616607
3.49540737570965
7.69875284095416
3.86848165463689
0.377754538090232
3.54232133686468
6.80535921698684
7.2182433721911
3.92103797355506
8.07883078952427
2.46589630293622
4.00590000459262
4.21243208160771
1.61816287374499
9.30308190059139
3.89791350676774
3.64037594092983
2.50924194361435
2.51424364042677
3.01372326454141
3.05515247813921
3.72165012909946
5.83325962320997
3.49561559457916
5.18661543789177
3.25526884170713
5.00369514982387
1.89568798419636
5.08959445042576
6.16972183415504
4.41383544241452
2.71861099120815
3.67280626706588
8.55855196273384
3.65006291138928
5.09401385414992
7.67085164280485
6.73533389762763
4.37864874067535
6.05839675130051
5.07500758043177
2.12977924106808
5.98239199076081
1.52583804281485
1.96234085037387
4.87430157455009
5.71634465869738
8.94521695917129
3.02263502360369
2.51017041487652
3.45368846765053
3.61691858410117
10.3918427030345
2.69538533411885
4.78957828377334
5.662501329683
4.67928605399495
3.85455453240543
2.64428839098091
2.68592950636917
3.63601905593439
4.36613833902579
2.52899260144968
4.96495879989719
2.76216167116943
4.86349868972534
4.84845567726039
9.13335844142626
5.59738066520456
7.53005295075591
5.72660173823857
2.60461068789099
5.30214610462768
4.47078220699472
2.09858906347199
5.38374277014744
2.42139035213503
2.92253035145948
4.64445458517279
5.75024106829561
8.07881984041692
3.82466722163394
5.39332234929562
4.52528414194197
5.31824014271284
3.94882079540042
2.9416312105722
2.93382601911841
1.96700454434785
1.99298048909695
4.61947719142502
3.67495688666285
3.4794597793651
6.63940631942124
3.55360158317642
5.11150932867473
5.74899229352427
5.5672796689698
3.13274871748145
2.50902242143247
2.19458711638897
2.75901862461314
5.30558286436742
2.00311916262508
3.23421711603175
3.0291999044929
10.3504495670563
3.75252529304962
3.56942544514058
4.96773751084408
4.53414998344748
4.28029254952476
1.91982297357457
4.90391788686888
3.15988735027272
3.21024851272782
4.15087906321045
5.30029504367497
2.40417172905053
3.46980386855863
3.23529352517279
7.55829821406529
4.37046390404068
5.42911775942221
5.13417232809754
6.61345443223665
5.84927986903644
5.38950774766311
4.99684740502335
6.05267153090379
4.50342462720087
3.12762683674626
2.32222719047289
3.25099765697755
2.69711451802258
1.95162792207706
4.64618252340097
3.62551024162034
4.38533045998171
2.95715209475667
1.12024136434121
5.58378941975273
5.84965503959444
6.76123211362997
7.22034157379238
4.99033478187007
4.86133194642915
4.70054050348362
3.46532689662304
6.34917824505998
3.76931715959739
3.47874239846832
5.42699711858664
6.54579511517916
2.90985189934322
5.53927988748654
3.95339200708059
3.94580035605073
2.470717549745
3.46124218123738
2.99460050493728
8.99995868144651
4.43308201156771
2.57036119996681
3.62355183047545
3.37262006575918
3.39409570655721
4.16955092897618
5.02149713763433
6.94997091596971
5.24806858671207
6.64980923587101
3.34483862040024
3.40974812038524
4.65390518908721
3.07310268420393
4.13504493008121
3.88380155625201
4.68201442089742
7.16541267744552
8.10271292836484
5.89084205829178
2.48101297177307
5.72506558896208
3.32541655141983
5.2884203952387
3.58513921638985
4.32083293190996
4.59475208963007
3.66245068921616
5.91869831317504
4.44550355618129
7.980360010565
2.03867954677937
3.12985431792976
4.72276524716617
3.25324357502015
3.94513813597895
2.79694390789917
2.99579559792106
4.85632589783649
2.82388395262958
1.5446985904224
4.81722859739624
2.56656099600573
4.3833302298305
9.61511580423088
6.53752438288787
4.34068766566822
3.74560628612512
3.07961479374617
4.62908237952297
2.60210852018644
4.52956369781031
9.44907148271855
1.65932239658231
6.04112417651858
6.50449428642626
2.06748112167116
4.72599307445828
5.96610988528324
3.97367688684035
6.48355647426549
3.57580984069424
4.66220807960587
3.12147246529597
5.90914381197749
4.4878532383257
1.72546175396699
5.06748258435941
0.526603954267584
1.01714342196054
4.19853237873307
3.85898355281186
3.69295082532098
6.58588499365787
1.83034828645075
2.79565265127884
2.84586389852203
4.80430164228589
4.5671131546717
2.59196378869884
6.32815005657824
6.08621201692473
5.18470619078646
4.42706141033965
3.43658075823201
2.1462451359743
5.28115216074074
3.21500858732417
2.22752461870957
5.41613640286232
5.72106552954124
2.99931073384911
5.88491819966223
2.88695854341581
4.26318689344703
3.580136982886
3.2220730590714
2.78690618797923
8.44179829495054
3.66322559780643
8.57633562430657
3.05500173056506
3.74271928153708
4.72894583340195
1.99848388860523
4.52801209007417
2.61877331326027
4.31821875333087
3.15901861887384
3.63894779086712
5.07761974113811
4.0186075153022
4.34311358296955
3.98018504145268
4.26979390597014
3.79584261691243
1.85152852619681
2.6501531000184
5.22257807463939
4.24220958038226
3.22632496387916
5.33448387751991
10.5630234146561
5.02217203348673
0.526603954267584
4.22883066914917
2.94422078966818
2.75706269786526
1.45337729788913
0.526603954267584
2.95270190776014
4.59802130152612
4.24707199319028
6.83515340602331
6.1596013864988
4.1628769766698
5.20059364559162
3.54854999603652
4.74135539016493
6.91342868069619
3.79033193628953
4.25034086488719
7.10311477767274
4.19067648455759
3.50042058511242
3.27430931181822
5.01131749750807
6.49624144701658
2.44601550425701
5.23540641616586
3.77115755599422
7.01608459293723
4.74841753933746
5.79341002273434
5.05898596375509
4.39899682473539
5.50644011806174
5.31228807656014
2.68416227471285
5.2685982606459
2.47017581021328
6.04210347687269
4.57099926397078
1.20686318617997
9.213589614172
2.73553354000022
5.06215651766034
4.96481851129588
4.59861242956789
1.73572394840298
6.38121811234994
3.50032552929263
5.28277123164551
4.06359006946272
2.96825487429264
4.3286001996215
1.57819835575906
2.40210445202898
3.44698257794221
2.33300733047004
4.52025750968704
2.91173807327253
3.46395283574803
7.5488247494863
3.26965829687789
3.34531792560011
3.21006440545216
3.01710831612289
9.36072837415005
4.39457750678219
1.85779447343718
5.68667055372348
4.91941708343495
1.5596835144547
2.71009906389387
4.39803250189269
2.44416371829668
1.32504114423843
5.16564332242284
2.80245824838542
0.475396449980804
5.7276907946691
3.80863500359479
2.10085694073331
1.79917466713418
4.9678305884416
5.1304814441789
5.72856151149111
3.89333378799832
2.61391444563953
2.8791327245268
4.0931167475756
5.04661517682909
3.10139386799471
4.34789553258696
2.87877108618423
5.7192319865944
3.56629178680468
3.04326034605807
2.27598412368101
3.90907558605513
3.00675628572855
3.79513527796562
7.2270487589127
7.23592142804693
0.00372411776755804
5.80564642696919
4.19286422580379
4.01064220466843
9.69462121012253
6.62902434019297
8.25840818753056
8.0879490206939
5.00880668400391
4.50338585544855
7.62638972067604
3.10171385482524
1.76973643723784
4.81179394117953
4.97994855659084
3.44789475303431
1.36259606073371
3.44904008769192
6.024660518449
1.98968434929871
3.75988948193938
2.91175033834664
2.57917692244851
5.08499584771445
4.70946996038492
4.37284881579595
6.01504699020597
5.29822418669407
2.54079004564019
5.79162537058165
1.86531322801188
1.97045639957593
6.41798326961297
6.26878723634504
5.07714113072745
5.25410460082945
1.27027674325685
2.65800664020486
4.68938126770563
4.9126351454858
4.09899223827107
6.85026037766641
1.89525005947369
3.1744295945618
7.3567707677482
0.79348301075882
0.748250411084286
0.477124809836171
2.34189600410346
3.87278044544717
4.33161773105141
3.88926055287536
4.78468411878247
3.60081157618055
4.60315714435645
2.24860153779967
1.3472507820185
5.16355206501679
6.67032919467626
4.9873129247797
2.98428749390753
3.3178926995327
2.53201067283847
3.88325208806628
4.32942640071279
2.49987848936574
4.1310938092186
4.84292158919144
4.06508562496093
8.11885689714257
0.526603954267584
5.57901051138136
3.06088682211643
4.10579787006576
3.8915897017052
1.93559622056468
2.68320006021622
7.54971871782954
2.49091548090322
6.56560042432527
7.86013836407297
6.30751488716363
7.76630813409322
3.67896742776011
7.4926054322549
3.64313006898162
3.20520794857237
7.82197651637101
3.86889170447457
5.65240487337388
1.57815377523795
1.63118182270795
5.89300776081893
4.69448903079206
3.12048015671602
3.92853774205488
3.30695292992724
4.08735924520765
5.81829014162907
3.93439122853582
3.644547860932
3.52616233717547
8.37655738116817
2.26711827536306
1.5905376901249
1.01193642139777
1.30872685265556
1.32900459931768
3.66962108550247
6.09251852554167
3.36072310846926
5.07114433592516
6.69825637529458
3.03810786827301
3.2485939643786
6.7360866957422
2.68217960865412
3.60236149255523
3.3182460820135
4.60221006270151
1.56883933383249
0.526603954267584
3.90946107663413
3.96683407321009
5.9646081640915
5.16017052842053
5.51290683248611
7.56642381457934
1.09639758883875
5.49810960265578
7.83581847389857
5.51726431389739
1.84206695347956
4.32235080729682
4.35216369755189
4.2099457394747
1.90765357979058
2.71104859304769
5.11624880288073
4.29162555849697
7.20355387615648
1.4835648189913
4.51614649986897
3.41585568125486
12.5932733616671
7.55256760079981
4.94237772772633
4.50790115511261
1.80846515398017
5.79659910394337
4.40289324028136
6.5847801351497
3.71749131714371
5.81905056720658
5.28523385251157
4.99773468695813
6.1019214518797
6.43662167861402
5.74369660792631
3.11891767256284
1.92682939402165
5.22304920745382
5.75613007742759
6.03177378670269
3.63393406261151
4.75627283080487
2.28382008405466
4.26517742006789
0.544995300329117
5.62267882694935
4.26712181985151
4.02807788842172
4.01245489066316
3.30888156174011
5.51377933462781
3.71765941176867
2.01864990848657
2.62517656430687
2.77710806055875
8.25718712461847
7.93763423828332
6.0415024737302
9.41980700891834
4.35049817142015
10.4045029831504
2.37710604530912
3.10296021785624
4.51980509674462
3.81497211487913
3.02469635711647
3.45361010024943
4.71644106421206
3.8538417001207
8.7703586800814
5.40163097748617
6.83252385201477
4.49543371953045
2.63333113036288
5.9146136375326
3.06896836933568
4.86189235032815
4.32958703425102
2.40151761808584
4.11705779786923
5.54853405256696
4.42836622052269
5.4549910139536
4.48811413536545
2.77156367441779
3.61684966259283
7.97786817277727
7.9599613118434
8.78703552917427
5.51826718128982
7.10637150949869
1.55729059949895
3.44652212187747
4.11894341792694
3.35679111057039
4.93828925426031
5.46249508938317
5.35094464390819
3.97109193723812
2.89633857694869
3.08311006774194
6.10438330727287
4.48026467137579
15.6306542588054
3.1678974764176
2.81732718375149
2.17270166706137
2.45755622580061
1.76112316845797
4.63225792120353
7.66063769070106
4.88875711073159
3.52892128600305
6.68922355582378
5.2665004032411
5.23615306175973
4.07250187404731
7.08919563594564
4.76041750682188
5.09159578082321
4.7967026546231
6.53485053741435
4.35760071906945
3.36016285911692
4.34161415567428
3.06204409733373
2.82864511048856
3.34798897646335
7.85169310337217
7.35953505759737
4.86056140917979
5.2666066365724
8.03720871034127
3.55695915963713
4.6110080815547
2.26340203417115
5.84416631026152
2.84011501897709
4.39743933955126
7.876454938892
9.11679956670012
3.12661466808174
5.13498186672531
4.16634680481021
3.3133305642467
5.92109772274013
1.50287371830767
2.82994515579474
3.19792459617493
3.1207457757383
3.78456283695936
1.26943949251866
7.41614804624672
5.24536712949972
1.72963144478374
6.43420834909786
7.53264514181851
6.18453561031956
3.29240965997755
1.68868785199415
2.23705650177632
4.00138051164367
4.47946493559164
4.49063253028063
3.10977491311425
4.05957742380698
9.44479251493695
2.27532013653512
2.35699782152782
3.00386128928384
4.74050719616093
4.59801252847528
5.86878987120907
3.25592900099527
2.80605753272876
2.92724820451106
5.70075435449074
5.91256799428028
2.44763606719753
3.02740540190221
1.42219635215806
2.46984384863213
3.74303785676954
5.29804592465547
3.1859224223017
5.3778728682365
5.1113448349722
0.808856101679666
3.70746008031794
3.60936112960744
3.99409642191815
3.4223866473884
2.0573510678856
4.56183239816172
1.69358806204075
6.39695362739955
6.64999868869477
3.73413719118357
6.90846467224318
4.9122247679734
1.01904409675159
4.70998647149402
6.0068751046831
6.73998333428455
2.83422797985961
5.47801135044318
3.47598419494674
5.31744802455194
3.84310388724007
3.98910309380197
1.50283791403954
3.88341592929303
4.41609344074656
0.949466642553919
3.12109554012335
5.34728567680004
7.24501171795565
6.83909406820433
2.5263119668933
4.93438689632354
0.00372411776755804
1.85717767883549
2.42563618468092
2.04576712336902
1.32570704726724
3.76838323443936
2.54873876531943
3.87514831535597
5.94873638857493
6.60581989374632
3.53025860235186
4.24587030969908
4.47805766640525
4.56746727450294
5.29460083493457
6.05380718749172
4.88446729407437
2.43098001246175
2.4184486032843
4.26795928262882
4.42956803677842
5.86406494907415
6.92883563669229
2.60001530931165
5.53821855827754
7.51827477628818
6.01703702058474
2.23206868263796
4.4820030817614
3.30468913138314
1.73171387025398
1.94115398743437
2.44901730746797
4.09378059590581
4.22708834066743
5.39437031479005
3.36727463929015
2.79999608589123
3.47404093231998
4.08100197445022
0.416700202003702
4.95961935006859
1.93609370260707
5.95130593055851
3.98993294294198
0.00372411776755804
4.28281401214407
4.39578937893185
3.98300252601568
4.7751070335667
3.29347911011908
3.33165241079574
7.16398955045455
3.60550840417064
4.03799069538596
6.29713869984754
3.12690027550417
2.95401447537788
5.28102402349448
1.79239961378076
4.86473676760712
6.65457599479373
5.76987124055857
5.42201666741676
3.51088746587707
3.70599630825646
5.63331949553294
9.64827019302313
4.66325119606861
2.95558253692295
2.26850917472244
4.91492188548187
6.48284292320377
2.66561249372117
4.08952358766707
2.74097801026984
3.13503394672518
1.41675150630794
8.24278661796131
6.63910384094698
6.01076289987814
6.84149132938301
3.88698134950355
2.74957374873375
6.1759950161012
4.27263250940898
2.78291553186738
3.37836186156235
4.90295482233232
6.81064111502112
7.76914479280535
3.30668113310901
0.526603954267584
2.69766975153797
2.78664873082994
2.5008470902728
0.481090686473945
1.70624418341109
2.65869207538269
3.3297143135173
3.22221925365148
3.9243548065223
3.43239161708804
5.08372103414056
4.34337213073517
3.62142894037326
4.3647253604114
6.81996768070151
3.47509048455161
2.63561861654542
5.49220043314569
3.49141101371682
3.26912725497472
3.01952897753169
6.42463575844832
4.60877464163881
3.05111022901666
3.60669478486083
2.61694314822894
4.0785832184737
3.53404206101229
2.21010630690604
5.95141400330526
0.694527197153945
9.01984329521215
2.27256518643454
1.23646941656346
1.41913829773434
0.552823599192919
1.00611195046195
7.19683539021772
6.4409184151146
4.19802547966069
4.62281221757634
5.46630884856877
5.30396019511725
1.61371059268089
3.82156347986692
5.83642332578304
5.61794857820192
3.80149525587593
6.38597073306193
5.96339440924371
6.13624096311205
5.73259729152969
4.35902556864675
3.10463846272056
6.31779697756802
2.23583947338441
4.27349484467498
5.42373627646637
3.04901713592443
8.39950934743737
3.27439129124679
4.06672096599773
2.92021590361738
0.554322736999916
0.20212992193298
0.238540245845697
0.565138720714213
4.08626205092552
5.35138069291722
1.04728564605461
0.641359388691046
0.77093705512847
4.62658905327804
0.752378523524764
0.774137425737542
0.481746009674366
1.93214045108597
3.73859079260737
4.23396672036108
5.3758732842578
4.27636872912265
2.37918217319589
3.47915359302409
1.19256880545674
3.11156967921974
4.45622909082187
3.99455500341314
5.58818427884849
4.58893418293248
3.59995938088109
1.073979595622
4.19628440442911
1.90263693090127
1.2038522428184
1.1359423791813
1.71490786186435
1.1690720272935
1.5740903197015
2.11169279427515
4.35598871926488
4.32767551972787
3.28484851016146
3.36296883394711
2.32806349076405
4.83141431070207
3.117625386618
7.84157652365323
5.12361229925364
3.76593572468017
6.818275763493
5.46396764240231
6.34634363513817
4.59398828324436
3.81143494649396
3.94354499131132
7.58721284920078
5.33018498425946
5.24023984117691
5.64300254289928
4.71492800937187
7.61356804550996
6.00472852332038
0.526603954267584
3.00095838349874
3.57140689228583
2.98936575331758
4.15171740868156
3.94138048886904
2.94643104358563
3.81474922636408
2.81439879182331
5.08103194455323
1.967463148382
5.3413198766346
2.10021394811213
2.23879233675532
2.9777306287847
2.76391807348701
2.60519135170325
5.75273311033122
8.96787183525312
7.30146707454781
9.64842054666929
1.91816476507414
2.16219762982532
5.35880430973258
5.15444096550616
7.01537373103053
0.526603954267584
5.83083888349326
1.94565803546663
5.82060433423507
6.09664872125039
5.20430647006078
6.66323282939423
3.85253959045657
2.16663557681705
5.2700700513341
6.01384847306729
4.2873825075737
3.37083043232148
0.64002988820299
3.11420485769087
4.81680374636384
2.81640017784237
3.20589052200512
2.38978142709371
7.34359836030342
4.9049669056116
7.19753117944382
4.53692500080931
9.38731568572264
5.51213657911847
2.71954082604613
3.1753451035444
3.23635215092134
2.57771379156877
3.16233414766289
6.59939690139484
8.37336663246639
2.36669926041284
3.10708470766678
8.5784510460587
6.96150568558594
7.30566217564487
8.89077768789247
2.60597037886116
5.30922017498509
4.31870654221636
5.30383894078213
4.00052837584969
2.32050888264042
3.99448911047758
4.06163503717454
4.38706891935477
3.77988469640557
3.05273198266406
3.13707178445709
2.34684128474054
3.74692850043346
5.84099653590281
5.32582901371999
6.18805679093966
3.96131227790633
2.39772410456493
3.09814115906404
6.50267855571602
4.62687919600321
4.59393501664793
2.32312975804459
4.0732181654106
4.90781745433977
4.79615974005381
2.31257633471121
1.96897134834567
5.61093331423115
5.73587141968273
4.61559638065549
7.4507750918967
3.03671348474738
6.51463644381814
4.59232642490922
3.502333303813
5.38821240635487
4.61663518782333
3.14820201705198
2.16512306240894
4.42988676357154
6.18800402066625
8.44337606872325
4.19147951446432
2.46535756180939
3.59954968288519
4.96159923188113
1.99300255725299
2.84722286480404
4.05400766489813
1.54882024994226
1.68136434221407
3.1141803011585
4.07996521301273
4.4130575209016
6.23872413164145
4.47552425794419
4.44678469401126
4.91367046467945
6.90230563289721
4.91116675346485
4.43163118533351
5.25465941700722
6.61242778496571
5.01214866783252
4.78187744030577
6.13018026726099
5.27476734951526
2.46867459993674
4.50826228310317
1.49146610477348
3.80886729735158
5.15393904948297
3.57895127168261
3.39677111038725
2.80097442806885
1.08773865104648
3.3740287162065
1.97639238929342
2.8871271141812
4.47387399798435
2.50860015226023
2.000682256797
3.38829196098258
3.45031318879062
4.28305317354155
4.36710595814585
4.41872992038262
5.13662827523408
3.20552808300582
6.23632372542061
6.90874836159885
3.60456821544171
2.78893896426606
3.38481487537162
1.98363038634964
6.75406628644486
3.8966796027948
3.00597384859707
3.67233525033746
1.08881851538536
4.12816655735847
4.43968598103459
2.92107341095607
3.95356119153566
7.40650010093736
4.66763744683441
5.23341196472402
5.05100824498129
5.65208003046124
4.27510558209845
5.14988297214835
3.43051410314767
2.91893303996649
2.73878403285333
7.98635936000651
4.83562372258552
3.92457180907174
4.36358008518684
5.25672205787995
4.33577356245166
0.72448781894465
3.56509178281422
4.05778650083097
5.30500883342652
3.9340149086049
2.57444724902169
2.70404026871598
2.73803037971045
4.46322919812218
2.56410212587169
2.03034748557579
2.79860504172126
3.52919055898106
2.88952274533655
1.91927802530122
4.95167535524812
4.26976699052389
6.71635619054054
2.40362535320585
0.526603954267584
5.68329690789033
3.61546714201403
4.97519742562884
4.27702109149958
2.95271453733547
1.72013919923064
7.02408544790688
1.64093885165673
2.83042455493573
3.71978014013906
0.526603954267584
2.38170927665727
6.2095870898359
3.24473772571485
5.5913674143579
1.8708009244575
4.31505139706195
6.13430674781115
5.55220029546777
4.26303931531794
4.57142427500451
5.28156722377665
2.76295448396911
4.00551227726142
5.82148877271354
4.24895423626904
2.15157903174843
4.86937859714722
1.33725218411342
3.42890063775637
2.67162393832941
3.76981498443541
2.91613050917596
3.21912700957504
3.13625532186097
3.37455299527696
1.33410013174728
3.07729143036106
7.82705226990331
5.73633772438957
4.09549604721405
5.41008359099818
3.83689297170749
3.75738759124475
6.49619572611573
7.08521496093272
2.79584792474834
4.07369936359014
7.7690866435239
2.94020446906072
4.23536844153709
4.0912771911496
2.97513089344444
6.25293947351724
1.97465171643032
1.54631483046382
2.90851521645499
3.97328333207831
3.05869186314722
3.11239043166723
3.91001520964248
2.41204764624823
8.59256795504328
3.6263436418945
3.83197847208917
1.13570396303298
2.95844058688874
4.61086666465601
2.90546963758528
2.55810325321121
2.19619021171636
3.30975831837946
4.33623624797818
6.02513290169703
3.56706314817971
4.90841321796185
2.23991259271019
3.62723273993941
2.8431667840621
3.6992268966559
4.32625248893302
3.78941969244278
4.34297155002003
3.33777099096321
2.10118042425473
3.70562219986747
6.10548277705722
5.15899006544576
2.75382742190785
3.46299840658784
1.37685444075281
3.28650658995439
6.5934441264513
3.148940996913
4.39702240935496
4.66193305096215
2.27596741195197
5.14420404225842
3.45203793798303
3.60763707284337
6.18417779037844
2.68877004788409
4.08758418031841
4.81812397435452
3.19778729491444
5.06757171832051
3.24116280301597
2.44624020565462
3.85113384423335
2.85511302406663
6.3387057361452
8.50742880647813
3.11196322064678
3.4405040577927
7.19260637251849
6.54525209573348
3.7211972880564
1.63809251865271
4.55206151906138
2.59206865213777
5.23808987927204
7.05639731319529
5.134296317136
4.97749693746395
2.78288530802177
5.24333409361172
6.67511920134782
3.41298599036166
4.00759661408287
3.20911998310497
2.10984413567042
1.27419543066885
1.86624304477324
2.89120410895915
0.70502102037613
2.66776662160626
4.17733227001869
1.86138580271804
4.33628708737648
5.81472612248911
6.08978088472581
3.2792310725065
2.94478141489333
2.53551498911389
1.26493637113267
3.60364304092453
5.18654625858775
0.526603954267584
2.96352989394918
7.54977918821299
3.47015105764579
3.14455004441079
2.92602624142752
3.6260899952425
2.24634371011311
1.52889164486312
3.93503756610428
5.75521710812724
4.63695094624892
1.07092988837139
1.12475401846238
6.78180055616441
6.87907942723851
2.53932598864095
4.31430403211385
6.69971375056856
4.6623498897055
7.38839786193793
3.80982067516487
5.62429209142829
1.75592412850604
4.78512457677921
3.68278908685157
2.15096720646152
5.17958871437693
3.71886625701199
3.52612821284611
6.64591962359857
7.00162475586794
2.00397501086473
1.49512760672947
4.34803194887412
3.22590991692888
4.04320277658988
2.45443220728606
6.7227657593531
8.2965651919791
6.18841614254101
2.70032124244426
5.39375602937237
1.25590222921679
7.82728190330667
5.78026558983983
3.5891280327793
7.45217909731737
7.17553117492437
2.7070521424246
6.79255138816948
0.139296835172456
0.358525894141528
3.96723734463084
5.44154436771868
6.25258873205037
4.77374203609887
1.52620091249491
2.07691447755453
3.76446924633557
4.02362672361631
6.11800346350753
4.45966101791344
6.3847741363331
2.53622398219009
4.84985303480736
4.36017761275509
4.47722420521158
1.3193916574122
1.3245394260469
3.26737798014919
3.00026491244554
3.62398330081592
2.98440711546597
1.89819246809151
2.02934307674296
1.87775179700538
4.82246418765445
5.25167887573013
3.0071647694361
4.45395497090552
4.29923598687855
4.80889365135988
5.96398784229386
3.30635309134028
6.59631501060305
3.2050225604632
6.88766414522787
4.16524639037441
8.11400165234638
4.19736805488552
6.0690759278752
7.10726324375017
3.84926370970354
2.98037682325628
4.83775706815647
2.9752308214716
4.64935436998826
2.73690035100429
3.16258651565577
5.73925653862678
4.09134865613581
5.16297108452664
5.07411631771863
3.91518741052965
4.6007448782296
1.89706716481348
2.82429800595828
6.46415969573143
5.00328170686845
2.76142032196596
3.95594541350551
4.56573304507622
3.38412843207109
3.96065026058532
1.33205853543225
6.53239085031805
1.96788413064093
4.98680044305599
5.35633894754006
3.29930930479182
2.47988580002523
0.526603954267584
3.88614815531439
6.01618920423371
7.13457202865532
4.57904870239739
12.4340586826137
5.21192004426139
8.45281660111503
4.84809963743041
5.5439194785709
3.88292037394119
3.72522841568405
7.51029203517543
6.82507822935155
5.64501939676653
3.32242661715148
2.35277972346983
3.3724851763495
3.11149547995771
1.80095237622264
1.38494104454361
9.32522684341355
1.53331577623864
3.67754390388023
8.21493078999981
3.4301495894846
4.22951723570442
3.3508453673243
2.65918729982635
6.16276331132079
1.27274471043212
3.46886185524756
5.54240844977677
3.7521160598528
2.74317328839968
6.71433976151697
4.26421403885098
0.526603954267584
3.01253118076496
6.18029605737927
3.60224677213403
3.29029100882162
6.06659889600999
5.58823220310068
4.12871228003512
6.14640561301581
1.09450236800345
1.82564927684617
2.63161845765133
5.96292108115556
9.3266873226625
1.47600387628238
3.52792921609159
3.44139992807934
6.59359890202396
3.7941499308417
5.22105029230544
8.4487746891212
3.79989077072412
2.37898901952045
6.03069206913413
3.65655720915476
3.53173019475616
3.82813645686624
3.06983988667578
1.98185622255483
1.36913287313621
6.83953923771592
4.23227597991848
5.61659005299381
3.27260036909225
13.0351566484827
4.50660528312691
7.8385671228592
8.84376430353268
7.01046532291786
1.82245553312242
3.51857103167561
4.87328644988154
5.79603997820601
3.39432937457958
3.26439803166441
3.81208113521176
6.21704466723803
2.00256406546867
3.24952455010325
5.41750583025288
4.52971427481038
1.60314201083022
5.49609914464964
4.57542593799514
2.74176182998041
4.29008908923847
0.00372411776755804
0.00372411776755804
0.00372411776755804
0.00372411776755804
9.69212313454032
5.57598463940789
3.05434781304572
1.62415771277004
4.87783306471785
2.03874137123604
3.66369858544998
4.62431346187574
3.53204308582571
3.34639234114882
6.62468416905131
4.07719460135275
2.82367848197682
5.30455859046021
2.5473039124114
2.92123671379433
2.35774901294814
4.03722819155427
4.63722263797837
7.51996385139409
4.8921138544126
4.15687114356292
2.15359350034514
1.48289623291411
2.05562073022917
3.52191221272284
6.92258834490711
4.56639664232895
5.06328167730005
4.80758528508382
6.59782251939161
4.53386197122141
4.81019103985181
2.56429206698446
6.25652230560766
4.6795102331097
4.54617901944264
3.61083150614497
3.59249647855191
5.17615118210666
3.69005267857343
5.94649852202591
8.04403003916042
5.88813712346443
2.30612427705664
2.77079723343491
3.27644617259087
2.49177607871956
4.35056053239594
8.73773947295321
5.8074388009777
6.3932034135359
4.2648107554934
3.22205104401887
7.20929697458003
7.77329554605274
4.79620664001727
3.55598851598877
4.23653401419769
6.67779198752468
8.61485375777879
3.37174453871174
5.17394172656423
1.95781288176016
3.03116076271168
3.4704476985752
3.8593085820927
4.16807050406735
5.01892283858352
5.57598116761178
3.5793636948413
3.0487204600511
2.92145878782602
6.59449417132307
4.97537114874651
3.07192745637117
2.3288723229293
4.27122513829684
3.53998156350203
5.40006605335116
1.92753972759524
2.21990160323181
5.39959287505533
3.82392095702764
1.70601679184186
4.61103269772787
7.70845955659682
6.32784625710926
6.59527513521964
6.7792864151968
6.41399564549551
3.66637617018205
3.96188677132682
8.34731211693667
9.46634777856203
5.05742200430711
4.4098357275748
1.61199143458009
3.01345936555502
4.18444527641693
6.10425856533505
3.2766764853966
2.62417696030319
2.97547127967226
8.06718942756551
4.09267462915739
4.13062194246133
2.83834033705681
5.69644041970007
6.20087042642319
2.89366281856366
2.64529645389898
5.5830253932541
3.95694582684889
2.47196549883964
5.29139441498307
5.38946220678726
3.96705872057145
4.16017963514915
4.38810789465759
4.43883029251552
3.69309806272047
7.77724174606186
5.37582579190043
4.55217675838136
3.6690743670099
5.94916400616819
2.49737157865353
1.82591732474177
4.40092042286703
4.52307559062169
4.31765611840166
6.15716215514201
8.89233612309344
3.75693902257669
3.70449729526554
4.07502978531933
3.2739231925189
7.19195969522816
3.31408159624642
6.12028446217954
6.18411038985569
4.33141371772088
7.80923950833212
3.78208014259905
1.72307466639876
2.23069285745497
4.40785513773355
3.96680374018981
2.16159444526857
8.6946955505317
4.03742967937177
5.0030252868097
5.43640234023906
7.20745678582287
4.07505566926884
2.71769213911885
2.99117789837016
2.16751133148027
3.13837394726318
7.30236739783316
4.74252409443747
4.218850788316
2.28938750097086
2.67669258249563
3.25945615189968
3.40500475947726
2.7429565445754
1.86280897434741
3.29723901311357
3.20396220768141
3.16312921489372
2.94642612831174
4.58120128008781
3.86660647103104
7.03643481506534
3.85741387368415
4.41724905950407
6.46083206080858
1.9530402681573
6.11115112098058
3.33642755410715
3.94344837954006
5.35012188241936
3.93409831955822
4.08458487896568
3.12544633451379
3.05335833969214
5.94810149347762
4.68588389493617
2.10225438493337
3.35326424790555
4.94257333463246
5.02160778816603
6.06795310395867
2.85193347909656
15.208319751197
3.73948046202423
9.41735005026732
3.77590058290056
5.22936323175118
3.94985239503685
7.34824795371446
3.74117504166315
6.28832607715221
2.72906521584292
3.99769590295652
5.27258838421242
3.00924664257257
1.29529217642148
7.50998751897892
7.70874111588167
6.3084935086836
3.77351120340743
3.59185158708517
7.25785141098458
3.48904770044831
4.90719168923373
4.08539720537044
1.57701679961664
5.62253546704798
1.48368423858619
2.86326128709033
2.30630482214793
1.82765016001444
2.77478003797788
4.82774003304354
5.78486169586159
5.08860179996827
4.3237575054905
4.04470797218752
3.72830136192843
3.53031038496885
5.89135464636833
6.22464946406568
3.9756867654325
3.69216732622894
3.47645891132752
5.3944817783752
4.59522149335257
6.1778124023441
3.2050376183668
3.27113010041026
5.33060790464632
1.52960643184275
5.43473363622126
0.526603954267584
5.36957046228938
3.73286041756807
4.43383121979542
5.43881942161413
2.07549437826838
9.33908720508764
2.83267664665017
3.745192010966
3.06753047890895
3.11080581283873
1.07750312998821
1.61339995204132
4.82634425480109
5.99654520153906
3.27444600380239
2.30985334011629
5.20748286049907
1.66487826001697
1.4419016708778
6.23285951417334
3.36486478542563
3.87442873936721
3.57801044854859
7.64351759927344
3.22634689829403
3.66850904033537
5.52148955921558
7.37178476385479
2.53232903540713
3.41590759953933
3.77639518694188
7.4289481970736
2.1478945685255
4.5656846602183
4.59547090002704
4.63603364126907
5.19676590524409
3.6282089869676
7.45552395854121
3.43277732609802
4.03090738066833
11.4119129030678
6.18873795701651
3.65806809691565
8.05576451239799
6.27127102274314
6.21273650249175
3.62519366521674
5.16967299746327
5.80878418045342
4.13388933878711
2.09481003805087
5.00389637749395
5.32096471313925
4.09841920647429
5.108569208075
7.24835326265971
10.4999984971746
7.2507939117927
3.55216781522085
3.84545965577722
1.36503724862597
4.11060153998858
6.40163812683514
5.84412894727621
6.10262516302144
2.63591132397481
2.09251760821307
5.09314813696196
3.0084533168154
3.61409013504567
3.64190638853682
4.54935786150273
1.99589375850766
2.01016131456009
2.26160902097502
1.43633719872609
2.71426369754961
10.1429932273777
3.64964598476051
7.51942371982447
4.63888837300855
4.44551371805575
5.56355993334157
4.0141590947798
4.55517603502008
5.92642244723546
4.06050265384888
5.06855254776575
4.14946491753834
6.94018437353849
7.4308149457744
3.40372044463515
2.55496294099206
8.23674535559297
6.85145225766623
2.50948017641117
4.99287035432588
4.24454855592936
4.12961102101288
1.7030566082685
2.05527817497016
3.96110257757148
6.30544789863222
4.09918893347906
2.45318718597866
5.51502842190979
1.6567021301638
5.61599566842754
2.60475982496212
4.36662843440671
3.2870531586662
5.2874198513694
4.12509597890556
3.66389679531805
8.7863513973685
1.21225888491348
3.38016506779175
7.99046993321727
3.43691266943231
0.526603954267584
4.07290562269727
3.08736306659881
5.61234521272931
2.15414370465371
3.74301296575496
5.07568541078648
3.0263977558074
4.50582256549039
7.43329493181952
2.64163632611096
2.39262430138447
3.73655760991056
4.89071746677335
6.51266652678102
5.29761215072201
6.77759741660188
2.76876727053283
4.0778597711362
5.10771388277581
4.19453603658889
7.25298477607445
8.21296528469275
8.43724941381824
7.53360406230275
6.66216561320346
6.03935503250464
6.19475797586377
2.50606218710306
2.72207811864687
4.05906036367939
5.818255833791
2.9884837902401
8.25436960158824
7.59319877313202
3.21262431474431
4.12369806503278
4.74216274173592
5.89066925104827
3.90584567160199
6.21199570479182
0.526603954267584
4.33794444271659
6.03983478751264
7.7938176938665
3.91845645499189
5.45424881551687
3.072531916146
6.53120042590694
2.79060068177866
2.90905153892451
3.73510642978479
6.75341114572206
2.83632385671628
5.37375759837927
2.08455748161326
7.97607714591797
2.00586807078088
6.7089596518416
5.46349578932076
1.86752854967045
2.74741931832271
4.02349219872236
4.99237460856352
3.6611616942276
3.85710219517518
3.92426554879613
4.35094154341008
4.04982429774136
5.2783732082668
2.14827506325484
4.34169280206194
4.48327698664318
5.8189153818949
3.39154522033011
3.39931845966332
5.31371360870765
2.52664490362159
5.78060264289925
5.70264369464952
2.71410451172186
6.06937308249039
6.415098282194
3.03458251076047
3.83349192377549
4.65550711862045
5.05277819396472
5.5087351953748
4.27595235803358
3.34465236226294
4.24219962918652
3.7238196245794
4.79137647875847
2.82493264701557
3.43787688463672
6.64079521731177
4.74870103937604
6.26624483953547
2.99570664510323
2.85955450599967
4.53681225851077
2.41124910828617
4.13311362717721
3.80443319293936
7.71923970911127
4.34375966976466
3.14001357789615
1.59560836629558
4.53353856113409
3.42444083671505
3.67753600699454
5.18602680632905
1.7287660250828
5.57245067294474
2.49040620866854
6.49944475688088
2.9876145266847
3.82214005002698
2.9113203894565
3.13585140898997
3.31368032662229
3.19529877870905
1.40639683423317
5.89621067652052
5.07887687220842
4.87445320682833
2.95976110709911
4.07081993198309
3.50635085806414
2.81624135997355
3.20244638720035
3.34268746059399
3.43612162551053
7.06591248281889
4.51562370610548
5.1431474589855
5.54208680552459
4.9980397820374
8.25853589908257
3.06881046815913
1.43568143569308
4.23972363155433
1.9366717264493
10.1847778781175
7.84776106840796
4.56907939626578
2.49384272147284
0.526603954267584
3.3036451569319
5.38711961607633
2.29749754197843
5.02881625383975
5.62208213166763
6.01232126577579
2.81866344987404
7.23472092578332
2.89472471098628
5.09119906860531
4.91364991041786
2.20275452607472
6.40637951199498
3.48240020047409
1.30453388812687
4.39216858720378
5.76625536718414
8.78546283805393
1.45161800997114
1.93541887872875
5.10691580607319
2.96393341718781
7.21854537528729
5.26001071572642
6.28519355647176
1.54508157545388
6.1608706635592
9.21428445808147
3.84304817964976
4.4194004391325
6.77732518535099
3.44564273168597
4.87911571510951
5.81909688563047
2.99211648249062
3.81500244862866
4.86658478141379
5.67824645557253
6.0098142344992
5.41978894016527
3.59977283586087
5.89225663051198
3.19631299180707
5.42757990045875
3.81219298284607
4.08874817540914
4.77052130169829
3.91322877876772
2.65198307895871
4.34946148704029
2.11972868845806
2.67545068657645
3.9513125516081
4.810043887582
8.42891869969752
2.0451027261957
5.0401410886304
3.59562679115999
4.21338758425463
5.25779842088035
8.24844386904266
0.526603954267584
3.07196842680497
5.76485941283838
1.81439543152674
3.60353852685336
7.19665082837436
8.88858470122272
2.69099037829433
1.70741710052521
5.38874423211906
6.63801121595245
5.51133823065989
4.24575639077498
5.57169494337338
4.54873430009818
2.43308938284268
4.47580674879366
4.47266883712076
4.48282212750803
3.22669492708199
4.96921175133688
3.2884988262538
2.70315332846736
2.37621702915539
4.71982171945739
3.95005111736571
2.77150403871915
4.30093797945487
5.37842558976204
3.59090635722033
1.3643802323364
3.26292913901956
5.05895021840918
4.78928819401504
4.33206639493705
5.81796333361529
5.32061556833288
3.73426008618197
2.65557060656766
4.82907114750496
4.28164557016203
4.37318879563602
7.457710932498
3.8809870048048
3.67769779942962
3.15831751820205
5.30151204188261
6.91286103193937
4.83692488808915
2.10601070063652
3.75496786486681
5.24646498463094
7.08210783671178
2.56168102239003
2.36950342518183
0.786804637114174
4.59386640130621
8.59885751702815
1.78669191761657
3.21229802540013
2.80951080246138
3.0102423474906
3.62818220529172
6.62347722700242
2.8792030637706
3.29890959767204
3.3946654571805
6.99922664860297
6.19439199511756
4.11635183875415
3.98031791376058
3.57703238286145
9.28127276954822
4.15120817733395
3.17560780978807
6.99778624096773
7.64482569315404
8.23810670048273
3.91441712069418
3.40469268052331
5.93241563388064
2.90086535647335
3.15724374672179
3.3140967944783
6.07578450777357
8.55361953867156
5.89879802824002
3.25652943356589
5.09541400630036
6.90549170335744
3.85591264008271
2.03345939372857
3.6293841420394
7.42246941021964
6.39951831624368
3.92346751908731
1.80585103132457
6.04160958694
3.4118830460344
0.526603954267584
3.79554593631663
3.4969615199769
7.44625060226937
4.07828225358564
3.25691519423663
3.19074704345272
4.2123382726145
2.73447091790681
2.51082844236724
2.46453863001292
4.90159589954588
5.2877190243719
5.42908586805389
3.51101798064995
4.05891150693915
2.63400221817559
3.31405707386616
4.51394004180677
4.01931657890098
3.05171140816967
7.34560608877979
5.37631451488922
4.33725801846103
4.10080618841388
6.18528281082079
3.25714369738035
2.91212119556331
5.8199396117447
2.33633285881205
1.73477645951319
2.33022887977815
4.04862150475839
5.35754839871612
3.65804635288354
2.05849694457726
3.10420000518882
4.50350165841944
3.73221717784069
7.69246056918294
6.7039251449499
3.45994298246699
3.5062892107543
6.58668251068186
5.54687327022237
4.04559560093457
6.41608130910584
2.82326357523831
8.08507802590401
6.29454870853472
3.71885056100077
2.60745183065228
5.38052668207601
3.17587462005042
4.89808231483126
5.48105053197901
3.65459106873241
4.81268720682263
3.76664558257963
1.89662828007648
7.24434599031503
3.72131417261545
6.65061515069843
8.08357329403091
2.42761573857923
4.80535275387071
4.02750073851776
1.90127819264694
4.16177917011466
3.03078308125986
3.46649285033782
6.28571414833005
3.98332590943651
4.29682945206641
3.87534866051292
6.56779090508583
5.00091580859049
4.22021676078489
5.87828027664933
0.00372411776755804
8.55885181287227
1.9194957918971
2.29172076037805
4.26727926744277
5.8188588033808
4.00770273960983
5.48724595507394
2.4512809742129
3.4301826236252
5.79376497788868
7.88785435730499
10.0041509188213
8.65551255236952
3.86956422899492
1.16938515421455
3.55509712355531
7.90742405129863
6.38693492290813
4.31501607529185
4.20174570386554
3.73632198906276
5.41244597126447
3.98462464488965
3.62225487190791
3.63346841921541
3.72988253281635
2.54136430726126
5.56497151034694
2.70345279332442
4.77029970580349
7.33733657274245
3.13477133526186
2.44381589824256
5.70069271217621
5.21763970794086
4.40495236528531
6.72534880045218
3.1779745562345
3.43048502833662
7.73493012712779
3.27421098817086
2.04310686048292
3.02818530016442
1.99621136091906
3.21558365261514
1.79867962582903
1.25992001497845
2.57434380140479
4.99648852863013
6.06877154836273
5.69704057591763
5.6023374248976
5.2878608443165
4.35997564895491
4.51406823192048
2.3179443810667
1.90562770696874
3.93715335502068
3.98308072952324
3.61960295159715
1.11518671257143
2.61868995944628
4.99633358634095
3.54461503289116
5.41697390521642
3.64075483500022
4.86766329316485
3.77980546719717
8.3728707814765
5.80430444848392
3.42603194167067
6.16894334339648
7.65599583487021
3.14174564575502
4.18615791462754
3.11055656318377
3.19780602410266
1.24582466630004
2.74340212106101
1.95751802074542
5.06685035280817
5.15548173783063
6.91728223986634
4.19364234020922
4.15685919341226
9.04362069596665
5.00414180676298
4.1945212367296
6.49002554539994
3.88190138726426
2.00080159845832
3.3453261581678
6.16455204663486
2.66503305739988
5.45905007527458
4.93350888616865
5.1167718998169
8.28125144765193
2.54107500955595
1.73407772580219
7.71024114831262
8.61074072726291
3.96469026109802
5.63545777346178
8.1428195905901
5.40689812664201
5.25155336069254
7.82996354673313
6.39598720165149
5.34709934984636
6.46854061871456
5.44051330731783
2.98051247919975
2.79665346030398
3.89087335783839
7.80635268900422
5.65549015614583
5.17164646139621
6.22203512643407
3.33851564615715
3.0693589047508
1.52340299424958
4.83890607270312
1.0904878236301
4.33143968352926
2.6776934005032
6.63323119097089
4.69832092576841
2.88648866320256
5.08109617800838
2.44345998764093
4.38421917142985
3.27756785263824
3.41734822359462
5.25380360857502
5.37114746495007
6.25188793319148
4.6618561137218
5.55626829318058
3.11543313629197
5.6952451161816
6.48941973385479
3.03383478006759
5.01815117992565
2.80325497740713
3.06605331124486
2.48524224321106
3.45502843947105
1.48559223259205
7.50572605525476
4.70810858312773
4.53258921081647
3.17385836331113
3.81985090391027
1.57367408532374
7.72783066113214
3.93127316818383
2.27671207491462
6.42120809062594
4.83912464171302
4.60274287950448
6.01338832224098
7.96110276211864
4.3786424506187
4.09839611584692
3.08453959491887
3.57989899964957
4.74649284494778
2.93950740689344
5.15770432753934
3.2258611657819
2.44834314182838
2.86382964336604
3.15168144960244
4.34279809551515
5.26316643368001
5.34196707258152
2.40377483542491
2.5741437494313
1.88728507394471
2.78098513320816
2.49720368698116
2.46554569957398
6.74300137799061
6.97920285126388
4.68191026522382
3.05457527063905
5.1463741293275
2.89050886089584
3.35161009498914
4.8542095510489
3.87175385955492
2.76555450158832
1.43832590040694
5.05299381536616
6.0420665288014
4.06758981730325
4.9809314911818
3.0784638269102
2.03275681434244
4.49899234677763
2.71973926028069
1.65886905529135
6.96040043753442
2.52955570881386
4.15850963935366
4.73747984503711
2.83044977807903
3.99906091060519
2.62629946858167
5.17823697331692
3.71944310179819
4.50074276023618
3.55243457977767
4.27897434538964
10.0795546967672
4.53024623499203
5.75499117876903
3.4679764800724
3.13555765677954
7.8843842844665
7.63052646861129
3.68670465840401
3.54779146689894
2.21627458119667
1.94055922495535
4.74860595173661
1.76903090604669
5.58657719760409
4.53192364958703
1.73535679633711
7.40742483830459
5.97414140340575
6.79634621249903
4.23171725993471
4.46205876148496
5.64141731704762
5.90093155666059
4.37313552969606
2.63224419287458
1.63437675215324
2.74708976421115
4.38645019168002
3.38155216836798
4.92629563665769
4.85543426180429
2.66885389227487
5.19891095428944
2.47153151180099
2.60888224057684
4.10095609175838
2.78524414018355
4.4902364153897
4.29355696500954
2.21718904896606
3.16076767912869
4.50350398995536
4.89238339946016
4.53663346541871
3.37910252298774
2.03863066381124
3.10060580954825
5.45250014269153
2.21271319650012
3.85618216331187
4.79451479079056
5.25292184275118
3.971043199011
3.81904998294744
8.71251071327498
11.5116490692622
4.60956755670674
3.33903009085483
7.58257294580274
2.17598060351856
7.97782731962196
3.45547895273539
2.428877287247
2.68161597439457
4.00434405953362
4.86424419390684
4.07292596997489
2.04172324592473
6.90830098826681
5.47585830165111
1.90376309689095
2.11938410637801
3.80109539529486
4.49272206853072
4.56262516368946
4.96591702547817
8.30489855920305
1.80469205699692
2.74184219020441
2.55688938612172
2.57461332354588
4.69032638980613
3.9681643033315
3.78895455256404
6.67890889663222
6.08662843350711
2.87496247485532
3.50134452114194
2.27708801161404
2.13731105487733
0.526603954267584
5.8647684470267
2.78924216326975
9.41761656819402
7.50089512874813
4.94720126373508
2.6463323373992
3.57772066406109
6.55229262097344
3.17951506535444
4.65435337519013
2.17629849821278
6.50229660544185
3.74332957565758
1.98594642293296
1.45623500070456
2.83043299687493
1.379054937138
3.02042038710817
3.03101679414676
3.74752992810399
3.06181950707513
2.66456995504802
0.526603954267584
0.135066643806329
3.65580638961546
10.0761230397545
2.20103618385514
1.32831511695462
4.09199536420092
4.27191739551946
2.70734357999048
4.46011738157547
1.42901302813262
0.907553822178086
3.18986490025559
1.95127905841454
1.948428103339
4.09329502337052
4.74673758561451
3.67488076853177
4.84140225315678
1.8070351741477
2.79351492582821
4.20801362417789
5.0452194474805
7.42024600444196
1.62095090715614
4.90969363991707
4.55632747088246
3.47947012780516
9.26532322910633
1.34196951009613
7.10627672901986
4.09666583668573
3.08340138651493
4.68019631942159
2.36983646603413
4.21633252524801
5.24510940157672
6.41869028452775
3.74375215144955
1.53246073864323
6.39667201319467
1.14631662857976
5.38276463310623
7.64397467062086
4.82432987430266
1.70430730588289
5.15807078988164
7.38034970848495
3.2305252671288
4.68332434222218
6.25186639626764
10.0617160604606
5.96799454383758
4.3953380399842
4.83703420975354
6.82438999006151
3.82882414893277
4.2250428170037
4.97671941902547
3.36676649213234
3.65194667763012
3.79870873449203
6.74196587367621
1.33082037790692
4.23792228476791
2.44257574578552
3.47122568916552
1.96301823644048
4.14017796757214
1.47289073076849
3.84378287479094
3.78836741949509
5.72149303574439
2.4499045933623
4.41161714896264
3.55895176254347
3.41587443570356
6.71963486684362
2.43266396418034
8.09301547266375
2.27457995173129
2.84293044267894
5.3108011634803
5.7097048523757
6.326449358311
5.05818223431405
4.10730893784952
0.526603954267584
6.04966666355199
5.22518288282913
1.9573755503325
6.03406424454618
5.77980976958454
5.9919284551198
2.6923242999893
5.76262582860182
1.70978272174457
3.16777458773147
7.94849668165307
1.60223661955113
7.5335526344299
6.47393534250821
6.55989149827148
3.90932622517761
3.32908296289595
5.69676918694943
5.58377543190298
2.71609693519203
7.4157416990157
5.26804621475032
6.37530606130267
7.98762781266741
9.19385679036489
3.12922668873705
3.22231102633899
5.31513141285737
5.14712734741933
2.79077580866338
4.9845150702455
5.32353874388348
8.1568119458724
6.32427947801494
4.64924278783525
2.38664053363154
1.12977502616062
3.5792870759279
4.64212752645701
7.16536476268197
2.55929934529275
5.58817199629614
9.47735433462023
6.02751101310613
4.07279430062223
5.07250495600099
7.16781452971808
4.60267504033369
3.8117595321212
3.94432933459145
6.00880018286961
3.08125862253626
3.48263834506109
2.38638815828033
4.25050195979541
4.97339865894678
2.22175811179355
3.14528765782856
3.1921692760143
6.2959303445282
3.15832716273967
4.30190497582406
5.87549207123236
2.19188281836671
2.76756635579696
3.65151180804199
4.95532232080845
13.3978968135877
8.08377435638841
2.02699656765079
2.60268537452662
2.20544995137839
4.06313913089838
2.51536879120232
4.28796354372409
4.65481985681833
7.22351807248143
7.70225984712035
11.5441397174219
2.97510719293343
3.3904803143234
2.91099706037949
5.03595074186775
4.11468139811111
2.9821709383845
10.5561255914947
7.82004736996287
5.93722368650231
4.91980876532282
4.24138108995289
4.6413579769424
7.77985383540363
5.76100008077401
6.38077743014215
6.82408435673292
5.7191266814306
6.7262410838103
5.73069532854379
5.57627192003382
4.31102913584136
10.343665810898
4.91504772000442
2.55093089757503
3.91467427122194
3.60831792177011
2.6207562453482
6.46952117842513
8.2592796270151
3.51004263697187
7.42544523941695
4.25954754094094
10.2475601820686
7.09430551140337
4.24202604872082
2.00280821188514
2.33785076324506
7.11379946617327
3.32589321850701
5.36967934116375
10.3881812934161
4.9296743420344
4.21270143877744
7.00754699907416
3.52076632193534
4.05315718564511
7.29107533761911
3.59979649205466
5.3861907912643
9.35313561882486
3.52084077371588
6.52124585004646
5.88812172261623
3.77212692884738
2.38641008276729
4.1002012342212
3.29532617287355
3.71651686448237
3.3176509706838
2.97553415134165
3.17679290382549
2.87939247065884
2.9843856096751
5.43989401360731
2.60448317552495
1.6773654049454
2.99403414169857
5.11851573720169
4.08595137638253
8.23713813536339
4.20641793565105
4.81415310326561
6.21044252905463
5.18575078981392
3.67971771973393
1.90705874965963
6.04323879056767
3.84782764421871
3.65986513797863
2.38120139683943
5.08520308786216
1.8966151085555
5.51079476975069
5.79804936880206
1.95341182603838
7.8076731955728
4.85690812089424
3.88822818910745
5.1128558516825
3.64001084439048
2.65219017495233
2.9984664170098
1.69721917423337
2.76891061137449
3.10883320090201
6.89701306861627
6.09837528090456
3.88597859112638
4.70903422904578
2.81522804979132
3.19124577532779
4.45528350458331
3.62173287919704
5.9287224366766
5.0412671332698
3.98921064208293
3.52740309607781
5.60942762144206
5.22219411245084
3.75434975261529
2.95433162621924
4.28302865427758
7.67427984854063
3.62576617835358
1.61244392073415
4.26819242217216
2.77359570328247
5.6373079971325
4.80052300657601
4.43544693623994
1.74665723923135
5.19182839852385
3.62507230977787
2.82217041332079
3.07811672626355
10.4128724001524
4.75424311916004
3.421781302691
1.763534152243
2.06770978168381
3.63191392776165
0.526603954267584
4.31033235614086
3.02533773399325
2.20901272225833
3.69889786870303
2.70278574873528
5.54687590286219
3.5603888615727
5.41716075878991
3.18774136727762
3.75723120363564
4.3960699212209
3.18236062833898
2.48864988810043
5.17645130776153
4.7088828405816
2.64808422983627
4.01359465106784
4.97128985968642
5.03711513633236
4.73133219046847
4.445332786644
3.56231357111191
5.11280927456144
3.76553626503645
5.13861567738058
2.4153598053361
4.84196619099463
3.57830933808736
3.97480295009269
3.01475600510341
2.27165020486083
4.41232759277675
3.17963156708843
2.50076018949844
5.26579460935484
6.73679177778044
3.73888105746676
7.00499452749408
3.72616116421752
2.49802586029392
3.42041533060986
3.41790482414687
4.000965031277
1.26714585331004
4.00279505874668
3.03355518472132
2.61759687575547
6.64820756942551
3.75781783994295
4.59271304392149
2.28332266450209
7.28547620863363
3.21833842267512
4.30266615256387
3.79468010986675
3.71727738188097
4.49408649243759
2.60636293911018
3.42320260180908
3.4662195061391
0.423818924355207
1.98113342940814
4.38130393426417
4.7783454824903
2.61270910378674
1.6839289400646
3.66401550131949
4.02658793678011
4.31461944664436
6.58090696782212
4.64041180278891
2.07466290914217
1.29679563528978
4.03761001079337
3.10286027749849
4.77112950039531
4.33770476068038
2.46693379191084
2.496079538153
3.22640262278181
4.16086448400831
4.58085814372649
3.98440771813123
3.28328673551537
3.44829131912292
5.42531580648002
5.25055655768883
1.33565966650272
3.13593965640449
4.49692869506795
4.19314121838803
4.96209939852674
5.95339287183674
0.498990683347395
5.87638571562498
5.38520414335983
4.90432741462528
3.17679129374059
5.35918280463603
2.23886635959752
4.31772367556032
6.91430429349409
3.6292256964708
3.06342595635792
3.81397494266381
2.6137390823886
1.14076308812794
3.6483711057283
4.50149283194788
4.30352371048824
3.73274284922218
5.58519319258419
1.24296095973069
1.88262256470926
3.12445786164074
3.08071001895325
2.30222169721221
1.93967331255707
5.12281543121281
3.02962974979042
2.33346794054085
3.89301440431036
2.93434338417108
3.10618441173013
5.39210669767785
7.10201285696135
3.8703210719121
1.5325927079171
2.11255148239459
2.39744710110927
3.37275901856843
5.18227064165565
3.37192788518132
5.64087023634944
1.34940546772584
5.19692726476587
3.8530072027461
4.21130669677478
4.86486199872662
5.58528589324385
4.61450770994894
4.99328042659928
1.8248099924809
4.24491342217106
5.54416703376874
2.50071512580537
2.73573299673417
3.12871577822765
3.73005728058149
7.15106559903195
5.0267911708056
6.63181510750557
3.50022806602919
4.7306841816586
3.55392797929527
3.96483331977705
5.17379184886653
1.81439065122817
1.60053064091681
1.17564834824129
4.04638017860884
5.87402591173103
4.12460080162992
4.69924268651859
5.13425669725272
3.79033307861838
4.94585129481043
3.49695633286605
4.92841643108852
5.06892975980557
3.51403548359845
5.32095419583798
5.50680772959228
4.25642574423434
3.60896231850625
2.31832220127179
3.31211175938711
2.33258924282906
4.38603161927909
7.21730316300273
1.33712158908181
7.27792641224134
3.38650456710553
6.19016414191249
2.28167198569174
3.55533071576079
3.05906532198409
4.7496443327568
2.41739838622561
5.30616130200889
4.03644480196724
2.24042239763741
2.10630732077855
4.46545284761412
3.65816513340939
3.01774033168154
4.35838460008403
2.16114076711663
1.66844168048345
0.526603954267584
2.98579794941981
4.0743885182235
4.12566319477677
2.41334131399969
6.23259959442444
2.26689529217019
5.56536257402084
4.19633833693798
6.48346810334928
8.52657727838994
5.4496929779562
1.7197040399121
8.58606600667734
7.68345333666513
5.06619522086714
4.54457512772976
3.26436704998036
2.53808003733816
2.23999001473415
2.98614674136456
2.62110988968809
3.36514468699172
1.69305925535403
3.35836143787713
1.51232791281498
1.2943456916991
2.49396569489334
5.9480892057946
4.856337744428
3.57451385428688
4.04030503541218
2.542389723681
4.20890592628295
4.21160572662898
4.78316108083302
3.71758946991657
1.76351473210788
3.17944738155834
3.67641800225154
2.45390160657144
6.21945444549081
3.05819942885975
1.96381448787724
7.84177514028643
5.14317536044957
2.75734316457553
5.03111911428161
3.73654141293124
3.76684120735259
3.39383632855671
5.84976681527203
5.91911506325848
2.26175825352885
7.20503987651951
4.64352339241414
