H3_JulyAug_Temp_Max_z
3.45966173352771
5.79296549818513
6.3089691054988
3.28116224212202
3.0761870954594
2.51624628316483
2.23374394431667
2.95036235841538
8.72671904395412
5.43019626587487
5.06363611923487
2.60755727170621
7.86945923738564
2.93218918213128
1.85141856912961
8.09429423583525
5.60789106996984
1.98114491164114
4.49173878650237
3.2637687149182
5.33538819775278
1.96132194609714
4.4271893876236
5.59531871173335
4.02265062848217
6.00851005722707
9.88570266304956
4.68341250590415
2.72552699925257
3.95148547985055
4.70287220208871
6.43900142506615
3.1689590782901
3.97201965317383
1.50439922700666
3.14956264648917
5.55680160801398
11.0765623899999
3.50047523963957
7.15319090945571
4.21114342337223
2.85431159980044
3.07678816952159
3.03967255712665
2.34722431711404
3.61316569697313
2.32321847789817
1.0276258429102
6.00351361969873
3.72999680607548
6.631345398059
5.32089117749755
4.32345592258839
3.09943372085156
4.07819656419081
5.37772149539217
2.94162313465248
3.94690693035071
3.6597337929796
1.6520293349248
4.31408282557215
3.74660956445618
3.52821287494905
5.33494885795925
4.79601906922715
4.42943397171668
4.51658178558912
6.1153745889016
2.9536132401705
3.12468103227616
6.29098284127198
3.6884069929404
3.2304467829183
5.15253363323271
2.93136989463775
6.69370649000107
3.78662953882074
5.04903780633127
3.35728373536229
4.26884329541931
3.38858282721333
2.52673097969389
4.16515659119074
3.05883588382794
0.834503017592172
2.89465317052321
2.97462032118174
3.6002375069603
3.22830682597598
4.53717157031703
5.16249067024854
4.00979888317801
2.80005286706154
3.75457382796948
2.41554993995517
0.834503017592172
2.43464743646366
2.84510591107691
3.20804274589888
3.80249734869666
3.25894605521627
5.61586091745063
3.48535469507955
5.17611662525577
2.73415090289675
1.40783194148698
4.34977512535523
4.9862874125235
4.51780990041
3.43191778652908
2.27949034331295
2.1994327113238
0.554699053101625
3.87434115219544
5.34601785612711
3.37359735707869
2.9847278648442
3.26141079607926
3.04163038411351
4.70444303691259
3.26032740727833
1.94891160034916
1.91704730816128
3.32408181091125
2.62893836426928
1.45819223653676
3.8544109886268
3.61366269027986
1.27854082576922
3.45575666824361
3.36705258245393
3.43718263950052
7.7021797052606
3.34012287729306
1.74604779443562
5.90775014023804
2.85445608023718
4.77831828542539
2.42031229574057
6.37240312740225
4.03640244539641
5.63166101012712
2.52802742021024
4.62743628773974
5.88361192259371
1.91601393049658
2.00904731133982
2.54723168705261
4.91204421414627
2.15042034166298
0.00590156508489261
3.59250312569032
4.9315848857212
7.95631076171802
4.34263514946424
2.11388158567125
13.0826987649029
8.18334271860881
2.30830479790947
4.40815512980944
4.22655119183787
5.65854429547395
6.00406801856788
5.09688531264164
7.7404816197672
8.67222229923076
6.83516603403579
5.51176262227745
5.27760308235429
3.44367408448078
5.91128323862964
4.72146733426424
2.59596337769425
2.55892571181763
3.54014103368995
2.62575584207907
5.30832377349913
1.88427546162867
2.86309740284024
3.70061987665574
1.18288760536312
4.55631042202898
6.90567739081965
4.94559387030724
3.17858459169324
4.27926404084971
1.988504942347
4.06089407146106
4.88519962556468
2.56089521892287
3.49733166122338
4.37371954752877
8.23402938100868
0.888188720124973
4.56915321627711
3.23601497122891
5.41712573243002
5.32116344214579
3.63513631475389
3.61101132878133
6.82122723983592
4.714558269208
5.11681885793625
3.60223874423504
4.36408399347998
5.8408476787179
5.40901048622897
3.36109892465523
3.28420779313103
3.36876705002301
3.59222567606293
3.77916776988947
1.8386210805399
4.62342489595409
4.48382945572043
2.85468341565698
5.31061516472412
3.1941394933698
3.79384311497511
2.88819911753337
4.0043999252391
4.00570560236699
6.68082653297956
4.36264015818894
3.33831766942493
3.82531241006987
4.02784282817888
3.98143644642239
9.09737312337829
4.85677710137901
4.74976398184447
7.66380043806463
2.36570489779138
3.63742712591104
4.75241920516129
2.54776634934208
3.8668259088705
4.31591413649514
4.0039170591381
4.91661650069127
5.72616672388751
5.0926342779719
3.55057924353912
3.07526064335453
4.62129152217342
1.05542725690532
4.33411338736698
3.04224125973848
2.5742856847845
3.46620369858899
4.11417024741938
3.98754723409696
3.2430219734323
5.02554964153403
4.54905154740045
1.39310480017565
8.68717256259766
2.67900959254228
5.17798098218793
3.50490161104921
2.59810325168835
3.94347161923728
6.26070639735069
4.70001183306399
4.24647335671455
3.51601309840433
5.41772996518957
1.95698277343206
1.5439879790635
3.960337391319
3.03046829792626
2.78380190918143
5.6158369188627
5.76576252944649
3.96225764260509
5.58267837842718
3.43082550196248
4.79220490099736
2.73432986667501
3.74871163242696
3.74126505862002
3.44134584394706
4.93820081287334
2.15591381590539
3.23058219804037
4.40912159713136
7.36243242090639
4.24154691901419
5.77893784239307
3.81312330938889
6.11836934562201
6.75869703537124
6.26573791931185
2.11556156107714
8.3696312095616
3.15059226094258
5.27576717059648
3.38941909846886
5.58916421457106
4.30306215389417
5.19674145395515
3.72352534637226
3.65819320878688
3.63699465116718
4.51531289843173
5.51511455315462
2.66503515361923
2.08608483296805
2.34364254635313
5.905913008361
2.31863438963089
5.9559452681668
4.16964864902717
1.42000409262789
3.81093832567196
2.6895781115866
2.93073280226632
1.97892162574688
5.73166854530079
2.49584175729282
3.85858391284611
3.05234958045037
3.58774575885941
3.5681087499137
4.95107242280436
5.79170730969905
2.5726983283671
4.37296552383677
3.95214738558512
3.18572786295761
2.15189012981336
2.65227655876373
5.11815118307975
5.96270281990937
3.93028750589219
5.74578198596381
2.52255656345669
2.83501468318666
2.45306565697235
3.39871273107683
4.21139843291196
6.54798210119947
3.23859871027451
5.0684618949913
4.13430092801896
4.78637821227182
1.90157024420989
3.34197262025471
4.26004112284091
2.40514575044232
2.77190247098697
2.04684164372787
4.51073309169
6.51680591704715
4.8077906060956
5.9767493257041
3.04271517994217
1.41361330461859
3.56277250963903
3.88614731987375
2.43031064315236
4.54278117169702
5.97637869397959
2.17080849967608
4.98264026542384
5.03070669527209
2.77668091814722
1.54833073383241
3.02050712768355
3.551268891786
5.38004713722312
1.82681717231234
1.91142493906448
4.12056035510518
6.8048575086381
4.13404475133092
4.92607146724878
4.09517316166429
3.36616345234158
1.83595715664165
1.73815629756486
0.722393405759086
0.558559535484466
0.714809098694833
0.847276373431593
0.650931129138968
3.78520783755368
4.08211687398251
1.49264171661872
5.28242121160202
4.54055946324027
2.70199822355858
2.81647285363737
6.014415940278
1.79910994725871
3.9648959396886
3.63932862193541
3.69203690270843
2.11521337742166
0.834503017592172
5.89474853654446
12.8823986522688
3.29392544805973
3.97745185346236
7.5237897580215
4.19544126640441
3.08665352792289
1.54114270081958
2.66159878429848
4.97630892671711
0.991160063661512
3.11389204056811
4.02374633606216
8.40620847413231
4.22418346848488
3.33156250868327
2.2728844759005
2.79460762683635
5.80266050403797
4.47253542815614
2.61012106251796
2.34868104236069
1.77314340246845
7.6383203678592
5.71435215629588
2.80095591198395
2.02077156104961
3.26891404936958
5.6695135609994
2.72381305475553
6.56899651685058
3.1212113149063
3.40827316200033
4.84167086505419
4.6074617857143
4.69470398096095
3.46781057509235
4.25037217958049
4.23256183056844
1.86769310923525
4.59522534261099
4.38196701668676
1.83796169972988
3.1546368527768
3.64267234849968
5.81123219553126
2.5411344566257
10.6672437803317
6.43955693790928
3.8654143331373
4.63862064610941
7.96624278900152
8.39718266761148
0.816982021410894
4.92136783147693
6.86239390646583
1.58629278124439
5.98813557676184
4.92567786458094
3.29530164185835
5.32050988576147
7.6912979588615
4.43685500531624
7.10836962697027
4.79361879499281
2.89964181639969
2.21068286576894
3.55256217387936
0.00590156508489261
0.281332739156853
6.20050368305393
2.13662658126247
1.80942578806085
0.787197256833332
2.68825096469032
1.95564159073108
2.42693120311611
5.49009879796972
6.17908978490828
6.77729372720781
4.11383668297145
1.65307300740512
5.1073615063998
6.04697859340521
1.90377984770432
3.37370477071456
10.3430332769152
4.34477538103556
0.00590156508489261
0.269806717101301
0.301126056396527
0.20673473023296
0.00590156508489261
2.53456360904632
1.70197603875645
2.79116318562301
3.92364107425959
1.75308221968498
2.63361236207024
2.2529032271833
1.4704064492079
4.04720796880824
5.56844153929093
5.15081088042913
1.68193809301115
5.9865534962893
7.24602256672077
4.45247974638272
1.41028480460774
3.72390582271565
7.01030873392719
1.72138636699323
3.79063011958961
3.01921178004239
4.50844258259714
2.43370270245461
8.49137606982785
4.92381925161105
6.11603210964319
2.87534368593324
6.19055438345976
5.22615621447099
3.34071232878507
3.85538962604302
7.64995548926468
6.72855440679889
2.66483092727432
2.77545498697543
1.60509612412948
4.18959792112268
1.87769106170945
7.51057146001592
5.17899607754268
3.03254310134733
4.06873771956499
9.62888869922491
3.10067868555596
4.67093102813104
1.89347656193371
0.834503017592172
2.55134586987694
4.54030872924813
6.23282714133824
3.32845282836427
3.35114341146313
3.85365044636762
4.10983530562511
5.77234439131406
4.08120627645468
3.79765192919846
5.53653837125351
2.00291110219771
1.57597044118431
3.79036766631615
2.7180730938148
3.55274234576409
5.05545915421803
5.14130270009953
3.25454104085249
6.48663983616768
2.73481900132071
6.09510532240234
5.09414734853116
5.92322666326164
1.99120213069527
3.56357868003437
6.17200754199069
2.67254889261285
5.37723309769462
3.66631182967956
4.45632179144681
4.60545876396156
5.70363125513181
4.87089429580545
3.72256570215866
3.21490543413116
2.8986650764815
1.914291912869
3.42331076813979
4.3625395985249
3.12515016759765
3.46457714085885
4.73124092218645
5.94948083609327
8.43789571580372
6.88218408099849
4.43958573992304
2.43949114910559
4.72645271275327
2.21196233391831
3.42982538786514
3.69220079280591
4.83040253770737
5.70422607838347
3.71819481641912
5.24288309416091
4.86928852208534
4.17362789186967
2.48956705824362
4.24123184398897
3.90885697201401
5.93179672204958
5.24862777355013
2.30994967059402
2.79600386518418
6.08715991310089
5.61876129577423
5.85552150921616
5.18981449093349
4.36254051482833
2.39215727766537
2.80974789874465
1.7741945696738
3.69330581331761
4.36691419284541
3.11576366399724
4.44614010848712
5.25955635618355
4.89001965110618
4.17871099684276
2.50820123180916
1.82355531812139
4.26179764732356
2.61969720800462
3.78247875735758
3.06873114128411
2.19226141950943
2.56750195978635
3.99880638569396
3.28229276599305
4.10416274927191
5.79797517040813
2.26433974467271
2.49253288091455
3.98950707054136
2.10635695898229
1.8783921492819
5.74117656113477
7.36568615228341
4.28565803287401
5.06469102383647
4.43229184571339
6.45481493641177
2.52735083677526
6.3281958234164
6.00601912432501
6.52048692176313
4.87388142033315
4.4523274050152
3.25100263996269
5.46240814328592
4.16738267798438
4.32417179370976
3.57405876332588
6.37568998718803
0.934493238195885
2.81587401536224
3.07839849394111
2.88643330222804
3.89943925284549
4.22850215933284
1.46452663770226
2.68814906512294
8.76834463301368
8.52531952787795
3.12264362450758
2.84617316999828
2.06314529517529
1.31036539305728
3.14384018288274
3.52113341096877
2.41382162737353
3.20196645041489
3.5541282583363
3.10952240691196
5.32530322614009
2.60990673986683
1.64803732321729
1.85160014910878
6.10897998834147
3.08284627358604
3.99181535505921
6.37984174809521
2.14486072592525
5.19574374636697
2.17422601057103
2.02640651377091
7.09386187737879
8.28943342766068
3.42842725055503
4.79310105791788
7.03467134225917
3.76746718328289
4.18992573696901
3.50142709985036
2.44980551078849
2.70714483688814
5.57036563064381
4.78666649910311
4.0789554208562
3.24583463096905
3.97875154968603
4.80706016062543
4.12252038851157
1.69004891548203
2.21017922025584
4.92360238858455
5.08282032028383
3.64046486041286
5.76324128301726
2.4538732476632
2.83736778092098
5.42390077499432
7.23537522280172
5.61219650293184
4.76698231623714
2.83857979737618
3.10939163974553
2.85141096397073
6.31596206726005
3.18888680779655
2.43027427668193
3.41886114790831
8.23054775564333
3.71313368671308
6.20298730622805
4.8691353329002
2.52949256312822
2.73990267864634
0.834503017592172
4.4003501228716
4.964165144688
3.39348773101287
4.30733105004454
6.88762784186637
3.98561476703103
7.83081902308208
4.04738487238126
4.75203899766416
9.42942702481385
4.94909247520214
1.63100421669945
1.59212707358582
3.52633227874426
6.22487113770383
2.36651544791548
1.47603553329463
4.19499567320097
4.85974102054186
3.03455022841487
2.49959709721513
4.41325519729092
3.40406083697389
1.75828651794057
4.26189109655222
4.00668866115811
6.04008251990515
5.81395054588538
3.08790678910362
1.71620497299223
5.76269963496027
3.76920824747847
4.27958660595518
7.22781886806096
3.92178666676847
5.94617942203456
5.52509540893331
3.02789472839596
7.21535064497273
4.30577806295197
6.78470288137718
2.94123255326455
4.19016130792167
3.21801243537862
3.10280235480326
5.68108438880667
3.37524960847287
3.87728154004183
7.13460929494444
3.39752954686624
4.00082665704392
8.49396844517154
4.34736980919678
3.45065011907267
3.85541329085846
4.62432268020108
11.566032799304
0.588924803568028
4.06084074645888
0.577268034876204
0.684116822113255
3.42103669129289
4.18212080469803
4.2907372483287
0.834503017592172
9.34990828316431
2.5968560914976
3.58436814383921
7.64961165245597
3.50149598127008
1.92363121055132
4.21228227375268
4.46389230033165
2.21829066543073
1.79013828396394
2.10286127688313
3.16279480573032
7.23542984929255
4.89502083499591
4.95626197758587
2.2179248056372
5.01734768866937
4.19246945930447
3.37085289432482
4.30153857838795
3.37233875898909
3.85898104140086
4.5695445718968
1.68810029468639
4.06606926743441
2.84563691661405
1.30730406088135
3.74560884411062
5.52890238633239
6.44805797434601
6.47756840211994
3.6651660521564
2.58865726390523
7.2216946077371
2.75567779040953
7.57942027916183
4.89217286759206
4.73921709275557
2.4509428145509
2.86281543027562
3.17598863326776
4.27310109633445
3.33897737614017
1.92480945421854
6.50984438971585
4.68284203797041
5.98535558578924
6.0255754368469
4.31557647736927
6.01391517205729
5.76943130402621
5.14574986799312
2.59059625917425
2.36624310449366
2.29778026552217
2.85978427305783
3.61453580566187
5.30201407146748
5.90316851987312
4.24481778429088
7.72166673520999
6.82965105019424
3.43086730934764
5.03531397007773
3.54778501689025
2.5990168884154
3.8774584932869
4.36860551043019
4.19351872546928
2.48899004111364
5.34306178469486
5.1826968979953
1.51784824899767
6.21317120842218
4.81672644535059
0.665017961128405
3.63589605699421
3.36347991204786
2.58716592312775
5.0500492599758
6.75957250803012
2.66243012998593
4.35109168681796
3.64877704964155
3.11262876762378
2.85685799592811
4.10942918106778
6.73229187769938
9.56390992000328
7.33719507513538
4.47062519343389
1.99133887079828
4.45997930651502
4.23309122581847
3.95190491746277
4.24220745142953
7.63802771885888
3.23571610387438
3.94842176771796
3.82289707838124
2.53572931677028
4.89252589438614
3.36705349964444
6.0234579883197
5.88802794900409
2.00383069846187
3.83025709852509
3.02732150079894
6.29436557047225
4.04069391910886
2.03013456827803
7.19761870916491
5.77266983030029
5.52191485999492
7.26691430841699
5.29831569974162
3.86597581161196
3.08285996043332
3.15223485148712
4.03946586902042
4.25158155776018
2.37999107537781
2.31979605040935
3.98330481868889
5.36953367561281
2.35110699201428
1.96269244692551
2.89902134622673
12.8618595925953
2.88018588142137
3.6978026410077
5.63266329422285
5.81694128838063
2.951063690081
6.40786097284535
1.49634553781027
4.78537781126947
4.36283643035608
12.0821396984717
3.51513145028215
5.10107436335581
8.28185268529136
5.10739837077915
2.99522744956014
2.3493542194165
3.7834098680455
2.63794506496404
5.27003454436965
3.73262692664197
2.60244520902953
1.85237102441426
2.98339180408076
3.33716845805346
6.7076626878706
3.5173809893
1.70213478655419
2.48274564040455
5.92521788003446
3.83258812345256
2.00656527326151
3.11088888178085
1.9733086476988
2.60640167851403
2.91287128972693
3.24865230750688
6.52042238418896
5.19640057166483
6.54719431792205
5.49080537677419
6.36834253163323
3.36824857074587
3.18705291594042
3.15128660301074
3.75715590434989
5.63358999624918
5.72291972120898
4.35145682817819
2.3361054480671
2.43873191590621
3.62283377376295
4.33540877539387
2.10405525406326
2.39761717716924
5.55959166668753
3.31872946124881
2.36445078982242
2.26469571965152
2.96138398433927
6.82089105252033
1.10956920446904
6.23903278768579
3.19512873470299
3.34029087535064
2.82317541417261
2.97981034653671
3.12513732001124
2.8859149986604
6.1961426397466
3.40985084754641
4.14526179658814
3.91431186367447
2.86365963070455
3.60678580836818
3.93491359561389
4.11835752151863
3.31957686747392
3.53728729302683
2.96045484781593
4.34042406151307
5.20593416907471
2.92785378761536
5.19940517152486
3.28559850086747
11.499268446295
3.94192685815629
4.62712432434957
2.29392165447221
1.03290423774539
1.76784779424294
4.05967609847441
4.86563192977354
2.01107448690921
5.8168855854336
4.73873572927086
1.48890915811795
2.91165862797659
4.99685249101272
5.71695907652661
5.74626342270932
2.84411686357401
4.6179832096801
2.10798665526476
3.82468885165729
3.22040955555785
5.44283991159736
1.68006418175603
4.44729287088662
2.82997804296659
2.52745410835289
3.18135966841784
5.91763971001806
0.834503017592172
4.53151176679379
2.70556225561125
4.88367892252648
2.74572586305261
3.93765890923788
2.02260566502185
3.67945146083474
4.9338545045884
2.41328394179388
3.84050186460486
3.20290570676353
7.87938972421544
5.04562186234522
4.79572614016168
5.4949463713022
4.98723353957759
6.87993446253542
4.53212993314615
7.51484176719629
2.94470529498812
3.12498549803973
4.9415416890788
4.15093900081217
5.74931374175611
3.38342489169613
3.09905685085212
3.26195831325488
2.84635448616447
3.50317536750997
3.6796205546069
6.15449132865383
4.64895826378075
5.91280177751878
3.65693165909643
3.13161474638325
3.36351133679481
6.69658901738355
1.62080908391513
6.53721782975721
4.34854471388194
3.97486338456149
6.65134626726283
3.79186673698918
2.42838307097325
3.03385369807038
4.45766160760566
2.63727730708036
3.95040773725019
2.6156285401883
6.14460789799774
1.6841624863703
4.29483362181801
1.83646733964718
6.17534395490122
3.63171060015985
3.53560284070967
2.50937467571404
4.64313926617176
5.47515977447315
6.21157859704523
3.41794125261196
1.80667200565094
2.07316826665048
2.03781827523656
4.21863805457981
3.28194516895157
4.30975249530881
4.83828314500184
2.53547465916413
2.63119182271849
4.50410239225781
2.52784673360631
6.21787462647307
5.0396122433457
6.6371937844048
5.52261759629249
4.78040454638317
4.308541982695
3.05108872492133
4.02580185876488
2.68522140225529
5.5522288947521
3.54878186613689
4.26486978297153
4.87590045443502
3.22780688802253
3.57884819892109
5.31064015454826
4.78200383914397
2.21714033723193
2.93508329303363
2.84140904175072
6.38985035959973
6.25429012677607
5.18223276524321
7.40633256666383
3.77134062612302
3.47095963417377
2.04229128023583
4.75508234033087
4.76621689897372
4.07225915010786
6.00086201242328
4.78293658718894
4.86727022601556
2.96609577535196
6.31768355920684
5.83383919881108
5.24882426181206
2.49478191011358
3.49793951784132
1.31672932077447
7.21580457304749
4.51785827358355
7.49362982836478
1.36915948946603
2.02885822598857
4.91289699437186
2.04674510884816
2.32206232754777
4.91433221980992
7.77920759245156
3.09608398567512
3.56988849022639
5.01122698902528
3.77082567994398
2.21033243389893
5.48968425684747
4.99796537635875
4.85761677354188
4.9249493351885
3.23541242192845
7.5914903174646
8.35520223977534
7.38461184531255
4.11083411349093
6.49946709560093
5.2558776127522
5.54476299790268
1.95614945090172
2.99327549285668
8.12865376093086
5.06110206797447
5.30936400582077
4.01156007593519
5.7695805673101
3.23253114942516
4.87131033602038
1.88415277560459
2.01320954297705
3.54819816507036
3.87692333027309
2.71271733478902
1.76279384303292
2.28551574586399
3.97679734102174
4.03455570132449
3.10254459635309
3.16612900126115
5.36921893246183
6.34719792276684
7.42262788246475
6.67460685529335
3.57415090389729
3.29065299809357
3.48284506896221
4.4208541747787
3.13696094235074
5.055493170452
4.99978250072506
1.5898628622423
5.18970535037182
4.47679327583585
3.82143965732762
3.80594567651187
3.60676271090783
1.70687716440126
2.56209768834316
4.02452441814015
6.27572487476677
2.26935283037209
3.13084874116355
4.13806720555756
2.08641104960854
3.18936703141799
2.73423611489579
4.77654891915837
5.70783534636006
6.09941877233286
6.84884644337747
7.3660272483957
2.75226544775917
5.89424172863706
2.01379593305449
5.13462941539325
5.71490761327088
6.01643426061156
4.8636405002963
4.35083248591364
4.80216959357761
3.32065675292096
7.80158105711744
2.13683103993074
2.94149083562964
3.21520616102688
3.14762703688882
4.529487130328
4.34406685453663
6.13450001755024
3.84809291182146
4.82371629394536
3.66951312281485
2.75578607097525
3.35566836868945
2.82116033703867
5.91461112461885
4.7306965182438
4.62559321926874
0.834503017592172
6.78788802130659
7.80473717372733
6.97044423279054
3.33759853944099
3.57650168958111
3.50677323452596
1.98674697391714
4.76549437221993
2.76921144429877
5.24319790193988
6.3135204606016
8.40373261136114
3.54612410491149
3.13673091249743
3.96509722258434
4.32284728103636
1.75831129742988
4.36091802989181
2.33079941917957
4.87179657794062
5.98551554032549
2.49803337709683
4.75024945254499
2.0202978912697
4.18872875651098
5.55902970705728
5.25683145728673
2.956840899229
5.28364120046986
7.08983250680223
7.85330524274964
5.67856348663805
3.444488548743
2.64189915452177
5.57490580207451
2.87139832697643
9.35501950370885
7.27610140390037
2.44713933904478
3.78665852419973
4.81018021254008
2.57186821354462
2.29541174635079
2.28284685330356
4.28256397372652
1.55266940829871
4.38426446248068
3.99544978670516
3.74419712799201
5.39042567916647
4.50122256327897
4.48577229861324
2.23575146793931
5.09766692402258
4.36372552917524
3.29964131251492
7.08001088691269
7.46024017271171
2.60314346102548
2.92968254368405
5.41690590051237
3.60349592691286
3.69462955828248
4.2724910846267
5.04024200026672
3.56294661762622
2.35335185421712
5.85939073214633
1.56159623913445
8.15573297863955
3.91052025842986
3.12752656803562
4.6882841431979
2.18695525813922
4.04773322388711
7.63680106611068
3.63899265985902
7.17135998886931
4.53671138767192
4.56773260277821
5.69181814364869
2.49758321270345
4.04749863501745
4.30264171283245
6.09810950480849
2.95910711396353
7.48703168759243
0.834503017592172
2.05425602464267
6.16198739027307
4.83718500206644
1.68466525010614
3.1867117216594
5.83961291279214
2.01103687540132
4.34633517537648
5.64196311551798
6.58955771825949
4.92458757524011
7.72750493188648
2.86936979531739
3.62170109864969
5.02968244102827
7.17360943803397
1.36516829196385
3.07247270090866
1.97633445202116
4.76282703903639
3.2300154821036
3.03769640367993
6.72055022107134
1.70967180251015
3.31944853481463
4.41372674462906
4.73384695170701
5.6790573623961
4.07857529251044
3.74782248949286
1.08231459907268
2.1602570862297
4.81780131561517
2.17759590813298
2.69190565199986
2.66367846655221
6.03477969052779
3.81737398111203
5.62180492784963
5.45394988820847
1.96408400998196
3.01544964719559
8.30346455599233
5.85583897993
2.55968785988424
5.34794648602117
0.834503017592172
5.52690681482039
5.50619811526616
4.48739494314302
5.64062853415627
1.9875937986936
7.68979845721821
4.33788415440198
3.10638604311079
4.05912687701922
2.29291603897891
4.69429626456608
2.67426421384213
2.05819304710455
3.47777869363483
2.6546690065396
5.9757171754551
1.83999136687574
5.73267045449602
4.06196085077244
6.14120990360598
2.52585478421442
3.59097392103353
0.834503017592172
3.23375856018628
5.65913851452562
7.95182724894241
2.26499599473887
6.34356854690907
1.98220089934516
2.76804373796364
3.35351071896861
5.47279096836485
1.87236232363831
1.74450991814685
7.25682843260478
5.65450911040188
5.58488733659772
5.35790052060509
3.16485739273389
3.70820955677907
3.08926525519225
4.64272507432233
3.84667284647663
4.66269611636541
6.87529031651297
7.55157176037294
4.79373172138502
4.20717662143465
5.28627611150161
4.74918799433591
3.14969099523651
4.44322132431821
4.69137400338228
4.97337452644746
4.01401743875074
2.20102782429681
2.43707205970858
4.09037181815795
5.76520018233999
4.94635972200552
8.91736878924473
2.56503728400501
3.03148977661347
4.77483664261237
1.74970857323781
2.55490103535028
5.12162436315365
1.61505377138937
1.85467728799892
5.20012565720821
6.1241689161952
7.2400249046709
5.06877581150945
2.88668991537198
4.53159606689465
9.50183598002
4.67538081972982
2.75407368980516
4.07198463174578
3.83695682158227
2.9909107551368
4.59995300772334
3.38136223601112
3.31730455879925
4.66989065072555
6.43080223070184
4.30130147005157
6.1127102462879
7.64096946671756
5.85202949273815
3.10073122625527
6.02473488413198
2.29995393746885
6.74780178554576
3.74703595709161
7.0181891029261
4.62747950083059
1.00809716687534
3.81190186056703
3.21116952193978
2.52324814290194
2.77372403654441
2.17314148023084
4.7205993955392
2.33118506704234
3.11720753696814
4.38853787322
2.82288994860058
5.59943994064475
4.20259977704233
2.69191008600275
7.03401579744389
2.13847286170866
2.47710541028433
4.11220390346744
4.51490315689906
1.42753221118378
8.33897781714262
3.97456667497975
3.61155405670175
6.94911815627904
3.89664608310013
7.48374918196501
4.47604904436179
3.34626769743232
1.21860479906212
3.29478469870674
3.82185714320161
2.93543947898043
4.97635278818957
3.98677617958102
5.07249327226548
1.64454001557009
14.3225438032892
3.18016920715553
3.58821719384227
3.70896277670754
1.80364097462884
1.97005329864662
6.49091260634357
3.11183870234544
2.05296648197256
1.96322626539489
4.69049822596418
9.30498526965762
6.11613154985664
3.0328109303855
1.49765739607871
3.23574032806943
5.22118672588216
4.1833361183352
4.29423607369799
2.27019473864631
3.93842735342407
5.03452126806875
3.81981045823673
6.0203998687873
4.28657192627358
6.50460924357747
2.39015306686594
3.65155809343264
6.02603157462252
4.61664630195704
4.04264895896327
4.00522840781194
4.25508169496895
2.32660767595715
4.15639735412501
0.949838580944996
2.27918073992723
2.14642743698635
2.07107141158944
2.62878308606397
4.45231507285688
3.84913961276216
2.90268261358596
3.2481397251825
7.23087024476656
4.14142155592641
3.1723682031526
3.78246622943301
5.02579257547335
2.74592873902577
1.73256253821241
5.89497162356907
5.31113162035127
4.47591135539258
3.2046052061665
1.36930855241672
3.70237554769543
6.02320716316393
10.4969464009216
4.49405063475673
4.15357106974677
4.66611013008918
2.90827961556755
3.13385337387178
5.22086703938509
3.41442050016043
2.58911445279424
3.89340605163977
3.0403190350963
5.4277580730825
3.17301362864344
2.86986252002991
6.77779331594117
6.20497736339874
6.79858926022238
6.13077461204702
5.30149702733002
6.92552703469401
3.06118639885705
2.94339852953609
4.04028327846269
3.05877209830415
4.31410246984527
1.82608903022232
5.3416574254297
5.48490485085094
4.78896002359437
5.12343783920531
5.08893240949877
1.36946001949968
5.05308784779867
8.45613111016371
3.45212070987829
3.86104987753698
6.43885905546278
6.67268765844609
1.99561063137559
4.1128509417391
2.66122777461477
3.21555810372583
3.50476845903766
3.93694879400495
3.41605340701863
5.33474933984475
6.92686452456672
7.0625529965695
3.16574327090588
5.09686852863771
3.34283362964859
3.57522868374841
4.97940719212802
4.19891197052524
8.85722440616315
4.80340671409992
3.02688812221725
1.75577831287434
1.91012375092541
2.47064576311502
3.74872186961061
2.62169854499836
6.48789327535736
6.79989812912983
7.964083617292
4.83156066966979
4.4876683823186
3.64277133911052
7.41323694352077
4.38822161357731
3.0714597896714
4.90820906052214
3.93788596833526
2.82979344673897
3.07563190697794
2.56848257348167
4.7495519742954
3.37547571941546
2.57158164561366
4.23506660813851
2.58441350496843
3.80480046223866
1.26812103385014
4.51991704771935
2.58449564076496
6.00868038223126
5.32788849534997
6.97584070167211
5.85692344410692
2.81369801984504
4.55752546151618
2.25192889291915
5.3598862839323
4.53371058101478
3.9393047376004
5.19397058277084
8.56028070935138
4.02962122860829
3.74291062251017
4.27625133124339
3.88004735420276
2.89128649222175
9.10365824602531
8.41661340959632
4.55473293069853
3.50165542799724
3.77413072520958
1.82126099571251
3.41561594487339
1.41638120789593
3.36263267743067
4.85171717469243
3.16031799800204
2.23944181368896
5.26147681023491
1.84976730725768
6.83568421790444
3.11216264624966
6.55886065967126
2.43482782920765
3.7625877029192
5.21606616817288
2.16233116798608
3.17388578315513
7.23799737271169
3.71794363122308
5.48441228761287
3.27542711707954
4.39301965652154
0.989821008736211
1.54538151162511
2.36601791486956
2.06750992956004
3.30440769546408
2.95543308750977
3.02675124000965
3.0937754340584
3.01342193234057
1.91441472002219
1.33067876432827
4.17024504222763
10.8409837115401
4.6873332809298
3.21601761582785
4.86375969776481
4.73150815325546
4.92185453441207
6.9517711415717
1.50481205539583
4.083976691513
2.821317251225
3.4335677682996
3.93330218522598
1.41818272374238
2.64932205505807
5.11956372978146
9.08210330582804
4.94144714932307
3.11311430929784
5.46764716341129
5.46572057032153
3.91290621137897
4.36719111616696
6.07015005678852
4.19668952752321
6.15650721018457
6.45730501202762
3.72025726438706
1.41133024977652
2.33125039308138
7.14067457603392
4.85881947352592
3.83975777209316
3.95825144123703
3.30507185267424
3.00477548535412
2.20337119756913
5.35736170440891
5.9024173438861
6.23771832745847
4.36903959006148
7.63954880654503
3.91196702187026
6.64440394753088
7.79453691024657
4.36743012363701
3.92705770575389
6.17993831962537
3.13410427691346
1.98505387342148
1.83978078779752
6.33187790016676
5.07234656892893
3.31157293125613
5.11257032638948
2.68856314559838
5.25437308183426
5.4518921219439
2.07440763508693
3.86131802447016
3.64129516466757
3.01431324423844
2.35524520580701
1.95004928431498
4.69304679472424
2.95518048484359
4.02217287957126
2.74375137536702
4.71561451868483
4.0889050191905
3.61979610306397
3.42467258112757
3.99025992080603
5.86280431797791
2.7556450860083
7.32721795849434
2.70882991216075
5.22725934072758
2.48066391778172
4.88426569215776
3.96904216758151
3.08847570565862
5.29700885731723
2.24246903654365
3.25988564185957
4.82406580931077
5.11256867389328
5.79828302724652
4.83454182110131
4.12183633023559
7.02613281073262
6.68889136658753
3.21683804479374
6.28303513291055
7.73987209999592
2.00912192278873
3.84611360217653
4.83028227090042
6.76460127605968
2.44698141443071
6.02545061697034
3.64505257921574
4.55148435671873
5.99668844975155
3.43225691183469
1.83777497326971
1.86855332279027
3.87453581269953
6.3212802292979
6.17416275428121
3.54091655774186
4.18862940829602
4.33303887743462
5.53068088077142
4.83537501792006
4.8375939326198
4.07745161911512
2.83467079094139
5.85906848202679
2.93386056418991
4.24831210077581
2.75777494943151
1.7765370784701
3.82640614939507
8.47648959119602
1.66917742063919
4.6497076057264
3.50697098338057
4.42708750796495
3.69997445073879
5.42590723099749
6.04900109593811
4.45725305635489
4.48081109289527
4.14755269034583
6.24253109608044
7.28644958340095
4.69551578100054
2.66946376509167
1.68546983390728
2.87805727665334
1.84596084650777
5.38988763226767
4.26050006715668
2.62625896874671
2.64178339031247
3.56897236474132
3.87781766470934
3.90983504965221
4.58429883836532
2.77263366792277
4.29050153710557
4.70688091994514
3.11862998307627
5.98862359546643
3.86923038609048
3.8589141350783
4.59303662575204
1.96691922983079
2.84238924011303
2.57729608487341
2.83886251855477
4.82477995432277
4.44319068891094
8.03057661788107
2.8044271250043
3.01805150325665
4.62206981807877
5.57134427903533
1.80917411903403
2.02733234583056
4.03607928017185
3.22223396576152
2.52254431626737
4.92686847748736
2.3181135078452
4.48183801593061
5.42050429601235
6.77064466913454
5.7027495191422
3.56371490474841
3.19770112944322
4.06667530567596
4.60012809570454
4.62464319139015
2.98454850148334
1.53748865275057
7.32474396617359
5.05506405515572
4.38280530834395
3.92857612831213
5.07814201047103
2.29219706294488
4.28964071617713
3.02017068559339
2.80401482023322
4.93431452407231
4.38942786151172
1.12070097614602
3.17296221271135
8.72688474565561
2.90515172994759
2.55230768310874
4.41179366941781
4.82973206716209
5.08360080498309
1.32000632932886
2.01345249632169
5.15480403317163
3.95457597731039
4.13429373547026
4.16487783190617
2.88977804365008
2.96203949364005
1.56998348504364
3.00308695164153
2.21248690050221
5.20526423755076
4.44772708082239
2.94815068046447
2.21993516637934
6.37784842367146
3.07672163417285
2.56195819680507
0.834503017592172
2.24729986209182
0.53481174373226
6.26480227583777
5.39645167025659
3.58534469092104
2.75810162672256
4.86173901416353
4.85037139561877
5.24586904152798
3.72038449218049
4.03085731668464
3.17915820017234
3.14088876450421
4.76124623893465
7.11712821687934
5.83900631231548
3.78720984816214
5.59995479630824
4.86860504048513
2.7227803545324
3.99248594997015
1.3167079145049
2.51704836205545
3.21346651953119
6.91334830557377
6.77042370280795
4.53723414485063
5.13159800503002
6.66276515588345
3.86007532238933
4.26137149071244
5.54641003878748
5.59842837355861
3.0627622164955
8.52295323136031
4.37372383164479
3.93834219938736
5.12187732030809
5.07584954517954
4.99759918561659
1.27645194843816
6.32622196682215
3.18706957540545
3.17036065913138
4.40754569276677
3.77647813543882
5.02322093069507
1.3704216447318
8.51896597395062
4.45359216656406
4.18642506456
4.19596045663945
2.69582135164151
5.70736930868897
2.18244482148381
2.19044270380767
5.27024153967049
3.80443892652228
6.50936134845581
2.56574095966652
2.67948947430242
6.07684431243494
4.01219867757522
3.27647283496477
3.23024371128981
5.44018340002153
4.58665629654784
3.82336279478382
4.15748609764893
5.56006366671363
3.68641756320289
3.72594758764797
2.39268627408905
3.30475771566462
1.92670921990641
4.64113465260287
1.59141362500215
3.9972902526187
4.10150670404778
3.66802093194484
3.23243145659012
6.76085667337109
1.96100981068465
3.30249138468961
7.42449143169438
5.6978918210893
4.44510551383842
1.94718540689168
3.88632604718167
4.88487143448971
4.33723710676228
4.37149709950708
3.11255258369199
3.94447730030647
1.98463010264495
5.29582608478343
6.86980234073005
5.16151779890191
3.26462445931167
3.77536139157166
5.14744621294645
3.53511790805188
2.5710403637715
8.06302374067614
2.93916453091009
3.9595886601512
2.31900045986051
5.37168812925454
1.69545982900909
4.63583139999333
6.08562769580876
5.90831701614441
3.85044403808721
3.36002540422196
2.28876938941946
7.19986517604307
3.65547229417258
3.84168719415956
3.25823375906627
6.02613652478472
3.33947761038007
6.96950253083106
4.89682450723317
6.2574672611444
2.33431914125405
3.00591444843259
2.45018843153598
8.28318004854104
3.86026339865325
3.25903050468549
5.48447340082041
1.93746848612261
3.05871903450594
3.20025005697739
4.19587021186076
3.39411415941327
3.59302328771678
0.941962216986057
6.2820673838594
5.41072082935999
4.02973354726377
3.75472636010484
2.81411403352201
2.97442429762651
4.5178567904793
2.25164393115071
3.21754313614967
3.06118019639472
3.21317178333578
3.99524306761182
7.89158933872342
3.90916352855738
5.22670676062919
6.57389077109522
6.27192373980518
7.33496941903311
5.37592435961834
6.65608069488149
3.36481859396726
2.96263549842109
5.45618898992757
1.95478327659685
5.76313819927838
4.54909342870177
2.88050353137204
4.93815840676047
2.52312760311091
3.34466919653101
4.70437279935185
5.71125797524552
2.6072805568781
3.96743998631312
3.66198789252891
2.33975705025533
3.97998633063579
2.0401035129623
5.69681382642242
7.48885677731298
6.08249019663806
3.220240472763
2.92959750974077
4.31709803492779
4.5196543992796
2.7012279457963
2.92382939623085
3.19244824814156
4.58380383635426
3.38101909238842
3.44605602797765
3.25809357568541
6.90386747969852
3.0539969979845
4.96093050868857
1.67687157776202
2.3583191731741
2.34792285063696
3.29436290316225
4.24352480962282
3.77251027116806
4.00231893087061
2.83278727349104
4.39294490414965
2.29811569377441
3.93245717424481
6.61344244954104
3.09681651976027
2.99587439307301
4.81897032517531
3.30059334306209
3.7093255152532
0.958129616498109
7.20093335379287
4.64348683393629
5.08013982165499
2.4910971069786
4.17200780975103
3.47125718044881
2.83812380233311
4.59017569878168
4.63278986440689
3.31426384613294
5.14094030043474
5.39404691981903
6.80044383054525
5.335418372585
1.9093928718183
4.47616628774781
3.18439974810694
4.35391564029904
3.84182656405087
3.22110113585162
3.59188866947661
2.4419081388714
5.98417546450766
4.48582029300736
2.69901914656972
6.11451148713137
4.71748972006388
2.45228837924068
4.40070946008688
2.97159722023801
5.9454311843795
5.18069450411221
8.03092800972697
6.60977373802159
7.58528559096861
5.13420463273552
4.8711757964516
6.27025947349905
5.85409245394282
1.56408286575576
5.63710872422479
3.79488361726569
4.67770871049178
3.16803077692159
6.26706308338585
5.36769411442881
2.31977010735151
3.17437838014076
3.47768803969199
5.47735408699171
3.55032965712381
2.9805670446364
2.59218281584391
4.61448293814343
5.72906617564999
4.38637101967592
5.51326781028178
3.26247848501514
4.45976710386119
6.33657945850503
2.48724945559672
2.98119176974716
3.2420138660715
4.40419935701415
3.29027199306778
5.67660266580907
6.59231338657547
14.0584401658487
3.61322388244217
3.79761376462144
4.58691413161446
2.35064323087884
3.04331561180268
6.06426537765481
6.30413228012464
5.31238924414682
3.47189987419278
5.15613185445636
3.17830526522763
6.34771597222491
3.03607228035305
4.33503852855163
2.49242888565765
2.82266827124628
4.3248395896146
1.63093990565177
2.86472672619124
3.52929391955786
2.52313058125396
5.86204655414218
6.03086536724112
6.53962324128434
1.85750009036868
5.2844976318229
8.54426606553209
4.66220857827315
1.45484531452573
2.08346493550141
3.05931155299623
1.42171487905802
3.80505626274773
5.28660666746088
7.29816245987702
5.28356892142882
4.26785159088924
1.94197948445205
4.39049288491815
5.92160701667719
5.72446674600629
5.83195884853247
5.55158797972901
1.76270967887501
3.20386255608997
2.36973211811275
4.29916370030441
5.36841642899958
2.49216279319991
4.15394606317574
6.55066432007466
4.25777392684265
4.68503241830355
1.66621838356971
4.0635065595357
7.44506777887762
5.61705778189377
3.82602651065794
4.24340544836206
3.18706623372649
2.94857032025186
3.61271831696198
2.67776056969245
1.46379139139723
5.59988493944036
5.31708834476591
4.621424137895
1.79753682577449
3.00432272308055
4.1727245461918
5.14189822698013
6.35817513402764
3.03244513680565
7.50168879017202
3.9404242365726
4.91063017160969
2.03957452462536
2.40874116834511
3.88453427177414
3.87919849398024
4.4375828207914
4.86815490415532
5.19022969655194
4.07736278473297
7.62221202767865
2.11742255315374
5.00939884146863
5.2531010611807
3.601595489962
5.40503009808548
3.12818251240255
3.52372536819489
0.598803798280469
3.32040005346824
1.40545325044327
1.0520130790513
2.98783837926189
1.90294642506955
3.27040471182874
3.15237359369205
3.73409500341831
7.83328138577169
5.87014969988646
2.54623567323731
4.10982960088673
5.21481589604493
1.11106640916511
5.01956872484304
4.49574871918475
2.79873253096097
5.15397977866835
6.82562207678339
2.75925792214675
2.75468584646482
5.88711166085196
3.4931898612379
0.834503017592172
5.94944963136247
7.40884463075914
2.14633455559108
5.58470076336461
4.65561328831494
1.58511677619499
6.01053300791226
3.10506222476923
5.9254298020695
3.47341403201938
5.10139009456375
4.45259874802899
3.23319478229819
4.8730546855422
5.04404968290623
1.91473449615083
4.20168814227048
3.52040489748578
2.10651754356538
4.63282676573708
6.48655541643766
3.62383726798887
3.1851272845796
5.84098561511303
2.74683488928353
4.65919554167334
3.52451911609324
3.25141721703444
3.44979125272718
4.78143720716676
4.27227695110982
2.44134312646152
3.44552076108609
1.44620212117807
3.03965177168152
3.24375352849449
4.12386321122396
3.96443140185943
3.15016523554465
3.81805280543101
0.32086969030519
0.00590156508489261
3.81208035578755
6.1626304336027
3.76923412303761
2.79380240156925
4.75095302872847
2.40383876579502
3.28126052077991
5.17493171124362
7.82129435614982
1.55605904991153
4.07503417495057
4.4232489517239
4.11803049212177
6.22853325021578
1.70432144183368
3.17846943015584
3.18539084273565
2.32653754409488
5.42166583834384
5.30676441685112
4.39203997866576
6.03282412775363
5.55654284176186
3.58648089575529
2.87383813402805
4.34247938601648
2.83302975284244
2.8626726820272
7.92912520907636
9.51863781177976
5.34509244252432
6.76682188256101
5.40952136262496
8.37728954542285
3.78935480380372
10.4809927237711
2.22667352977077
3.4374702403916
3.65644943652364
2.11090568988881
2.59915764870733
4.27903483361976
7.76049105958853
6.56552641205
3.93761947651012
6.02239641303734
1.30808980302119
4.3479951675636
5.54691405464561
3.42942638868544
3.13965724294487
5.39698631568005
4.75870585429277
7.34013253655895
6.13436741778268
5.73340805740798
3.82915420078589
5.42242566511941
4.99301085687251
6.08264297883278
8.593096520688
2.7364285286348
5.70172656251551
3.36392728830211
5.01583893863772
3.97244719787846
3.77030860764924
3.28720534596723
8.0212400979741
5.99402068208469
9.75902529919664
10.1731317876999
3.15171059789987
3.17629059546479
2.84902198722194
2.55505312712625
4.28268448589733
5.15462223406069
2.51111728960162
2.34838789411366
2.84292954194837
3.55485936861928
3.3292387217277
2.44813628970208
4.77554755196235
6.63829144218889
7.45182550570442
6.43603307962675
4.69033863405407
6.43291460743825
4.89046308895482
5.06236546066435
3.32137113116368
2.8647510641231
1.41355844189735
3.3470653042529
3.16409351755766
2.29591280039127
4.83309406010682
8.16373499223771
3.01954913422022
1.66666173322816
5.62621177580994
1.79069326605208
4.3476118823247
4.40481524233353
4.64083450050896
4.9445725521583
2.81178985272223
5.42631168334519
9.03351375288649
3.17520219313446
3.45183136710653
1.78085009312875
4.53511571187686
7.75859474498483
3.06867535697329
3.40274948959083
5.63005996962444
6.9813150083889
2.97232733686464
1.3903470513606
2.41135599002166
3.74094523080508
4.25821596182174
3.25450565332314
4.53388376404394
3.82938887726663
3.39807417814852
5.04104894955028
3.66958448047686
5.51578178560636
8.75427071221134
5.14317108367987
4.25705322776204
4.62979944974946
6.24346089463388
3.81163878560841
3.73007491443964
4.94787842012145
3.37413672563271
5.5099431396891
3.6162447534105
4.61505681243172
3.30168250341244
4.52262572130977
3.92120163946474
3.36433921324615
4.03036145522968
0.834503017592172
2.43111700436447
3.40964247144495
2.2020806682436
3.78172526333126
6.2791594973386
3.31177249220429
7.13912467162944
3.79508306476342
6.18716316501455
7.69695139627295
5.41294023165113
4.83528086702863
4.09978911793266
2.75721080024528
3.1377762904677
3.90601810493681
4.71483916820006
2.22414209718063
1.13623742259823
5.21717481366603
5.84171104390996
2.45455054361677
5.40859728898454
5.61494215563145
4.71139371985586
2.55910451407957
3.02608724578238
3.94707945747688
2.96490677688857
1.37581986073763
3.80150996817263
5.92262071589727
1.73037713658
2.0654915632355
4.21252939414305
5.92857525452909
3.73353266755437
3.23661933110081
4.36837341598477
6.44542265045216
4.06711196238109
4.96378207954651
4.81438279010417
2.59618513272188
4.71412597682437
4.82091895852874
3.04884084194325
3.34350888317462
2.30676315810921
5.42983095295755
4.27856959741703
2.55509394334063
2.61116046896544
3.219347724272
5.46835336525648
3.07506318637238
3.33569133464059
4.34189762975718
3.3412672318329
0.7227690506768
5.11133052532768
4.65884329748593
4.65001112854741
6.32290928073464
3.75999627343859
3.24820514780719
8.22275340908113
0.834503017592172
7.13283886818887
4.00212934412003
2.45432297907385
2.39557037084862
2.07657630164477
3.70038641692331
5.16402777555857
4.33889179870955
5.59136869967723
3.89643335672081
5.62894263041649
6.88665638362946
2.51787952319378
3.34753030640942
2.68378986621611
5.33606610030293
1.68557843151769
4.12575886405027
2.07245334804293
3.29375130270688
5.29333350641426
1.79274976159441
4.24547507737908
4.50265382144429
3.67805626021594
5.20511402704446
5.11243556296386
4.77771153254078
3.74301547067446
3.18865607437047
5.92616700261976
2.86221334549861
3.13076543981094
5.07000750023005
5.57230895881751
2.44466381748507
3.05820522914642
7.75074447585182
2.19279572156556
3.51572341619986
4.38111872797023
2.98213145380224
4.7245341328786
4.74859029228461
4.3346692949578
3.36736166973969
6.25021631238631
3.15618129437422
4.23161579911208
3.6698000586359
4.75330011164032
5.32133120305296
6.04599386810491
4.55945066948244
6.38171515049379
1.14444215944929
3.75439820178457
2.42904590080548
3.13187423046369
6.52896661107747
4.49449289584254
7.75485805184261
5.98782783182044
4.11665969151693
4.5073131505391
8.10980430565416
3.41094463791049
2.2521499562967
3.70412823982096
2.1946130784019
5.80144662743962
1.09490249786474
1.93739648895702
3.7523791357452
3.15992537921737
3.6800530525413
1.41744976297115
3.46531928710434
7.15039192379394
3.78789623965863
4.10686788990073
5.02457627073941
5.28038253627834
3.21982375793305
3.78218807357033
3.91736697026412
3.33231479936578
3.07498889224525
5.33269555344518
3.97581672536347
3.99361158918706
2.1491864947707
4.36566027844214
3.0809771742115
3.27013655606989
2.80586154698883
4.67979606726724
2.59535703807601
2.63752212956978
3.55926687944686
3.67061297247464
4.54691398701291
3.75840865352546
5.63542809156031
3.58268393415787
4.71965104159562
5.1030277353703
5.26150927941718
2.43991876351588
2.80384575277637
6.96502815401387
3.8870655357982
4.52706845674728
5.23236950157915
3.00507399051517
5.81906784654225
6.53530073431398
3.62688630840796
3.79073042226867
6.77121565663708
4.44500355115277
7.66134913485399
1.70471012884712
3.49460292264983
1.55170311501379
4.95685522145597
4.72389911330619
1.04573577444794
5.58613894605793
5.63591890724947
2.76814785710635
3.0961223615473
3.72559403386592
3.82669692172854
6.21024797252491
1.68431157943879
3.21564513920869
5.27495972686307
3.17175948884657
4.02346103465448
4.53146253839737
3.22639727636588
3.63902693738122
3.70262376556633
4.19087661789096
2.99973209311548
3.51052963798936
5.09344765750347
5.34260972856767
8.40717249933071
2.65487814572569
5.58978367752636
9.83602439836432
5.23261707922267
4.71914229211028
2.21098236912909
3.45063170324754
1.7805497089631
3.75984741846792
5.4542492401466
4.96825731107883
3.63889204942015
3.8536906679651
4.34606139030989
4.46199374620933
2.80079547454088
5.80761207100732
2.05341107498597
2.488478429909
3.06184269211328
0.538315344033785
5.49104314993684
4.92614612620842
3.52716174597988
4.57206464752846
7.9224136828155
3.31784111818642
3.86947563251126
2.73180247781069
3.61704636550814
2.50501994793891
4.52377440988258
1.58070447090681
3.19519794809197
2.21441818935487
3.38639628832834
4.0940509189519
4.8209226338012
1.91638519799501
2.69441934926152
4.57216590021116
2.73113535083647
3.66763435933519
4.69455659620948
4.08776075074325
5.50873468494158
4.27051729213523
3.11829189141316
2.99209371550255
2.45315080021366
2.73085561400997
6.01991061873552
3.67656819813979
4.15433616767579
1.11905892113812
3.01158334752819
2.30382369021123
0.00590156508489261
3.05890107735079
2.14187535987409
2.87799843161404
4.665777834025
5.94274513238276
5.58813702667068
6.88419248198164
1.8481706473619
2.16638628529119
4.02706636097298
3.94500623737009
3.84318318640475
2.06806867006796
0.901591824415877
4.47300086057168
4.94432374707185
2.97388903678277
5.00422254313416
3.48852042352679
4.92176448396927
2.187110904581
3.27549641520544
6.10856704942779
4.511664282586
0.00590156508489261
5.28384936937857
3.24883199532113
3.60036262447505
5.87168373582129
9.15117833980154
7.52139183592745
5.40820436524778
5.38394065934028
4.295117026902
7.15803394981982
2.31461010103031
6.524438278445
3.53795891506464
8.67257568363362
3.01524743500967
7.58215204715436
2.81913587275799
3.35437298387579
2.33851188346059
3.92298116650268
3.04376625148266
4.97550884390901
4.81195639388303
5.18512820117191
5.1238824610059
5.28572109305883
6.93488913508054
3.83491187794409
4.8135314179442
1.96898849613834
1.88930612087505
4.9322686102045
8.34163634694711
6.36889323825916
7.2663620694914
3.94765679550981
3.14772115460685
6.23603191696364
3.29766987583295
2.96355146963326
4.08414516444928
2.84572895234995
1.4658220612593
4.57731107436892
1.40061252458818
0.719880570986224
0.725993574998236
2.3005373286625
4.56358757747162
3.52558173922723
3.84352536995775
3.39025499367245
1.85585202305049
3.34018303760194
6.02821851727099
2.56388534255838
3.53792102827587
4.9665893797486
5.52026997820274
2.91189772467891
1.72592885043103
3.47643999968401
3.55224154500105
2.51792705199886
4.72601642006465
2.82819755876912
5.40927561764525
3.97027795108896
4.08444446853582
2.55568428130743
4.29695924084721
3.20323534759322
2.81907732846557
3.07719472183796
4.91814536356707
3.3771664559606
8.07628900822573
3.95364041845664
4.66128124225284
6.278595045554
2.82547159117643
6.13156717887855
3.02660666531972
5.49704412001364
3.47414898268397
4.32949724944299
3.38574767839933
3.37006439682645
3.47781644217554
1.33776763776496
2.24503648667711
5.38925817573032
4.07563540382233
3.54297976312182
3.80367439412877
1.51090613531451
1.58024847287116
4.12715457461418
5.3505259445092
3.37495722903088
3.64456557819103
3.003405466575
0.615722853663308
1.1621637499479
1.91876259194976
0.756219883164605
0.86099648955881
5.1191764872968
4.73979677702784
4.41404673779648
1.51773119127222
5.52721406391863
5.87089111946403
4.53450549470591
7.56116191954326
1.8689724712579
7.57511137329564
6.91677813129895
2.80127724200414
1.76594490952342
2.93129678130816
3.41363876576021
3.64091175925984
2.76371000726807
4.67051843292138
3.97507093274507
5.7212829512556
3.11496691055743
5.2227062276793
7.57900272375831
2.7962269933937
2.81848333113728
3.26147307501627
3.33709503656184
4.20748786120393
2.81509593316953
2.08506966482133
4.9065753175964
3.88936360616403
4.34719668244389
4.3373752826648
2.73736273980258
3.56401863889076
8.41552391961556
5.7495165962495
4.30098840608805
4.72188023858166
1.01234615275912
4.6796004124918
4.57834926986584
5.2328110585173
3.7942962421909
6.89683061382657
4.56838288572978
5.85259095752973
2.26822926855556
5.86595658095628
3.87272722249285
2.57062068762958
2.71484227551445
7.59203082412109
5.025406679577
2.50817146185433
2.37658332552976
4.25438445525297
2.47464152371062
1.28636578125045
0.00590156508489261
4.87327597551147
3.03261180292858
2.92777767067705
3.04190732096237
3.71397374889147
5.37968095470865
4.3728960646397
4.99695268536053
5.41708650312068
2.14921516516191
8.32446743705118
9.82271803760877
6.91387841043956
4.58716764838184
3.89345565338997
8.81639211491837
0.834503017592172
5.55682367279887
2.34652873546004
4.89449660526073
1.92343607488107
2.01818914217645
4.59602805655809
3.2402744865525
7.33060900315694
3.87752306018327
3.48431996902593
8.19005153841703
4.24926656292883
4.19846396215758
4.39528054791433
3.62627291698692
5.59700131419003
3.63825007710399
3.84234103862149
6.02443787874628
6.53425619530882
3.69381889765237
1.9788307037341
3.84555796984053
5.14696126813581
1.88291851338307
9.46164949538188
4.77889296238601
4.75422542623565
4.57216686783618
2.66770573811597
2.35386662220559
2.46585161641982
1.36947337824743
4.96021851310376
3.64212808792862
7.74840662795457
4.77436823642497
2.42623757199364
2.42355495693622
4.0404548971231
4.82648354889109
7.89594621153302
3.64327018430567
5.01835033191496
2.71396915840732
2.60003443301634
4.4933249529955
4.19099121570614
10.4985851862031
7.14185583933006
5.352834913796
5.61272887771225
8.64850420842602
4.49198146357385
4.71308667784008
7.60138660702157
3.65303084003275
8.07278801340381
9.42772779940235
3.80598789993984
5.55001338139561
2.89405754660418
4.26041320853332
3.64244251243794
1.72725846935079
2.44314753594973
9.26221217458455
4.49624270195502
4.45435495161426
6.21675245800448
5.11816392834886
5.24676951847426
2.52777432116611
2.34738409782214
6.1916805472204
2.08503214112397
2.98892245125224
8.81844774415237
1.47283414118699
5.69444242714764
2.36857423804446
2.54706730333305
3.7310965316081
4.8546660170728
2.99728569651612
3.09836176141559
3.57408828686554
5.91955123610052
1.89595827118745
1.86896257622403
5.05760568909753
6.1898279583931
3.27706515216599
4.27474207893831
3.68523897958533
6.30405886827865
4.59776986021988
3.00143952697666
4.41315756160245
3.03462055097495
3.52985260916292
4.41855141865121
2.2394270464066
4.58614005581712
2.81458942776519
3.19058273460954
4.22110224658117
2.04979306820368
2.12445482478623
2.57510931999007
4.02563089280615
2.910233928448
4.09579911559601
2.82016464266366
6.6661354600607
1.95067919359664
2.14790913844402
2.10030189779826
1.94923507589717
5.06468231519549
3.05414416544271
4.49096535925066
3.60183690560987
6.48812484664019
5.55977452046783
4.15318005231248
5.36888835752188
4.55255418826169
3.60497828352301
4.4560078188715
2.21806423901753
3.03281382227162
1.58454278747288
3.54578976841294
5.27888235836495
10.8996584656676
4.86253521218294
6.59145311476138
2.75435717991372
2.33154243578424
2.01420883432803
4.30971269707302
2.98889447566737
1.2776234276272
7.25880562806238
4.84184107601493
4.76979659675603
2.41412943464839
4.23808558039802
3.53033304210762
3.91218194871721
1.48722013518294
2.32296240523753
8.32020997104164
4.79685921520312
7.20688579740637
2.35933609525003
2.97448385475315
0.00590156508489261
1.29043071692609
4.32511666516017
3.61691556862131
2.24753840177961
3.26884756173195
4.86577252255897
2.51912888997304
1.6635657501167
4.9558059994638
4.48054326073733
3.45305819031182
3.71103023964031
7.19315215154211
1.53605441835511
4.95617062258446
7.67585089201174
4.50854336537225
2.78469262502023
5.78567409773547
4.23127306399443
1.19134554115655
3.33340728038976
4.97379907114093
2.43710857613796
7.62705339549348
2.3840898378229
4.6542301567184
5.86103027294323
5.78609014635317
3.78803606541987
3.89800501383871
5.2631376618748
1.77853252676398
2.77618011167256
2.91678079880758
5.94853912404611
2.96225028404549
0.928845364295028
2.6791656521479
0.574869235711167
3.59234645957112
4.59313841838712
5.67501405400147
3.21759307938568
0.514101712198383
3.24725867695785
6.30800359890149
4.17374697344605
4.6957183537124
3.20679401635158
3.72797029612809
7.42008701423359
4.57838097392662
5.87133989415886
7.23745256601317
3.82370174806916
7.10641927386421
5.41576940837317
3.00066226379262
3.42504988338255
5.83196841479648
5.61339413232398
3.05751144901419
5.10554275647919
2.25105775946538
5.10345545559305
7.61927570360482
2.67920692731342
1.78003062259401
1.36881756036198
4.47015848289788
3.37619100579727
2.7024697392983
1.96204276464707
2.98876077024296
2.18811312024229
2.8200161732624
3.13020307215325
3.85948130323946
5.5121166553401
3.64631993398382
3.9315980368503
3.68707385138203
7.64137094078942
2.06730298226808
3.67360567646086
5.04091904311612
4.77240192087172
8.71808646338748
6.937263595615
3.59384805829452
3.70302863910327
3.82955791663906
4.46115051694137
0.915988886627076
0.63238807323013
1.68342142881425
2.64528056575054
4.64839862604944
3.49708151751585
3.59185230563438
2.44116983546343
5.35329206113016
2.58618331149187
3.25634002774461
3.9902818854189
5.88011967757848
4.37992557896483
2.81777439623053
4.19553725570473
7.25444704150185
1.71089129736235
1.44629293107558
4.65891961306738
3.50325295056946
7.30489862093454
3.71993051925238
2.25330731310928
3.91331656426641
2.86695638472438
4.40994053552214
3.34813733770409
3.30134877645791
11.1579208666053
1.65082377213599
1.5526287969876
1.10896350410751
1.62906696242071
1.17683219681576
10.1594965105805
9.35692138560515
5.13449681659068
4.81148472509882
6.93902821184905
2.78599173559473
2.56273314375263
5.28240127244803
6.58152163517705
5.36120852284299
7.83458147646127
6.91886553609525
4.36394365737998
2.66286309435607
4.48518204118796
2.5203972975317
4.82670907798093
1.72247739827079
2.00279764408516
3.42904501055239
4.03815943532724
3.88889228814939
2.02020714550487
4.33391132949441
3.85324415509788
1.84343239066139
0.242320355830158
0.458810484237003
0.82185719087556
0.138678795398916
8.1676784510575
4.29872142066005
0.599561459580785
1.06189707319541
0.912012136852888
4.09614964307163
1.17591138508554
1.30315319160555
0.271896698353323
3.32206243921191
3.81998129555114
1.97002407568869
3.69236320383384
3.88689820820516
4.31974201747774
5.6728758265723
4.15035150175777
2.59121053308129
5.82980536406519
6.2896808722997
3.12843492068349
5.46169337101577
3.66338128228602
2.59683610917264
4.47584756260952
0.811580884482025
1.24152161548702
1.0720940150638
0.985031582821752
0.911282799633143
1.74187929295815
2.46579572472833
4.33498115669016
2.51877105418686
3.6943678979307
3.30513706334573
3.9276532669432
4.53545050040582
3.39630221211604
7.63794695086843
7.2924369926189
3.00851745375134
4.56232677736522
9.76036737313797
2.39190560262051
2.46546908043781
4.64286590635556
4.20089615301994
3.89045395399736
7.18649057834459
6.91604296925494
2.23304132692019
4.17297215987104
4.17068065426389
6.60418236332475
3.32039385127389
4.0026563107224
4.46003743171098
3.89976400159905
5.11024132530716
1.67715788534875
3.06903295229108
2.13985954832411
1.75543269062276
4.23304654905648
2.39930344515234
4.54093015896607
4.93103860159917
1.39476882001455
3.10218097770105
3.90696245763103
0.985583338829215
5.97952063225465
7.8678589267751
6.4545626239294
6.0065502030097
2.4725341533198
1.51719532848817
4.46744659461079
7.18060757207153
4.26422136937286
1.23152324583889
6.32543501124814
2.70943894029794
5.10572789216965
4.80199153439581
3.90802997277918
3.17429353271895
3.93230974427521
2.41765789742669
3.97328589522142
5.72568997463304
3.28607117321313
5.41416351195152
1.19494242611448
0.425615016597028
4.08212042571012
4.87904976637002
4.49895432633669
4.21604325433122
4.50116213677002
3.77034750669874
2.90734937198596
3.21507176620652
9.02960945031719
2.25429563672797
3.87070675261928
2.16919404397439
2.14926092538257
4.48918479267367
3.20326916041985
4.83957481112506
6.57665980338288
6.16906931298812
3.3047070352231
3.8430648803222
6.72978037659087
3.41136436544789
9.71039596216643
4.33744806547762
1.88374817972384
3.90190170740192
5.86744444633046
6.74391090645447
6.28930129373961
5.91751533930413
2.35593759202463
2.75552705607212
3.50338342591816
1.48367149978756
6.27327749201885
1.61339782138021
5.41065720640174
6.71728074817799
3.74278667116486
5.95670369994964
2.389636673706
3.76109965834624
1.77079177321053
2.5412814109212
4.28969694912397
2.4543195649648
3.19780104342416
2.6054875292244
2.72638846046023
3.05985485845539
5.3554429825577
3.17888505637307
4.73914647000023
2.08948558064975
1.96438520725165
4.01293661802909
5.04411121412146
3.27597394764396
2.68030270353476
3.95341663770292
3.37088955658069
2.83530816969935
3.95149361570183
3.7286892576075
5.49522910158702
5.0185994250097
2.31715205044154
5.9119973447595
4.11005190825763
4.09435814368519
2.02428746259161
2.99187171103994
4.36313751751687
2.85910484909386
2.63001448029804
1.85509170125956
0.591860757237825
6.90453196367348
3.74866692347363
5.52404361045331
4.00336353184544
8.05950858312548
5.43533215520893
5.35771257333668
6.72075848428945
2.95603642084495
5.09625674190726
2.80141319937257
3.61270754718603
2.65603248953346
2.93479695645823
3.26728942867696
2.66424296031031
3.94398830860415
2.59003033412447
3.89650025511184
4.928864942099
3.30395024361944
2.26884155653965
4.98116214229213
2.7079788629918
1.56719659791483
3.11439529485954
4.52090935320774
2.60023049604281
3.07294922005851
5.4286386466881
3.98710114291637
6.6855787636473
2.54799703264582
4.11574742816779
4.37805747241103
2.53145775422397
8.6931064527629
3.8761502462572
3.88201389848159
1.87343674728715
6.94476760573321
2.74909030744808
2.50900031050636
6.25405312810301
4.14941681864473
2.53578572692492
3.08253669003732
3.81172267378829
3.09987885530124
2.64275227850957
5.39534110881068
2.81797456449149
7.05828851607675
5.44693222579884
5.73274225198838
4.39287549059267
3.21656063253006
2.72627448393346
3.4421538780487
6.61927015522295
3.4728529903782
3.13966640977066
3.95718857012614
4.33243351203459
6.98496626211225
2.20847619839633
5.12488484781976
3.2899007047615
2.47420507983061
4.86800507988801
6.5745792883822
3.64138541764139
1.90803130980936
2.00657431921356
3.38275100673335
5.41746834124378
2.0265825267674
2.66411794456499
1.53034831403753
4.6245845270361
2.88720861592794
1.76749592971963
1.453787839926
0.718788414932513
4.02056019021912
4.74441757355988
2.98756802591405
2.48841151635238
3.92292765771255
2.83735659366925
3.93863067067977
4.40183488117892
2.01328099106876
2.70856544472576
8.31653952004469
3.26343656242602
3.16418117990256
3.03074505082349
3.17978155080962
1.44484961402346
6.88818031645291
5.22083134238836
4.49019530798549
3.54031098336758
1.1534425895745
1.36818686001927
5.17650527313832
3.13806748600353
3.70289626093848
3.37744386131504
3.5036798901879
3.46828217654819
2.91824971087853
7.93700208145738
4.51792566948947
5.6616156410717
2.41016791676927
4.70045886871437
1.96738345532175
1.72370014239787
2.67563518471729
4.27057723334984
3.36084777659643
2.36455342526429
3.06523953891968
5.10816069742364
3.96038828325097
2.68088619118127
4.91777482374267
3.79217708549714
2.49361762450079
5.67667287668083
0.966771715511139
1.41768987985971
2.00275353902474
7.5591573480386
4.5149154080477
5.39175402648948
6.05489977261971
5.3863788084416
5.2785974468681
4.68531500858814
3.26434960975543
1.66627224454996
2.81436479384179
4.71424655258397
2.57125279115714
8.32315573378332
3.68153881946553
4.14991154367182
5.14639977642762
1.61119743567351
5.38802934706423
2.4137344331701
2.35757408898931
3.37669225041341
3.4945235080249
5.50872554584264
1.31366464807122
4.58287421388245
4.45333916537264
5.35265219334318
2.10235252471263
5.43378545171487
4.43688207421129
4.55193435579308
4.03033047834947
5.47414613770271
5.3812360756776
4.38680120166897
1.8506376346923
5.24665832290247
4.18654384639614
3.86692005571414
7.14789325937582
3.83637819192352
4.49920545445001
3.08961792408394
1.9313763772456
1.489872542377
3.18830131500456
3.95567422846631
2.9682425117295
3.40306472211446
2.27794550837824
3.01779903033853
2.60427847239576
4.96538622087933
2.51214609228992
3.90515530190846
2.5534269936702
1.68815855748742
5.04822151017109
4.2705968451949
3.03844489246531
3.89834634540168
2.11651359559861
1.85638888605529
3.57115087514646
3.64305395495741
2.36786718540554
3.29717601689846
2.34480263208998
2.69316260130169
4.29069538626651
5.2941271681067
3.5257439356606
3.77824724367566
4.83065977036881
1.88068261204165
4.44718597718764
4.21377209914327
3.40023770420061
0.953974730411436
4.73474073982707
6.88242049825321
6.79725919505063
4.81938066503857
2.28058168528522
4.91526823083848
1.67569612744669
3.94245546526526
4.34457669025023
3.76862090685642
2.1669138281901
2.10777618306015
1.82272769781662
2.70600060744045
4.21050663661302
5.5235146474146
5.09522079375602
1.15494704851312
4.65424931177003
3.62747081071178
3.99837283518002
0.834503017592172
4.88168583779903
2.44862109051483
1.97548029555943
3.92521857439559
3.29120758654409
2.37057366390994
3.34390172011147
3.43628000350464
4.83654569321794
3.61796383074242
4.43090436110647
1.49138783060018
1.66534379226815
2.75938587780428
0.834503017592172
4.08880906483892
3.78422230920662
9.25948732887981
3.88861018382031
2.78182917466743
1.41668588183423
1.9926599931737
4.70687428874898
2.76729197227626
2.05543002586448
5.67727149121556
6.60408684620572
2.80592621586696
3.21368331021182
2.78983392633502
3.27998772449965
2.90111151085296
3.09768384642787
3.19062899025811
1.46445585180616
4.13982282519312
3.89993350817678
6.30971899885024
8.03200042876042
7.16243280908255
3.51302401974616
3.83280096094769
1.72747409186818
4.48339965843374
3.21388911275669
4.18367978752133
6.1876329302034
6.7788974983294
3.82380779948969
4.08598744445263
0.00590156508489261
0.00590156508489261
6.84227795721308
3.11772705950276
3.68361943767382
3.77009135335289
5.22328157782751
2.46789696722727
3.21141673192813
4.78764939358686
3.83080193398714
4.46017329928731
6.52630907823882
2.42035239697905
3.93259554781275
5.16000518252115
2.80838285738246
0.272496078373626
1.13221008666581
5.26952300655854
2.18248176108955
3.90173628631491
4.10146819173006
3.09121219763808
2.26183706547588
2.13198917343185
3.59226419755671
6.25477488632114
1.98527488349009
3.21122815321398
1.99829327614026
3.12642559636123
2.30063660539055
3.20848357893143
8.73302629231228
4.66444951337383
4.77912365274073
3.39247876459808
10.3799762911725
3.33425015569861
4.65946475047901
3.54648141588743
6.40291603029111
4.6988137207863
5.85466121228773
5.18786459987011
3.5714500548721
2.03390838114974
3.94339635799671
4.04415822785037
2.48895461915645
5.14695801049831
2.66520509723507
3.61690295267872
2.47096645002262
2.50273071933553
3.23598817227452
7.59932811237687
4.79375300687439
3.30875131509532
7.17175768447575
4.55995625875936
4.4747000222095
5.18677007663837
0.834503017592172
5.09652847146449
2.62002331311187
3.1793211772071
4.7858603620273
3.47474688326209
3.87802513337208
2.52317303216034
5.99895568183716
4.00049559268384
3.55927098706553
3.71514555795759
2.46806326423212
3.58141658852661
5.44835029340122
5.78161625499511
1.51002334998146
4.2184365716754
5.3979944695408
5.30169103906372
5.13552646325421
5.12009227992359
3.50017332436505
4.17497053798747
6.1781202272398
5.01762711304172
2.50252250933342
4.48835867363151
5.90408978761835
3.6911033160276
2.79682593450693
6.92844676765164
4.76334894604308
2.41475963516423
4.75983097794082
1.92528221509867
4.00538053689478
2.5058265678079
5.65124369449568
3.99948468666026
4.9509550632907
2.27138839922824
4.11297056933998
4.87988962353074
3.17162092839495
5.00484230457779
3.11344006096778
3.69789399299325
2.71079060073975
3.47681378055652
6.60339939210892
3.58301715687894
5.23477788061891
1.68974108321683
2.06013279844441
6.40608587730436
4.52399303662012
3.10234369835238
2.35257711123116
4.68113715177042
3.91096147153957
6.61872417229759
4.67770208476697
7.08030225670361
4.75522133737938
2.82929770448647
6.16956092924001
3.11904729047402
4.23913273490101
3.23433518554709
2.89227173932214
2.72726562724714
3.06240879016463
1.72738598543408
6.72067636023299
5.01498254544725
5.71337267328787
7.59718592099537
7.31179216691945
3.81617844794657
6.65630512300292
4.01479061604652
4.76979585466492
3.38523492734425
2.2741644885649
3.26759711638244
3.18240027419141
3.29249728089527
5.62120539121133
3.23673877054213
4.34043479862649
2.18400568909061
4.02395464347459
3.7636662699052
1.99153458850197
2.30703621448782
6.87046213249955
3.93933875069424
4.52022720227901
3.08881268900488
0.00590156508489261
0.00590156508489261
0.00590156508489261
0.00590156508489261
6.10582226048582
5.82591629875235
3.33763541832843
1.29339180726728
4.41540056437778
5.91322524385322
4.59806023984407
8.9272050700013
3.47449021154681
2.58917350887355
5.94677695145388
3.98781344971946
1.00043983762084
6.82487136866004
3.38198013647881
3.40885930547573
3.52036231391436
1.87513639312785
5.01510883137071
7.49155401828625
5.87009151145972
3.23831727776658
1.74402851785732
1.4779622536437
2.95050472922922
3.87025088346948
8.00732214489753
3.81673172914556
1.32837381216664
5.3607010457235
5.72932466746203
4.1112918558842
4.0570767234772
1.99243745990612
1.93003549069126
3.949231583433
3.42371071817783
2.47361093338732
8.28010199771393
3.6839415461905
3.73521667010625
4.16864406645735
4.55839100854101
6.4677751244795
4.12581021234663
4.24319837849448
6.14101296292117
1.98230016879885
2.91471389821418
6.31026741691754
8.97060136060261
6.47938693817042
2.54338325678443
2.09600718548011
5.56265608013314
3.55448430559433
6.94797862870609
2.82342435739153
6.08860497528098
4.06863816561576
3.29145789895985
2.64783048794136
3.58567237170003
3.7639948661281
2.92869856376736
2.34148932244121
5.1227600334031
4.44793660875192
4.38029436147321
3.83499162659881
5.24187643498383
2.97725436994203
2.33091790785047
5.24295473593036
3.81942281591327
7.47261346334902
4.41782809912194
3.89798645280581
7.15443660279438
4.96732474245974
4.08354231907204
1.32676371906368
5.12526737718686
5.5525254979577
1.63636757209506
4.03025419677678
5.4638996519715
3.85990436156139
5.90764598813566
1.66235708707486
4.54004689212804
4.70064782623497
4.74550197819537
4.81930884656696
6.42138053912171
9.12209342081992
3.72225327206029
4.00694583773836
3.79702138644785
1.60047584329806
8.06678749328755
2.04060808246031
2.54948274839055
2.662550218872
3.43292971141577
4.26320641506254
1.77595826336979
5.45651130405117
4.41447436602988
1.94993923827213
5.32251229665395
3.09727577364928
4.28761287695307
5.09035584623577
2.64016681632014
4.04273447451922
5.06761727340358
4.04831549545931
4.32308398924579
4.6379239516244
3.13205101681998
4.15229505712537
3.25013218229728
2.52044476754783
3.56416372652739
2.94697695880231
6.59197539253461
1.67523668428636
5.64445163998623
3.72406216959195
2.77345754347756
3.64654104997684
7.51852074506708
4.3075577008439
6.05127665007859
3.81835406561296
1.81913970089018
6.90900328499769
5.13773878751679
2.67940846959304
6.07617068262758
2.60301860578945
3.59602680421545
4.03593857273975
1.9233964397147
1.14836079800714
2.94265797945388
3.34890588789444
3.46182118277088
2.15944825888742
11.1818785703503
1.81090991347773
3.64324938152941
6.49727225513937
9.97629530119742
1.67532011079826
3.43564497378074
0.834503017592172
2.35903633287816
3.29275003054233
3.27432870087012
5.02026639649326
4.77286351430296
2.59431392176358
2.82478247111357
0.834503017592172
4.92305610629764
3.53441152154526
2.45905529425673
2.46683830575775
7.67430337520932
2.87291035563151
2.4553498009842
3.63706087502099
3.15190194216734
4.9175166667779
2.14782678549367
3.12667354940975
2.67694874021417
3.57829543810907
4.43915659709564
3.33788516942426
3.23307322725919
1.9386087593309
2.68642389113826
1.15781672149603
8.41408295078263
4.1665907575676
3.53687782522002
5.14508046240187
3.39845043737588
4.67089270485429
7.40533590604571
2.55521438608351
3.68249501603306
2.56205448000505
11.9127754785839
3.6431915332217
7.36426866883859
4.586397099181
4.35575194459344
3.74499903206266
6.7760428693953
5.81354725355311
3.02437078116015
2.68592247253588
3.34443103995721
4.1373820883969
3.35154652264087
4.99964133955236
1.53071914542487
1.98753422784383
3.60757733469308
5.59438213598124
0.648319909906614
6.36881636009968
3.5413084197121
2.7610040060317
3.56029892303224
4.17407835011952
2.56249961238611
4.19782521113459
4.79430611646804
3.60461052986511
2.63635316163419
3.90320696215312
3.17294417375649
2.13830151244771
3.09674300039087
4.2716040675085
2.6603915503217
4.27702944333219
4.65288514908754
4.72548498389793
1.26043983686292
5.13224939689259
2.6674359002909
4.69573482123904
1.4136693095821
2.52660512927435
7.68917830925409
2.35030071200242
3.53063913733839
4.89266175841015
1.53556560599612
1.532924042886
7.0762435565147
3.34231714716967
4.63291717937786
5.92262025329153
5.55133131952312
5.68899641267193
5.11241489910807
3.82320012221138
0.708803436428992
1.54569718571518
2.888299603968
3.57054244964322
2.00766586324553
4.92119560970109
4.72532585470621
1.83979185649291
4.1854624559951
4.18132167653974
4.82491863755955
3.72980695357893
5.1939640777677
3.49137885811042
2.07475050010079
7.62223778026722
6.31480939087539
3.68226609124881
2.52126701655287
3.83688240745058
5.46163083632756
6.73488291917081
2.09650923699357
3.14229636504235
4.44024209959042
3.13736384192841
4.81448423490285
6.80041725666897
3.11574799186205
5.38057860696421
4.32238759087942
7.55887611144402
4.41562278744855
4.06446421538623
7.42579905456056
9.28673772144125
3.57221662915787
3.95438312642592
5.56515929906859
6.30482558020484
2.7500094870173
7.13819795609544
6.58990463625947
2.998076303852
3.59496881304643
4.0449638734893
6.85913444826303
2.30114121692787
3.59477087049106
5.9237440731366
4.82375323755393
5.38478968445336
2.45512526001525
4.45692609879611
1.739828553797
2.59349039859616
4.55225726514809
8.47463086777531
5.84746540005221
2.5312476311736
2.15896003486827
2.48427179430822
4.26628590432473
4.68649541951804
4.3296042498203
4.60826761939585
6.79591362327203
1.91010658470163
1.30348410024672
3.91692324113945
2.83546727044481
6.63581897939609
2.3877958205407
7.34124533143126
2.69541574307145
1.51004994611544
4.74628990763898
8.29688010316545
2.57044674634278
8.24310537159166
2.5608782148237
2.70484784839538
5.1047718685932
4.90870295484731
3.59558598146623
4.20276756238054
5.16488089100991
9.93819725097526
6.89805720939325
5.59342816621667
2.57657650858909
1.85499797130844
4.14016020403193
9.06418185624038
3.1703979138274
4.86141122304557
2.61383600366624
2.76746708176915
3.14553720856657
3.71123268758305
2.48613278943878
4.18107230900868
6.12599977201699
2.46005113726406
4.47970917927737
4.04778723160307
2.62063377752165
1.44708446153311
10.2736376418658
0.952270791466382
1.89333347429616
6.37095122771053
3.33408338374334
2.76591267568566
2.42730193075307
4.64503434250233
7.49293180422064
2.71711415435242
3.84074705205657
1.14008977205203
2.94070638386026
2.21886408947576
4.91804341869863
0.834503017592172
4.65014842754083
2.11276008158784
3.78273547599929
2.65573616368716
4.52280969849767
5.31721782657137
1.76090713792457
3.80607800861496
3.90969311582432
2.89741974673577
8.23684869852651
9.99327726619667
9.88165594072738
7.21937115469417
4.08332454726754
6.14418603016048
2.74991304401397
2.02112236999566
3.21114088159204
6.7087396239648
1.36728645178426
2.17630219754236
7.1034355263008
4.93891861192831
5.5664410443701
4.39413135447098
1.08707703350563
6.81937264290289
2.79356671641712
6.23117033295575
3.75103604290676
3.72817891010345
5.63543992515157
9.03039951097327
0.831123555967111
3.79664252186145
1.46820103017275
2.36815882683462
1.43036728109112
1.06889352664367
2.62603529139921
4.31408880619298
4.26866870027022
5.14186610121283
3.97434975292713
2.85328787870153
2.39103655893758
2.33556053971542
1.48091691101915
4.99727265154782
3.87907035918326
3.83674532297143
6.57099569788073
5.93414207413786
3.76691308268809
3.90073577419017
7.253477295666
4.88346513155334
4.21351773624755
2.95875110291196
3.7977551405988
2.64643149086795
5.77266188585083
3.42317829813771
3.90485427545371
5.81541776704034
2.56447070311826
4.74590962163607
5.56946115686411
1.71943797204286
3.85511449533105
7.23066633467365
3.20969240251881
2.69186821504426
4.13769801285851
5.25860320527291
8.87795142045032
4.83612224552356
3.21575476316115
3.78225589466091
5.67553170732818
2.83746429311343
3.46397406942864
3.23112982586817
8.13081484006157
2.6499946220746
2.95989406434325
1.3812086955075
0.834503017592172
4.91083893526618
1.28988847501984
3.09505328111457
5.0021503781811
6.50281933553121
2.11601089546881
2.41482069082951
1.11396626882672
4.49162227843408
2.1963373554101
3.91298749892205
3.89872207890022
2.62984766551563
1.40948172282359
4.17154496531509
3.73120776813241
3.25381882351389
2.87414188088791
1.85060018510746
4.52986119641481
2.48925243450622
3.68182174605726
3.28951238366242
5.15937689343612
6.87816725293621
6.90090521349895
2.27033441895013
4.62213325401715
3.62896781818881
2.66732609490362
2.69943616219806
3.57549901950212
4.90343715943411
3.36242552100141
3.3810563350495
1.46219776072037
4.56639456471353
5.22471140442861
7.18871537522317
5.09014980153097
1.81403998113533
3.093297010457
1.88235383684818
7.75799135301923
4.99250016302611
3.00543946220413
3.82749863672318
3.6695919114024
2.70617764545088
5.96314737659454
5.67957034331525
2.23595367667383
6.74386330564492
2.83382319704159
4.57774453379733
3.72872770054487
3.31661376314132
6.78546103609195
4.31496269268154
1.07385004127216
4.59733923246913
4.51726645094208
6.45852492373402
2.4251656250134
2.77068411849027
3.12714271447891
5.302321538947
4.62021292299789
7.94921148145498
6.00156083227096
5.4446972599332
3.347304432752
4.92824869093014
1.02316500893952
4.22003778284831
7.74695952915062
3.75094871915684
3.88366802477867
4.16118781990226
3.04457633169618
3.31592698693748
4.21809479438918
5.4271006074568
3.31057418688001
5.29538560747003
6.54717466118835
3.84978237152545
2.15483968316249
5.54511406006769
5.31398990527467
4.15154709810637
7.21583850175982
4.95819674121558
3.21570578590556
6.73946156911734
3.18811493870736
2.46556142066538
4.21493506095386
3.05045634907166
1.8782072812828
5.02330053372193
3.58732239543916
2.48246053271468
3.96955773656349
5.12512450541216
2.97657081410573
4.8249358253805
2.69579453663266
3.32205358688903
2.21195566010786
2.50531620792644
4.09730114637919
1.87150635672574
1.37189962196248
8.10526896821034
7.19205793586838
2.92769002383582
3.54018056817165
2.85135006707186
5.19459924151904
7.42518677075191
2.43713774747831
7.37018308521068
5.03348458733659
2.71998955752408
2.65504551268253
3.72920177269314
4.29225156395791
2.38907882632344
5.55040918772914
7.69989367767172
0.884403732897001
2.4123343277791
1.30975623999821
2.39376963789141
4.10181767285344
1.76661466266623
2.00953404906467
2.99490199677443
3.39810659241554
4.9305944697126
4.72661813356777
1.61232490653807
2.4459669047344
2.03447928565362
2.27809070427149
2.90619190988642
5.20450428722702
6.34939007737765
4.28914864945688
4.78140721235895
3.04914611270979
3.9998224045024
5.35823742664391
3.61824070834199
3.50113333162917
10.1302785594087
5.72669982613447
3.96398978445679
4.39524798272382
2.47288608414948
3.81200077106163
5.18796321539975
5.53065063862544
3.61810982665076
2.59856394182646
5.69994946152983
4.30908533228507
6.21909768251285
2.77373119695982
3.1782114076175
2.95744425490501
3.81149593702615
5.97683383365655
6.44317233862273
4.92857364669542
3.23158083341246
3.94561754606775
6.21730139928891
1.83267211421541
4.1454736106827
5.17928036140834
6.31696928316343
4.6397961628717
3.70814684608891
5.50301614419653
6.40977105057983
1.16937915343477
3.8301201441925
4.18410211774891
2.85359673869496
5.83293159070244
1.4844931336813
2.07764212993696
6.10269387007215
1.89367811724095
2.66498635106829
5.52203098950561
5.34706294459105
2.72160098404056
2.54106018672003
3.75534122288865
3.12977486551389
2.17602169772396
6.53074570472127
4.72431836798147
2.92392858851687
4.51923212746257
2.43052413845325
3.31105468669163
2.575843685207
3.74811326454039
4.40417957191686
2.93092813952067
2.11381067066602
2.8256302688439
4.33691213282999
3.61627218182071
1.84885248011326
2.89704134401325
2.19500230783931
3.22460506448493
3.47006844997419
4.14347764722013
2.96368146542304
1.34644303624148
2.69103527325414
3.10985019779026
3.88443025609374
6.02301647064168
4.96856935080782
4.87656286920709
2.62481620020633
6.26208652693135
3.96118018762723
2.07780239075336
4.5080846861016
2.69570208135615
2.76017914304724
3.39750495628652
4.59218041186347
2.17843062974513
3.85978009503156
1.53252995124769
2.47670624521041
2.39205898837294
2.66725166382392
5.56499537212883
5.39841349224043
2.99749485788085
3.05916170081574
1.57844242714699
3.16551851796545
2.13135661516441
4.58518798798874
2.18294166613508
6.37203583060376
7.51061010877429
7.00182211984484
3.58011793113108
3.71162861408033
2.15394540973851
2.57280165345684
6.59016523099671
3.00511034171706
0.834503017592172
2.72127076216366
2.88029935007623
3.81048989382058
5.15664737923339
6.6147763524905
6.28975470978997
3.58714155247478
7.37265451887875
5.08571940546106
4.44285738934748
7.79987947070343
3.56073780740519
3.35428075910236
3.09923244477148
4.59502592428768
4.60565728676246
3.08232460724322
4.96950792894766
3.79775624619943
2.7935109240477
6.5885392207717
0.721651708737415
7.15473995276827
4.92169081112485
2.16442190487782
3.3864038272158
3.1865898876996
4.18348914355916
4.46511537192598
2.82886862092292
4.91301401666601
5.8787842891539
7.62581716481917
8.14021778303953
6.64441759731554
5.60914483056782
3.61906888534229
5.32624200741403
5.48374004530534
4.40608005296912
3.36728315908265
4.40513030740721
3.53848319549497
3.22022200205119
4.31039292550257
4.53989651661773
4.9724618802789
7.75177751224049
2.5740696167165
2.28050434129401
2.65456520307072
5.86506817235678
5.74232228700126
5.1832365127188
2.61891281441976
3.48153431661595
4.92545100289743
8.84011361473311
5.4194392057104
4.96714729078861
3.0362354347135
4.33174416294943
4.46382487139413
4.15976658047731
4.49798142383862
2.46889231794677
1.77414635006961
2.32531342500484
2.03690986590598
4.43764238453617
6.09184276561413
2.8295469322957
3.58249352991264
6.82241037180939
6.51033750193492
6.77026388041219
5.99589848960785
2.8800799008526
3.27234608062441
3.52515626400549
2.74895921582653
5.46380022792596
3.78420032605852
5.07946889989166
12.4239946878381
4.89424882456338
5.09721488089915
2.99698646670288
5.38863211023388
5.214680803896
8.85855543716164
3.9777813051829
4.12463469204227
8.56724746447769
5.43522989204551
3.45858894859223
2.74782679137485
3.58137376605386
3.30570889461692
3.69594221777897
3.02161149124235
3.73846879523938
3.48490375815097
6.30653880746957
6.57290611034323
4.41093984669222
3.47720237284717
8.98799250624559
4.79497385893622
6.95571308218129
4.95440423101227
2.70468178676386
2.45547586552905
2.7956652065666
4.66817073442322
3.45515328643423
2.64295668075457
2.07937893029657
4.35459514645582
5.71102629242333
2.56315593189421
5.81522955515562
3.61943035424675
6.86639367250685
4.08764657686058
1.74658175786174
4.43294588821918
3.37355990804787
0.946912253311734
10.5117837145641
2.32308968449558
2.94614705050478
3.21834876412481
6.70058963941415
3.27512630010354
3.09612969035166
3.34529098682586
5.95142849603861
2.93889461379505
4.43455010648146
4.67405975914033
7.15696686942957
3.25492138007844
3.33181887711562
3.6301979936352
2.29840881547419
4.85285280456957
3.55415408455155
4.28194431802303
4.6529488569692
1.73690117585757
4.60240134298029
5.02134990317247
4.70954711536481
3.80674647496322
4.65292376415335
6.92015230785155
6.14344473995748
4.6640481810156
2.68639064495043
3.25490968492091
2.01047431928983
2.90801834134506
3.4160621583862
2.77371020518728
7.02452005212983
2.84656727690901
1.40648217265053
4.05368914448906
3.75018847547615
1.50697100901003
5.53250366288266
9.59431265756502
3.87738128377893
4.48728269375402
7.41848213527237
3.36007595399879
6.70346999147849
1.5680479745452
4.69480138129222
1.9189047654234
4.60230759938655
6.47704535577606
5.13022657386534
5.73486889827285
3.69595839718571
4.27946501463487
4.38093824360423
2.83286040132445
3.27098725632065
1.53888925316833
7.07215388607629
3.12938291674655
6.04218992728513
4.31572172540429
3.6234615687601
6.05632240750064
3.42813027382811
2.03698118970377
5.0782234964783
2.36864618567301
3.24693062517688
6.63914744288169
4.19631860798399
3.95066227073564
6.16758698560282
5.78945718107806
6.55484142120345
2.88652940845032
3.04451069174591
1.93371337683727
5.45094097578211
2.48194352510805
2.4614158479706
8.18537220089171
3.59218749495358
4.2627927440299
4.2443718131229
3.13393470783132
4.39518262931813
4.14146184438156
3.84569405506684
3.62485771114122
2.18525171194831
2.26160372337558
4.28541727215271
4.48183635854698
3.91466220511586
3.68776203458065
2.29419983054426
5.28717850506974
2.70522320934461
4.52264894610034
3.40751189540936
2.9055685878064
4.3768461461127
3.17201604266653
3.8976522876018
4.98213601433191
4.05386228466075
2.93519525384119
3.76528769614852
5.84824992836767
4.94073541485974
3.75975503646954
3.14550937160084
1.90572693989545
4.33602779889241
1.84597011457138
2.61034517088972
4.27136112747724
1.96963592634399
2.37483679973087
2.90525534319342
5.60303928304488
6.49008551722569
3.60504415166277
2.68008484229883
4.6930467445284
6.11504259837788
3.15236111983099
3.16090278222258
1.62322339577584
3.7680152075559
2.15178800985218
3.10473896945199
4.73793256363156
9.16263441036953
3.69243539958588
5.32662138360014
4.76152777379804
5.72771940951932
2.49812069103724
4.1356785878098
4.38360527911108
4.11276339406608
3.50007295819626
5.28057067214246
3.69882495445241
3.52686995199905
4.04548757966742
3.10660841048235
1.7011219784966
2.91456865534919
5.11783724601107
2.02001935071928
3.70585003186722
4.92993657972153
4.6378846905483
2.72125183816595
5.25573433453185
8.11249486478848
4.25330109168579
3.17936713355508
4.87204889388509
6.09035329010642
4.6871316147343
6.35855838825582
4.24107978424545
4.33394730083571
2.95245143253459
4.81534874062817
4.33316607346403
5.58589468792281
2.96540538932889
2.278289994025
4.77961230935137
2.15092158309103
2.57669412080283
3.62857754236096
2.83503896299443
1.81277455615175
6.00831403986539
5.19361365001738
5.50616629068213
5.74419774390012
4.80970654650616
5.17512736144618
4.00235275535552
7.54435272320622
3.93672682457661
7.44226246770766
5.09469073308058
4.28407374185164
3.24513948740879
3.37915970429165
4.03032640740726
0.834503017592172
10.6457453711099
1.44852835236324
3.29772108532927
4.81316585152983
2.54648790183123
4.51767099953175
3.2444474185893
5.88412886156512
1.96242010868752
3.02847649811689
3.20964379677807
3.15157515999887
3.113979275809
2.17689531012331
3.5684407041603
2.10126298416816
2.64828516214723
5.47741694569784
2.26189383473165
2.80248939142272
2.38351985086819
3.6589026186036
6.39250237755702
0.876286436121957
3.03889554269637
5.04239325940115
2.64289786406264
1.95071376173949
5.10071108664316
5.98867831774415
6.46270533847072
4.20872645149026
1.80496004366992
0.591853905448831
3.5553333423097
6.25224371056217
3.65210839546295
2.85187405491388
3.26728110112905
2.13759942858288
2.09256055107315
2.65439931477777
4.33461627456698
2.90285561342207
4.07797966413631
1.51006067079093
2.47282807933293
3.30541405982262
1.1092458907682
3.14856103203635
4.68235021972178
2.76262442115567
2.56642880159736
2.33347841897659
1.82450585610128
3.97235688764736
4.16415777174078
3.81614771784917
6.62690462091272
3.21071495104972
5.3445428339648
1.95128114688345
2.5651387845793
5.43605236857969
2.47384868344589
4.86075593023202
3.1467224842891
6.36923477792618
5.58176589005203
3.25735142010397
5.02797298872903
5.62960635314679
3.64018458718811
8.67248342144284
6.8343815557426
2.64473223239891
8.51521911241092
5.3041943105193
2.46345743990349
3.01268546460267
6.59141584420452
3.25324338691622
4.88418565128848
5.56808188787593
3.16585141404377
3.9163873243865
3.44993477704201
6.54857306518154
3.10340945603675
2.20508146718242
3.85107763851117
1.99212986785067
3.46851546111745
2.52735929384392
5.24312629530952
2.2209182437965
6.37607210705373
7.15819508189978
1.72769439235275
8.90035436135159
3.24166625940422
5.14644453706797
3.31222376993099
4.62293958691902
5.19187342144501
4.39045603843926
3.57975245331054
3.3394459108502
4.90288590113596
2.49533811237194
3.02225025569834
5.25713136187529
6.10602936761193
6.94352801005812
3.84705063486609
2.46421412152606
1.85147828384521
2.58718131730262
2.1137719076751
2.94386712063176
4.65943049013841
5.21125044086135
6.64640095053464
4.2553012481761
5.01984252790201
1.97278466131057
5.56843160819614
7.46300433067679
4.47339221580114
5.32251563461651
7.18839317224497
3.12031781088034
4.69000085609744
8.77791511352097
3.89146119300288
2.60817696275696
3.45473944715683
4.07611731464688
5.50629376738713
1.74116284079509
5.62395496335729
3.92490689227467
3.29049915737037
7.04713010317498
4.74832472621932
2.78067801929034
2.22222974098424
3.02621601372188
3.7296290979957
3.80307759687747
5.94124732801191
4.47249216502427
3.30636497601997
6.03369472292625
5.62583723371708
6.76351383838219
4.96747383190892
2.99576767054696
5.51803776977781
5.14097802438164
6.0957233269738
2.0359399858065
3.403811453375
4.4361976220583
7.6100352191254
5.35434154637964
2.03925267413516
5.16958352843852
4.39785827041209
2.76410471372809
5.0146307909402
3.64212645947059
5.83227119452918
1.95297978523936
1.98140848143758
5.06217657907491
5.28918803714451
5.79902135325725
4.22434477239459
2.36908919488876
4.8649223484499
2.23766048640052
3.00194194472477
2.75863892990116
7.67123360091035
5.77916051638238
3.22404116144659
9.7104301370037
10.8957387174783
5.27247492439313
4.41817032801713
3.06132870256416
2.54977199829339
2.97740995686131
1.57356722956008
10.4870064951339
2.07244503011521
5.25568180269634
3.82190366510227
6.95562424793223
2.05401781599253
11.289952930078
3.71189091908454
4.89068902615519
3.05750167291502
2.21578191050032
4.08440608779566
4.30810514001479
4.89623588491772
3.25315977968142
7.33156172494663
4.05536420423197
2.04209318462089
4.20145378142143
4.54435609712469
2.15874391511169
4.30442115175785
5.02021437730796
3.20354787896308
5.35612970296881
5.18942951378498
9.47022017952794
3.73835769898905
2.22391908109823
2.52901993336825
1.22896404722829
5.48744608750577
2.08927798763307
3.08848222258526
5.26763497795594
6.37723020538225
2.15750827070023
8.67140446319759
3.29614281451034
1.48751715285786
7.14261049607063
3.32366075442559
2.99896071937211
7.67415010326111
7.80831113016149
8.51450413909123
1.78443557525595
3.47894646695245
4.85152212926354
3.81733117873311
3.92040027872607
4.12173726566361
3.37781789825298
2.49782803865729
1.12590087213009
3.73953612471564
4.14755193001553
4.29173777511278
5.53648709063645
2.42457203151759
5.55098892076859
3.61548399463551
5.25983239285706
4.52533117721404
1.91776382954957
4.58373116284497
6.89237393350377
2.03468400029131
1.96422489630665
2.04103408802283
4.02685417335059
2.73768927918731
2.72470616709301
3.93248038564673
5.2577021715324
2.11696838657172
7.62789078080046
2.54996649879824
3.31042932061339
5.83179860571853
2.55452950195947
3.99883681340226
3.0340581187448
4.6365279392447
2.55687574090808
4.13662840654775
0.786585332331001
2.42447506783335
4.31208021047519
4.49197980861056
3.20840362654998
3.58059553970187
3.01610083155132
0.834503017592172
4.69521178505409
2.01188293548921
2.46516421352875
5.48835985157667
5.7285864213767
5.33414558873225
3.12268290944046
3.27210973305812
2.68936667312058
4.23726962610131
3.61652785316307
4.55036405661858
2.7629819369013
5.66185299146383
4.39812012449451
2.78161182402758
3.2174137868177
2.08938682125343
4.82373599763873
1.53313102053406
4.43908127515016
5.23965992068961
3.71519802605672
4.23705013590244
6.47033322638417
4.88340225325589
3.82393809997845
5.41354407506983
3.33889625573186
2.87041431660079
4.25647218371161
3.94860040800862
4.45008634720636
4.22465971111271
5.57762283955403
1.67893022427823
3.05838068019047
5.28900310093112
3.16198338128493
4.61843769765591
0.98447251616786
4.09472282322198
3.98617142955854
4.40414267923952
4.16216406408218
6.13767598733203
1.67999888619049
1.65521930912589
3.24981323620379
4.09887160636254
2.86587322422097
2.64316435018735
5.28548498451079
4.51132395343477
2.59094961521158
4.21059059456539
3.18150309250897
3.83749055029212
3.69210626630696
4.56732373851189
2.80288919027476
2.92866029116603
2.20499513015015
3.51396703645174
3.99853731446866
3.69475585466785
3.86618913894678
4.74245831978653
2.9191746422864
6.59308869104845
3.91939337216637
1.21128681999087
3.03655868271479
3.45045928561762
6.95120131825213
5.17149444310636
3.11392361152464
2.70995351604866
2.88266564033917
2.77645728367752
1.0682929229224
4.42078409696688
3.33376729233186
3.84105782997222
2.99919704119043
3.05158108598802
4.19455156030666
4.78925302319469
5.39730969196153
2.91750137941861
3.49030552770529
2.93130798050076
0.2006035053549
2.09454543770946
4.3609632898112
6.62909396615656
4.63401320762654
4.21594592042714
3.45244367703397
4.51396433735276
1.40482841335415
6.53412824926951
4.1306499316089
3.07496828628741
2.52204852841002
4.81311098907901
3.10070427157913
1.12368942736434
1.68503733288478
5.5874574485075
4.43824514674291
4.09172184623155
3.18908423053478
2.70737781570734
3.65550322801846
4.68586682225262
3.63961507745003
4.40756191407427
3.28652586056388
5.38830257372282
8.13537225617244
6.07241541954458
5.0573047030647
6.91785772629157
5.6106100465911
3.49316152689984
3.38673025435049
3.64696891706972
1.72696087508203
5.92982718959688
2.1710765794406
3.83318412005232
3.36645054223415
3.57809675501201
6.79164660155643
1.67220847274838
3.42133221818316
3.55729559300096
2.53546664803048
4.72676878425193
3.37389568848703
5.54175396443914
6.82986915689602
3.61104982300299
1.98246461072173
1.27239821810279
3.34485595676756
3.91838402315653
3.87016200961175
3.05736033690006
6.34100538001446
5.61745789742487
3.87657581718039
4.97019652254768
6.19048816084438
1.86098041305122
2.97520688941678
2.36301441983959
3.30497414621238
3.34590953044959
2.52607813868006
3.13382936959316
1.61047005759964
4.73184392774209
3.53384566148511
4.35665004843722
3.44045731034365
2.32183184002572
4.31246726942992
4.80750934879634
5.18535817977096
5.12826447391268
1.96718316851623
5.31641154773766
3.7079467926583
3.75625436482272
5.22068693757449
2.8393224658088
2.09662446283958
1.31877460498131
3.79948789463343
1.37928044380916
5.51925242153187
4.59907191463489
3.91416261046706
2.73842618924722
3.09481753655419
1.92502122103316
4.71075839394426
1.59505529951582
1.20366545243726
1.06372740628906
1.46703399026944
4.88727299647436
4.07859740966558
2.28893293027267
3.29033436356839
6.67153445837164
2.10525738542118
1.32039851675782
2.49738364891235
2.54241130478676
3.13961491101701
3.08164194337241
4.72986275815012
6.02045045413637
4.71905739320936
4.25167138895396
3.75308901936426
2.82125411133345
3.53060385952686
2.58109046971124
5.6250365568486
3.86641183595369
6.58871935542166
5.74203559628309
3.9317900449907
3.07724560207921
2.30843656895833
3.39582486384525
2.86567770259371
6.88003731152914
4.2570853353777
2.77136096834209
2.71231909619552
3.47373545067696
3.22709009376428
2.1297487328903
5.21788816301104
2.22455081889629
3.29398752775775
1.62902946331776
5.73967143506717
2.75175511908852
5.82834739976442
4.23328642499185
5.65177238887583
3.03544379703824
7.67772015655482
4.4536582703807
3.08538191232002
3.97948320181601
6.49707770381352
0.900273172079544
6.25933905619622
2.5061448760833
3.38541816086026
4.51738525582554
3.67719745148773
2.84981023500278
0.809191318502718
3.06667450475229
4.84163445291162
5.66574687634263
4.82758846587048
0.597728448451886
0.893951297477962
3.07651398259231
2.10334952515605
3.07422018589244
5.48424462937722
4.21635833075757
2.43249165840222
1.67512636611626
4.73270981706485
5.29435784857059
6.70011790870209
3.01301191011453
3.8789804580188
0.834503017592172
3.10160436146058
0.834503017592172
2.85044455600582
2.52083073403843
3.62510001715141
3.35438870202385
3.90085196683801
4.62403528994745
2.44148693728208
4.65227368913032
6.64606500393828
3.5584552013105
4.78559001928013
2.56271904368168
3.96613942421036
1.34233219448306
2.51833001567289
