H3_WShd_up_down_lower_z
0.844926
6.25869
7.02093
-1.8860155
3.535865
3.81435
-1.011823
-0.93123015
0.628402
4.353425
-0.4383905
0.972673
1.380869
-2.106692
-1.4616525
2.79853135
0.9315425
2.9183495
-0.9058005
1.744048
-0.5079676
1.79885
1.502173
4.14886
-0.026262
3.02091
4.261935
0.24303005
1.0413685
-5.853475
0.6555135
2.940142
-0.3838465
1.131801
3.056175
-2.59675
1.575737
-1.821585
0.209681
0.969629
4.033265
-0.134978
-1.32741
2.9295201
0.493354
0.187658
3.578715
-2.17863
3.73606
2.768645
0.045045
4.969025
3.95297
1.70016
1.730475
1.56264
-0.4353
0.612387
1.148078
2.28403
3.735525
1.490215
0.2807
-0.4223225
1.51926
-0.3767065
-0.9721055
1.585055
-1.379861
0.5869
2.866145
1.31829
1.1047355
0.9317375
0.3810765
2.771185
-2.82658
-1.43165
-1.176114
0.4970545
2.32176
0.895535
-1.57645
1.2551165
2.862775
2.9889035
2.0408955
2.70045
1.6048605
3.5399
1.8007365
-2.2220765
-2.3151545
0.41455635
0.380827
-2.58029
1.91389
2.25458
0.62735
2.3631
2.3597
0.8656558
-0.61432
4.38238
2.623645
-0.77196825
-0.7466245
-0.28977135
0.650309
0.97424
1.687861
-0.31658245
2.608525
1.211771
0.3252975
4.80554
0.185448
3.652235
-1.977295
-4.12753
-4.139405
1.2849985
0.8679945
2.78062
0.8774315
1.5588245
3.22841
2.2114925
0.0649215
0.6183185
3.3713
5.72016
5.014905
1.86031
0.956832
8.880455
0.705698
0.756596
5.30637
4.610555
1.6031165
3.151255
2.6620395
6.306485
3.17352
2.9760735
0.572925
-1.550227
-2.194725
0.750698
2.0435505
2.1848635
0.1061875
6.98506
-1.643203
1.1956015
-1.3412
-0.452633
-1.566109
0.759459
-0.632197
4.26373
3.8301
-5.52215
0.4317005
3.9545
4.689695
0.9319945
0.457183
-2.776242
3.71405
-0.097519
1.3192825
-0.858326
-1.072126
3.68519455
0.60990765
1.3447745
0.091965
0.589345
-4.589795
4.288815
5.7689
2.469685
1.378309
1.630895
1.794284
1.102575
2.37763
0.70197
0.564526
0.374155
3.276335
1.608115
2.32851
0.597932
-0.056234
0.2310015
3.077055
-1.8764385
2.7341529
1.024172
1.504655
0.114155
0.208825
-1.7623015
3.87854
2.25168075
-1.297849
-1.873191
-2.238005
2.422415
6.26384
0.898855
3.46751
2.89165
4.52931
4.048225
-0.610464
-1.2677325
7.44572
1.0090945
-1.11144
-1.4786615
0.561148
0.7591797
0.584006
1.733825
-0.7600135
3.561485
3.97453
1.333989
-2.201665
-2.14203
1.4507
-1.456055
1.236537
-0.7378725
1.565595
1.07918
3.265825
-6.0381
-5.91246
2.027485
0.00605149999999999
5.645355
2.833445
0.6829815
1.2909393
0.060538
-0.4170585
2.86015
2.8171055
-0.603857
4.45386
0.8651225
7.359
-0.0927315
2.3376
0.54929145
1.32519
0.9362855
2.98674
2.37929
3.77344
2.816045
1.325995
2.08454195
3.492675
3.65285
4.395415
2.193925
-0.335528
-0.881445
-1.01419
-2.082583
0.413775
-2.48465
0.00464500000000001
-0.0888365
0.026421
4.683275
3.342442
-0.48842249
1.03660925
-0.04918765
-0.45187
0.955098
-2.93037
-1.54577
5.151795
-5.997865
3.45552
2.044235
1.9779335
3.906455
-1.26992
1.972355
0.6984335
2.529112
1.597965
0.3634755
0.7777235
1.97216
-0.2178615
0.8654531
-0.057006
-1.2539925
-3.037565
4.38384
1.84665
1.81067
2.362645
0.4403275
2.2532585
0.697413
1.612408
1.683433
0.7105035
2.1383795
-1.452018
0.672158
2.65146
0.87122
3.949875
1.915568
-2.6083
0.816577
1.0486425
2.9878485
2.878605
1.25116
-0.22563
3.37058
-0.503691
0.178458
1.0206535
2.6613
2.456632
1.782235
6.178555
1.1511615
4.35165
4.343115
5.516605
0.7017405
0.051016
3.261655
1.42369885
-0.950063
0.6885515
2.631745
-1.705595
3.04185
4.62517
-4.3296
-0.191226
0.40210845
0.4946385
2.9389365
2.72656
-2.4805535
1.7251605
1.8189
1.491832
0.220435
1.810499
1.3592575
-0.9787005
-1.720145
-2.313105
1.368132
2.780195
-1.235275
-2.56658
-1.58239
5.60444
1.000085
-1.27929215
6.191085
1.52246
2.045485
2.086625
2.67329
4.10275
3.69136
-0.37786975
1.512605
-0.69331305
-2.291085
0.058121
-0.18255
-0.1763585
-0.1535
-1.49047
1.8840335
0.8553932
0.735238
-0.393235
0.5101275
1.3220885
5.13959
-2.674815
2.1945219
-0.130225
-0.781426
2.82313
1.608155
1.12686
6.728965
-2.609435
-0.88441
5.90951
-1.56833
0.9787235
-2.699675
0.8427415
-1.2599445
3.629175
-1.3743
2.720195
1.751566
0.268546
-1.42944
-0.8423865
-0.754322
-0.30666855
-1.468247
-0.861731
1.701526
-2.0236495
3.53572
0.8765575
0.562786
2.377838
0.400138
0.3989425
-0.14863
1.653284
2.0422985
3.021
-3.49977
2.643986
0.4981355
0.36831005
1.621496
0.6186275
-0.441785
5.013485
1.2548905
4.14354
-5.15618
-2.09367
0.7387445
3.763595
3.432745
0.9387805
3.191575
0.266595
-4.264545
5.649765
5.858085
-3.241345
-2.36567
3.684045
3.787215
1.415956
2.48222
-0.66293
1.0375745
-0.39200575
5.826975
1.279996
-0.111385
2.34323
2.0304905
1.2497575
-1.33576
5.876425
1.7671254
1.88578
1.031745
2.631665
2.51971
0.0421995
-1.0536305
2.184145
-0.631106
0.932227
0.0721345
2.457674
1.101227
1.1326665
5.195585
1.008875
-1.446329
1.996155
1.855125
0.8374845
4.246673
0.8929106
1.76694
5.20629
4.18596
1.455533
6.99608
-1.2226195
2.727768
2.547155
3.59172
2.7419155
-0.187895
-1.25783955
3.191815
-0.111595
2.16394
-4.38693
-2.545088
3.12389
0.385923
5.133455
-0.8226495
0.60198
0.8715675
-5.936505
-0.111735
-2.2031665
-5.18549
0.600385
-2.919435
0.8444164
-2.589885
-2.96886
3.210358
2.2861475
1.555085
2.156582
1.90279215
3.253355
0.729309
1.314375
1.7979215
-0.63544
-1.670335
3.806665
8.585375
6.50252
1.0100485
4.17426
-1.2109275
3.534065
0.965664
2.088685
1.4355406
0.4070595
4.75518
1.61101
0.039996
2.476975
6.409915
1.248423
2.003475
1.4907435
3.349525
0.522863
-0.072267
3.26841
4.24986
8.296765
4.728565
3.47492
1.450639
3.960955
6.438495
0.6295035
-0.7419535
1.132195
-0.80955
3.443595
-2.2019
-1.034466
1.5806345
1.595125
0.58748615
1.8935205
4.68525
-1.592954
-0.1425265
-0.745698
-0.2871195
3.00927
0.208979
-2.953955
-2.561125
1.44941
4.81795
0.152512
3.001916
-0.057905
0.13769
1.1571415
2.21779
0.7077375
0.8206465
0.763675
1.1253313
2.5737135
0.7744795
2.7259655
1.851405
1.284182
0.24657
0.656945
-1.527725
-1.180595
1.990765
1.9044
1.645712
6.09347
2.0910755
0.1178435
-0.6667795
1.9417245
3.800935
1.2437255
1.1067695
-0.18274
-0.58426506
3.937055
-1.5900385
0.0121325
0.35112
1.678195
1.58548
1.275883
-0.7995675
-1.056601
-0.5356695
2.238575
-0.5769105
-0.7019749
-2.999025
2.561334
0.7422
1.72561
-6.72003
-0.4553915
2.539735
2.02666
1.13295
-0.8168771
3.7538085
1.2657525
5.091455
0.638413
1.65941
3.70539
3.19203
-0.06253
0.321202
3.308985
-1.067484
-1.177048
-0.791125
-0.42632
-1.1291555
2.79949
2.595887
0.10358
-0.01785
3.17625
-1.752071
2.903695
3.675185
0.3561795
3.817995
-2.195645
1.2030565
-0.80788
4.07668
1.082544
4.178295
6.35573
7.341635
6.640585
-1.381736
-3.92067
2.396235
-4.907885
-1.429755
-2.593354
-4.76616
-0.1848875
2.054805
-2.61817
-4.788295
0.00767400000000001
-6.553265
-3.59306
4.14963
-1.92264
3.43118
0.986835
-1.813398
-1.1227565
1.1907889
2.825665
5.41829
0.28239
-0.75115515
0.1945935
1.54464
1.416735
6.18713
3.066455
-2.0613435
1.86055
1.6709025
2.431058
-1.684535
2.057475
0.143886
0.1136445
-3.52832
-1.952245
1.102484
-0.81173
-0.535032
1.343625
1.3814
0.63358455
2.0383
1.906368
1.721828
-2.130405
0.2676965
-3.2688
-2.691425
-0.208997
-0.5011433
0.5146483
0.3219675
0.20407
-1.8074045
0.45749
0.715301
0.80899595
3.3096455
-2.162877
-2.130542
4.13493
3.114255
-0.0383795
2.52855
1.6533455
-1.728695
6.96285
-1.004615
5.34225
0.996885
4.698935
1.297635
-0.643857
-0.7846705
-1.265773
-0.32135
0.1688045
0.77672
-1.582085
4.54099
5.70997
1.36365
1.051289
-1.554872
1.327201
-2.34689
1.37571
0.39672
2.294518
4.17394
2.706645
1.3400345
2.370035
3.733125
1.708299
1.0844415
5.31689
2.69621
-2.606102
2.981425
1.879221
1.130525
1.312641
2.025333
2.180324
1.54747
1.85663
2.74924
3.821035
0.32965645
1.28152
1.22244
-0.0762515
1.309156
-0.241569
1.305533
0.826474
4.84372
5.128265
4.39559
2.6003275
2.97768
0.302944
2.44763
2.721145
1.2102885
2.744835
2.800457
-0.315245
2.433105
0.11623185
1.565766
1.938174
1.1064505
-0.476152323
-3.50925
-0.374295
2.043165
2.7093505
3.289715
-0.7117845
0.361575
-1.4967555
1.0681402
1.422851
-0.9971435
0.183645
-0.325175
-0.79998025
5.54456
-0.06227425
-0.855277
-0.193595
1.0645095
-0.241631
6.596555
0.136175
0.802302
0.584727
0.826088
1.470805
0.6780035
2.31296
4.70487
0.404845
-1.1895415
0.672319
0.566632
1.318956
0.868145
1.2237795
-1.042653
5.156835
-0.174855
3.33773
1.1852015
1.49821
1.814525
0.7664265
1.593695
3.74262
0.2113635
1.84884
0.4627485
0.7826185
0.238941
0.830244
2.16209
2.1227075
-0.03691
-0.4160715
2.476975
0.7030345
1.4134815
6.202335
9.17842
8.91439
9.17596
-0.2008405
1.0240565
1.6833505
2.9645985
1.345271
-0.58778325
1.69715
-1.101855
-1.9403625
-1.042725
5.123065
2.6177
-4.74702
-6.34512
2.373445
-3.203305
-0.00400299999999998
2.262269
3.700325
0.1490515
5.74994
0.93157
-1.5701885
3.4789
1.0285485
2.26856
4.57161
2.355425
1.161135
0.3872905
0.422218
2.200832
-0.432251
1.393255
-0.694623
7.9587
0.3500645
2.9332595
2.171185
4.68621
-4.026647
6.373805
2.0544475
0.9012975
1.518799
1.404063
2.571925
-1.013962
-1.4849275
-0.1515235
-2.017285
-0.3319615
1.88552
-0.0351255
1.7838635
4.54473
1.968575
0.235855
2.442364
2.031435
1.4861445
0.251645
2.052155
0.2648888
2.35249
-0.4609395
2.4640005
0.4081395
1.3200545
-0.83250435
0.3123625
2.021287
-1.795165
-2.42114
1.6303615
-1.54964
2.426295
4.228815
-1.3746955
-3.388595
0.5459715
2.416445
3.128395
0.43052
3.999172
2.6487285
-0.0464150000000001
-3.9073865
1.05850155
-0.6357433
4.407705
-2.63734
-1.8428232
-0.4003469
0.88425
2.753215
-0.0347555
1.659338
1.666733
1.8881708
0.4365845
0.708246
2.274742
-1.381605
2.13898
0.4686465
-0.5715675
6.448595
3.90329
-0.0198349999999999
2.49813
3.615345
2.192925
2.33234
2.92172
-0.22763
1.3561775
-0.448375
2.682645
2.892715
3.023683
0.028603
3.551915
-2.803865
1.35328
0.155095
-0.19598
-1.82078
1.2018685
3.29982
1.1787489
-1.978325
-1.121852
1.0458245
0.64503
3.98588
3.58808
3.2020265
1.390788
2.1619
2.1120115
2.2083915
2.504822
-1.0164485
-0.9035645
0.5365145
-0.102365
0.7796045
1.54352
-1.4624925
0.29091
2.0870985
1.43436
0.8994565
-1.2546125
1.0184975
0.50375975
0.22526
3.558105
-0.58343
2.67861705
3.119685
2.43929
1.1096135
3.417015
4.12279
1.113984
-1.9345625
-1.7406805
-1.1844255
11.02088
0.9888325
0.4208825
0.4964227
0.816426
-0.1752025
2.862925
2.614433
-1.472115
-0.577365
0.602187
4.92133
3.4962855
-0.1974535
-0.1791455
1.77835065
1.5914415
0.6906395
3.02498
2.5888885
1.61288
-0.201349
0.84914095
-0.57547197
-2.4479
0.516947
-1.1926645
-0.0616875
-0.03638
0.151199
4.488975
1.6604755
-5.95794
0.2445285
1.225145
-0.104115
1.634695
0.15029
0.363244
2.71359
0.214495
3.664285
2.816235
-0.19432345
0.9247085
1.331647
3.53073
-0.079761
3.267665
-0.500065
0.9266695
-2.4172
1.566112
1.9616495
2.99416
-0.1559695
-0.25483
5.93452
1.97388
0.3054815
-1.4523095
1.136968
-1.2342325
-1.14521
-0.668036
1.472192
-3.743
-6.315455
-0.1967825
3.363975
1.98433
-1.4351745
-0.506023
1.540498
2.57842
1.811595
-0.122395
0.8088375
5.70843
0.8716775
3.90285
-1.7034535
5.54333
-1.97792
-0.9696665
3.54378
9.86106
4.459625
-0.5664597
-0.407718
-0.4957563
0.5625005
-1.1764115
6.0846
1.79872
-0.616602
-0.7740965
-0.4880225
0.37266745
0.53796
-4.021765
0.93385125
1.41658
0.7427325
0.2837415
1.700025
4.381215
3.71115
2.64064
-0.366838
2.683715
7.69517
0.7267805
1.2787191
-5.8229
1.837695
-1.50384
-2.858195
-0.8219885
-0.40436165
1.714395
0.881725
0.805924
2.09244
1.3701745
3.855335
0.1584875
2.203035
-0.977332
1.915785
3.009715
-1.526617
-0.449194
1.8426905
2.7388
1.8046695
6.535335
2.783105
3.211385
0.90075
1.1101
1.4104
1.909425
-0.4121275
1.16566
-1.450636
1.0927555
3.12838
0.148783
0.517621
-2.217776
-0.23682725
-1.216405
-1.412095
0.2932775
1.07264
-0.636524
0.1064405
2.1067165
0.9270215
-3.674765
3.92077
-0.870465
2.394825
1.048873
-1.8365565
1.126662
2.87012
2.930675
3.308885
0.0660999999999999
-2.5953615
-0.177731
0.1876005
-0.1287303
1.664118
-0.7120888
2.64435
-2.84677
-0.9151115
5.12814
2.36626
-1.6901
-0.760628
0.2747159
0.8759515
0.69907
1.65774
-0.228373
4.800185
6.567245
0.197665
-0.408446
-2.511165
-0.0581095
-0.4550285
6.466895
0.176853
-3.868955
-0.030973
5.096965
2.734726
0.99277
0.044505
0.258445
-0.8744745
-0.7964735
0.392355
0.471045
-1.7134075
-0.143232
0.082683
1.9781195
-2.187112
-4.03513
-0.4108365
1.42974
5.29627
4.05629
6.75464
-1.07758115
-0.2215745
0.6611175
1.092755
1.841065
0.2709065
4.823425
-6.30208
-4.369365
2.17891
3.103955
0.5853805
5.269665
3.22469
1.983675
1.83813
-2.1111
3.58025
1.041008
0.9699885
0.5474145
1.0436295
-0.3717365
0.239598
1.3709095
-0.2406355
1.6047295
-0.8899095
1.32926
-1.732865
2.0533255
3.098865
0.1828065
2.832725
3.17653
1.840557
2.659055
0.416602
0.19415685
5.99082
-0.460857
3.62618
0.55903
1.60401955
4.01849
0.110131
0.332086
-0.065111
-2.373615
-0.1874785
1.0656295
2.35576
0.5482215
-5.15156
0.754863
2.33628
-2.31231
4.006885
1.0473975
1.303005
-0.184745
-2.18974
-0.7083505
3.955715
6.036065
-0.1978165
0.21059505
1.275844
-1.464085
2.559215
0.1230835
2.6990225
-0.898202
0.864736
0.197055
3.497215
0.55692
0.9978875
-1.682765
3.027552
1.1889722
1.955355
1.7191035
0.131605
-0.5299305
1.79018
1.475685
2.919865
-1.264277
0.5735705
4.51192
0.4347515
1.5407435
1.3606505
0.1864
0.3530795
-2.56722
2.48924
-1.0891595
3.737775
4.271615
2.226855
0.971537
1.744092
1.902985
1.001948
-1.862857
0.4841835
-1.1004311
0.8798375
-0.2764275
1.589385
0.75504
3.352165
-3.27507
7.572965
2.47808
0.937496
2.956515
1.098045
4.28864
1.8721255
1.923245
-2.68562
0.7776045
1.75956
0.472185
2.97896
-1.222122
1.246385
-2.0944015
-1.6740175
0.443714
2.7702985
1.868102
0.7957595
-3.417525
3.35465
3.986045
1.941786
5.747115
-1.36544
2.701465
2.10258
0.8428085
-0.081298
1.967945
3.015365
3.56425
-0.5457735
0.083725
-1.029412905
0.4859855
1.7965405
2.520085
1.73452
2.711
4.60279
1.9297955
-2.3206
3.298865
-0.070799
1.670425
1.82902
0.486906
-0.77563675
0.535238
0.9403895
0.7001305
-4.112925
-2.567414
-0.87518085
-0.750887
-0.99485
0.119755
0.798545
2.174671
1.14882
-2.294706
4.816025
-0.968255
4.943945
6.40086
3.64828
5.459225
3.82048
-2.302466
0.0713445
-4.96432
-1.327611
-0.3790985
-1.7942
-1.827917
-0.0271775
-2.701428
1.0474025
1.384525
-2.0779815
-0.09466
-0.115244
3.709865
1.0532175
0.368143
1.126362
-0.381169
1.756815
0.36456
1.122764
2.917095
3.854045
-1.016896
-1.47979
4.47498
1.182655
0.4004995
2.88324
0.36833
1.7220405
2.08476
3.81156
0.6146345
5.08096
0.59156
-0.02347
1.70528
0.066275
1.820569
4.17521
2.848075
0.39681
0.765501
1.171786
3.0488
3.545224
-1.183445
5.24931
-1.1630665
-1.469815
-0.5297925
-1.01619235
-0.46901
1.3315312
0.961519
-2.51043
-2.199625
1.51237
4.151505
0.058148
-3.832515
0.020765
0.803205
0.434309
3.350085
-0.98396235
0.142894
0.1523405
0.386331
0.55181
-0.947009
2.413143
2.496875
5.05359
-0.5607465
6.50714
0.9280635
0.010779
-1.497935
-3.15136
2.282584
1.5983565
-2.22797
-0.225155
1.1356975
2.56086
2.2956225
1.2569145
0.671818
-0.533717
0.835853
4.66673
2.15569
-0.537003235
1.5712232
1.2342225
2.54536945
-4.769375
-4.64148
0.82823315
-4.677375
2.53847305
1.40227
-1.93463
-1.03443
0.6903705
1.6086855
0.797443
2.052147
1.9075195
-1.859259
3.023575
0.77223
1.611355
4.418555
-0.871403
3.92817
0.9219
1.785805
3.465855
2.118365
2.639265
1.186602
0.00938549999999999
0.4025375
2.41619
-0.713662
-0.4192915
2.4639775
-2.81267
-0.233035
1.151977
-0.108135
-0.976647
-1.0072362
-0.7746135
1.1053225
2.4033935
1.33502
0.630885
0.157575
-3.082515
-4.037185
-4.308185
7.611165
10.13614
-3.717875
1.143561
0.957374
6.002065
-0.26210045
0.461787
-2.58778
3.76532
1.2880215
-1.610665
-0.2408925
4.57303
0.3078845
-1.651323
1.931785
-0.4352795
1.5743575
1.707635
2.42741
-1.61244
-0.9521775
-0.302528
3.952375
-1.921945
3.281755
2.803045
-1.9469435
0.5618225
1.76449
0.1674735
2.912225
4.374115
0.404195
-3.840005
-6.374825
0.9916675
-1.785975
-1.270103
-1.95287
2.392385
3.064005
4.13167
1.222721
0.9702225
1.86106
2.32269
2.318995
4.13736
5.020315
2.3749261
0.799709
-1.2733725
1.6203535
1.4991
-0.2581105
0.21213
2.50563
3.303755
1.8768875
0.5829975
-1.1989215
0.7369935
3.97618
0.636103
1.356515
0.579375
1.27906
0.773851
-0.6757015
-0.1622
0.28696985
2.24334
0.0649500000000001
5.428725
7.38903
0.468003
0.437625
2.629765
-2.97971
1.0083935
2.4144
3.138105
3.41428
1.3946845
1.710755
1.0705755
0.8421155
1.834034
1.706885
-0.377765
6.397795
-2.105275
0.9802
2.1717645
3.60501
1.92755
-0.12541165
-1.634024
-0.0300611
3.07719
1.6854685
0.6385345
1.3787265
3.274926
-0.530278
1.400315
0.506841
0.22929025
0.2138613
3.861526
0.8172855
6.41133
0.472745
2.98312
2.245225
-0.4652945
0.988405
-2.078396
3.791865
0.554444
-0.4949995
-1.52795
0.49463
-1.005651
3.2119602
1.2977575
1.3882475
1.354051
0.220538
0.404505
0.093777
0.723522
3.600975
4.35121
3.445685
1.64055
1.157588
2.952315
3.773475
0.646944
6.08137
3.57831
3.207215
4.66913
-0.66673
-4.59142
1.474323
1.2258335
-0.35936
1.044783
-2.7834325
-0.850266
1.2747305
0.670855
2.02105359
0.2990035
2.01496
-1.259801
4.821205
1.0629825
2.11413
0.8207715
1.898915
1.1149865
0.8553465
0.870292
1.953258
-0.4356635
-0.36615785
-0.00785000000000002
6.50367
1.600696
2.557415
2.17552
1.504455
-0.4011895
1.025415
-1.128867
-1.7783765
4.165945
2.59443
3.464015
0.988205
1.55452
1.227695
3.68564
-0.17895975
-0.867055
-0.5358945
1.1313495
-2.607445
-0.66713
5.527685
0.24836745
1.429255
-2.3257775
1.4860425
1.328784
-2.717465
-1.03821405
-3.161585
-1.84925
-0.50064
0.84735
6.24025
-0.202946
-0.0986925
3.049035
2.95504
1.381001
3.796205
0.0383325
-2.759855
-0.9416965
-1.1728795
2.616303
0.63940965
0.678469
2.55229
-4.261485
0.48849
0.13581
5.030055
0.7213015
5.09207
-1.098915
2.879445
0.286161
1.936922
0.7700375
0.4991455
0.5036635
3.3751
-1.352801
1.572835
1.85376
0.6673335
0.6724615
-0.372975
0.9990665
2.480575
-0.0990645000000001
-0.4104824
4.886255
0.6202415
5.547395
3.631
-1.0701645
2.4674585
0.4591685
0.1678945
6.21914
2.043565
-1.228933
0.1263958
3.28523
1.770242
1.241871
0.3557975
0.0331
0.57215
-0.0673550000000001
-0.7841755
2.992565
3.874835
0.26924
2.65036
2.778575
0.0404465
2.6058785
1.22488
1.5194265
-0.950382
2.783045
-2.749585
-1.169619
1.4209905
-4.117005
3.71765
-1.59515955
3.65814
0.89476665
1.6876745
-0.06728
3.335865
1.902735
1.6496905
4.282065
0.6471255
0.760159
2.183524
2.091626
1.9351935
-1.0643
0.870197
0.561397
-0.3435355
1.3930244
2.960865
0.7950425
-0.20673
0.00134999999999996
0.53660835
1.9762035
2.060515
-0.189554
1.50721515
0.1077625
0.156092
2.51465
0.6091915
-0.060205
-0.007795
1.06736257
1.885324
0.7640125
1.972555
1.206075
-1.176001
0.73687817
-0.732759
0.268939
0.64610235
1.207753
1.391925
1.313364
0.11537905
2.80789
1.86817
-0.6446825
4.49791
3.196735
0.193361
0.391185
0.352888
0.6769385
-0.43534
-0.0433515
1.701015
-1.0357605
0.2275125
-1.9291825
1.0079565
0.225901
0.8495105
1.210803
1.77027
-0.100006
6.892525
0.789058
-2.02215
3.17464
0.4553035
3.01706
3.74009
5.97163
3.996175
0.3119275
2.892305
3.071905
3.1342655
-1.157711
-0.0589150000000001
0.053195
1.2275515
1.667982
1.204758
-3.9819
1.7852355
-1.281391
-0.7091735
8.10413
0.301564
0.080585
7.10063
-3.46846
2.619615
-0.897958
-0.278055
0.1274395
2.47432
0.0644065
-1.0222005
-4.067295
0.37846905
1.258923
1.9846215
-0.4712775
-0.2401845
2.1007125
-2.1204115
2.67542
0.492576
1.3841035
1.51176
1.670065
1.99821
2.499975
0.6804036
1.5282835
-1.56819
-1.75898
1.273579
2.53866
1.163507
2.209595
1.2654565
-1.312434
2.969085
0.2778955
3.47099
2.4207
1.8314605
4.74528
3.20639
0.45452
4.118895
0.3406785
0.8387325
-1.483948
1.46803
1.676275
0.9492935
-0.2048525
5.488475
2.326235
1.490357
2.2686815
1.7856695
-0.480566
-0.3921295
0.44337495
-0.7734394
3.72772
2.136275
-1.201264
-0.725257
-0.9711195
-2.386355
0.0470175
1.2483215
-0.8871895
3.33755
-1.921726
4.46642
0.1895765
0.716075
-0.60911
0.1509975
1.3379685
1.4884615
-4.114045
0.174154
-1.2839835
2.008085
0.9634005
1.8205915
6.002165
3.626995
-1.3685115
1.4570155
-0.747211
-6.31307
-2.3066975
2.1351575
-3.671075
-1.6954295
1.3878875
0.754635
3.0981565
-2.344435
0.772925
-0.168183
2.820075
3.086645
1.331985
0.437336445
0.492712
1.850304
2.04478
-0.470686
-1.070355
3.360205
0.649507
0.163653
1.0423665
0.62653
-3.56612
-2.50798
0.4430385
1.311101
2.639142
1.322049
0.197336
3.271475
-2.37299
0.3786505
2.60818
0.492335
0.795859
-0.1416925
1.883015
1.789135
1.894465
4.660385
-0.4769075
-0.9044425
-5.128285
2.294
2.3473
2.538972
-0.049615
3.33017815
0.546705
-1.526874
1.739885
1.4256795
0.589512
2.066085
2.035568
-0.233901
-0.261452
3.40142
1.000645
-1.82805
3.40125
1.7137245
1.578108
1.488399
0.823061
1.0051095
-0.521113
0.7579485
-0.4393
0.733386
-0.459495
1.8014435
3.498306
1.59551
-1.376739
2.336225
2.1298235
0.170709
4.364745
1.498905
2.208978
6.0327
0.946076
0.114915
3.789635
-1.054593
-0.191321
0.446568
2.615975
-2.4795875
0.5946785
7.19764
-6.48113
6.129315
1.1580305
3.07869
-2.998155
0.742829
2.096785
1.982565
2.519168
1.790815
-0.630558
-1.344901
-0.1102755
-0.4675395
1.427255
1.95011585
1.232286
-2.324545
1.1098785
1.849046
0.2746365
-1.555638
0.01799
3.61822
2.464185
0.778697
-1.458765
1.5114475
1.416691
0.332237
3.6883325
2.906335
1.2422665
3.63041
3.000475
2.56857
0.64172
1.0791805
3.680145
6.45854
-0.139529
0.32408348385
2.1293785
-0.0861635
-0.22431395
3.45594
1.8723375
4.018115
1.009563
-0.705845
3.23579
-0.175774
5.163565
1.857835
1.929085
-0.4847785
6.98869
-0.259651
-4.08076
1.256676
1.213309
1.034235
6.488115
4.440945
0.898675
4.15585
0.0133165
1.7942412
-1.772087
-0.2834445
0.254055
3.30691
1.1063485
1.434835
1.6897
0.9381365
0.7228805
-0.0625185
0.894543
2.005769
3.859055
1.81644
2.536842
-4.52594
0.75914015
1.70203
-1.507
-1.092345
-0.0811545
-0.3908655
3.28099
0.024688
-3.606685
-3.7330515
-0.2503663
6.25264
9.36687
-2.8134135
3.556985
1.7133245
1.7400289
2.9066625
1.0416199
0.237315
0.8155375
-0.206742
0.391016
1.270295
-0.81476
2.333475
0.1521707
1.783466
2.1728315
0.6252935
2.17301
-2.061365
0.663324
1.71232
3.171215
-6.41804
0.599984
0.39742415
-0.4889665
-1.16637455
0.69538315
-0.127545
0.9205885
-2.59201
2.965665
0.11518565
-2.039005
2.41921
2.4848
0.2612675
4.525905
1.4509435
2.715055
3.319895
2.572115
2.287755
0.0928949999999999
0.402251
0.8305615
1.662438
1.68429
0.3283955
2.301905
-2.30929505
1.189688
0.871218
2.438925
1.556045
1.67619
1.46979
2.621996
3.03111
0.5318205
-0.650802
1.317969
7.018985
4.752775
0.2523995
-1.635645
0.8959815
0.518215
1.3936365
5.074585
4.50312
2.814205
1.46695
0.58743405
1.528335
1.063524
2.50189
4.532265
1.684532
-0.1030335
0.39825425
3.830295
-0.0726115000000001
-1.882155
2.2444
-3.5219
1.8437845
2.790745
2.991895
1.607311
0.63868
3.892765
-0.8527965
-0.719155
1.8312
2.6786795
3.27573
2.192105
3.875125
-2.4233425
4.024625
1.3859095
2.61421215
-0.8245145
2.2229005
0.078492
0.868283
-1.333879
1.2499235
1.516217
2.81836
1.1266185
1.073369
0.701455
2.237449
-3.226695
-0.535765
2.1084695
1.486835
2.753895
-1.4761495
1.045328
1.3546805
1.950432
1.536269
0.2516185
1.0035525
0.552556
-1.2179655
-0.493601
6.69712
0.803613
-0.69899
-1.1133016
0.210325
4.158785
1.073211
6.29752
4.129315
-5.026975
1.042064
-0.180973
2.57113
-0.3600915
1.791886
0.475454
1.727936
-5.137075
-4.6844
3.0613
0.2086115
2.19473075
4.62693
1.380743
-0.170765
-0.1753425
2.291615
0.840627
3.44987
-0.758573
3.3604465
0.258726
-0.31883745
3.378665
3.78804
0.1347565
-0.2214195
9.195545
-1.853521
3.7047
2.14154
1.66626
-2.87202
-4.90481
-2.282315
1.0124585
3.754885
-1.083945
-1.9973115
1.981083
0.83657881
0.0314455
2.204034
6.396655
5.49488
2.127227
2.83308
4.04131
-3.026325
2.370415
-4.95305
0.54309675
-0.536905
1.89609
1.851655
3.88645
-0.0273749
-2.630505
0.8339695
1.815115
2.30441
1.9894375
-1.2154165
-0.266208
-2.087468
-0.5198716
1.53503
-0.491837
0.329956
2.793055
0.55425
2.021875
1.860761
-0.339799
0.636375
-1.0807565
-0.4575538
-0.2139897
2.48628
1.72719
1.34127
-4.13223
2.594895
0.372645
-0.320764
2.16624
1.75535
3.4800015
4.007915
-0.909322
-0.118895
0.707344
1.974439
-1.443145
-0.9017925
0.5283153
0.3355885
1.6212155
-0.31093
1.991605
1.6288325
2.135165
-2.310536
0.8004865
1.83088
4.431565
2.52995
0.075465
2.670815
-2.32777
2.510615
3.08636
1.80169085
0.693516
0.792137
-0.2560345
-0.2320195
0.452205
2.939885
-0.62542
0.5814485
1.2412085
0.242035
0.8639365
0.750823
-1.1164275
1.775725
1.73232
0.4069405
-1.538683
-1.662025
2.36635
4.208
-0.4213285
2.71898
-2.658895
-1.091847
-0.4384555
-0.094618
-0.2908345
-1.08251705
1.086303
-2.261586
0.6460075
0.1037425
0.8720495
0.636451
0.6879895
0.612092
-1.4977375
-0.879455
2.684555
5.698575
4.526935
-2.7871045
-0.195945
-0.2158885
-0.27945
1.1792355
1.242445
2.36119
0.672375
0.16897475
-0.7579805
-2.957541
0.50934
2.1697
0.6452877
4.810355
0.944722
-0.0637800000000001
-2.093195
-1.5311875
-0.420189
2.041685
0.1159875
1.035925
1.407623
1.920802
4.01858
-3.40887
-1.1412845
0.893285
2.374915
-0.4393445
-0.512395
1.319381
-3.260415
-1.0640775
-2.776045
5.222905
4.68432
0.304815
-1.1173875
-0.404779
6.35535
0.18747
-0.225074
-0.4552435
1.494374
1.070257
-0.228911
3.202195
-1.655714
-0.8448645
2.57904
3.63564
0.728852
-2.925125
-0.330557
0.827902
0.6525625
-3.157355
1.107101
-0.5993415
1.2646215
0.6055775
-0.0957305
-1.10578
4.412375
3.195285
2.80132
4.15328
3.807685
-1.115144
-1.41193
6.759905
4.684495
4.31716
1.28645
1.202842
4.841485
3.999615
2.5747355
2.661665
0.948667
0.380376
-0.40540295
-0.522984
1.6824935
1.286831
0.397673
1.3893845
1.470825
1.42732195
-0.859734
-1.742005
4.20872
5.16119
3.0720785
0.3486965
0.253394
-1.1168295
4.43373
-2.210755
2.60595
2.97313
6.06706
-6.74441
0.1782595
1.14414985
2.69454
-2.185995
2.792425
3.020105
5.9628
0.32407
1.150895
3.68307
1.24708
1.963555
2.313465
0.7449345
2.068185
1.601475
1.5076
1.087176
2.39168
2.204839
-0.782056
0.4429065
0.0155195
1.9069405
-0.015267
1.277055
2.00216255
0.911565
2.38972
-3.062095
0.550251
3.29245
-0.4202935
1.56147
0.44517
1.0877055
1.460144
0.391841
-0.1235835
0.664755
2.133643
0.944923
0.72809635
0.22481165
0.34814135
2.29509
1.590184
2.591875
1.831325
1.162209
1.533419
1.3280605
0.9665805
-0.120585
0.1514345
3.060325
0.2390895
2.41905
1.6572955
2.155961
0.1701135
4.737985
-0.4944765
-1.022186
-1.313234
0.38949
3.227105
2.50272
0.1639035
1.938655
-1.711925
-0.6256124
2.345038
0.087777
0.967125
1.763545
-1.420985
2.04546
0.3723575
-1.21219795
0.2335366
2.694797
-0.113952
-1.2521725
3.336718
-1.6304925
1.663045
5.333905
1.55715899
-0.2491015
3.93544
0.643787
0.8424475
-1.8285475
-0.47507
2.1645065
-2.79925
4.33776
2.101322
-0.373953
1.1782015
-1.30648
1.38654
1.028249
-2.73031
2.85201
2.6155695
3.07624
1.5658705
3.571945
1.939593
1.29022
1.708455
-0.42649
0.976993
0.23247555
4.3831
1.3696795
2.14648
1.7894905
1.8135365
2.30996
-0.24684
0.096424
0.805845
0.390324
3.800965
3.065385
-0.6563806
1.539893
-0.202085
0.076087
-0.1221625
-0.194645
-0.959037
-0.1429785
0.35559
0.6273325
1.24772
-0.9061375
0.883976
-3.340207
0.426203
1.00355
0.5350455
0.42135495
-3.376845
1.1671745
0.1887015
0.6034265
2.699905
-0.552792
-3.69205
-2.870685
2.07487
0.453428
1.7953955
0.828635
1.891119
0.56048
-0.268549
2.553905
0.603282
0.857408
1.446495
1.327193
0.9143335
0.8216105
5.9452
4.390685
-0.0497700000000001
3.04013
1.213672
0.033569
4.283925
4.258495
1.85275
-1.63485
-1.932365
3.452145
-0.26141
0.5713385
-3.004735
-3.983735
-1.52547
-2.809925
-2.90208
2.92614
0.8771155
-1.402395
-0.021329
6.369695
3.969685
1.7468225
1.130055
-0.881679
-0.175567
-3.465762
-0.3288935
2.7015585
-0.5162955
1.464217
1.2574155
7.27521
4.510925
4.13354
4.46546
1.55702
1.29878
1.450354
-0.48345
-0.437755
1.411965
-2.24288
-3.967455
2.7001045
0.4519062
-0.659672
2.4645485
-1.350444
-2.17904
0.2130065
-5.15631
1.64078
-6.702305
0.1644704
-0.51603595
1.7631665
4.025
2.847904
1.0143655
1.0060585
1.160785
2.629865
0.315818
2.74504
3.464111
0.284765
-0.1405895
2.453455
0.0035125
-0.837863
-0.011555
3.49966
0.6563705
1.24285
1.3120245
-1.236321
-2.83773
-0.186371
3.88988
1.515435
5.123865
0.7480915
-0.6755375
0.662924
0.2053075
1.357716
-0.392568
3.29937
2.007975
4.604015
0.062775
0.1471985
4.11113
2.02257
-2.5463585
-0.833345
2.28834
2.163335
-0.2893545
2.5865875
2.83273
1.779305
1.75433
2.316475
-0.1654465
0.4634695
-1.055525
-0.884977
1.897935
-0.910708
6.843155
3.559785
0.359139
3.1557005
0.2734385
4.431255
2.097535
-0.7582445
0.862538
0.0266799999999999
-0.3701743
4.11842
0.8125805
-0.27845
4.61434
0.4871335
-0.9858955
6.589655
0.4090215
1.794825
0.509098
0.807883
3.2144
1.6824
-0.6222335
-1.2161845
4.241575
4.91779
-1.8347535
-2.65589
0.5955726
0.13446695
-1.854306
-2.328795
-1.582595
-1.0097975
0.223302
2.39317
3.29299
2.906785
-0.410724
4.661425
5.04248
-0.6983335
1.580125
2.130211
0.4683925
-0.3189145
-0.176035
0.2787415
2.215175
2.724135
-1.48312735
1.856865
0.3929485
-0.7055135
0.594384
-3.06349
-0.2707035
-0.12009
2.526475
2.239885
-2.00434
2.627525
-0.17044855
0.3352605
0.7200255
-6.3744
2.9351355
4.8745058
1.6412985
1.9114425
-1.199665
0.9432785
1.17185765
3.3058435
0.203485
0.409639
0.730654
-0.2289985
0.00972000000000001
2.5501
1.09489105
2.014675
0.5954615
2.30205
0.479264
-0.41259
1.244085
0.325729
1.0633885
-1.714075
3.112435
0.712806
1.11799971
0.9154835
0.797043
-0.1653625
-0.212835
-1.722805
-1.565487
-1.323889
7.195475
1.7917775
1.628705
0.476706
0.475087
0.6392395
0.267859
3.02939
1.0977395
0.15813
1.19458
2.3179865
0.0866899999999999
6.09927
-0.98673815
1.23562
0.735877
4.430625
0.1714945
-2.687813
10.32656
-1.8522265
-2.07401
-0.957192
1.1296445
1.36716
0.126138
-2.1989315
-2.176345
-1.0849715
-1.7097449
1.914355
0.8225875
-1.188471
-1.947955
2.75409
0.381981
-1.208711
0.124012
-4.585245
1.28885
-3.54289
-0.187207
3.445335
3.070844
3.02553
3.73899
1.260157
4.54327
3.805595
3.42705
5.071845
-0.2382455
0.82221
-0.16286175
-0.77816325
-0.558256
0.65874585
-2.696045
-2.24112
-0.526352
2.50436
-0.4429115
5.63676
0.72606
-1.252707
-1.98118
5.537115
0.3708855
1.813835
2.6097245
0.125832
0.3728105
1.414695
0.000708000000000042
3.015555
2.753538
-0.495868
2.328425
0.345111
-0.0325499999999999
1.01269325
4.503325
1.806335
0.280415
2.99841
-6.622835
-1.52674
0.193062
-1.859985
-0.0588935
-0.3209985
1.2149365
1.607416
-2.58577
1.289015
1.3585885
-0.0517745
2.065791
-0.38945
0.762908
-0.4220255
3.57857
5.067255
-0.2485635
2.47126
-1.472974
-1.670079
-1.1251475
0.1093965
0.59638
1.2104925
2.725895
3.332885
0.211111
1.99169
-0.4261655
-0.533667
-0.8980945
2.957675
-2.033435
1.139467
-0.3513285
1.0168495
1.0780595
2.2646915
2.816865
4.02234
0.528219
1.89887665
0.6710555
-1.365993
-1.911835
-0.196065
2.2275
2.5851545
-2.472915
3.036845
1.803795
2.250215
1.96557
2.147539
2.72107
0.39761555
-1.21436
-0.245255
1.4040515
-0.220798
-0.4147375
1.35885
0.2905195
-1.287491
2.698975
1.081425
-2.339295
6.83579
1.44103
-0.19225
1.2380825
1.1839215
-0.18149
0.86381
-0.81951
1.7912545
-0.2040215
-3.65904
3.076695
-1.70090915
-4.360485
-3.9514305
1.3403805
5.00981
-1.879073
1.358961
3.51463
1.054623
-0.133664
-0.8267535
0.619321
1.93809
0.515821
0.7136545
2.507208
3.383155
1.507885
-1.71852
-0.18855565
3.56541
4.619715
0.9254335
0.267275
-0.0584600000000002
2.95442
0.2530975
-2.50987
1.222351
0.472377
6.57493
1.0808435
0.256165
-0.635377
3.547805
2.1402771
0.4366795
6.15042
3.62217
0.329165
-0.9909149
-0.8842305
4.953625
0.935841
-0.5994961
-3.35193
0.4013475
2.867905
2.0639895
0.737797
-4.078115
3.3482
5.552285
6.388805
1.8118685
0.647245
0.9712295
0.663713
-1.5086055
2.1284
3.301865
1.0908545
4.58574
1.6048892
0.7358625
1.24843
2.250837
1.903945
0.7266975
0.65237
-0.8399965
0.654953
-0.28477
0.703713
0.534865
1.0102545
2.6782233
1.1346355
7.64178
2.030084
1.7793485
-0.2320676
2.430595
-1.4476425
-1.46095515
2.238515
1.828015
-1.418524
1.911685
0.801339
-1.42743
-0.048557
0.6805995
4.258705
-2.137775
0.522113
0.7491875
1.405197
0.7930655
1.8777295
-0.24482
3.538375
4.274125
3.33931
-2.07739
-4.71698
1.116825
2.386725
0.2565641
-0.33882
1.9212735
0.14586
1.319285
-0.454251
-0.062973
0.61224
2.950745
-1.0215825
1.4633075
1.228277
1.942503
0.327610065
1.5155435
1.233881
-2.072796
0.145494
1.710245
2.727235
2.16809
1.5536055
1.950745
1.3804795
-0.7099065
-0.825487
2.22824
0.7121495
1.8442155
-0.41471
0.658048
0.375796
-3.564825
-2.930645
1.19285
3.889535
2.5694505
2.675915
1.2815965
2.63724
3.084045
3.066285
2.43096
2.008505
2.27979
-0.395875
2.668025
-1.2367495
1.1348315
0.9110145
0.543067
1.3839305
6.54593
2.55808
-3.465515
-0.16289
0.4271825
5.549
3.06417
6.7412
0.301134
6.92201
-1.201281
5.06753
-0.0134435
-3.426025
1.2868255
-0.5845415
0.12809
-1.18796
2.513385
-0.379646
-0.9849735
2.377015
-1.53985
-0.203328
5.424195
1.14339
1.983395
1.335775
2.4405445
4.965845
-1.45424
1.564798
0.284855
-2.051085
2.288885
-1.018671
3.20326
2.066285
5.13743
2.42231
2.281739
0.71118485
0.4846865
6.22599
1.71458
3.88169
0.653928
0.6439615
1.202661
1.787736
1.977905
-2.2289709
2.099255
2.162655
4.20058
0.4836875
1.33322
0.269405
3.07168
-4.62126
5.609795
0.842108
2.545165
5.176155
1.3767995
-3.31026
-1.422001
-0.224125
3.60975
4.5098
-0.7970975
0.24003465
3.87393
-0.5524395
-0.648445
1.5430359
2.31529
-0.626356
0.34339955
-1.946645
0.8045017
5.70508
1.4589445
7.35256
0.970137
5.646745
6.48659
0.6618635
1.333475
1.742165
0.5404015
0.526697
1.5612195
2.981565
0.4262765
1.5166055
-3.815495
1.629265
2.982875
0.383905
0.2034545
0.8407885
-2.688505
0.837822
0.933899
1.537435
1.1486825
0.7251425
1.7640235
0.4373462
0.21586
-1.265015
1.5556
-2.082345
-0.871936
0.347886
-0.8898455
-0.474407
2.3432295
2.292445
0.7331515
3.957745
0.1571
0.78287
2.908295
-1.76095
-2.90030545
0.95727
0.9801345
0.00412200000000001
-2.2548
-0.5089595
3.63909
1.800055
0.31534435
-1.684115
2.49446
1.362775
-4.6386
0.6361425
7.65345
-2.47207
-1.209667
-1.222811
1.0250547
-2.492815
-3.42696
1.33514
2.1335965
3.72218
-0.3673775
-0.5325245
1.375538
-0.400107
-0.956971
0.117033
0.145388
1.4458855
-0.8332685
1.845378
0.89238135
-0.2364495
0.8673755
1.4953775
0.0442825
0.0334675
1.85642
0.146328
1.34522
2.094196
1.49305
1.956466
-0.5175
-0.5109675
-1.028545
3.395405
2.588765
4.756995
3.076315
-1.665152
3.455525
3.91867
0.324626
0.639225
1.966535
1.68736
4.03094
-0.41187215
3.77878
-2.09762
2.50107
0.81076335
0.8390205
1.3312145
1.1582895
-2.52515
0.7848215
-0.2369365
3.24002
-0.56517
3.966235
3.920475
-1.750035
-0.684612
2.0049565
1.9132085
-1.04871
1.448325
0.460652
-2.84017
1.872453
0.078188
5.075825
1.759831
-0.8353475
2.599925
3.4432
1.4725115
1.456075
1.3795905
-0.3912645
2.47612
3.71845
-0.169255
-0.323056
2.538975
-0.1492445
-1.20732
-2.28485
2.18253
0.308869
2.708495
0.7874535
-0.091885
2.60818315
-0.0630385
0.5174971
0.371644
3.66453
1.4792095
1.8555085
-0.662576
-1.004508
1.078348
2.769065
0.7210155
1.47896
0.847957
2.5745155
1.4641
1.9759
2.009118
0.05312
0.4263025
0.174085
-1.190315
-0.42973
1.00081
2.03337
1.4526495
4.540975
3.312695
4.042075
0.238072
-2.1084885
-3.36536
-3.632565
-0.673
0.9091255
-2.948745
2.565765
5.13222
-1.813031
1.254802
0.5885035
2.891222
0.3813155
3.94988
3.610905
2.873745
-1.0819735
0.659145
-0.386085
-2.256985
-3.422515
-4.465085
0.31922
-0.929891
1.1721435
-1.3415245
-1.456205
2.9740485
2.33758
1.61241
1.5031095
-0.7536535
0.4240445
3.67019
0.3722
1.447165
0.46337
2.96031
0.4337465
3.296065
1.350755
1.10317
2.19872
4.628695
-2.244605
-0.952803
3.454765
1.7989785
3.568995
1.066653
3.592095
-0.2018225
1.257245
4.766925
5.63518
0.953015
-0.4149355
3.2098
-0.1230955
-1.791125
0.1017945
0.895421
-1.830755
-0.2496555
0.4329325
-0.437219
0.7175923
0.248803
0.966592745
0.0979049999999999
1.211473
0.7500697
0.084578
4.375435
1.167525
2.603125
1.75087
1.17797
3.047915
2.12201
-2.11198
0.48942
1.2672221
1.264272
1.852325
-0.808705
-0.16147535
-2.50962
-1.5101835
1.3001935
-0.8809435
1.479168
0.281735
2.42691
0.4425325
3.863975
2.623926
2.67529
-4.26323
-1.807613
-2.1627865
2.729455
-0.076743
1.782539
0.7064525
-0.75399775
3.593055
-0.995658
1.698905
1.76367
-0.8174735
1.355975
-1.716538
6.26684
3.452435
-0.732
-2.116855
0.229565
4.69974
1.584278
1.310275
1.9985105
1.877068
-0.1890608
-1.3032995
-1.73620765
-3.35367
0.0859249999999998
1.90454
0.3472
-0.183971
0.724751
0.4732775
0.667187
4.00251
1.180573
2.314585
4.96962
0.2965035
-0.0762405
0.7024585
-0.218073
1.40879
-0.4574015
0.19042095
3.8111
2.62957
8.33552
-0.0476515
2.938555
0.6077535
2.2824265
6.19367
1.080508
-2.814045
0.2582705
2.97614
7.481895
-3.6274
-0.73018
1.45926245
-0.434462
2.1333045
6.709955
2.175475
1.649865
1.175474
0.373073
8.779125
-1.2421225
1.484825
1.54322
2.56179
1.11861
2.6806485
1.53238
2.52653
1.225435
-0.8243255
-0.644157
1.367304
2.3559005
-0.3542735
0.9837985
1.968297
1.045431
0.568969
-0.0671927
-1.0874006
0.29689
3.47796
0.0662999999999999
4.20294
1.28071
3.5043
0.923998
7.565645
4.1074
1.086225
1.5419785
2.441445
0.910415
0.131455
2.126715
1.3661805
1.3277255
3.09014
-2.466755
0.2398895
4.846295
1.234375
3.17446
-1.828745
0.2011795
-1.059083
2.614185
-0.00861999999999996
-3.3835175
3.773
-1.564393
1.218527
-1.1397975
1.30991
5.7037
0.6244995
-1.532374
0.26638
1.1152619
0.012615
3.064915
-1.048718
0.20352
1.418385
1.884188
1.6487145
0.9131655
3.654375
-0.427773
4.23838
-0.3788045
0.6393875
0.89623
0.417043
1.355389
2.12317
1.511945
-0.07872975
1.3790975
3.084295
0.64502
3.204805
4.30283
0.4495012
0.983394
1.786791
-2.01183
-0.75736
-1.55079
3.62876
2.194685
4.571305
2.7201165
-4.973185
0.99838
-1.008945
2.2597975
-0.113715
4.489682
1.586895
1.1422705
2.58651
-1.07583
-1.0813345
2.118255
1.7992265
0.170165
1.923185
1.800885
0.286695
-2.048417
0.367295
-0.1758735
-0.94182
1.6354335
1.364274
2.411345
2.492455
2.572778
0.4882955
1.167625
2.171575
0.4380254
1.229635
2.679685
1.59921
0.0183950000000001
1.910195
1.9197425
0.222719
-0.15946
-1.90639965
0.4151255
-0.156734
2.582949
2.53689
2.66677
1.429385
1.3416
-3.0531795
-1.4554435
-0.4634235
1.733095
-1.902273
-0.24815
2.86306
2.033325
-0.7545195
1.0052015
1.856064
2.224672
2.361417
-0.6446855
2.7661225
2.46833775
0.6139435
-1.5620387
-2.04272
-0.00885900000000001
-1.1940205
0.264935
2.3044
2.16818
1.975064
3.66156
1.2088
-0.748693
1.5957095
2.282785
-1.0800585
3.081845
-1.07111
0.2833495
1.8314065
1.9636815
1.4683705
5.48466
0.06108
-0.97289
4.02796
2.475645
0.5623865
0.42348
6.0754
-0.7337615
0.39711
-1.98257
1.4013265
2.225705
0.391525
3.05645
2.794459
0.5926412
1.51365
3.24651
2.807255
-1.09128
2.03693
-2.4092
-1.68974
3.05941
2.74106
0.907968
2.927157
0.966208
3.53912
0.87528715
-2.075043
2.4052265
-0.310425
3.73869
-0.028745
1.66516
1.607745
-3.04433
-1.0578695
-4.19818
0.547636
-3.065775
-5.231225
1.43468
2.52781
0.757022
1.304621
0.795658
-3.008785
3.889635
1.7891815
0.8377355
3.003463
-0.379813
-2.300425
-0.54094995
0.824015
2.494805
3.628605
0.6491215
1.2201105
5.279635
3.623695
2.670625
1.662855
3.19597
1.835992
0.5477155
-4.534895
1.510175
-0.7920845
0.528805
-0.2084645
1.044561
6.62601
0.585524
-0.1851408
-0.624617
3.58298
1.576334
-1.245934
-0.479841
0.873523
0.1662765
6.0309615
1.8448723
1.37848
0.61619
2.244624
4.861155
1.572985
-3.563295
-1.592055
-1.3322965
1.325082
0.582179
-4.96933
-2.284233
-1.375175
-4.9735
-6.972975
0.9877055
0.92503815
5.07547
4.205355
0.080652
-1.0265385
-0.880798
5.72031
0.2982945
3.40005
3.85227
4.348355
2.712295
1.9416615
-3.366815
-1.06735
-3.6109275
-1.52145
-0.7684843
1.4310995
-0.32173
0.5112711
-4.444955
0.1475125
2.191392
-0.6943075
-0.173789
0.0301625
0.8818365
-0.965165
0.5290185
1.006786
-2.386451
-4.183295
0.5277
1.100808
1.86103
0.87114695
3.978895
1.86955
-0.439195
-0.450108
0.7508105
1.3718028
0.81719
3.794395
1.865776
1.2519055
3.688855
-4.487215
3.4043275
-0.9395975
2.77809
-0.838259
2.58823
2.18603
-3.437035
-2.4715
-1.41581
0.29147
0.962712
2.939333
0.542015
4.878025
2.598216
3.70118
0.198402
0.722382
-0.103105
-0.00638849999999999
2.1364
-0.718175
-1.80132
-2.527815
-1.86412
-0.020147
0.2408484
3.060295
0.485995
3.07573
-0.131596
-1.903255
2.018935
-0.669454
2.032846
2.95253
-1.9311135
0.404535
-0.508366
2.842825
0.415042
1.46023
4.414305
1.4899795
2.94222
1.2923595
-0.0880605
-0.654576
1.273318
0.595305
1.1864035
-7.58584
0.2260005
0.6004125
1.345325
0.6723705
2.18483
0.7688215
-2.106735
1.8489975
0.2462115
-4.30903
-5.55197
-5.156685
-7.84811
1.910535
1.0673295
2.4726425
-1.0892305
4.368265
3.276045
-0.786521
-1.1962285
1.661975
3.456505
2.572135
2.60292
3.472095
3.1558505
1.96593
0.1341355
8.69827
0.4736305
2.957235
4.58303
2.3417705
-0.088568
2.034431
2.415375
1.6684
0.3235085
1.11586135
3.538375
-1.18702355
1.54356
5.202905
1.782415
0.017235
4.535115
0.67905
1.2279535
-0.2686075
1.226922
-0.7621326
0.424605
-0.41685237
-1.4135555
-2.001706
2.1089475
6.626055
4.502935
-1.218825
-0.113537
-1.306529
-0.232842
2.39576
0.6829015
-1.73791685
-3.0648895
0.9307515
6.67642
5.19592
4.9349
-3.0273025
4.571815
0.1619255
1.703165
1.5404405
-1.786895
0.73528
1.96708
-0.0492165
3.81609
-4.001275
-3.97424
1.067336
1.322424
-0.1596725
2.66106
1.284705
9.52712
-0.288015
-0.52606765
2.059661
2.10936
0.8452253
-0.632575
-2.16046
0.9592945
5.505415
6.404835
0.4662875
0.4418965
2.2744845
1.565215
3.295311
7.839505
0.3585335
1.499595
4.999975
-2.393005
3.92251
3.2223
2.775045
-0.149958
0.7558405
-0.3336485
0.5238955
0.22485
0.9662975
-1.1844135
-3.75704
3.067236
1.572165
-4.60078
1.3744625
4.838345
1.0341555
8.255855
2.490345
-1.754135
0.2544645
-0.800454
-0.71327
-0.9438965
1.1729175
1.69908
-0.95890415
2.05499
2.49896
3.58448
6.694735
0.9206155
0.0490400000000001
2.062055
1.73329
-0.377445
-0.3526045
-3.77208
-2.82377
3.054675
2.3053195
0.8548745
1.82547
-0.612909
2.23347
1.0383225
-1.087105
2.127685
2.56763
-0.5543749
3.00899
1.567069
3.696815
2.684305
-2.9623205
-1.8333345
-4.197985
-4.300975
-4.864
-3.675315
-2.07057
-0.530602
-0.014164
0.9601485
0.463122
3.38304
0.1833095
1.133823
-2.6918495
1.3011775
1.416671
5.47435
3.52702
1.23063
0.387412
1.4982135
0.3161262
-1.287763
-2.5198
-1.6524855
3.529895
5.60402
1.3136345
3.7421
2.737685
-0.522003
0.690395
3.295605
2.28419
1.451335
3.259095
2.019665
1.2674225
0.5178755
1.455885
0.336905
0.5442995
4.22931
-2.999205
-3.010245
0.980209
0.4939435
0.65615
1.813362
0.650856
2.3752205
-3.791565
-0.825643
6.102425
1.3099545
0.675161
-0.587395
1.75792
4.036465
-0.7417745
-0.701958
5.74223
-2.263805
-0.549836
1.688999
2.0626045
-2.551255
-0.05742
5.76148
0.893287
2.083007
0.800655
1.2126145
2.711615
-3.996255
5.15312
0.7682145
0.928747
-0.029421865
-0.0249623
1.45688
0.9856465
-0.206634
-6.54746
-2.89724
2.09155
-1.81944
2.7126185
1.8643125
-1.162687
2.82755
0.729874
1.197009
1.8381
0.9580885
3.949075
0.6538115
-2.471155
0.0590275
0.3398165
0.4217625
1.761465
1.5064225
-0.449624
1.523315
0.70699925
-3.147595
1.448103
-0.6653725
-0.391097
-0.1700075
2.1633345
8.81811
4.87358
3.145215
-2.76072
-2.09029
-2.017135
-3.473085
-4.4538
3.300807
2.5124635
0.804861
-7.16563
-5.945655
-1.268771
3.57192
1.4138395
0.260036
-0.643985
-2.24798
1.935805
0.4410305
4.089695
0.786115
1.737791
0.6781125
-2.4873
1.27376
0.522577
1.260315
2.863085
3.42693
-1.518154
0.4491665
-0.8963525
-1.5945485
2.9404395
-1.4876455
1.06569
1.2452635
-0.6614065
8.391565
0.490795
-0.8292755
-0.553259
0.667375
-0.334518
-1.1997415
-0.05387
1.90157
4.23013
3.25023
2.407365
-0.77779325
1.949097
2.87409
3.06036
1.7281
5.469395
4.04778
-2.97348
-0.244469
-0.533725
-0.96036675
1.3089255
1.022731
1.8223885
2.9486456
-0.162093
-2.774415
1.24181
2.256782
2.212234
3.285525
-1.040405
0.37273
-6.85868
0.406902
-0.81764955
1.535242
-0.62510105
1.70227
2.1259335
-7.68986
0.801045
-2.43871
2.510545
1.0605335
-3.603535
5.34202
0.246522
4.44043
0.52191175
-1.804665
4.437845
1.890932
-0.1200025
0.3905605
-2.14145
5.756145
-1.326691
-1.3641235
-0.010177
-0.750399
0.7165495
-0.9142855
1.739837
2.558375
1.4633605
4.956065
1.0678185
0.8902195
0.155895
-0.056675
0.475648
1.938064
-2.779505
-1.2638105
-4.76587
-0.576187
0.195635
0.1981365
0.6503345
1.2772105
3.14352
6.39563
-0.117355
0.5790175
0.41819525
1.6982655
-6.256205
1.914043
-0.26766
-1.342444
1.948275
0.384114
4.38814
0.111735
4.16827
-1.4741775
1.5590095
4.84766
4.842345
5.847845
0.066635
-1.88532
4.02654
0.863884
-0.0655250000000001
0.23101
3.58226
2.1565735
5.02594
2.284477
6.79134
6.022055
-0.912928
1.177545
-0.35751375
2.37083
-2.2754095
1.31745
6.386445
4.400935
0.4132665
-2.03094
1.4200915
1.2517275
0.123763
0.8281575
-0.71801
0.64644
2.7229245
6.05771
7.415475
8.264195
1.108896
-1.3464
-2.283855
0.0746165
0.5693665
3.873135
-0.5294195
0.6083325
1.810621
0.936287
1.559936
2.999115
-1.2747245
2.94734935
-0.9928055
4.355555
5.50465
0.0585100000000001
0.291857
-1.048105
-3.9805
2.41427
5.000165
2.372745
3.980435
1.705879
3.45819
0.965745
0.103305
1.5508945
3.57995
0.691585
2.14904
4.064505
5.3985
2.098345
2.099348
-1.559247895
1.5821515
5.794685
-0.35177575
2.7421125
0.4062815
2.8217785
3.858245
2.175452
0.05859235
4.74516
1.1792295
3.44569
2.36693
1.8854045
3.098695
1.486921
-0.953435
0.6496824
1.2644815
0.394311
-1.926255
-0.197557
-2.79236
2.374305
1.89245
7.656955
1.275446
1.554788
2.439455
-0.3709905
0.556528
0.88368965
3.399435
3.35123
0.625279
-0.692666
2.293145
0.218943
-1.667135
1.2748
3.808021
3.9801
-1.734091
2.4842
1.522865
-1.40762
-0.119924
-0.5119215
-1.556503
0.213005
-0.413597
5.98187
-0.1291365
5.399185
2.017795
6.949195
-1.620572
-0.31576835
-1.552747
0.7174385
2.0055285
1.6689265
0.892177
1.736506
1.343125
1.451112
-2.113845
5.093305
-1.821244
0.976792575
-0.9786695
1.0999095
-0.786646
3.77008
3.368775
-3.0709845
-0.79967
-0.443283
3.29646
2.58641
0.54041
5.418825
3.41236
-3.047135
1.9216795
-0.05746
-1.9244255
3.507055
2.433056
0.306287
0.456476
3.056988
2.247651
-0.4182315
1.776595
0.9584475
1.907127
-1.6883985
1.1984435
-2.4919045
1.5701433
3.5071
1.515695
2.927534
1.7758755
4.526615
-1.2422355
0.29550043
1.9885675
2.4803
0.5138245
0.284422
-0.1790355
2.56614
5.27572
5.62247
5.135355
1.4849545
2.49034
6.60202
1.008215
0.3637415
1.59367
4.13214
-1.771545
9.22347
1.55264
0.912503
-1.3739885
4.119375
2.39576
3.894875
2.05494
0.027285
1.017795
2.8391595
1.1159985
-1.6363
3.108075
2.222685
1.247315
1.294568
1.349109
3.73242
-1.2102145
1.257997
0.407375
1.2564095
0.215985
1.6829
5.043395
1.64255
1.5364245
3.13498
3.63292
3.598945
-1.71159
0.157844
-1.472777
1.43658
5.77126
5.92567
5.227005
1.463556
2.3049
-0.6601131
0.823102
-2.325685
-1.6152555
4.836145
-0.927906
0.483405
3.165285
-1.34775
0.513141
2.0233315
1.1414565
0.40317275
1.90581
-0.603695
-0.31021
0.81247
2.106975
1.41202956
-0.803069
-2.231745
6.302335
-0.293513
2.280375
-0.694671
0.8527795
-0.428815
5.0975
4.62505
0.594001
0.493485
2.957285
1.761235
-0.057066
-2.532905
-2.4918745
-1.2784024
0.20826255
-2.043355
3.48464
5.667895
3.53119
0.6970365
-0.140535
1.547187
0.6323785
2.34115
0.290093
-0.159116
1.2387205
1.027893
1.3067805
-0.3568315
1.481255
1.5639245
2.07022
0.7561295
0.954438805
-3.940495
2.75084
-0.1477415
7.940325
3.37322
1.571846
0.991639
4.079165
0.708842
6.312545
0.19731227
-1.1234385
-0.635897
0.2971835
3.412255
0.6927675
1.135725
5.296595
1.870395
0.5280315
-3.910135
0.420834
0.497998
2.37895
3.767105
2.323625
-1.617695
1.660504
1.1906085
-0.569354
0.2909095
1.265442
1.493022
-0.0995050000000001
1.729755
-5.98651
0.298756
2.414265
1.3642095
1.5742184
1.8917784
-2.508465
-0.276115
0.309181
1.4710165
1.570103
1.82622
-1.0077285
0.516503
-0.4345045
0.8441425
6.549615
4.10766
-1.0824085
-2.43602
-1.3898635
-1.734095
1.831394
2.005345
0.66962
-0.809625
-1.094075
-0.751874
-0.296265
-0.4442325
0.7198965
0.0309085
1.940156
-0.0395135
0.403156
1.581854
0.760885
1.010093
-0.479535
3.549205
-1.065615
1.036935
1.905035
1.517785
2.16582
-0.649295
0.66334
-0.2690495
0.536485
0.4679685
7.05573
-7.90699
1.146233
1.819425
0.326435
-0.0785549999999999
0.79537185
1.17261
0.9439025
0.864966
-3.79702
0.635995
2.0301295
0.7108835
3.672475
0.966857
3.416375
1.951275
0.10235
0.830077
1.6665245
0.7097947
-0.000939999999999941
1.2424321
0.4094505
0.6453725
2.62557
1.48709
0.666874
-1.429795
-0.746763
1.6420855
1.7029805
1.51529
0.176343
-2.05235
3.0538295
1.353405
1.203294
0.8454795
1.033866
1.3824845
-0.4718454
-1.357705
1.77490705
5.650475
-0.8731405
0.26171625
1.1119725
2.46471
5.325965
2.2102175
0.369603
1.5583525
2.219765
2.442468
1.036382
2.574805
1.349903
1.023475
2.09698
2.744665
3.729455
1.821647
0.571545
0.187713
-2.88365
1.133246
0.560985
-5.542485
0.5959615
-2.78646
0.7915295
1.81920745
0.568843
3.16675
1.292201
0.2021045
3.750525
0.4141425
0.9490742
-0.7503895
0.652169
0.756771
-0.1896
-0.836759
-0.458435
-0.7367315
3.04171
-0.1094705
0.7967295
-0.200677
1.683075
5.27556
0.901004
-1.127184
1.889505
3.39978
0.35136385
-0.4607209
5.83464
1.758994
-2.08645
0.053323
-2.11296
-1.160793
1.358077
0.72010485
2.080815
1.74379
3.063775
1.0867005
-1.052154
0.63606265
5.238995
3.04017
2.1018505
3.56556
3.58639
4.324515
-0.992125
1.0443105
1.440635
-1.094563
0.751275
1.3284745
0.0797870000000001
1.933455
-5.688835
1.300635
-0.2314995
1.67007
0.3153655
3.476565
2.1452525
0.5976485
-0.145074
2.63045
1.613136
0.7022235
0.7956205
2.534403
-3.24014
-2.984035
0.291435
6.5862
1.6412805
2.348065
0.4072175
1.951359
-1.0581124
2.14872
0.797216
0.2793
-0.53927
-2.28817
-0.0350999999999999
0.661146
-1.927937
1.55410455
1.711705
3.51062
0.2479935
-4.171995
1.095055
-0.2162705
-0.101659
2.987125
5.106195
4.29181
-0.3289195
4.09154
2.230105
2.68084
-3.215415
8.775605
2.1096915
2.787975
0.306725
-0.4073455
0.5487545
2.5566095
1.236665
0.7934695
-1.387363
0.133388515
2.089695
-2.27313
-2.415552
3.628525
2.23774
5.429385
1.2180725
2.047025
2.4402075
-2.87813
6.45352
-4.502035
0.0894545
1.79759
3.936375
1.233868
0.444145
-1.19595
2.0064695
2.60796
1.658815
-0.1235085
3.02887
1.353601
1.2271655
-2.5317576
-2.047055
1.75978
4.25623
1.3893575
-0.214289
-2.94539
1.107179
-0.9127645
0.076556
0.3591805
1.8694915
0.928232
2.2628505
5.052025
5.939455
3.89575
-1.3938885
-0.8992605
4.49833
0.28106412
0.10389
2.551105
2.02176
3.144135
-4.50645
4.032627
1.4543265
-0.62276
1.39869
6.33385
10.791405
-1.1325105
0.861134
3.549075
-0.9282495
2.376415
-1.643705
3.022985
-4.978005
2.682905
-2.13958
0.4788245
-0.894715
2.5408
0.5881141
1.751045
-1.385075
1.487022
2.50621
5.246165
4.0967
9.417145
1.4647555
3.038245
0.10784
1.28391
-0.72958745
2.738665
8.355205
-0.389828
2.1309205
-1.0072405
-0.660768
-1.1584805
-3.130485
0.7915365
0.91922325
-5.29506
7.646425
6.04722
-0.77754
8.39037
-0.12645995
1.311241
-0.7149385
2.73432
1.5616555
1.75362
-0.4758195
0.8231005
-0.49059575
1.41414
1.398809
2.21516
3.43976
1.3251115
-1.36483
-1.60501
1.677868
1.567435
0.384245
3.075755
1.545045
1.305979
-0.450496
3.531205
0.910033
0.6551085
1.91969
-0.3388105
4.101735
5.313295
-0.2645375
3.213475
2.864505
3.485195
3.76391
-0.091788
2.36498465
1.550831
0.1972265
1.088165
1.746575
-0.08251
2.45294
-1.9577285
2.0805685
0.0945619
-1.958685
2.8104
0.557174
0.97097
0.292386
-1.804462
0.3051455
0.105805
1.1304375
-0.964946
0.10011
3.922115
2.2439425
4.947735
3.51981
1.7383935
0.457298
-0.3742185
-1.485675
0.662395
0.105109
2.815925
2.8313845
1.4629655
0.6710675
1.81686
-0.5078135
-1.028516
1.146122
-2.54879
0.5276507
-0.473344
-0.3111355
1.4602385
0.877653
-2.494654
0.142192
2.2791585
1.0507105
-0.950948
-0.02064635
-1.114401
2.218087
-1.3198805
2.327558
2.96465
-1.042656
-0.608349
-2.480625
4.44936
1.7795175
-1.21085
1.906485
1.540709
-0.23419575
-0.2652175
0.59068
5.03936
2.331212
-1.383745
-1.461935
1.332235
0.084271
1.28503
-0.1165415
1.9755365
1.959502
-0.42296
0.5445595
2.453275
0.461975
1.723162
2.078975
4.50722
1.036453
2.699225
3.364132
2.829625
-0.27502
1.256225
1.40143
1.7013515
-1.3449885
1.656679
0.7130425
0.7824615
-1.0499815
2.5328175
-0.723347
0.488102
0.8874605
0.9066895
0.873191
1.02613025
-0.61572
1.4525085
-0.566766
-0.858941
0.2889537
1.864975
3.0386625
3.56883
-1.8323035
0.999451
0.8139398
2.9938365
0.1947525
1.14903
0.25788
-0.160035
-0.41598
1.377743
-0.244305
1.435315
-0.715071
3.49216
0.879892
3.00746
3.368675
-2.2583515
-3.08864
0.589409
1.3450945
2.377655
2.073698
-0.7724365
2.54345
2.095705
0.13009
-1.407595
1.4332235
1.169578
2.56394
-0.3480095
1.61933
0.3821615
-0.546095
1.5422565
-1.358802
1.966735
0.000759999999999983
0.571987
0.2731375
0.865725
1.95793
1.175474
0.7596985
0.0675249999999998
4.665665
-0.8814615
2.72778
1.6137195
-1.33891
-0.134826
2.074879
4.404855
2.788565
0.844218
1.832365
2.482445
1.9235021
3.80119
2.33365
0.21208
4.76688
3.045975
2.62107
2.24869
1.1036305
1.891418
0.543897
0.68222
1.71393
-0.332188
0.7458845
-0.4931625
2.97319
1.69242
-1.9089875
4.27848
1.116318
2.73007
2.1402
2.054706
-0.0327465
-1.418395
2.212462
1.5247455
2.83189
3.54719
2.7930435
2.84568
-0.09165405
0.6974515
-2.73279
0.544693
0.911695
-1.45108
0.95005
-0.0409650000000001
4.213725
3.1250295
2.04215
3.604315
0.245261
1.1439245
0.62302
-0.8340795
1.78955
0.917928
-2.04831
3.52757
0.725954
0.318015
1.4104265
1.580494
4.220295
-1.2448625
0.954234
0.79435
-0.7215175
2.51492
1.611497
-0.9401325
-1.37111
-1.76992
1.7386985
5.140825
-0.78297
2.6981285
2.85069
-0.708658
2.6193924
3.578595
0.926915
0.651837
2.02862
-1.62147
5.420085
1.5895125
4.712365
2.94756
2.803785
1.8343575
-2.12794
1.118365
-1.9545
-0.4519025
0.844345
2.33134
1.245635
0.4171685
0.9416295
1.319382
3.574785
3.13651
3.655475
2.79875
-2.184155
0.0798895
1.561595
3.040362
2.4968735
-3.957205
-1.9837195
-1.4273655
3.92222
0.4170185
0.51804
0.3698296175
1.3682565
1.765415
1.505269
1.20033
0.732795
-1.416995
-0.8040115
-1.23379
0.2641115
-0.3066576535
6.495975
-0.0156985
-0.22232555
-1.084545
2.2626515
5.30011
0.040734
