H3_WShd_up_down_lower_z
3.21209233735804
6.57352304409609
7.43255483655113
4.51211463962222
3.22045727171557
4.3765650515359
3.88998287493426
4.11030081782176
3.14530099356828
6.09543543935804
3.86980333502045
2.59719099527889
2.87915659773462
4.12156025313221
5.13944161096829
3.31952551271043
6.43178350050218
3.62212456290121
3.71766960278947
2.34112772831902
1.8053045980248
2.72496592861565
5.59793842115605
2.97522933532402
3.19075204947571
4.10126737109859
7.38206064993181
2.99443200927884
3.69266106341563
2.7187463457915
2.83063699396667
5.37924688779257
3.13604939596771
2.86187575196838
3.11800242599596
6.06341494115046
3.50634717701432
8.6394413833088
2.80209031658128
5.82956570884528
5.04122724013191
3.58600289396452
3.96049829325954
3.8756068753644
5.69199829973664
1.30424411119302
5.06678220227529
6.3187901698359
5.8081127902224
5.14505061523707
4.00556908857122
3.08687292152384
3.18478033447594
1.88022102979001
2.76619708459706
6.71443069087449
2.99886962985339
3.01894560807906
5.8140668725922
4.46557833695906
4.61150242519767
3.79343025370072
2.39534603734552
4.44445772529299
3.44273559158414
3.86012790536836
3.10896029056765
2.49615581063687
3.243814075945
3.32514697470986
10.2973336349304
2.75820451787827
4.72994052162038
9.11890242550009
4.9762949935764
4.35685411335694
3.63607168388187
2.28533392281316
3.43285851387333
5.82108525324375
2.90041938445075
3.78295093095215
7.4947416732022
2.49598571020508
3.31197166744521
5.69817432446344
1.38823932211633
3.76220497802895
5.14138855453745
6.59347009541595
1.50037347518835
4.40052481681652
4.50935547612211
4.0806006951534
6.1858768726859
2.81412537566515
2.30698643639888
4.41530209553071
5.18549068337941
1.86239812536986
5.43802324292057
7.81538576315143
5.58783784883992
7.59664107917662
1.32998257106197
4.67237639447658
1.99673178359696
2.03979488868297
3.84374241671829
5.14238384790176
5.41403285424732
5.59313146363519
5.57238934428409
2.45667346396542
3.05968311628513
4.60899928719995
3.03801898979654
5.70986387192884
3.57313076297246
4.34035547095248
3.68018033619294
1.48294673304303
2.63402789581929
2.79787450896298
3.85270954616226
1.95944026972855
3.2843977670494
2.7393040317736
3.00936281294355
4.17180086312483
3.52071985932743
2.42683633378179
4.80373201014647
3.19283927570203
2.42076918829957
3.18637717723628
4.55456872821134
6.36290098258837
4.52799794194842
3.2799059210416
3.40393143141938
5.48581889926022
3.26040246838777
6.97509653762359
8.289374176632
3.74403549004716
2.86455770433929
2.73545375558598
4.51421936246213
2.591757110782
0.353614461383153
4.76310929023936
2.47350382581362
4.94864011000018
7.21525415222707
5.26646407237544
7.79852606271728
8.49244871015322
4.25776143957142
3.44844835769152
4.13641774619468
8.75133918596887
4.73443173288212
7.06459251138028
4.76307014100975
5.55221617163639
4.67499608575463
3.33274476003265
3.95013481732106
2.32196101347757
4.94424057771733
2.1779983933091
1.51829384186425
3.14223246799136
3.3581830980295
2.38095619451996
3.58986165767797
2.90073361015415
1.94126120876416
7.21052701108352
3.47714048144336
2.93124622674763
3.99105290671774
3.29135679362896
2.44631062478771
2.18589582961172
3.77097866748164
3.26570942219584
4.98600638914179
1.77770486287107
2.78328950732855
3.24080072841534
4.84367085163066
6.13776588997607
4.16265152500078
5.77799101666353
5.58093725804327
4.4702021761744
3.11105407026889
4.27407619011463
5.29328615480703
5.52996356621718
7.11238330806843
3.93852035768128
2.30371945812263
6.45955614554444
2.70861437116526
4.67351791842794
3.9624784614437
4.03582718365107
6.48288632594762
3.65075498776081
4.78689985309283
3.72509934465653
5.03712432451944
4.42044156941931
4.68514344100643
3.207013776903
1.86750883012233
5.21789718864844
7.0764530689226
1.73578926286254
5.09454233633387
6.29324656965755
2.1323517517171
3.12365047029847
5.91312177839172
4.76242959102306
3.34922980773203
2.90107062309027
4.87102113753484
5.73523288825336
2.08133393223173
2.45003829188438
5.25566031836863
3.17774624216065
5.6188719455943
3.60672145736174
3.40526010080043
4.64537848061043
3.36125044463677
1.96034251175739
2.53877680067933
1.29035296612854
5.41751217646914
8.00881241771762
6.07538793964619
2.5284055064838
3.44740489164912
5.18949530496571
3.88042089935697
3.71826117206348
1.14484714326883
2.56746457723707
4.37988125730687
3.99384135816262
3.87732997699872
2.93622687369932
7.38888395530411
7.05762959434259
3.97473618983626
6.23628032437888
8.96547799581992
5.53731229008734
4.63082378768208
1.88764171803201
3.25560602526804
1.92154040400189
1.74662646112968
4.6457657225737
4.95124071788516
1.60632138006747
3.96482651827837
2.38263043849119
3.04825311479454
2.03254541651589
2.46367285024682
3.6889532741987
0.892595737897587
3.20587189644658
3.40262403770085
3.94830736019416
8.53183404274329
2.82507990610346
3.5476501243704
3.44228545839647
3.26390048443689
5.43150177806698
3.97314945711364
3.15838263698108
3.31623593072029
2.42244184057559
2.26216615618983
1.86461312313132
7.65073580725761
2.55254272800653
1.8344646960703
2.60989329568668
6.14023774175933
3.33425872050715
3.14360401322607
3.36471384354773
3.29997028187146
4.93734874295893
4.80473881690595
3.9375452910309
4.23750213891354
2.57448693676857
3.73329708903671
4.07593817024487
3.31485744368219
4.54285917041554
4.28760417844043
3.76557382538573
2.92404122987224
4.04935695269861
3.22273215656248
3.58735387965696
3.88853893387141
4.44944193052122
3.98905317234163
5.09965100226568
1.88886017918393
2.26531721716173
2.93871477477903
2.92864144191684
5.59853719115144
3.37131366481844
3.36281607420358
3.48775868145255
1.31689363979453
3.57607352945062
2.1673836087206
4.11714545529931
2.19300124795473
1.92814811884727
4.11262519787965
4.13807259472654
3.48777755500693
3.70343448894102
3.8786504860607
4.51838120451875
0.620150773390276
3.58552305656228
4.95940792117147
2.82725733563343
1.82103404761762
4.68713165442317
3.63974095101604
2.50135742605475
5.23609773081725
1.61954605465805
5.53411768405488
5.78891330450916
4.96755647097893
4.9640367845475
8.87975686800369
3.44573654053433
5.2431989674998
4.99881582233573
1.95127292020778
6.65018531634546
6.68450664015562
3.5243402679291
7.24783757358983
4.78421162074507
5.78819300627521
4.77166317972226
5.60294000024003
4.7667642846303
5.01386915874574
3.251916686122
5.12123158038078
3.3381923476673
4.44830624145783
5.35148337838977
7.17039494914645
4.68460874352244
6.85200738696019
6.81679360685851
0.614136959362685
0.858612146736798
0.48985825125164
1.30593632486768
0.340959344068328
0.537375624479253
5.63607780542954
2.13984693343309
2.8236913631175
7.62624456227171
5.02401124913544
2.68735186146193
2.53487795401665
1.63370696556995
2.50752154358129
5.57072327407106
3.07812889096316
4.59926946422211
2.38056744182728
1.62346480396926
4.78895987951446
13.8699554346383
2.08643041299711
4.35959763733428
5.97532966099251
5.901469779143
4.23075830165746
2.68211695018965
3.39718548402602
7.00320805983613
2.80348053995102
5.31896907963885
8.59828148522919
5.3313970140578
5.27692732089944
7.34964656153265
3.27230622142162
4.24953318965871
5.1567653441332
8.85871375015537
3.89717738268083
2.7103582100506
2.03261140612869
3.47709392931017
4.69405103831841
6.13666825027954
4.04686424550092
3.66271681601613
4.95709612249326
2.71626391421557
7.84218639494191
5.07387321863998
3.60542296655786
2.98946575431057
3.7504039353558
5.41853410556257
5.08703286991834
5.64740361893033
2.79703483289315
2.55257636817011
3.33855471071007
4.25706773021697
3.66119850870042
3.2598446572498
0.250161654774117
8.68989632623407
4.34331581600264
4.36249393276576
6.45162000427628
5.49795215012961
8.23418004225583
5.98268535257039
6.66978501550123
2.33052425494116
5.00405566623096
7.70360195930121
5.09105507734331
3.52942223325258
4.60487841643694
5.62336948686967
6.00317392507517
3.80294873483556
5.89094442268739
6.76964278514999
2.81055587932682
2.88445954202267
6.58380015662119
4.12173312777927
0.312111567690799
0.4709933276905
5.8899359250676
4.8530289654654
0.781065040758585
0.853051867381458
5.82338778631209
1.00250105302717
5.06432031201629
7.76951816918731
5.08911108980459
3.66982704595131
2.3403968997682
3.81294171258145
9.02533600507304
9.86620380121915
2.14748926873434
3.78535822367993
7.56734697192505
3.49737173370851
0.74660489146134
0.00176913116886471
0.00176913116886471
0.348741622449524
0.00176913116886471
4.68055317556075
2.94472017498579
3.9683955067823
2.04111450275005
3.32346638024899
2.64089711608112
4.36587774624478
3.92414968703631
4.7061998962903
4.29769532485041
5.35658216313616
2.43425254188726
5.23275814027117
3.2605423900516
1.56328298954035
4.2725687492857
4.68038544772383
4.20987847672736
2.0576853047736
6.39061050649382
5.37220851847459
7.27961252927558
2.46105729598209
9.71905332625688
5.02345412625343
4.32972240460601
2.80659597837453
5.80046953692721
5.04949376894347
3.18690725616186
4.65114960565062
5.84827345086371
4.69026604258711
5.07296813467032
4.47887344625839
2.30690287741878
3.19640361880693
2.66410452262673
2.51075747301563
7.48211240573862
4.79096394912296
4.84142444729106
6.87629275823418
4.28779847156384
3.93618486095124
3.61456441698411
4.67969713801454
5.37448161909233
5.42021732894487
5.40424787538718
6.03908832154899
5.50434423569871
1.38645349662025
5.69679629273528
5.0875516467333
7.41182961009145
5.79247615422656
3.75614512111243
3.9700398651879
2.57731335388257
6.29308399419163
3.26707228011952
3.25039316697894
4.05966744395623
3.35149797104836
2.97208327654954
5.76851565737997
3.54684537466098
3.53721821014575
3.470777273648
6.85793263792538
2.93146633860803
4.21754039098467
2.65448581051781
3.10109562143151
6.45889754822361
4.51467817029041
1.85913121726239
3.6905845009094
6.26607122166618
2.67425119964783
3.45253169013875
2.59523220578747
2.50086709314551
5.63922418058524
5.08377291361164
2.98556354664974
3.67420868393718
1.16421724818304
3.61295599888076
5.64106612989528
5.25687709397415
5.73064603932094
3.65899799404015
2.63838684205817
4.96901418273087
3.77301960400484
2.16237986806333
2.85903015577509
6.17344759392249
4.74950831323866
2.0477973098697
7.19886705141501
2.6482392160701
2.23456484858371
3.16771766117713
5.06272647759396
5.88792151387331
2.83346165873527
4.71898124110554
3.83070512104781
2.6792840316152
2.43192949246024
5.63849535720248
4.95311653757447
8.48814617300044
3.39060121860179
2.54773398111169
5.50797321939774
3.44133828268486
5.26734362578142
3.56651593160135
4.15758167441992
3.51418320165855
2.74107036105417
2.14394418025302
4.01032106581818
3.00427015342315
2.97077107353301
4.6099487453358
4.14685629976482
2.34278145854169
4.11347402860148
2.84343817724568
1.54266070353791
4.05398455749739
5.13002488875194
2.55084287620197
3.40373683511657
2.10747982231516
4.3191840408324
2.7562821958544
2.59205383430673
2.94403503980881
7.04884456821322
4.53966540190403
4.45429163286594
2.27352487050176
5.31113368212166
3.38847825405043
2.75004330700048
3.79010183724661
5.4955912654909
5.58047095107695
6.64764655634867
3.80692350509295
4.01595657438888
6.11316628540458
6.53659200125088
3.97258911521832
7.68728562590756
4.53191654196438
3.58877329554466
4.71214366405969
3.78646537174945
4.06899737490913
3.78664237902438
6.91079963654751
7.8748769166404
5.43264367593513
4.91411630110372
7.10503217054855
6.53460475332994
4.01687950180013
3.02471507490054
2.51819636526245
5.42853865936942
2.65252281545829
3.71893525965437
2.11994514219637
4.25834335804227
3.09510414876763
7.04184887966971
6.11650599139978
2.26053036991223
2.68706016063599
4.90979818921667
1.52511195038286
4.14707403756253
4.11275610233075
2.39608015108711
3.80309410500504
2.13243002535421
3.2822990975925
4.91208742768995
5.44272610102063
3.09004136113688
1.42682205471013
9.74298477904932
3.43498869874635
3.1277665780375
4.16524291891694
4.47569798457213
4.12203148990125
4.67680181621613
6.76710404586728
3.84660287988308
6.17463677888147
6.31114845193888
2.88315025687532
4.3983691870833
3.6873696830623
4.42678023194028
3.6532261074848
3.00258118490193
6.09571143219859
2.4109193879066
5.57290805546125
2.54936882634309
4.45614900084844
5.57958120198382
6.07315861399926
2.43259461235996
3.93996591415933
4.23850409873299
1.37109912998381
2.8053589609809
3.69775165071485
2.9285436304548
5.40794513945918
5.11662322942295
7.38644823146563
7.64033145812262
5.51884157630931
12.893092399976
2.8524519978839
0.250161654774117
3.73265936742733
5.71760950376535
3.60000587816287
4.33766593977987
5.08879557979096
3.2940402882139
4.41390972655233
3.56176196122492
4.78091477676994
8.16451235782898
3.36708071847542
3.07807134455608
3.20738223959785
4.88022315483849
4.79234358319095
3.01877225588193
3.40297538077938
2.51504916993237
3.97833171632154
4.19357690926541
4.43704537962755
2.73112756296593
2.2865104050557
3.55624720770447
3.55251395341816
2.27388209410545
8.62204929088663
5.7749109390358
2.81626379072982
4.26119408597728
5.31748847941386
3.30001229417669
3.08019601763843
5.43372100140161
5.84701767091049
6.20892255063333
7.13830902334051
3.95840156283598
5.74750685833264
6.12048778385434
8.71956774341317
3.70647900462102
4.01373985426034
2.20105337243661
2.50238625835431
6.40898857498603
3.319556426073
4.06655555803639
6.04629711734733
3.26032578869012
4.63168014896101
7.93115952931952
2.82280520400733
2.88560932507851
2.46564129726577
2.11714271377087
5.26182424641604
1.55015283534857
4.04219816928977
0.797404548759064
1.44498984722534
1.38041750741882
2.71589886081725
7.06104705776805
3.99150137867592
7.80879401791821
7.35907638316862
2.53753003378925
4.39426808780967
5.03312181802993
6.01052152575391
3.11634438830758
1.78184008673558
3.66763276403538
0.250161654774117
4.55666456054874
3.40117924118597
3.34315224670877
8.86417285010233
5.80823148006488
4.26555906776706
2.86067785851974
4.94505000319152
2.66677644090116
5.30207061989564
2.7020829124621
3.42581334963105
6.99709984217587
2.31186743485064
4.29131773688573
5.3406091914163
3.44423911163004
6.73154281052049
3.87852039044039
6.60480767812193
6.32865591601509
3.36531533454694
5.47433551284118
1.22284862621877
5.3025594231528
0.742715216585631
4.96508412630758
4.75674530694959
3.63246670318748
1.24522821434976
4.38618085762728
3.84796013641114
2.69616929332866
2.53988837926914
3.19693355065638
2.58026979918839
6.02146447993522
6.57547645513739
2.60705248405725
5.8403103813348
8.12146369967236
6.1877326979892
7.03438820758253
4.74315647849875
2.17351042221564
3.33107332928548
3.76082854978961
4.65417245158907
4.87070666388576
1.16277324214951
1.22287279535879
4.37968178873999
2.29717139152827
3.19452806602718
4.31845608487066
2.10195134055654
3.76898789897517
3.4622730158129
1.4967167240725
1.67636497467829
3.60207741030635
5.09980473686585
2.58709259590232
1.1545144050539
3.60930846511479
5.17929875953081
4.97188474794296
2.02535446277294
2.78792787682146
4.19198337869458
4.0276534176892
2.45725889693442
4.83946576815636
7.529723627456
3.22930445674092
4.90567739791321
4.03893485181177
3.40484867569312
6.21987295177828
6.0751296550323
4.74489223796404
4.50115810111162
2.46256169142308
3.63782725004709
2.79008923049969
2.64368836580483
2.2771986379745
3.30685076582206
1.81405678210865
3.1826981827216
3.08359179041638
1.60074208124198
3.20617435128989
6.3463923497151
5.42485626759358
3.4369278059759
4.84635712322321
3.99660031460694
5.30594954140972
6.58634162266897
1.905917106254
5.19808472824549
5.56712026915553
2.82861879665887
4.42891000062352
2.13672260458914
4.87701919911857
3.42648788007727
2.66942777251332
2.76848707437466
4.33860586709231
2.17267985016377
2.0661259201575
2.36111238963671
2.63169337820499
8.12955701947265
3.02494390261048
3.3929062987792
6.77077236543177
5.38914022736147
2.82138700517917
5.29134653318797
1.63967683604681
3.95987405541876
3.03794085418385
6.80291399841702
2.38300724775956
3.90194132535828
7.33158724196156
2.0053602743776
5.77858289033114
8.34462672111959
3.498114841057
3.63940854653882
3.19562020074933
2.45047754826974
2.30088766696229
2.76383356538922
0.982001058004397
2.29397053713982
1.71416208450816
1.59235958909493
1.42392679961404
3.05918731454575
3.03488491674091
2.9740101061779
2.87131262162464
5.48091368595795
3.41869828143149
2.65829988305272
3.69876951495642
5.20713257423726
1.56064494095304
2.06015945623159
3.14128179676807
3.87616827956585
8.20651226260254
1.13107030301387
2.18726895238489
4.72394115172489
4.25874303346434
2.16428814789394
2.94536166613209
5.2070265908433
4.79121782333487
5.94367034507745
7.4196931925636
2.43085723484958
2.48293358391803
4.79015263547704
5.46575962204996
2.21720773166179
5.96647783060155
5.05218008677399
3.74315947167639
1.91934847189166
2.10814034626527
1.86620371263559
2.35173262604144
3.63755136123464
4.90640720834994
3.6649914442748
5.10359257302362
2.19536693845133
1.4951122755958
3.53704661388594
3.23303508917878
6.21932241145362
1.68654409026723
2.0909949866092
3.94271716019562
2.53410209733304
3.28037402951246
3.0411771096327
5.3568196347794
4.20778178374772
4.41344064568069
5.00210701477387
2.98567158139535
3.87595111778958
2.10442474674438
3.01373710747764
3.99394586424184
3.58175779965307
3.97832641963102
4.27171311091337
2.88468897975845
3.1720402696237
0.250161654774117
3.31591552536738
3.67443851104578
4.35942290675147
4.19509587881903
4.26395806379621
1.72389689484524
4.13561945592516
1.62691723705056
4.83229004600248
7.12969800915351
6.26997921262266
3.89317766976904
3.90644636360981
2.98223182967315
2.93923693390028
4.84353028228951
1.83420730760827
3.10313656559173
4.9292581978499
4.4704693716655
2.87468221305222
6.88202936638228
3.42172761796515
1.19475810053913
1.2729974678538
3.99257167546894
3.54757902383388
7.04151126663054
4.10261246440456
2.80396814764847
2.09418327159603
1.95516849634037
6.86725295339207
3.97123569062034
3.94528010025098
2.43263887563596
4.78554021285706
7.24023029695843
4.80927611702803
6.40869006480821
3.80170010332968
1.58175817090208
2.63702173713838
2.30114508926888
8.08474218414347
5.09275721881026
6.05737820737599
2.95915550120661
2.85203342516115
2.11408594211311
2.44903710101293
3.11280567700911
1.84280319198938
4.66404597843364
2.47229601821618
4.36999964270697
1.96646036584478
4.54941785403281
3.01342607351701
3.6310597358369
6.83859769407854
4.77029721583362
4.02584716166638
4.80855460746158
3.88152696791058
2.91127216521242
5.84920231772521
4.27866156905379
5.69772422201808
4.0470388309042
1.99287625798
3.20709388972016
2.69869493745024
4.15293905291018
3.38745700945387
2.46819716780842
4.99052632768585
3.30430141382114
3.42134355438752
3.82759758728044
6.44753022109343
5.8903579408976
4.96127419196574
5.51826953221038
2.98228883801724
2.73373457721918
4.21834144766111
5.03107403676625
5.99711170415952
4.29754402925366
3.36114026225093
5.33968992308746
3.33850167151471
5.11738923843543
5.24132296133083
5.35299814557502
4.16858814657307
3.88885648436424
5.0017325631878
3.99930975465019
5.03748278799632
2.70651150194224
2.63057045792948
3.47610490808346
5.60238773387357
2.70636300599364
3.49823393520436
3.79871966504732
2.8553579651395
4.09877404902739
4.84298958644111
8.78546760639665
7.13081731852346
3.63090274460049
3.97379106211935
4.90185150324291
6.31255653381663
5.87561755021223
2.11882830523501
2.24892659781931
7.82731772687111
3.46042899153274
6.54167540707716
3.00399458087782
3.48498376462885
3.49233973397999
2.73410780414375
6.42982111654785
6.21252835967956
2.3683984943073
4.24837325240399
4.84663208819235
2.2818725743217
4.93766455864323
3.31338870047321
8.00982187568708
8.59636135256499
7.37903822532438
2.62354500712816
4.06756527331461
2.24985473023772
4.3537376026491
2.22414479338066
2.81767196301102
4.2605945738127
2.25534525067008
1.57051935693565
3.88661947462531
6.24292412790857
1.86058924042606
6.03226860792199
3.23409122801377
3.93044320577625
1.76679085862192
4.72022477063396
6.0679991482509
7.18574408612636
5.52657945121948
4.86130946046771
3.74240051787723
1.74003060801375
5.50599403479001
3.31453503104742
3.73414219834093
0.122213716512228
4.9182457518441
2.72528765727413
4.4350206385284
4.14867024905441
4.1513082066811
3.65470876136378
2.74488791314511
6.36815421487313
1.7482141890421
1.86576904356143
2.9360423014498
2.46607676031361
3.62890211608714
3.55200376769158
4.21216535217951
3.88568489048791
4.65182772381622
3.05323750658417
7.32347440072124
4.36683786528988
6.79889178533037
3.78017832349135
1.42657135691126
3.88987459815598
3.30295507927791
5.4257691058557
5.23513763658993
3.55119107289145
3.16351823319131
6.04572716561815
4.23283954156125
7.73665701636277
3.72991552808701
4.49611802902979
2.31051817020884
4.13575440651926
3.91211608495729
1.90444952337728
2.57585930736039
4.29642117536406
4.69838283957328
4.2422736267147
3.75858340546756
2.16227071475178
3.19642519010978
5.94754019651319
4.75999707165517
3.3075550137759
3.56726615621396
2.27597014191869
6.9411294537661
3.26133612450965
3.85596600964873
4.74553319636555
6.66254282761731
9.9286144067779
3.82399116954968
4.78642202530056
4.95579915955845
7.2674497417575
4.77009553284873
5.05884664730361
5.0502529672752
6.30478597096779
2.83132811522171
4.32160902156926
3.63380816570071
3.01793024298936
7.23032659964402
6.95157893409468
4.26960994978585
1.44022896602354
2.2959901653032
6.28354192490903
3.22354195925268
3.50910276442074
1.5388266153818
6.25009296441507
5.60304761509762
5.44294799518069
1.33819237671939
5.38561002307185
1.08311843734031
2.95016875346134
3.35591728687994
3.25092956069646
4.74616161176474
4.34422485307068
2.73520887245119
1.02750245103325
3.48449464232093
2.60857368334898
4.07196192170259
2.88452614980392
5.96911829411943
4.77360126017854
6.38891724494757
4.34185763583613
8.75400817302494
6.66404372543901
3.48746004052518
2.21811538933931
3.24476571912568
2.94216924319776
4.57590445198616
5.71108879935171
3.44536005581172
3.08711000649128
4.86691973057841
2.16007659880486
4.04359463972067
2.68954755048455
4.5083757553343
8.44035410849468
5.11813681863853
1.88053780177587
6.20051236597132
2.08624666418985
4.28019944073718
5.38804369843697
2.63052138740353
7.24097496942414
2.88640485359001
3.62540180300625
4.11003543390335
4.67246141033552
3.45309533185418
2.37534670072965
4.62741030663888
2.96206528171201
3.80718351772664
5.34601353005734
2.5998039035188
4.24846514723976
3.17365853237949
4.78318294716573
1.23918435990421
3.83548860142263
7.76083396937014
6.38539688200532
8.44312504490077
5.91437819722423
2.60019839181941
6.15215895552017
2.45157777645446
3.65737841708924
7.60742861335161
2.37331645904811
3.3302954058227
2.1471752324514
2.5235331183639
2.10575855722584
3.52504971202392
5.44533452866359
4.36745787082933
5.61894781226878
3.75420858433075
2.67538394063323
3.61028621992673
6.8491454851706
3.71805861496466
5.68289062944327
4.10906279252161
5.29267076319712
4.25260992683207
5.18664274063618
6.65388362369525
4.16131980574976
3.45272008056176
4.63900809760669
7.25698552208177
0.922180664958609
6.44791071675145
5.05817658321335
6.39487291280194
5.18356978443987
6.54766547339459
4.91178980701092
2.36283676623227
4.44028037829215
4.90933900373416
1.68680003498713
4.74918247497087
2.21735555959439
3.75589710226359
4.45952382316298
5.49371672654157
3.24656031337279
6.83963719844286
5.15767984006584
6.74438221628421
5.66539155011223
1.40654128788858
2.52626586219105
5.72312400181971
2.54843068398802
1.87051944016989
2.96445685504765
6.19406930754557
5.75006758546471
4.76245106158932
6.30976503285084
4.18079933749361
3.31434436736902
4.7048640319639
6.70062396038369
3.09493591342331
5.26415099090312
4.97189553891282
0.811592373230571
3.48488587480403
2.19686631781622
1.69807382645251
4.31089250751517
6.49718213670721
6.252778463643
6.05595994509027
6.67678106208929
0.988712047142622
4.1081901083726
3.53996314617689
6.39826847463041
3.14001028458055
2.09492149592319
3.25797662724309
3.94551179755197
5.29036816386984
4.33437933456527
3.47405705680532
8.3141846317937
4.36884579076209
3.24335245981738
4.11486511261476
1.67218336317423
2.08421132494623
4.81023555366075
7.2033032802239
3.58399206884878
3.3552616550189
4.20264791305345
2.5762078955442
5.55650773653195
3.32825569090982
5.97864446611379
3.58997535962132
4.09788079411813
8.59842417590944
3.67391558142144
2.74720704345974
2.52861037695139
5.10785267854169
4.80428968958433
4.51160644891387
3.12789499562945
1.66210206480913
3.06470116910755
10.0473901883192
6.28431707383505
4.53878676191042
2.63050832430731
7.6283550222859
6.70438431089272
2.85605611633388
0.999360799046799
3.65586420184457
2.10401279293677
4.51648468745885
5.32107307856265
3.20333617221462
3.2969394055412
3.36502294363943
5.97887304969229
6.57660484529134
3.0336638132604
3.48423538027719
2.86398335885289
2.60603651787764
4.61674414253848
6.82225555224833
4.39638825654203
4.09799662669584
5.30647035367013
6.3339309117374
7.85013518201336
3.23594900978072
3.54390772622733
2.48847885987809
7.62382126960067
5.67623188417
1.82599061065811
5.66163702886994
4.27839999215602
4.52219979055503
4.0975506274029
2.35911543571694
4.54861568264326
8.52624840032081
4.28796323094311
6.74857342848001
4.10422866251866
3.4289788681383
7.14359335717973
6.64249805389487
3.66158855097131
3.27800102782188
5.17693700437276
5.59978546093761
5.97322290559349
7.44785599800266
2.25363742217219
1.73132505849521
6.5973154486201
1.89242404903445
3.03213949202152
2.47888733546548
3.63537030415825
3.86589897840432
4.35089801449352
4.70949115031801
3.55948457285909
7.01632507132656
5.3327269358491
3.67627686646307
6.77378406185881
4.93925330456164
3.20449340542326
4.55188411053936
4.06062183258579
3.26845538823955
2.83154155931638
6.53342468094895
1.58538388655892
5.30449885607518
5.76667140018143
5.80079435761936
3.00935115997807
1.99310426120837
5.58138757427228
2.97655079077719
5.20223149024838
3.46820057652541
1.84136941027961
4.09711752894245
5.07713761596256
2.53141874252229
7.15955575346423
2.13866692102824
4.98990464556109
4.43540980438933
3.09527088527132
3.85460665001991
4.75857574625688
2.75161368702651
2.29846382069895
6.03762862488312
2.54486433323508
3.29858261593618
4.88110140731935
2.10921445412708
3.73804268824954
3.87846605188457
3.26366552372724
3.91137151835679
3.69462969420866
5.07769717984982
1.9181407914473
2.07707505136113
2.26719908982647
4.36473278591592
5.44339587152485
2.87368395996216
4.7680397026667
5.93011442941487
4.19677864471495
5.68163718523113
4.15559375962149
3.40902579758944
5.81088027921746
3.72688370069739
3.25604313230366
3.01811373870331
3.63053741447076
4.37677457788824
3.75682651135696
3.47046210438
5.07274111051755
4.31994915826143
1.39926064223842
1.43860442723326
2.73147668213021
5.34729989044589
4.81289648837032
3.86175647136094
3.718331388556
6.19855424894521
2.67942937431757
3.09631128367893
3.15964917634169
4.24099965463374
3.07110404910563
2.16427116258854
5.1712186232249
5.21996390856789
8.18222607355788
4.86069243863681
6.0512154972253
5.18200415543045
8.85581992247639
5.18678800656131
3.48693656482518
3.42504377026941
0.250161654774117
3.73364649176189
2.39031927850331
2.98668309568615
7.31212142259146
6.55973274551848
3.62805913570339
6.39627490582871
4.17841291891483
2.99474294276986
6.10487197134228
4.44108329373028
4.57099343760614
5.63795546596436
2.42891485285465
4.19640406925661
1.11323018812182
6.76577322506164
4.10056824984791
1.15165868942617
2.57061934019323
5.70045773740949
9.47336094170264
1.67979904997253
4.31064353339455
6.54093037833827
5.63579021968895
2.53284429281586
4.19837442225153
4.63885747632084
2.8961862178004
2.93347161816931
1.96348350128897
6.30855663632803
6.43636600591862
3.06655015711026
4.38486632825593
2.16283560963187
8.34396381472775
6.53639548851094
3.16807883621021
7.49520297528814
5.11946383321655
1.60508535285029
3.98269979473522
6.83977804611077
6.48033054844403
3.62927469100564
4.95371133298927
2.96350040831029
4.54626021817207
1.22950353403348
1.55966453151955
5.53735677958042
5.65067314255666
4.85760560987851
5.72700187360114
5.68812783862941
4.08720133300172
1.74103691710135
4.55918530813877
5.49336850914646
2.70021132564061
5.73057442749161
4.03029519034479
4.17470643872125
4.82288622078979
3.09842624899912
2.34373013844525
4.54071218486844
6.00032746448751
4.24688141966215
4.78075778375802
4.00255879982995
5.96919919823844
3.82401376831281
3.60274937848262
4.43737865540943
3.63698344644048
9.36909666866643
4.17536720053502
3.7202444546304
3.60087578926289
5.71128007952777
5.38752059620375
2.22365640566755
4.30796298164179
6.22420422272157
5.82683842176057
4.82122076166567
2.99098905741039
5.46350707120684
4.41063641139556
5.17802776032349
3.47928497990933
2.53259650262082
5.26685701172812
2.10296392894777
2.41075909643734
3.8779251482457
3.40029040782713
1.75783388778863
5.68265507543969
4.16371724920706
7.68256824668417
3.64567999151043
4.1641957681021
2.29739514349435
5.05693827002712
1.86564015722245
5.09435481981011
3.89437846071625
3.20089833363812
2.57560807327128
4.19180680073323
4.74658397892656
2.98578244086277
3.2994127143084
2.10313553602289
3.63578861695729
3.26856773168449
6.0420757998968
2.95476958536371
2.64131736599054
0.483910634620067
1.4502779600666
1.38591730641196
1.96434501799551
1.89866931697634
3.57321429656206
1.20747728298353
1.85573819015546
2.23817784757281
4.77396492534182
5.70085974105973
1.95511053442292
5.88769595232838
3.73305037057107
4.99768260017682
2.20096552560552
4.04367826547026
3.49455401108915
4.81203993826875
4.63809000804039
3.95288391743546
3.53862794451106
1.4211705358903
2.72939977429676
5.80426234277323
4.08304174930829
2.5399070273232
4.91325801964193
7.56683580552549
5.67082220465036
5.09604567527963
8.41492175940809
3.95374187909769
5.10560732061054
1.97296714859008
2.80388681128405
2.5704198781477
3.10871901721495
3.88435068218795
4.28682070008568
1.60874776041999
7.14409498805001
1.64411718441051
3.48622252112276
3.48376998797301
8.40765113594731
6.6344074116874
4.61462431766118
2.19802796497337
4.21904339293266
4.19550122428706
2.71844696089506
4.83645598322563
4.53864864777369
2.44546840208453
4.05330780040691
5.12680763150713
4.58050569378619
4.30521835768734
2.6826863641058
5.25433138244396
2.79027769356254
2.13394450567755
4.03428248489448
7.52442569618772
5.07175346065795
4.05610465973541
5.35995606660032
6.16301167466086
2.83471831220733
3.74688729390161
2.06634269626614
4.15814766523091
1.92509271892881
3.31614774295164
2.11139237166949
5.86274598452003
6.79119833268162
3.74933909739973
1.99478470406277
3.52140672859993
6.70839039242569
5.35793267675761
3.15765345662157
4.73785364941993
2.7291981586411
3.92220903661694
3.99501026632288
2.43393309744544
2.52068957450805
7.12105015778848
3.88094958411531
4.79699957194356
4.22736101735538
4.50002969616249
6.3076730736497
5.06073395873998
4.95522021439077
7.23773689554492
7.4050453946836
3.93552114274768
3.61912391661637
3.50189045686696
2.37805823962988
5.02339234107944
4.71925598739426
5.40240726732106
4.69662614071548
2.78252349919776
4.46526796778249
6.10145047816975
3.13046684216943
3.84023656512145
3.57995619486929
4.37106051073783
4.16238893558582
5.10103053357734
3.6809483963061
4.65439526970364
2.59327171165089
3.18071041877991
5.14627912242591
4.65103449269657
2.53327175101045
4.00978726900098
3.28274726646555
4.43724816718493
3.7853468235135
4.19436871148176
1.69800752938309
2.5106920322592
3.11415057056682
2.72764353294827
2.161524983948
6.53585551100412
5.00303834490928
3.45018466847205
2.52169294380746
3.24815945749949
4.43007628588497
6.51513970987187
5.27049017286751
2.9389631062656
5.10132045443141
7.44195542114169
3.36531089608622
5.66714112298679
3.30963850158643
4.90971644982804
2.86850596934386
4.91449943423427
5.88577319959759
5.00162542415511
4.30879766530464
6.19846993718117
3.14063728020896
2.38666642735625
0.679360174857564
5.47481966795554
5.60236948731221
4.80166019952203
2.52037249352646
4.21627517229028
2.50542941090357
4.7312921173222
1.64637829550646
2.71761616667477
1.49122835066343
6.36852236824241
2.89909652196198
3.40529494017427
4.2512547562806
5.93073435964049
3.48070565137549
5.61465267860571
5.94662210378311
4.90666008780522
3.71881878468503
4.52944153737968
2.28828842525209
4.62193068905983
3.78074543795535
8.02668422506259
3.59782613534615
1.05947899760528
5.26689527731889
4.23208435543155
2.93117473105199
1.22675516758638
1.52925523811827
2.13147772866978
5.90331745963076
3.84395013592884
4.12222146743605
4.03811200499608
4.78091776854748
4.93515945750254
4.53499254181777
3.14532857486681
5.53624093256182
1.65243959231727
3.16785720129714
4.28643461672334
2.91934637529562
3.75316446650104
6.4499482288724
2.40800651752357
6.3306610918817
3.76791759440315
1.62329842759342
2.94178238895618
0.978005067705954
1.95272173845924
4.32634673003782
0.978461447786062
4.8021182348515
5.90265512158602
3.72054333684186
3.63811392121668
2.49098066368549
3.30529814895001
0.835077511555504
2.19160691490808
1.31787213530252
3.19970635437031
2.56709725713326
1.52856808945365
4.52261872208659
5.79637417698627
3.89601618487689
1.88296286043276
3.16024302116195
2.04117618387987
4.30384823880546
2.84480355737783
6.3033987395663
5.46701726442427
5.06495521019763
3.65813848527363
4.91604777165407
5.4050961735022
3.73108192635446
3.8781223589041
2.71445364561018
4.86441979739404
2.61360468882805
4.80585308685697
5.18321551811694
4.16088837684928
3.07939384184874
7.58472260703955
4.97037016006923
9.15111604487766
4.06386055897757
1.70662095940577
3.15393114819461
0.984140642500041
9.98437543531771
2.19768052557354
4.19139018936412
3.56752697597297
5.72684168398405
5.09037090210204
3.24259142995831
6.25429908885353
3.56130619761792
4.4960855138902
7.00344622484596
7.56932122258464
3.48276455894784
7.12462783875862
4.64384877636904
2.8139493895719
4.88364699836341
6.20294843407392
3.53912758182419
3.75112957481137
2.7666784769086
5.27222224111862
4.07681110733127
3.9990222560276
8.05581330955938
3.71103128008579
5.04815926389497
7.14550369569294
2.29557609637165
5.07391538790926
2.20609345686962
5.05265785889432
5.55770744695591
2.98902291154254
2.77491583263921
3.87885730724841
4.01828946545355
5.45448776709083
8.366180433806
4.30565476463391
3.21980663986591
5.29684066700988
4.82562345788596
2.5968146075329
4.8757945147367
3.03249545869349
2.98680921911796
3.4530154440968
2.59635981100298
3.05121175672528
5.52071658983409
2.3229241463577
2.35004358434035
5.46953417788084
2.42179697935551
1.35205985988836
3.97879077142967
4.15194463224032
2.57913197620068
2.70579981518468
1.9130090549951
3.22692101067255
3.37432725798394
2.19314638507904
1.65524646595179
4.24918269362678
1.1398530149608
4.40404820925223
2.80013860981403
3.07839149352459
5.16938001294712
2.92061313546332
3.50993515937803
5.78612980033893
6.60016660250035
3.72210833673791
1.99926116171879
1.59093656417794
0.943400389404585
5.25340301396901
3.27432748468049
3.8817835161493
3.09867950345783
4.37924015835141
2.53797475270966
6.99272473747554
3.41493336972528
4.90478315549068
4.02545301848797
2.91282937773108
1.90332274498149
2.46775237044938
2.25506464161765
4.60393863171501
2.88316396657773
4.57644590774653
3.41353186692635
2.36071305072782
3.95344980172749
5.31944827984974
4.1191522073876
5.03141105953562
2.92609256077879
5.75673078234449
3.71649613567582
2.91482050326236
5.33445925379267
3.82961842709954
2.21977745366944
5.08031876841108
2.81155582083166
3.70148316191014
3.29880737820917
4.78779765914099
5.24854517954932
2.95379793769034
2.82080700690073
4.51285451804826
5.53005930591044
2.48405256337113
2.9711898149639
2.95253060189754
2.76706873894319
4.63405492682665
3.35055356303797
5.29274497252705
4.30981811561632
2.93362940262495
7.36036252905129
3.35972505100265
5.16949591798721
5.81149164545637
6.34741716443897
7.56397257566563
2.90426696086865
5.33434769824816
2.70485763570697
1.88337677356249
5.27205289923191
3.97592644086145
2.76089423195525
6.12576165997949
4.54217876294552
4.57525751533422
4.30625666028292
7.30177234572117
2.78338779780658
3.68998779688223
6.33188213683267
4.32677247408201
4.68534374961943
3.09629403615925
4.77267228388931
6.75294771338636
4.72352971817468
5.85094262429382
4.92398615906274
2.92551630843333
1.6888740943753
4.07984426508029
4.38351810370749
1.42289811089209
5.37158857873587
6.41335295453676
3.7548155005913
6.54577052616811
5.75448445175921
1.7151423847964
4.51205666850831
2.40645864132437
8.61632530136771
4.22242795313073
2.90168022012867
4.41113645012245
5.10057834398344
5.25337532602903
4.38738608265687
4.0844885342279
2.41430775922156
5.09906926029274
2.45363830387453
3.37720384262686
2.66133599663075
4.90181914600804
1.6239288759262
8.13111187488974
2.55189323386911
6.46481350888582
7.66642340321899
7.52548305465532
4.08990815833035
3.99839043684795
6.24076172786505
6.68117630414353
2.9827341830854
2.31724725048319
3.19065413135546
6.43187618632176
6.02063614516572
8.24753317774311
3.89796617077009
1.88921351549443
6.30139716708102
2.15216045757459
5.09961757503776
4.69803500937584
1.94102165835191
2.0224545690497
3.34003382432001
6.07743523243507
5.038655773199
3.15788281964178
4.95718497313731
5.55110385235447
6.74575641247608
6.03727827555319
3.88106731484963
2.71185961134528
1.80520885773715
7.47089636249543
4.13597033359163
6.70055238451682
3.18074784322545
4.64724265292952
5.79771526745805
4.3026872676398
3.14293604371065
3.87510354054697
3.7378673205913
4.77982706096245
3.8911007908865
9.44397646418579
1.95024931891072
3.04349071814548
2.5431863336232
2.32849513240134
5.19288611772606
2.73808071489449
4.15667387672487
3.18100208508092
3.62438255894599
3.12256009382574
1.15095757348427
1.66858056820481
3.172017196023
5.02959330308954
6.28480777023055
2.10259146478008
4.61488335534435
4.08532349576633
4.29235517932047
3.31448697907624
1.73322775869515
4.22390853175398
10.5335464182834
4.02023652923363
3.82599771252721
6.85347646712927
1.92769228614385
2.74281491431862
0.862419992597279
8.701703738987
2.69956319655405
4.01999301253789
4.83273499405477
4.16846804179206
7.20238426400943
4.31859863596985
4.65404548315838
6.74410239979717
1.8879927464776
4.20481429135423
3.69248901662994
2.67749770882719
3.94436472809928
3.44145187670179
5.0863476167888
5.96256696199887
2.6958789939277
1.99250841819074
4.4467057776969
4.39448873870364
3.43992361868489
2.82566834418744
3.12575820976782
3.68701118811655
5.12657917910952
7.27826439813678
4.53685560656558
6.86196708657761
4.86301062160286
3.82729767424811
4.61938227905302
5.95472076868448
3.3098114591793
3.08608852164119
6.4219490369412
5.27109912963775
4.13198372298212
2.18446077858821
1.81055875360732
2.59959769462686
6.42309796681486
5.70572558777063
6.15361145565555
7.26198150800551
2.92072444315931
3.74241164617827
3.84794653641583
5.40448011067024
4.65914090444671
4.71486713670405
2.25454775104141
3.04987007338587
2.23743256725423
3.21493299445776
2.33026898409565
1.40611542235815
2.81843112591639
3.14860421902582
0.850309264222884
1.86469680928254
5.0889270754775
3.31694874742393
2.0468918203426
4.83736893757261
5.40925638296123
4.74188449534155
6.39033246153363
3.32388677104714
4.42777352897382
0.946993058704306
4.54119224150585
5.23469731405427
5.15408463995099
5.67261649823384
5.63519283474621
3.06943582499034
1.1249356004695
5.02231381691559
3.41980274650089
3.21803106054998
2.10704125856152
2.48489129876259
2.77378033945153
3.62476863532286
4.45308177806718
0.465862275960096
1.98868555072622
0.754630807302295
2.5129994368175
1.618995534547
3.71053564590688
4.11221737432646
3.87745047526499
1.59415490121789
5.44790598411016
4.69064683755113
2.45150594391477
6.36862882370803
7.00109520277504
4.0793671805216
6.04609706178615
2.53611583965845
5.31981823401074
3.77692524799297
4.77814288625927
3.01421567577885
3.36834173526273
0.872214225144635
6.06713783932372
2.65726945224408
4.01958806471639
8.14108635157001
3.24602346729665
3.12960082579939
6.72706209318068
2.08767449200506
5.96216025299807
1.97473708774472
5.25709877474039
2.01376490265236
2.40689780008343
3.60190369917236
5.48023147819877
3.71003553572292
5.77844856689848
2.86328767729434
4.29683697676084
4.96309831776441
5.52438207745782
5.36431758146603
6.17188888903945
6.5511499683706
5.25167208537829
3.97389022872492
3.81053210843038
5.84987610946567
3.01269400085882
4.56249944538
4.19780596733
7.07807447954813
4.10784020353842
1.81696991530508
2.68163542961225
3.23345733566582
2.08627244462962
3.85244834540965
1.06658019235508
4.24328233916877
2.34305250007274
3.29672760163544
0.194106030172665
0.66225295699964
3.66853528066729
5.00279257141514
2.30143159154563
3.55203364640171
2.63523455205339
4.39213809676086
4.42312205498146
5.89893845248033
5.83032153589703
3.89333558555791
3.6423662437665
3.70062754479751
4.91446225529649
4.10684256214863
1.36428349513538
2.35462160119676
2.44371774404999
4.67690593003303
3.54998519036373
2.96628966863211
4.41638547799636
6.70908136417372
2.36787751975554
3.11991372581206
2.61448109378867
2.37322334573036
4.27400230426324
3.51971389295968
6.37803000548682
6.57761460925557
8.12922873995275
8.09104736572444
8.3317897944925
7.64204557365399
4.16031229056755
8.44005725153518
5.05494346434512
1.36809368801562
4.41169557578053
4.95975247551708
3.99701360151482
2.63502602819592
4.90207800508708
3.75074727399194
5.6690580182066
4.09876342378593
4.61750586163767
2.51187812381877
7.76269512974588
2.3581625666965
4.28252776083486
4.30702498351584
4.81387406632763
9.48563216887127
11.305438102976
3.56872895379375
3.05851137862027
3.62324417170329
3.54468381570441
3.15576284664193
5.86485721968511
4.38668190569965
6.26379357364556
7.06098684654584
4.42690998613521
5.15151527129926
2.41193058218844
2.58939313637686
4.62816148329723
6.6304541033123
2.80200188587511
7.57623487705133
6.52309619445757
3.48904656237384
4.63520874909462
1.78505345750643
5.7097417491846
6.42512110955481
4.35552084660122
3.40848827096283
3.50061690085453
3.07410032720869
2.87960652895687
4.28590007043913
2.20131831870273
8.27570584905066
4.75528179385115
4.35832805754398
3.81580080866963
6.38443830188828
4.25965376866495
3.12928122262662
2.90651792052746
5.61695857725639
5.58056515098675
4.83699753744831
4.33038872135287
1.09202246835137
6.60317766113028
5.62966948585413
4.78916145855673
4.08528383502271
5.59731496980347
3.3864782245236
1.81154392192992
2.41067041005866
4.32998149728031
1.85479281616478
2.95581357065901
6.82803861286808
10.0460823537342
3.66603149639976
2.37697195484453
3.69339402013046
3.35493726914399
8.31815727496052
4.21160473629984
5.91397556372596
6.77299486427023
3.93779277806318
1.1840422858253
2.37180528673504
2.63964701814419
3.40458878838316
2.31625103877324
4.7209582301983
1.83886779040107
4.67657142363183
4.75243325578651
3.73852540505781
6.06711563298714
5.13398332054208
5.56885012888853
2.10228705724647
5.76034186145181
3.4630384153275
4.72824637652235
3.79559242481216
2.48009148286747
3.50975579292636
1.22203089137981
4.41018631384197
3.51452214576994
4.11547486037629
1.65273164310457
2.82833617112338
5.05768137665768
2.90068661523342
5.46920466290081
2.40819036987568
1.51046238300494
2.96201932322191
2.61954012823191
5.56417660216214
3.31477177999799
3.71260654734066
2.46572610079596
2.96729919176243
6.28545333547425
6.18997544217772
8.15156648313711
3.6182466166095
3.44773059908989
3.48919823429064
3.62425525028552
7.05284589856153
3.71811720764282
3.00084775039246
4.23699381879642
5.6880521460107
7.33823712878226
2.40402567545673
3.72463280088117
7.30340049490868
3.4694965157579
1.31551117685326
3.35985510918386
4.20700793168068
5.793068254726
3.09915756862768
2.19627654135605
3.53207152566548
3.195246453626
2.22177265220532
3.42199429847021
2.86848590124963
5.49763071653213
3.73363531184471
5.7876617832369
3.67553760122416
1.5990786384002
5.38111907929341
8.31686701626212
3.78592009512195
3.32272770099391
3.44853094380802
2.30873798445445
2.49081701674071
1.03384055510524
5.62570287252612
7.21330568126859
3.73209021495651
3.07128475256114
3.85894207313404
4.17314503508428
2.02113880557537
4.78354142142492
2.75191938535511
3.48525947415739
5.41568362385503
2.04913792401946
4.6148207864551
4.29389884185486
5.23798971100927
3.0089841541096
4.4857525201462
2.84371349182354
1.84577414418459
4.46987758705976
2.88430090242533
2.31632837780831
5.60480568472396
2.86673673068952
1.65988425249378
4.45587177340571
5.03162452067206
2.80952079094269
3.73077831928555
5.95435655855034
5.59281194435507
2.85346429581904
3.3789540452974
5.0005360782817
4.6054630856053
1.61382345332605
4.18326859786148
4.69889874547028
4.21375669517692
3.56065832844575
3.89597366108266
3.31301769485796
3.07175359858061
4.34466838677388
6.11206433077147
8.58856188931036
3.52272190415864
7.83746561932231
2.8330939159065
2.16589999570375
2.93487940884115
2.54449361971514
2.06423241950172
4.95359889169325
7.72228952940393
3.59317520556341
6.17154627408756
3.33140005706768
4.65689785719933
1.9543363814042
2.83887816167468
1.68854153664595
1.76002912059633
2.78735120884898
3.55803032792025
4.09842286171097
2.11269196640834
3.01851808523188
2.63991320489807
6.66557076255434
6.36190353776781
4.33311945510761
5.72586890925409
2.77000475780215
2.2697463111377
5.40863314715155
3.66871324797663
4.5489156608498
2.19116205105384
5.70229755142474
9.30934637854388
5.58496051856969
6.77224652687355
2.80381134148733
5.0081527065477
5.46482620812166
6.87579311812708
4.48264374337763
3.31755033162131
2.37047968756031
4.31878128640036
3.20672396186363
3.50317742373645
2.70103564535748
4.15419239389308
5.37234528190662
2.64320886704813
5.22243798964178
4.04602971733186
3.06628937686795
3.07320255570039
3.75538033235342
4.99323033007665
5.04912632828275
2.86834243920641
4.75642510925963
4.21836429352551
4.40204315433315
4.68474440807759
5.0950165967828
5.08236383581123
4.29284506403695
1.82630570835134
2.80426605315938
3.17640709185064
6.55022316206854
3.245537339638
2.75250289672498
4.40234718782161
5.19030407583206
3.18031489484626
4.86019186260321
2.97615693207839
3.84835491717876
2.04148318397003
3.24447689137389
3.23889924433262
3.82977534235872
4.56895101852116
4.32718829809633
3.32102560760097
2.91470565384502
4.27684878838604
3.77164918749392
5.30569440083831
3.81261237901424
5.37716397317351
2.79468276149507
3.51667523351073
3.55864270076634
3.22634114132875
3.79905565372281
3.82213393312171
1.58869988561666
1.16354286668243
2.0157560290639
4.93761746864898
2.23484511032771
8.06672400189896
2.64849902379662
5.58051812435458
7.07892641040124
2.06697484570701
3.86528942152704
1.55977063850929
2.11542542394372
4.48243814350062
1.58129173148745
2.90292620328736
6.38623750427285
3.27188276353975
1.43908174156439
3.63748365285228
3.64292683313451
3.51946991666583
4.21962086995299
4.67632994412642
2.71510361116537
6.21906367321312
5.11202971086973
3.61960638216858
4.00194484784975
6.47098364158368
4.89189029575166
2.90416630830514
5.13284868092728
4.39561655189521
5.57845876988683
5.83814933739901
5.50102236946273
5.16049998719994
2.53878968476387
4.86151061445205
4.89401071734226
2.66449156473518
2.56512416097598
3.5281158525138
5.02800750312981
5.73993016751778
0.76166440240606
6.18750768668697
3.16707592296416
3.15515219225219
8.23244235502519
3.74640950175145
2.5498424058178
4.34580428707677
2.89294096775104
3.5076994960388
3.49393697206721
3.56981871837346
3.03321880792116
5.20415196771403
2.59428122721417
3.23251593815359
4.59478332662951
5.12858585077668
3.3995877290466
3.20147733581259
5.79058205744445
5.1554965880099
3.96183202845453
3.79208746610182
2.26675754746612
8.4371524175701
3.57256439575809
3.45556152161422
3.79646686385869
5.6484416488926
2.25674481987076
5.79387704688021
2.33441385332816
1.61180153734105
1.47752963819748
2.25895848021381
4.02331527190321
0.215019828034119
4.67701044151119
3.06278909533807
2.75045587396614
3.83276998202393
4.46031300142077
4.34693727936376
5.41354616936282
4.65711831024558
0.84976410112899
1.29091275525792
2.87614516472212
4.0278816314526
2.53366057496449
3.08187226142182
2.14198687476574
2.02349868942359
1.20587988574631
2.45264532762127
3.09120256471437
4.91239599292168
1.44309495849011
2.15241721218289
7.56007717970929
6.25075266587743
0.00176913116886471
4.8672937413061
2.48140794417734
6.20466220760217
6.6037169490153
5.83305299615681
7.85443310043112
8.2781107617183
5.73697110789051
6.13000142674406
5.20606379084518
4.17741786166798
4.2096487192057
1.97152873548979
4.24902314374104
5.29410883936107
5.28722450540511
3.17136163845067
3.69195067993412
2.35595596455484
2.70787879364779
4.63800717864118
2.64763461458577
3.70537846851741
4.37526267951803
4.82123844691637
5.99022009346855
4.22342413166435
2.45816920888598
2.968712769022
2.30783544633826
2.89688830740015
6.97678156648736
5.97537765093852
6.28872157454071
4.47047037810999
3.14603589191425
2.32773560367327
3.20444480828072
5.05671102782271
6.23886926131683
4.93950422908719
1.5421454669054
1.40558726532102
3.72478294427272
0.456066187743692
0.434922942668934
0.780690728282782
1.99995453304534
4.69923842539759
3.59536530067986
3.50988439880206
4.59480234228056
3.33416428540144
7.41964158408632
4.4097813991522
2.8271307469489
2.78269190197837
4.358925138421
5.79021209065508
2.72906756373933
2.77771181829824
2.8614075338664
1.90222054180004
2.63299523733987
3.10818218687632
4.06335160953115
3.23362371929698
5.74768033354362
4.88683960636229
1.85334076312542
3.33673665652195
2.48558420835715
3.354494351848
5.85985724613658
2.70203611602945
3.99714614378212
5.22587843562041
3.03670354156821
4.77970807168692
4.16607630211254
3.30720510111449
6.48460567665638
1.7849806445606
4.60253972528577
2.38135197842395
3.83089828110234
4.41130740595075
5.01315059942425
8.12458324387117
2.30519393269815
1.43308657308122
5.82710803663608
3.34987167820739
4.44590874644549
2.84314197462238
2.09222036340266
5.75163725937907
3.91244027034898
5.90343740592643
4.31902541528502
2.86582823366623
3.5412306031277
1.32400132221449
2.61766602412056
1.90823617142889
1.07601598588486
1.85271504194059
5.82230379521371
5.02931252976681
2.58744955099723
3.7074311506329
6.16151150297261
3.66231622740845
2.054115339109
7.63879399075107
3.89281931253975
4.39156014059393
6.0820717484364
2.30544883249432
3.98570496661344
0.250161654774117
2.99669837253077
6.27299291894064
3.69588889338829
3.04308954384414
4.05948561969674
4.10782634685574
3.91057677907149
6.09815190797458
10.4886374199305
5.39073551739695
2.85527261305561
3.07040698331886
4.01618453584487
0.763775558108032
2.69775726876377
0.250161654774117
3.72774374025024
4.02987724101924
9.91943778203283
2.49520380847014
2.73439572323323
2.75400813355586
4.18781558498771
7.16368688726391
5.80227967765757
6.63349125567602
2.24423784161502
3.44584001853118
3.41276848255722
6.98442021659083
4.01848731088858
3.99771064905468
2.6979202049761
3.69544295959165
2.06603548525221
3.7096392938552
3.87070859855992
2.81781763286279
2.54752533004783
5.07517191094651
5.26983607597521
4.30893305758235
3.0947880187314
3.55263874390855
2.1997519322955
2.2330586437257
0.00176913116886471
6.79952884150935
5.60777754256682
2.7844457332264
3.78265398950293
0.738944531964644
6.77857474009765
4.05917938595364
2.38541666721628
3.82808008586746
1.92572267707874
6.20446310167614
5.99798700639022
4.1533495135187
7.01016999970537
2.48456917078763
8.66770886374408
3.79753595346377
4.30382945274354
1.4723748277584
3.56397826989491
4.42058372898827
2.58811203179803
5.81893102986979
2.25794521610954
5.69673417507677
1.50041841798937
9.27532917000623
6.29985982741345
3.3276151795041
2.59129876524787
3.65284859339542
3.70182141126023
6.09817802905237
3.51766173981569
5.18213051141291
5.68280921474841
1.48491138383699
3.68952933370773
2.49379609130047
4.80282099071239
5.82178176612082
2.19077669717335
5.21755611344078
4.8617231974646
4.05755533589562
8.38030254145953
2.86900499270655
5.04052975009774
4.63100236678459
2.07242547987787
3.73856354296178
5.1899796256962
4.25726901847971
5.63589834711454
4.26407928889072
4.07338556419501
5.21923429440219
2.77212100929734
9.08976868726466
6.30857952579053
2.36695223093853
1.77300715046786
4.13018175259577
2.22245966793826
4.21145071847376
8.45283703682284
5.11202922973963
3.69272848089278
4.28252942707356
3.36728566443088
4.56322959209132
2.78762389000009
10.0757242659135
2.11151450348924
7.48646945993208
6.08317164732104
4.1665266390787
7.94026769391659
1.99842367649129
2.56050593184961
3.08085873662732
4.43148332243594
3.13344480024139
3.46518584839687
4.62995029680598
4.15177207449451
5.79954818490332
6.62094442322321
4.66332362675464
3.20345487150124
2.08360848426016
5.23703562737522
0.844276545891881
5.87504778073326
5.45526123884855
8.62115712352202
3.25541971932734
4.19512351095769
1.9515416649753
6.41056194440542
2.21387794871344
3.93569269664768
2.31470716028971
2.45227738826932
1.44380620929784
4.3906493788513
3.91645541323577
7.20328101942607
5.23242868923017
3.01245446458174
6.63952909375148
2.62757113581629
4.6326104737264
3.93334319751367
5.68582816653182
3.58929098089569
2.11781972611496
4.7665261746127
4.65173444631489
2.65315856941485
3.83875901506947
5.00264757656791
3.57567625541619
3.38568717429752
4.11803001458243
3.35252730112518
1.84094957477622
3.72126807175182
3.64345890807345
3.5496576702548
1.48227988671165
6.60524955060837
2.75191395711083
2.54566925806506
3.01972310173766
2.37990599879648
4.750063508914
3.86710525622701
1.33898354591875
1.39660756613174
4.55114308037986
3.45190172082013
2.82193673306978
5.70678313125873
3.07748776089674
3.47312488800822
3.8979988460406
5.05468352970568
3.40767279579785
5.48325465772358
4.00425901061675
3.98621279555844
4.74713022482118
6.89486503245797
2.57869537665396
2.96666520966876
5.62993929109111
1.62933638886084
6.32573881758973
5.54781914582986
6.87078861384789
4.3445283917205
6.69346203840817
6.29961440066845
1.76717169004728
7.80628038019091
2.44122177370502
5.25329027024631
1.68189418176256
2.11797799883521
5.53524402098748
9.7154962648902
5.08613496464801
2.13140333490636
3.72020589042541
0.00176913116886471
1.25764560679917
2.490799505654
2.98001044724994
5.16108735603676
4.07424919566404
3.39988501486969
2.52121092836314
5.7065343935205
3.54558685864854
0.70812964560659
3.06972394146651
3.00149431351959
3.18162901612098
4.22337541448767
4.73644684107613
3.10205947686065
3.02184050025913
3.13245257606175
3.20088351888969
2.82919115904527
3.53936677329738
1.28858199159325
2.70795443005595
3.2127766069735
7.56083553955929
6.76025762530912
3.05168720675154
2.40773354783663
3.63520100143921
5.01474749176036
4.15461620324103
3.98715373436623
4.09104186327604
2.9851793525048
2.81982417920043
3.78815745222753
1.9401566671009
3.33882477186608
1.45654049711615
0.640675295647474
2.46889518079754
3.1817150977764
3.98186690318446
3.45185197810399
0.250510244209071
3.11952206980655
5.52335414213672
3.47908573728955
5.92914045668701
2.40773965533123
2.82378154512586
4.84459800963805
7.18787130217063
5.35402912667279
6.53153999096338
2.73417962194994
7.47729430574163
4.10021179638288
2.45806884221079
3.41105591596693
3.73560497511721
6.09532418093579
6.745403560138
3.60849687389813
3.1419752438767
5.89827609092955
6.7820935425891
1.85539225730033
2.26905408681675
1.84168579785342
5.07234657023046
4.35927777673999
2.26173307253851
3.67680421826913
3.74060576065636
6.88337360870509
2.23742728274457
4.4063834918751
5.24459887105991
3.51391411796119
3.6583470207144
4.81807516877761
5.1174539371514
3.06624053931423
2.37250648016963
1.42856760074856
3.30056106285275
7.59382180221008
7.17190012887599
8.19118844710354
3.86145158586095
2.80895938132666
3.0223837003238
2.48780685525814
3.59665468608388
0.485398326362703
0.401548398182548
1.93593355676312
4.08114222552882
2.38176098470807
1.78075067523713
4.14086995002812
1.90997504632311
2.50394705940427
4.81517108630075
3.81605370493525
4.29030056210624
4.10790673996668
4.28673260908857
3.60152644409785
8.92335886406295
2.59468208953204
2.2371494141264
2.87046325713319
4.55594107859811
5.59875792070016
3.20338421392501
2.67089722204202
4.56674728459081
3.04638464885176
2.04556494118541
4.8135228702038
7.00375733786906
6.49687839122356
1.30767589826536
0.935329204623561
1.71413238212449
0.793055007598214
1.60737481870423
9.63160505647972
7.04691564291466
4.99773947828709
4.11951554959779
5.48590065076561
4.74932830248274
1.49540675590669
2.35733101330577
5.44039008891001
7.07783648777603
7.39307935095333
7.32477645387981
3.72929646437303
3.71340661512988
2.82919406346061
0.920452925185236
3.70142066738105
4.30175618786353
2.00692331903193
4.16662996065349
3.52068664648589
2.92669984935085
3.26009012870645
2.84330802131322
2.39388201768658
4.0247583387191
1.09189906799493
0.113791129173536
0.904744240366046
0.320008651855459
4.40140953778524
2.97680952587599
1.18793350197344
1.24398285662675
0.763279768612961
4.03914109760953
1.33826286522751
1.0601836538986
1.59366709598893
3.63133174299478
4.74687836059486
6.20214144883154
2.78228492431927
2.12447605992072
3.23628530369846
2.26229304414752
1.49779293546629
1.84590775809815
6.5714652023394
7.09520614173324
4.94734970957473
3.0394851228528
4.31104920210893
5.62161624003874
6.44322500406196
0.842274668587546
0.944447220251615
1.29172799767967
1.36927558112185
1.12299747808351
1.78515668501357
2.96780842383018
4.29460417871288
3.57898468755674
1.92696236505846
4.04520442536415
4.0391587738269
4.57935618059735
2.01219523461294
6.70263596850874
3.92206902513667
5.56160211754351
4.70697794892457
5.437869507486
1.42029759592859
3.91320457901861
1.69472070983712
3.14961779313506
7.6209789430542
0.42060435893955
6.7871895278226
4.21641049825304
2.08451304731663
6.304421081662
3.99339536651827
0.250161654774117
4.06698444250742
4.76168818248258
3.54490750455218
4.00746078990145
2.09020110704253
3.78494931613877
4.83391007707965
3.49107894670042
2.70119688759338
5.10062727326923
6.58054144430939
4.50992024398307
3.50280310380756
1.74656894487272
3.26769622193138
2.23673229798162
4.08905766593073
6.29667816636349
8.89359512141047
5.38046277655267
2.11493024471006
4.26968425579703
6.54002694863083
8.3831449087376
4.09188167091889
2.19237421940002
4.20633871940632
1.75871759482785
4.78259334594908
5.88925573883797
3.12551166443114
2.44962290536123
1.85274713513387
3.18751760662447
5.52431436770338
3.73464450708779
4.5516020521973
4.20279785267556
0.547460143956075
3.38745415841729
4.31837330696288
3.05901734614208
3.90282689516728
2.37106108865493
7.2605374173869
2.62271036776186
6.12927207601794
4.33930799856544
5.75269890863421
3.03336462609293
3.42427885723626
3.49736358677406
3.22131420030856
2.18863773090122
4.17709047629269
5.9223790183606
7.68563420598302
5.6489684029908
7.42326918032181
4.64817828393527
6.69741831724258
3.44720942486865
10.4959080261939
2.79702201103439
4.64676487232053
3.47617810930733
3.99918698839971
5.04061276984704
2.28582023991835
4.20451628355663
3.96858731905504
2.99942967921078
1.98039859505036
4.45703226649818
3.00071027472879
4.07654941220955
5.47979845585698
5.35659697023694
3.43679433150373
8.4973589034807
2.21833609990696
0.250161654774117
3.85510898592404
1.70188226350105
4.87049776964471
2.72441348547209
1.73600597473669
4.34118786030971
2.53819837050493
3.19676302213263
2.13541536174767
9.38040501803461
1.54217346851161
5.61643566668692
2.02101592291708
7.20586434048618
4.79433639677465
4.63445694811569
2.23918460833783
3.12865374081595
6.76871268976513
3.32558175512665
2.44700086637299
3.39072808670022
4.66459495791184
6.16379974393217
2.09662347021724
5.56799843876252
4.40494601001501
2.94653864409558
5.74994555892662
5.57543687340073
4.35943941136161
2.47672447476978
1.71972234030122
1.71215216716473
4.7930589792935
3.88696455783421
4.96732603183768
4.02830599193267
1.78300452450704
4.2551642659267
4.05173345832169
3.02811036469191
3.31854891934836
4.88217201567096
4.15012254915094
6.72945148383555
4.89575812969179
7.3912824067666
5.00618056431576
2.33144298178464
4.79560346470802
1.90084168951706
3.51739432988806
3.1361706249028
4.33816138564749
4.206132744618
1.77534880316644
5.41319479303542
2.38850673316121
1.00739231100223
3.309365812973
2.26708614302001
4.01177279157637
4.17476124679543
2.9485074130196
7.51625409848633
2.89961745207588
3.35952940254169
5.00459403552322
2.04683875747428
4.70849169986672
5.94124371413952
2.76816532879446
5.07962312071532
2.1128816825855
3.93108558718107
4.78539644706889
4.66822344437145
5.26468860174812
3.75807117490502
5.04391298328984
1.83240698833439
5.57223224650825
5.31422055922281
3.9615815423718
4.29513108365052
5.36017428915926
4.29145662653597
4.12019201969698
3.07340972382939
4.67357675779567
4.3947660272425
3.52251890701892
4.72191619288721
5.15899893541644
5.40386382513863
4.406430724903
7.07022714694315
5.67899682718628
4.24005523162682
3.34547898928894
2.35406575900428
3.95698049187643
3.960845110287
2.25618661120075
6.86507328815519
3.80591945018469
2.27710927571708
2.47796146002113
1.82852068345889
2.33067329540987
4.4574766286333
3.44452283682027
4.09080782581574
5.462172597576
1.52759027866385
1.51515635057249
2.87877325847565
4.22931320749245
4.97857635966718
2.51710290277986
4.28289077527732
1.71534334426542
3.43904376537115
1.61180296184506
2.94124602967109
7.47307521825188
1.71060596264467
3.43310909880726
4.05141785665739
3.59562876184381
2.93548947695793
2.27740861894631
0.250161654774117
2.04644512479847
6.42034331927692
5.70737422439671
1.92687447183392
5.87327383660456
3.77814777151902
5.7652443212688
5.21115989571128
3.37940179307931
4.83578147102435
6.1022365664623
4.6328244645907
5.29198733778445
4.67599286630499
5.54926281252617
3.91271380571641
3.52964166539286
3.36120340143634
3.13449767584408
4.18809489439836
2.41715577783298
3.38404791304191
2.67107417892829
4.78665809655264
2.97759511782672
4.24888640397443
1.96271175998915
3.40764100893818
2.42113070440025
6.22955671664857
4.68869602345077
3.66055971794798
2.38872137561602
3.82539236646279
3.53981266323996
4.91556266516587
3.22350619391369
4.52526147570067
5.56826126874636
4.93817461420113
5.88198808315602
3.01288671418227
5.43193150720658
1.39787349065327
0.546067460508832
3.74008906003076
3.19233248407634
2.97754150409645
3.83501077301209
2.84349373286034
5.08358518974407
4.4599011290671
2.28408681179387
2.72161082666687
2.5403732210054
1.52559482942519
4.91535709165815
4.07216171393654
3.83621081116457
2.25656614922721
3.10217551014638
3.90549688396024
2.27021790896059
6.16653092880896
5.83783040349848
2.44122123910996
2.17992111803794
2.55635449201903
6.689249226032
1.81861254624461
2.35007104456697
5.55379557808195
2.23287349342566
5.16237563429761
2.66865710453047
6.69136048367259
8.14735668298588
4.55651452103427
3.3397208153314
5.21486468462338
4.60838021660904
2.90347630187947
5.8892781169478
3.1241697771514
4.50945091902822
5.61525536447337
6.08631363472635
2.44147206070781
3.49116902232368
5.7183836949787
3.01262374016605
3.67031106087342
2.8105502655548
4.09410543055216
2.6518873175135
2.87571695522683
2.69401465933071
2.81441998144621
7.28472920878431
2.72567672806991
4.38064531306822
4.91415918305458
3.56132682948163
4.81021488011168
4.3127807723174
4.78538860604247
3.79973453694237
4.43243546853054
2.56007819152747
3.93206834594391
4.43858566260229
4.6613652788557
4.32705096229616
4.72955902835644
1.4925858957057
2.71536460856695
5.26389262701217
3.57201385991742
3.36317732090686
4.43544417090742
4.6349764174821
2.64848545491012
2.72912178737457
2.49449632918429
2.81432577385078
3.79063910788549
2.48980004036538
3.07281206790896
2.7130110337674
7.81958319769674
2.09135603773618
5.53456976898039
3.79530145311597
3.30423557032428
3.91006349363809
4.39661431375758
1.02930848243674
3.02132049324383
2.79498714195128
3.97805096079035
2.82012762742662
2.7805128582343
2.96320316373648
5.54453218805015
1.71838030841723
4.43424517326446
4.11169495506543
5.77303420854532
0.928195962380293
1.95359152766547
3.46385199151066
3.06103651580869
2.36602500017364
6.27919270091977
4.75578092259789
2.61216467842015
3.26713772549688
3.44962497303358
6.95705672498175
4.64978797023989
3.21248830406496
2.51216876757966
2.57203985573665
3.83845057885224
1.88476553748517
2.3551052391451
5.81864158661577
5.99224818670164
2.69255285684376
3.31039643289961
2.7698179830888
2.86742549321391
2.78631277228543
3.58886213185353
7.52490386635384
6.21523283077831
9.02194257136851
3.97203549061552
5.61194612395102
2.52139637170278
3.31145796062036
7.32182073417575
4.50400599184221
5.67363825172178
3.95917516429235
3.07234153527533
6.1888106377286
0.00176913116886471
0.00176913116886471
3.65705071462694
5.7018823038464
1.22030800112233
3.46566393572523
1.89073639473991
1.76524817711199
5.29804035068001
2.98985514775546
4.81195888729822
4.74161497170114
4.62321970221929
1.99288642400241
3.3102955166916
4.79408951675897
3.39085324727576
1.39163306948144
0.69219906509303
3.51586111532575
3.11168583832966
3.99785793834962
2.3838747612174
2.92399173767557
3.06779976889346
2.83832926758974
3.0265382060432
3.77299510308594
3.93598820379698
3.08642337640925
2.34029653292644
2.74120317878703
4.60155862209208
4.62878111427063
4.00755586450894
5.40806305899963
4.79020715895771
3.88938555872697
7.81797235599597
3.83341637371513
3.61837312463748
3.73729283186935
4.47490967264138
5.24421378554526
4.37859850153548
2.95150890382702
5.29853482741406
1.42133899835358
2.2668792772918
5.89038254872237
4.74008663030982
3.0397781573179
4.54059087759981
3.79785307221762
4.02144103762521
2.64762299614237
4.4148469487257
4.12706474013567
6.15962714342872
2.63011479172725
5.18896914243662
3.76070254682555
1.73627279774583
3.06700100885922
3.53854638639113
10.3634574241402
2.43195372026865
2.29664565335183
5.04668159895978
2.00188487686633
3.07287093962833
2.13623123508872
2.48933610072299
3.7258011672274
4.59693538578207
2.6896261564625
3.61240781206803
2.60583136980407
5.49987117150738
3.5494123459729
1.73901507632778
5.12190460572485
4.57447789167899
5.39971506798871
10.7301506473988
4.77984543218802
5.97830451487378
4.73711086378191
3.7956280128755
3.77989713963942
5.20681981321931
3.04001573183475
6.82910350774388
3.78907605776704
1.77864533589666
5.5752564969319
5.12449037124757
2.4739141835121
2.39401767991408
4.06242299971636
2.16013849754141
2.8315196369501
3.90336227546777
7.14153291238735
5.89535166344225
3.14893050561948
2.84194617189605
6.03891908129385
2.1499592783405
4.42960413031694
5.28972986594348
5.06652684204851
3.60493245192716
2.54559217085755
5.36177273869997
1.93131713283356
5.62853061129919
1.86152756491891
1.40853443709818
7.91136014885714
4.28150113985362
1.1288612608773
2.12467843766214
5.1184069403319
3.40979934109299
6.2239548437949
3.55771890032021
5.19860959327821
3.11601266546148
1.30902050435167
4.12035566859318
6.70259098515589
4.31601015672712
6.0090133640608
3.10963878895301
4.8590597122492
2.51174299375038
3.51490355661493
3.61390723874847
3.51346768156517
3.18404021089643
7.02599841709499
5.60148703815576
2.93685323433081
5.7379789532
4.93673552097805
5.16638601870317
1.82888648564946
3.1404708548788
3.47712741462195
4.99240947850376
4.38385397768933
2.55683293894986
2.92905416360947
5.59546501142539
3.10437195688869
5.06755230861264
4.87147150468458
2.66472662049971
6.01625280962964
3.56516157860128
5.72510800298024
2.86024567560289
4.99425564395589
0.00176913116886471
0.217842580339531
0.173624640518511
0.00176913116886471
4.47238372266398
2.90521656662637
1.92411235788026
1.92881471116664
3.17627024055102
4.72654581685827
4.76774401219563
8.73181619173763
5.72537609456229
4.41208090130027
3.66316003753671
3.05016934903346
1.56192561925632
5.03586365249411
3.02509015515917
2.23441538370153
3.78900885925209
3.08480611104753
6.54752088155542
5.59950979331608
6.20111527459277
4.25080236735124
1.08586150608615
2.23633099834095
1.98162121600049
5.15636068446772
6.82259616990314
3.89704190687968
2.08930070462636
6.84432512542187
4.52225479634545
3.14208503015153
4.88613065260027
4.07516625598358
2.86554920602912
3.24175408417105
4.81741744830926
2.5381468571314
6.54201006248698
3.16504022263299
4.52932705739651
3.40775207414022
2.23132658848364
2.9521394244159
1.67969623476014
3.86594204549529
5.91012061394144
2.94993467066976
1.58533703286398
8.88243590761127
11.7489292865025
3.3191287055909
3.30418470493451
4.24458048666757
3.31852232278604
2.23945656980716
6.45310263583156
4.8221221305344
3.40005096998561
6.22029714230416
4.06033318821426
1.51955081334524
3.70067856941512
1.27520454606735
4.59007736945506
5.09220058121244
1.98544046368751
5.01407494747896
4.10922648996508
4.70352067794876
6.56992686284018
2.21655052185042
2.61057858884668
5.64153097670628
4.3824777347759
5.51743594314024
3.25786840807419
6.25347105081435
3.46603231224887
4.88887896988672
3.63432218519069
2.66086154679078
3.76181752581973
4.15192769299737
2.3468774264565
3.71397351586572
3.92238365109667
6.11474259725785
4.31659542228822
2.0315588073254
4.43671966904763
4.70810058997161
4.70738870395598
4.82986581898219
10.1398842550497
3.4085159778982
4.58125182522787
1.49344802912432
2.72975357783853
2.86768215546407
4.3775967211333
1.04239670846847
2.92857856222395
3.61666278269473
2.36810394202896
4.91080325037631
3.74294019082363
6.13284555606555
2.68572456206801
3.72013746663629
2.6075125469326
6.28727630874682
4.46470305233113
6.02213002930452
1.03684046572585
3.67964842584179
5.80365968834639
1.19974225862478
4.40722200350425
4.31105941080757
2.51646196201199
3.81960489113084
2.20423817859873
3.03095101115559
2.87212726679514
3.49771679897681
5.66924606046312
5.29073554607247
7.47378096324768
2.4016202248986
5.64383260866952
5.72109456010366
7.35869415080155
4.57746517439926
2.60340705358345
10.0409264671859
1.7796046172954
5.07761360111448
2.17574217805659
2.67281625406785
2.92476595336056
5.90114010497881
4.7474203080166
5.86017058709567
0.250161654774117
1.52364188016295
2.99418092712079
3.20432317560201
4.02803502009231
4.22609932322519
8.71184823493339
1.908502334936
3.3464640878916
7.11751296563456
5.81061371666908
3.91884636479906
3.97622527146988
2.34154673331098
5.30187629478986
3.00327037670974
2.3977006206689
7.88117269864067
3.39553586059676
1.71140211183319
3.57961846536167
4.16459235011795
4.55230045837524
3.84293093043715
2.8841770753951
1.337496326998
4.23648542789485
2.75729169437499
6.95448642494186
3.21015409837068
4.09075917740304
3.84642546724855
2.11370213311229
6.6025988587653
4.11538651323284
3.25731687483075
2.68700043275036
3.96594374680839
3.4465894565034
4.4878948525693
2.45672224318046
3.52450108258408
6.09308361188779
5.12472535054403
5.57703742411345
4.23471550452616
3.5761680368867
3.37050122493056
2.22245406448921
5.52264130825063
4.72251264118519
1.52831982121598
5.86056214211732
3.61714125830559
6.83538903704368
1.83994334100903
4.72644081624176
2.04132165191879
9.65789017637451
7.69953264577186
4.88715470615235
2.36227157666434
3.75855103676454
8.27724511379622
2.94974648365717
4.83418580467471
3.6900638100461
4.34522029299267
2.30838935997483
4.40629921935162
2.92999828285579
4.32465200011207
4.02689869916654
2.95790425843785
2.25681775780811
2.60365419923104
3.8420897699826
3.48164419432414
2.05056741768461
4.84811690457566
2.8277382454992
5.5467062072292
4.39145727423234
2.28666151839428
5.53903309537926
4.91885323966607
3.19524051634429
4.58751240124291
5.45187466618711
2.62609711612799
3.94288474759627
4.91778258905099
3.69055337283489
3.36345326291072
5.44476030636101
1.43265176291147
4.95841320026163
1.88385509174559
3.76262326553032
2.90286272845217
7.1641084294398
3.22761034907923
3.51132788629056
3.7379465421768
3.93369789530457
6.08302571690109
6.26998585062095
3.4034624641636
3.43744297731515
3.3477676707598
6.39819151672752
3.2217432230655
2.52515499058708
3.97590381459821
4.2541153535883
1.11629531549383
4.53494667194231
2.73865169782324
3.99955552780197
1.58092547952066
3.1999602949273
1.19034070981549
4.90601775495409
2.53518707793779
3.82408100265956
2.76541237031602
10.3874379670935
3.69173912603964
1.56032502951192
2.79808233802563
4.26914320859376
4.09805200545904
3.9586340078983
4.64748748826149
3.55182868922707
4.39986520869185
4.24709648164438
4.06652545298036
3.7748332169884
8.57742496739606
3.4126449908695
4.72832392106414
2.94120553257342
4.56400290290923
7.28021648334912
6.25786731600598
4.84239814586384
6.7040326030874
2.05560325934967
6.04285355780762
4.82672091393546
5.46754487987156
8.37959744448722
3.75600066411511
4.11777036711775
4.18026885267622
5.14919109288132
6.1083591303415
3.60953015274394
4.11148932952377
5.09415667563173
7.32961926736241
2.56555528711683
0.250161654774117
3.40735393755535
3.85267671004982
5.01511221408479
5.06819028260983
7.11895097752589
4.72470796065689
2.3792221377972
0.874960839919332
2.43089550663249
1.6800897191474
4.14951329644527
2.86479926783033
6.49887092906113
3.01793522958842
5.39322833122933
4.72962665950016
3.85173923040196
5.86044513672104
2.62032590492909
6.73893494670053
4.39547992701143
3.24578617666141
5.98831627388605
7.19842783420212
2.92645283327256
5.5418400749124
4.00716256859324
1.80296061399259
0.790936395768797
3.09752357617519
6.51495059350591
5.11026569786671
5.93015048653072
7.09859109940937
2.61063792798947
3.26842337639319
4.81076125880023
3.26202925216939
4.60170230928239
4.92773150868533
3.93831211567246
5.31721275847783
5.90711620336715
3.74899916950873
3.37019082760485
3.56102037444291
4.73076374130571
3.38702293322869
4.87542435336574
2.61652568516584
4.26171903350179
4.05254682234687
1.36726004642079
2.43920089574334
5.52926541579113
1.97130530085134
2.62564448029273
6.34031175510901
2.45908977302089
2.3223512764867
3.8987933039431
3.50881477381993
7.67041306980204
3.1931540168215
3.38905511339029
5.39640597481491
3.57754619769447
5.36907330249657
4.12675204982322
4.08210606816436
3.49261965438239
2.64575650319918
5.12226122753655
5.24275063957207
6.4319788579472
6.00143576417703
3.18016729496527
2.42444738143957
2.98388284584138
2.69162473208926
7.83594832674267
11.9515472204363
8.82694740426584
10.0321579714527
5.08754130434686
5.24099315754071
2.31203725610456
2.66340908688092
3.32483744693686
4.72158793889635
3.42049435315389
2.95493378607775
6.38453313007644
9.7120673144786
2.92575668084603
7.82640524084721
3.86542888814315
9.17445548564157
3.72429206850704
5.17493305163577
1.82449387271325
4.3129430802983
2.39704809903002
10.6802697054238
5.0604032325735
6.55751125356084
2.91407493978673
2.73491033529472
3.30783553279998
3.11217661501928
6.22110376381753
2.8955493662097
4.93733245503063
1.27969858358847
3.08068736988848
1.71903035482985
7.28311756203978
4.2969651929151
3.10075360102856
2.38237136371654
2.77944090612201
7.54305470933118
2.64881384978494
3.75423011742483
2.5542675511533
2.5413542812271
2.63601261022915
6.44672395989756
6.32833434825707
3.92984334658946
2.94644637071898
3.99908822968489
7.22669967664419
1.46774003637676
4.75445990522255
3.57298265667009
2.58008549549726
7.32033434652069
2.26719367011368
4.29549224519067
5.64545967224229
5.14320268010853
5.38615763110755
3.89504841100393
2.80382290610476
6.64994102097773
4.4216329313841
3.17285550613436
2.69352167232514
5.68863798377804
4.72887741948506
5.84958706836375
5.98653878481035
3.08259608911808
10.1809004439021
2.24911403196524
3.43617002695227
3.8443201185984
1.69249664397547
1.62044998565151
2.57142065176785
4.57216562221802
4.63558805069887
1.69694442512186
3.68208937008522
2.48831519564513
7.7293441865856
7.23798361753399
2.65719517041748
4.61806723878474
3.44147213813527
6.13105464180901
4.63400641585519
4.32050982280318
3.38312901262963
3.00307775931811
2.96139926922147
4.12765840040094
3.98432655598596
4.88568150336725
1.19477455498661
3.33860209621011
4.68301923730067
4.4737446109138
7.21477122955013
2.72062542927646
5.13860509558386
2.19852007309949
2.63370906592227
2.88190993947521
4.61925902965852
2.70586519963051
4.38126827383619
3.8936011450402
6.95337856633458
2.2510919069624
4.02712108724605
3.64988602311034
3.85956440477703
3.06796634944492
4.70817635287955
2.37726560095295
3.1798530534339
4.01607048105897
4.19917048662345
3.596351986526
3.42029801019915
3.80479300312303
3.37683754423308
3.62297778990503
1.97511702739636
3.19791356010145
3.80214207951767
6.20747760749089
6.22259415097973
4.25363059064094
3.87060931236533
3.02623873618045
1.7696880293267
4.91830338613408
3.29167125827916
4.82713439303981
3.88986558956812
2.37391331440409
5.76887292159246
4.96986154165379
3.6557613669383
5.39381229478346
6.84254214262783
2.40246338036503
3.7132368576353
2.13757516107473
2.24363819114451
3.66781452448702
6.15924039338525
2.47403666124186
3.22314152991086
4.67245971995142
5.2957309106318
5.6965645513089
5.15933115773387
3.14638076243273
3.90625625133381
9.17444743508903
4.46716531045488
6.30929418790463
4.78862084186006
2.37979500181176
3.85820392885047
4.57628738443473
7.09068099130694
3.12761530250951
3.95885895980337
5.54116410271112
4.11584492977505
5.04609176660474
4.52497518726641
3.68880917330469
1.98455487132188
2.00292481109982
2.67430369728785
3.81647450025459
1.64430192748816
3.73533475345193
3.65017562865564
4.22580541074325
5.13427916166278
6.20905213393482
3.85173334472499
2.09591352713232
3.76468424696263
3.19261925586524
3.38128074144391
9.16657517344793
8.69598349208335
3.85806104687373
5.79942951078252
4.0753363812803
6.44544026757461
5.72655857144458
2.81695939611817
4.67221750295052
4.88398701256823
2.57123738773549
4.86015781618263
2.917589874211
3.26691920922841
2.51185504648156
3.52231780409966
6.08037409160993
5.1580612699303
2.06532425164391
4.62676879440655
2.9993035706182
4.17804991902201
2.9566117118792
3.51908521466265
4.83348000185925
3.50320975166813
4.36477656056591
1.56100087363171
3.62359157889762
2.5154889105904
5.74902919182751
2.76191679043979
3.90532277720083
7.51300890598448
4.76307301391433
3.33675721819342
5.94293341725709
3.19504905193249
3.06147573574939
3.66253599294932
3.57409182410976
2.08052995318625
4.57956982159855
5.82124363552662
4.10485382436862
3.40496140176556
2.43819710245153
9.45190819709578
4.41681440291129
2.85536124074875
3.79329702698879
8.52252159032983
4.854608873258
3.33114148160137
6.25471364621046
4.09866903503061
2.33321074114561
3.68579034358716
2.48696129172989
3.76333638514754
5.18865792085464
5.76811592407664
3.02943062529234
2.14549927415609
3.16881878648114
4.25684563195531
3.76684364995531
4.66806930345765
2.86291955323686
7.34621271977382
4.08384999126859
7.78775164711738
6.63905374047773
3.45022101039148
4.14130374726232
7.27143579309255
3.34262906520375
7.28297027530655
3.94949259619991
4.2622146343789
8.23655766235448
4.76036694151998
3.72368193820898
2.79954557181891
6.04922226335067
2.91961801656369
4.72188243618746
6.17509569683456
8.73014642033405
4.10105986616467
6.79592812171608
4.27496296634474
3.68247749071818
4.70113809814111
2.13107410220986
3.67438192669547
4.77893637767301
4.27490128495477
2.98845509895003
3.40074729487139
4.82546493872141
3.35206002042751
3.30691556055204
2.97768698457449
2.42597794571851
7.13372372766744
6.12373641638061
2.46428711596145
6.77507511127082
4.04930386678546
2.29278230230483
1.5730576000122
4.18837567370204
3.94764649083236
2.72907016703483
6.69477798892493
6.82290165395475
7.0592786412604
3.31355612895177
5.32516722527022
2.84922597211512
5.95741929101619
4.35837387977648
2.80232489494229
3.42434250590225
3.06304574927122
2.78880996163463
3.18235721920385
2.03843893980743
2.51203564384076
1.668861551309
5.21678503154658
3.79683254768346
5.81556441782246
6.69088058947999
5.05612565391174
5.44063518875456
3.70912377689677
1.27889594298809
3.57368980528486
3.27370979220171
2.67170943755526
3.42930409077638
3.53268701177099
3.46091016136527
3.37918428230434
4.37982308115845
5.05611927192882
2.55079348536676
4.37919308251108
3.37816805320983
4.1066830873212
3.65982393448453
2.99102861307254
5.12931481018151
3.97810964795185
4.7231610672481
3.26375616642109
3.17822716221454
5.8000183834043
4.4689047454596
4.86234535576174
7.67862847212219
4.36144158584551
4.89337767352595
4.75324527498958
3.05789014781444
5.469606921733
4.28669629316706
5.85127571911189
3.04394630537438
2.79572477383027
2.81308729688879
0.173758022556477
4.89385992044012
7.30384218171942
1.71175368002247
4.43132088384146
2.24909575302246
2.56550589457544
7.09188739039534
4.79566452258243
5.47999811680854
4.14998849558594
5.59948690317694
14.2278328153245
6.84923742599249
3.34627535570033
3.97658183540913
1.61162622967617
4.28737853665902
3.69210834285992
7.96511208839548
4.57512556649376
1.744254403549
3.21249344350977
3.6058516260502
1.151440900507
3.62621195025658
5.27739105421297
2.99514479529975
6.24844034583842
3.94036108061077
3.65623737847508
3.571957473217
5.95921265507129
2.74840563725271
4.26953241327866
2.29730032247726
7.79314628349585
6.68185450586435
7.38121707600347
2.99960107217518
5.11120038127522
3.62945937282837
4.20856413679897
2.46869123265236
1.86877991132725
2.86633839391286
2.38196858265446
2.6285295594443
3.23812123342652
5.68799622629552
3.82196536447755
7.22192935576423
4.17212228166565
3.30184080488764
2.92177065780812
7.64155554626435
3.37372136369703
3.82870100051639
2.29192165168904
5.75015393145155
3.9222550359121
2.96936862048041
6.89102508168462
3.36582469578529
4.34621408354451
8.33845566334231
4.29865912006123
1.78329326893304
5.44651646390938
4.71423779355389
7.08101095957332
6.23556203447479
4.04076423208562
10.4887917839091
7.50753259598811
3.85072593534566
6.15622286135078
3.7459662808504
4.15614890850502
4.43236524663305
3.9926333753331
3.91985461003381
4.15016044532897
4.00115275792623
3.06785922401511
5.71416338695845
6.37029823015378
8.69447836565715
2.44196998755205
5.42372987273314
3.22166644856863
4.74186056950904
4.13973062661038
5.16041212518669
3.01999409829321
4.0610267585662
4.89194995606435
6.39279430813392
7.09838115592773
2.51595747405223
6.43023617752293
5.88441546015264
5.72299811070945
1.92064039952547
3.21526454734675
3.84464624393717
2.78016206446621
2.68201329317838
5.03810670865332
4.30010892436441
4.10048589686845
7.71891427112208
4.71735328312203
2.48146246240413
1.49368189166496
4.095361459434
5.10557408701579
1.25960459689695
1.97107167989978
4.68305290361048
4.55323401296041
5.01515928827533
3.11031276187644
4.45802134551109
4.47515902352278
3.16138304956175
2.92744231856361
6.46955767998424
3.97476223223148
3.69166072220344
3.26047903576525
3.50681478385391
2.93160407381028
3.00512471841695
2.50504056945529
3.82443419295381
6.71322601321829
5.64338970631769
2.27953997574971
4.00118090688395
2.30550234288795
4.60676513401469
3.68406047657492
5.29092626328949
11.0409256532494
2.5624979181974
2.82852920188314
3.69003892280481
2.48065392276294
1.62038233958745
2.8713646468234
6.14175876233906
2.69935081520738
2.49475350871444
3.10622301099797
3.73111499703337
5.56838264722216
2.94664570462402
5.98611635267109
4.4609172938268
4.3092986209932
3.02173867200489
6.74354092709595
5.84885619975109
2.87774052892262
3.14685959732849
3.8784702286562
2.54381063821295
7.22967622792648
3.4212840217678
3.1992572631943
2.49341266103602
5.85129735996663
2.3322447542344
3.35289629941166
3.74334948526491
3.72901650667697
1.69554190900298
2.49981536626732
2.24684261662135
2.8120857403411
2.1863683313331
1.69804349501321
3.78427800310365
6.90894543476363
4.44733406891641
5.34172999689827
5.92224998973027
2.86501113261626
2.94759734370168
3.50394541284916
2.68791551332547
2.92394544094655
4.3111251079355
3.34761991762697
5.58613365596246
3.8868239471132
3.63114360556458
3.66624768659253
5.01348337460736
1.54186349904099
5.74587890945067
2.49023476380298
2.05680486846378
3.63402978934278
2.82959465244304
2.1174095355136
4.83566006937457
4.11374085040844
4.92244084280598
5.9955988584111
2.41244589969349
4.21654062370614
2.89628995320411
1.52813712996816
3.36590764152266
6.71664742811168
4.23026146784483
3.70244812854189
3.4169412717757
3.08945650094811
7.49058499483647
5.58341455420994
2.5943882446647
4.02610098453827
2.44735966490109
4.30514726275892
5.14288663780592
3.41972545686331
4.92996633584215
5.93813731815396
3.40674735910037
3.93132855142261
3.65570886988611
6.82114958589499
3.83359979643706
3.08438825592516
4.00996313028025
4.48085456352889
3.485327601801
8.58377730833227
5.37762034390005
4.87815614223942
3.95134302046161
2.95610570354481
6.30834430627448
6.1098295608722
3.50346225129172
3.21725343228315
3.66845948585227
3.67048976901816
4.60898292653644
3.11212704676736
4.72803504088894
4.92344015017547
2.42793428964172
3.51432767549705
2.93528424955235
1.58825399168518
2.99253300229184
4.16448207867591
3.58298751507831
4.90219143337642
3.82554566247081
1.13291039820779
5.20625502754829
5.02091668228712
2.15971696085941
2.57213753262289
3.78153619541793
6.66571319756204
5.84000512913234
6.27649257934282
3.58456946740988
4.39664561126253
2.52253187274267
4.97187511125563
6.91371132767758
2.54205176365197
2.93737050150432
5.87105743922428
2.05774925318057
3.04040584420445
4.2109574880309
6.69064283911125
3.18008602439443
2.10350720152372
2.47204591895302
2.94329346540567
3.05390697855805
4.54044063412334
5.36466724919181
6.45942996436879
4.39653833033029
4.60412798594339
1.68900551303099
3.18644495913428
4.81202167596442
4.21497585907873
3.89988087490276
7.05363243997087
3.92947329118565
5.21163687398325
3.64917176201939
3.90016455412167
4.72383109524756
2.73471082682148
8.57956953667463
1.29987197401056
8.67522567369654
3.91746699967304
5.49118289546277
3.13038065986762
2.91510209727701
3.02989172273237
4.9429302788691
4.43387886631572
5.0824135000517
3.21286090415174
3.89837979545168
2.60837650290814
4.58108199700766
3.57926969564344
1.66133275344279
7.0319059459937
2.14376500970237
1.3047775671466
5.84688525790265
4.73682179210507
5.43264886369845
0.249959046247169
3.22833151582396
5.20776972823449
6.12889312984918
1.54485143927614
4.35281028627688
3.06829686570483
6.61769203507156
5.28329652252692
1.39296725728703
1.77857851865978
3.60191082832034
2.73904898980703
5.81353821263675
6.17870651904055
3.73748278588947
5.89539866038139
1.53002642728835
2.69797660919681
1.39875440420041
3.30463218585044
6.89417478938158
3.07718128829684
4.58594142538255
4.34189066432014
3.51517621915133
3.96383975469988
2.85560123226713
4.78535902047379
3.9771294268593
2.37600476925774
1.00210889952524
2.58713293637011
6.62317135941844
2.956258844015
6.00173011067395
4.98078083219309
5.66393608109601
1.51620344816398
5.46493186146704
1.42549474605281
3.20039344468467
4.91411645451828
2.79319403658872
7.85493463794958
4.79270712494219
8.24762231430211
6.11535859385285
3.17366596206604
4.29812869923694
8.05536242923061
4.94301392149957
4.39277309948394
4.70510783348868
4.72171812085478
6.9183160874125
4.14540245342343
3.29399582204473
3.31792933250121
4.55528269757354
4.75137583014273
3.19979590286542
5.33879795064454
3.81598860173459
4.18332652713892
3.75272588918896
3.89824840304124
2.71779923677958
2.4304987015248
5.21269567487663
2.87182963226051
3.19366573279063
1.65873618655416
5.79170909113507
6.81204246201918
2.96721533911597
7.00119254384131
1.83630000480771
4.91367505905215
5.06342561975045
1.98931870675205
3.49631083632999
4.39781063521994
5.99118816981306
3.61578843932127
4.1058383890614
1.14859239300822
3.10331099795859
5.19648257142555
4.39966211203773
5.61883458097511
4.79940505723625
6.04753598991661
5.28709318615079
3.17350857669206
4.34449457651714
3.2129052001818
5.62674354998406
2.29380437266373
3.40772407834555
2.8440005348398
3.64277155344837
6.03884258495408
5.20230920792456
5.03750429550874
2.68250654129494
2.25586601890381
6.90201394651468
7.50230110250781
3.11358386399867
7.47977450203915
3.63004490299861
4.11830682302829
5.17844924795262
4.23155033146651
5.34403115044011
1.33168579139554
3.34497847703136
5.55403876120834
5.63252634228408
4.16863503816495
8.22166449624333
3.37151050804289
1.25561886733752
4.55758788611701
3.80120993456383
7.60613366857453
5.30520458968696
4.12979033982493
3.92018109158287
4.63147443255005
3.36746991052721
6.45738351843845
3.70084419637738
3.23665086259403
2.7911940242051
5.33586099712664
4.89053007345082
2.29217256578772
4.17871843138888
2.15303870084545
4.59822420110104
3.61554309426969
4.57504917189008
0.834239848505007
3.72965703856704
5.72205611547115
3.791730136088
5.04848335168362
4.65147821755671
4.78408503401537
3.17865586746656
2.54918889930944
4.45398571435961
6.73591311180626
5.3951741230646
2.48940171774
4.60538248036236
3.0759404948934
6.63990419757656
2.52174044660347
4.27931075144496
5.00609546486408
3.98660717920966
5.53500575126632
6.96463990004216
4.27651413276351
4.20375377822857
2.61830167008637
2.65060897821901
4.3143088625441
1.91265619207812
9.96568988145937
5.35405670393332
2.96341456311831
5.92165621745285
4.08131602596432
5.46475866527253
9.33047254149528
3.67251376696138
5.90065613067676
5.54896562094123
2.61476104722056
7.06633864556526
8.26646316271644
4.66505800071861
4.82996666826056
6.67754219491868
2.43940586576892
3.87198366851855
3.56819696246821
4.07004842944563
2.18167514213165
3.08586271261682
4.7607302613261
8.93406586010635
2.37507765772904
6.60504619921279
5.99177365878925
4.45981597080653
3.09360783548302
1.96087381294008
2.00987530711506
6.26342443666703
1.81051672383882
3.60965099550033
8.48202468939813
4.89301402568357
1.56443640662317
4.4470507101732
5.64024253305607
5.27811681546086
3.59893622839345
3.15252126800021
2.92515378432863
9.15761307495189
6.1575596278487
6.60071544447824
5.35023488536798
3.90418426684152
4.92371329307314
2.86000842047554
4.51810168945986
2.60687567961392
3.5744226098618
3.56712045055266
4.78898072128071
1.77140822077408
1.52482206599062
4.69217362042582
2.22955605780859
4.85805529562782
3.03629751110275
5.24673699175399
3.17574085453153
4.40599881745524
4.74144122932979
4.28160896990742
3.16406607435799
2.47930687611448
4.06469468993798
1.47493572877899
5.88616701543938
5.86725557876068
1.69270114359387
4.56873817761335
4.11628738411697
1.73213331901941
3.87545181223682
3.77917571121104
3.96126539472106
4.99375474048235
7.23506670518114
3.59861852667137
4.45826834271078
6.59678118164372
2.28429220077147
3.68153785472279
3.11446197616997
2.52660411201151
3.92227141630289
5.89176081710976
5.053088603237
2.91909779587165
4.10144171674242
4.31416840228624
3.57715544484262
6.11583701923643
3.10913777356793
5.03166309913018
5.06642471165912
2.44697336720413
3.82014448652992
4.69660077392703
6.06767429890829
5.40037072629519
4.2886053831085
2.79378473103024
4.8145362204716
4.07592018759103
4.80626518255003
4.85548003175333
2.43016223893283
4.71588828441677
2.81191042160366
4.66833079628493
4.87588209722525
3.69856219208684
6.36281231488117
2.79560189560288
4.07624004444474
3.17627362993492
4.32822492391487
4.15668868182454
2.12126176738088
0.250161654774117
2.42581230514771
0.250161654774117
2.50411723643844
6.51035651676662
4.25731733313426
3.1236296732804
2.01059802376833
3.74851206110633
1.90438115099605
7.22078206697352
3.23438358578867
2.37403893607991
4.34513798514457
1.85310842018252
1.90918011471944
4.82643858785113
6.20696388895413
3.35234485665481
5.52486489972981
2.65638199305767
6.18481786634985
4.76647350287043
5.18951154550002
2.33649156422362
3.67405946372342
6.43344098070127
6.00285198720791
3.59112915465613
2.23531872711957
3.6247855335944
2.5234209516304
1.60811407055141
2.96254534007578
3.41832843490701
4.36959189700074
2.64888187281834
4.29271425818043
4.75567972737553
4.53057962378257
6.5214594914983
5.36343348060565
2.47254341404061
4.22978607368981
2.02203234096085
4.69472247526161
5.58318867645932
4.20065349624369
2.76619449508194
3.00160336578871
6.86731816882517
1.60705928666383
3.75544931572964
4.22635432637438
2.53262525794417
3.94927454270878
4.00672838274771
3.54549670544829
6.89683335107679
3.64136052894205
2.61426694020008
2.08496023045013
1.59775663549355
0.578386902849072
4.36586644899011
4.36392848083474
2.84491008634975
2.37998036329507
6.0099090176476
4.6429048843882
2.93193623571915
2.80271623455218
5.08405394300436
7.79574002036756
4.99705380665486
4.56540908390744
4.31492861827916
4.07192472875972
6.19308160944835
5.08151992435294
3.03665049648085
3.03005031661346
5.05065590935685
4.05401912038131
3.64513559382367
5.08559813531178
4.81043182116113
4.34097576814402
5.60444457613333
6.5572922619741
3.60139951129844
4.54092166189612
2.55534301091423
4.05977031999437
6.51775317653179
6.48581281652171
2.78926385338751
2.72366061085709
2.07442453738161
6.33235173613078
5.88356608600209
0.985670810003522
2.8626602490765
4.08425169705822
7.02820833614948
4.65417204167072
1.95230423210413
5.09747583868382
2.91585163106391
2.07957169003736
1.42911157116234
5.09070946474142
5.25416732966232
3.03074517202301
5.86102687449493
1.03061653231488
1.57052593690457
2.90889643338885
4.41451780825784
3.85334973391864
1.85652573467513
8.3905393538871
6.41227042695321
3.14007288979394
2.69989851521105
3.43595011648279
1.89267377704355
3.08089933937842
4.19929373984699
4.49917081367022
3.12173289414413
1.46802770825799
3.31043359750987
3.52515325130749
4.6224872843373
3.07658850659555
2.91124541598097
3.4230231390638
3.77079554577888
5.05619091456408
2.26561192344984
5.19476343804782
2.36266484072936
2.80347082708914
4.01026303631065
2.57669410646981
2.67676823361045
5.37514646318349
0.250161654774117
4.35174111780252
1.57547551542673
4.2851080404246
5.56501571661002
2.62800073474622
3.71978077386684
2.81410441874262
3.22452823364152
2.70423066764367
3.42087884828623
5.34538319323345
1.62525387062112
1.57617530262764
1.99417393343038
4.23227040137215
1.98378407821832
5.72454578753201
3.10004187879523
2.22557352354229
4.41005377532621
3.14932393439416
4.9317260489874
4.06707218841418
2.59982122143154
2.82362897112001
3.66754591971126
5.14683260093646
3.23872069089131
5.0107177295278
3.35965079787152
3.35964822140866
3.01088385040234
3.66184116112833
4.78477662601613
4.14716295682795
5.06999256275276
5.48755098081629
0.943868227192913
5.16100206490074
2.19790683104303
2.46614172459406
2.837684185422
2.60578428054909
4.2864739417032
2.30216688792998
1.75185300110092
3.40706737586477
2.52688624561973
4.43069783086481
1.67557707140564
3.47194433558539
3.91956004301991
2.06282005676329
2.61310735883359
1.50729744752779
3.57162495204386
3.39700764514273
3.46968095748444
4.73099368724241
3.60554050650487
4.94400625111708
2.54579379351741
3.76276148454049
1.02082866752012
2.76937223137618
2.15722346922548
11.5176294865519
4.11939488560735
4.1258919035157
3.2544635562275
2.3291055796818
1.33813347887766
1.75589918940743
3.15229593438008
4.66564826004115
3.62425628447505
3.4386986893255
2.96198666719752
1.68967211378427
1.74169961286191
2.33382495280511
5.32090813263923
5.00733700430281
3.11695679568865
4.55121549495609
8.74786651106833
5.53729109870525
4.39660930003608
7.45450938514605
2.82304891698549
3.42408821877783
2.96047739914577
4.06328081200696
0.250161654774117
3.69160675068109
2.73780649983242
4.15377449598087
3.60516539060675
3.91586441426437
2.90167746891193
5.44581720490053
1.50910544655146
3.60254299011198
4.29008787158578
2.96279557480353
3.29134313713563
6.79189942388769
2.39347406066271
3.22904316161342
