H3_WShd_up_down_lower_z
3.86375093019293
7.44650846494677
6.08287507309673
5.90959007689096
2.70986799970865
3.31606845346873
2.79445325157695
2.98632492260535
5.84905693249762
2.15328818846375
5.07480119271686
2.96442425043073
4.77566059679095
5.40331354027133
3.25274021962137
7.89069719857547
3.30813165956476
4.93859211400065
3.20205777064237
4.26558595608141
4.25404098105791
4.08178668572252
3.98688358706935
4.93672899960006
2.65443736649857
1.91087224303803
6.81138647462745
2.36869358714824
5.24033732899509
6.14160085429704
1.3361609510197
4.36539335788944
2.39355424433313
6.42045687472107
4.7326416809499
3.10027693170221
2.22181530035306
7.80228543434146
3.55602903307025
3.44126875667632
4.75788434196403
5.68835164257768
12.6127987077799
3.95614384269063
4.57296056579033
1.81559686146532
5.94625098822961
7.14164373686485
4.06340283455428
3.22653268981467
3.76751005625284
2.30837504521585
5.62467233446717
0.426478917330867
2.1268898858854
6.99023515007638
3.91066002839018
3.77521972056239
3.94076041487949
4.47871130049871
5.82767484412715
4.86107332662061
1.67198360286201
6.48985262914292
7.2862420937107
3.26748783257075
4.36573989931894
3.89327627573232
2.38264634711635
3.20827116992571
6.36834556333484
4.54944178315457
3.17496295215243
4.36649453324409
3.89561383111809
9.63435485176927
4.90660554935221
1.24525260837369
2.29896058638884
5.02428935838787
2.76351554246371
3.39361710581002
4.83064995860389
4.58189987110405
2.01741635137039
3.66946754631255
4.26334829320632
6.92433906825224
6.15191024910088
4.7635818859833
3.62658467968252
3.62063517675638
0.994239958096927
4.22849479070128
2.79905398027845
2.39322602475058
0.426478917330867
2.46569721625827
3.58921948053175
3.78512551850179
6.21347130957276
2.25615447672731
3.02923918568878
4.95877011775919
1.83619790458108
7.54219844335359
2.8431952935282
3.70744502205469
3.52423704447381
4.82558062056733
2.99161897696749
1.65254229421533
4.26202686828246
2.46243857719259
3.79254726667056
3.19694806115233
1.12387026730291
3.79350329120988
3.47445296910597
3.11147657931598
3.92600554693807
4.40225241572389
2.80701703572592
2.25880894007629
1.61704374338302
2.61039510042023
1.81390397416688
2.19232331187272
1.92753712288861
3.27947183420836
2.66798433667441
4.37356825043696
3.30490333829491
3.0349869091045
4.86822277613804
3.26928217830446
2.95428818318839
4.99616203515651
4.42344750618908
5.19954564562907
3.69555644219746
1.06496674300784
5.64895065360686
7.32656713263343
3.30605523048589
4.04792414030268
1.57654612351977
4.00697106788484
4.27429874062213
3.14189821998115
0.359444462311947
4.149347835084
3.94487553846951
4.93636930690262
6.97150547332352
3.53159908335206
11.5191596010647
5.76237387040364
2.38602021319947
6.17038470995893
2.03638349986771
8.88249887774087
4.32886624366464
6.29708349157978
4.27171704800792
8.3049553755411
7.90530647152118
5.58355263036253
4.89607944377836
2.95157775103934
5.23831018257054
3.95771833078178
4.14844482034961
1.74547805777822
3.70871230711212
4.84581459148035
4.07699727364219
2.07489523394015
4.08626954687055
3.13341885338213
5.19479822024451
4.58224498634391
6.88029476445691
3.21859078871937
2.78127749389631
1.92882064861088
2.64285961123671
2.46968876598397
5.32571319953098
4.60303808737756
3.98253307988301
2.20211784635427
7.55795114922563
4.99310438508445
3.79640135534926
3.44408629883628
3.09121680914688
4.08615804076498
1.46825339630891
5.6208643213848
2.15254751142076
5.55880040529087
7.79953696056935
6.14698749875353
2.46513404130527
3.51489497999129
2.53655650803224
2.59670017638274
6.02737114162863
3.5951555847362
6.50424028314853
1.94280240439702
6.73952906372742
5.04665105744436
5.34791490993649
2.86536296815634
3.00580167826842
5.06646584693326
5.69761632993927
4.44498247936884
5.5231840199856
5.3710541639996
7.64928028466459
7.25755516949986
3.10743927525648
4.52605751279977
3.84989203895505
3.6180758497566
5.69190978155588
3.20768629790574
6.6029864850392
10.3005227553202
4.19484196407758
3.09978231408207
1.65647829804927
3.82543422718317
5.24719535592338
3.12130305510818
2.85393908229974
3.09453964221205
7.01272789409277
4.22939098615646
3.28531349844529
2.95363179595227
5.09480325803345
4.6242084354506
6.36776704815001
5.18579123410195
1.8108112411787
2.42536104672206
3.75659285628446
4.05618945533083
3.21084409848205
1.90194229805369
9.83880319386683
3.32160921971369
3.5578460129808
5.15282480566659
4.06790904697471
8.35304445808058
2.03342885393946
5.44230392173061
4.26733621058291
2.48059010959392
3.51728953281334
2.80680815683168
1.93653565866366
2.52757272626832
1.63624777521588
4.14740971347794
5.19374385085427
2.03520286873086
3.60771097903146
3.52303149124369
3.06022105562214
2.67628484619733
5.24422919518747
6.89154936731916
3.25424413115626
3.50546167370058
3.42052327475219
3.88532606491954
6.28768552527916
2.86242414372232
4.30906098613157
4.36798451827782
2.86224980054037
2.24371397300033
5.55638050672765
1.71495213729627
2.42099977175628
4.81204043146273
3.0961549942266
3.17391418631796
3.74655495248648
3.27095965918079
4.38989289301384
1.92732051046473
7.38773155374815
5.97948638664484
1.0277201563604
5.7713336616921
5.9370780442901
5.63985021893599
3.07702652181957
4.35554469719942
5.16350462137099
3.17948927586253
7.2815332331268
1.40524724855849
3.76670944884474
2.10486444285408
3.57327671327327
6.22618960389016
3.77224190030449
2.88874220182626
2.98558497725211
1.78910879084783
8.26673113808953
5.12803725553019
4.04888636982106
2.89143796497463
1.37249467614953
1.55543454679257
4.38711280841631
3.58611555340791
4.65903537500376
10.085415676138
2.19519110568711
1.84117333421332
2.60762377079493
3.64266246063341
3.76765994177537
4.55460679906869
2.92206131301616
1.5452164015589
2.9785733391706
3.94636766545547
3.04822924833787
5.37519750005515
2.63879191836728
3.81007467167007
6.63423892406924
3.80512420846008
4.08520354387635
3.36302134275201
2.78432691852381
5.30410452739634
4.26920703428102
2.84945234055041
2.20467846445584
2.09327713477705
5.11407290287964
6.66184239123046
6.7467415882939
5.68845370887763
6.95877403086345
2.88362693956343
1.24351246702983
2.84423694960618
0.426478917330867
5.69884537860631
4.75439746398211
3.21869405751053
6.96269620909977
15.2042995898973
2.35150573582249
2.46556345115421
3.14748173346934
3.65379643450405
7.94690375999991
3.21351459571356
4.04423545878078
6.56411432802665
4.56110798368212
4.07832061746143
2.58338059063745
2.22841535144583
5.60680799109283
3.80317754489782
0.568775732801443
0.788446057105442
0.607525664991784
0.798418961320997
0.949668362077753
1.36409438222888
4.29878425206943
4.04624578137023
3.77816520496529
4.01917532494919
2.10160200819524
2.80039700620781
2.57113731445191
3.12431607304398
3.04134481854358
6.7718451869959
6.53428815363311
6.27591093587238
4.11956753340811
3.2730354124983
4.07181017760498
10.1209528496944
5.03608329936309
2.33724572069057
6.39452300890575
2.97906440331885
7.16357020309993
3.73394427486546
4.50862952136646
7.84417067044291
5.02417893928314
4.53271492326049
3.89590924753637
5.59041776768966
4.27201593231988
7.68384643292973
3.62394020762726
7.18386003744313
1.75879488124232
3.83905881694918
2.4616695301945
2.14709264040381
2.10493867429435
10.6598042553721
3.45012884508042
3.30353749826485
3.92365577966944
2.35837203377509
5.81767902704241
4.33068164586858
7.79005989914066
3.01583072809125
2.50390370872494
4.06174022735557
1.32579939445576
3.70228473856772
7.30004099997706
4.61576372119127
4.33162614549914
4.76187926413693
5.0102940956736
3.51198813264931
1.40479690281783
2.40814616153136
2.95837376760037
1.90937869631529
3.22933800528665
5.38117386846539
6.86109184948367
3.64131846721281
5.67850233498809
5.22818267971967
6.63111007426926
2.14815222677083
6.40625676609647
3.492933371359
1.97680455247265
5.69948154888366
5.0031857921297
5.84563719314207
6.19508490266346
6.17787944275176
7.91906986619931
10.6842560269388
4.50038913454482
6.56964187744314
5.97819810099938
6.31654990185821
0.414945783632851
0.256580464798987
8.41479561828161
1.34328412804628
0.451641233761319
0.656924474190959
2.41842944675787
0.839713353355465
3.45871015764045
4.593173713147
3.16620259811018
2.61520371061941
5.73083441577597
2.0576297624306
2.32644978165973
4.04871874083772
1.15313017177054
7.02900772619085
7.52567626643621
2.94355297684968
0.395551460721946
0.00301603833796167
0.00301603833796167
0.52527565806232
0.208405381064291
1.9615085325812
3.26298876825391
3.515283567414
3.07087278892589
3.34059682082725
1.95750072618232
3.84671317251138
2.46313653658173
5.41305882370872
8.67770464674495
6.67790152272097
3.69493191349114
4.2986335688394
3.68473646858485
5.68881240236427
3.32276726288771
5.03055297636419
7.27901712995589
2.4597572444859
1.73073981400649
6.87002969229139
6.86543413406275
2.74227570058602
6.06702618491272
4.68960339244944
4.45381599055626
2.18944852009512
5.15110830421995
2.09528458253694
3.38257079985068
4.75989724024476
4.68090684623439
11.077783863305
5.11149607953611
3.85047868828725
1.83024076445208
3.44593538151374
2.46659535334145
3.46338721796514
6.48417251291927
7.77788146399524
4.92761298720934
11.656604630536
4.34802642727051
3.11747867249848
4.6413192824857
2.41253283576426
2.16549216973693
4.83192508260446
6.04962973552241
6.07627316339934
3.60159264536248
2.84799983551352
5.79469498939179
3.06684583355157
4.34360182263086
7.61843645181491
2.59886208548168
1.21447688878038
3.23727819760756
6.22680110869115
3.14885284812066
5.25194719699937
5.63884793275124
3.14989804091146
4.10959338690912
7.59154927403234
2.95225774513519
6.07252894328468
2.61720670780651
5.57577162830506
1.88851255733969
4.05934715913909
6.41191773402199
3.20749904298017
4.48251289773574
5.65447023043984
1.58423015553815
5.55340629724444
6.8320819021255
8.53229155310866
4.12897918503355
3.58610511081812
4.88701368734336
0.871807604901727
2.14310590509459
4.42048922797451
6.45077675726496
2.15664713409313
4.23692244612221
7.20935679190239
7.38753754039252
3.19336019471791
1.91944566439221
3.7592249147949
4.46540071206322
1.14207634853594
4.2776999860717
1.44473419798243
4.15245797469794
5.22928521843684
3.04125842545193
6.07482446134977
2.42124121400192
1.5498991923964
2.4088812443389
2.08105915026005
1.09506149235894
5.16029057642552
2.23720574186335
1.66077116396884
3.09006840623396
5.33611562635707
3.42016327191568
3.57163032647659
8.34513976155713
2.62792501911359
2.83689502240945
2.30919744922984
2.84822139892632
3.59682683330214
4.88489638993568
2.2509994237212
3.51724894620379
4.1288330386256
3.5315194882633
3.73723593964726
2.82295778680065
3.54240489407497
2.42842690454373
5.66666350569886
3.56748465826926
2.19605102180753
6.99397911020988
6.85783530539947
5.49141438002426
3.17603534474192
4.6119900918048
4.90037661830145
2.91979855868346
3.91710289227946
4.88252109622461
3.73268043089625
1.96387278400375
5.30420804900171
2.45566556096041
4.02666875287684
4.22709838506707
4.93854417005806
4.90265296182155
3.76617740292828
7.53761459872136
5.41433710364172
3.28359248072801
3.85369841173774
7.12753230742979
7.29629237931002
4.19267335492053
2.63719109469317
5.05878531624962
7.13208585346993
6.6389027669393
3.98200924544303
2.08081599321193
4.69904356895281
2.72787820534771
3.34583908741001
3.90519632095111
5.16435364939003
2.22367631781268
7.63557580661885
5.73600520454794
6.26150035584226
5.70833028786049
2.91973108629991
4.52601131315111
2.07934842229291
3.97040607106568
0.873227778376616
3.44488201048105
5.14828191942139
1.58465511012745
4.98698268884393
4.40645445513293
3.24241869645167
2.00904271878564
8.38032112200478
5.28088576903996
3.4400381380595
3.25982823796833
6.35256293005629
4.33007917075751
2.63641206884849
5.01406427626758
6.87050298134821
5.75012460727486
3.24629281509851
5.76800334704848
5.07773720724646
3.20037637652655
6.06696930780884
4.35326474034857
5.33097985128703
4.22178769625712
3.70825339554426
3.07551731872332
4.40417820760896
4.78185454972919
6.98557316509838
4.0561649266309
3.20178878241203
3.96812252940054
2.65329441950378
2.49557167840601
5.74281656385888
5.23312986571695
1.87162828470003
1.15338858196394
3.26974800217093
4.24589473456581
5.12558003254483
2.74032741010888
6.55411594226485
2.53302112081778
5.5331714497246
7.03073011918021
6.51021089339919
2.36418194468169
3.57482019629271
1.99104388323465
2.56235310419947
7.37104252509852
5.89176803129606
4.19407447258717
6.00092594934607
2.2550384375899
3.7147853171549
6.41432355234783
7.74228281571177
3.47922874549694
3.01143133740928
7.15834164151378
4.79718437492639
5.30238022351178
5.70343249785068
6.06593854659147
7.82036200762473
2.15186135227591
4.26171758009715
2.9717023342472
3.51388872581343
1.11944516915362
3.38853922639257
1.6007517684249
3.92277617754565
3.65695222742015
2.6372743868725
4.50283595398831
4.62135889431574
2.20014795117033
2.45878944880543
3.97665585145589
1.14911898531629
6.7810209881433
4.51981177239621
3.31419256925332
2.65391231998487
5.52091124615435
4.28377439460697
3.49352054377331
4.12370285150742
5.50381781207663
7.74846900480377
7.44831502177851
2.90214335542304
4.05450467612279
5.58971171289352
4.49302459862466
4.74155158538075
2.38256286137926
1.8192720100793
3.05896466311578
4.75020581383701
3.11896965863073
4.99329448785528
8.58243678943907
6.61253807524132
4.61065797074748
5.61205493178502
3.04030205500942
5.79966227577485
2.35680608702025
1.12572873675971
10.6040800659998
0.57403978960627
4.45391685040591
1.17790990872898
1.41773700970143
1.53066492263395
1.57732590051974
4.1271746170517
2.16513807881287
9.52087119247989
4.85612789387001
6.23889140396144
7.42319324100056
3.44864921118712
2.52687798034573
3.04324821152031
3.41692005976598
4.96120298104148
2.59857537253672
2.57738050931694
2.48271070658203
8.28355787228339
5.4306870333545
9.93806195183985
1.91167300346826
5.36988120428573
5.23445744211749
4.32601425981897
4.03951221875832
3.20293470382181
2.36962766009572
4.62475093350613
3.35253526356454
5.12669370532807
2.29806905083693
3.61301420087553
5.42095495107158
3.89824501120951
5.49331976097253
7.83844422861901
2.04302036734629
4.077905894901
3.79067978037253
4.44542401690389
7.11684931235007
5.1834438450972
3.22908213579033
2.24304041125637
2.11716515003489
1.96847136798323
6.51862684469824
3.52656478807735
3.46316576650362
6.78498608329665
5.99938793468058
8.00551082980794
3.13578541255943
3.10543244188601
8.46141610731141
6.86439947730594
3.43560762453786
2.53339836880285
5.28276380800728
0.938355605393422
2.63937780468542
3.44080077743667
2.84441630234777
4.72188661964223
4.15531432887614
4.31060355467222
8.05443329310514
3.92498813859011
2.03389238198562
2.72892653507134
3.36325719488167
1.94383702072357
3.42859650034023
2.72948169169708
4.6808750529522
3.68133612719213
2.80384047169144
1.80988341605797
2.28503634711207
2.44070402689497
3.68444149302329
4.93886103369651
3.27491564360632
0.973811549707647
3.5065157680857
4.81622616616837
3.24952093680007
9.10120945901605
5.50917647559395
2.89876050433868
2.59596189447636
2.36564191391152
4.9352628345901
3.73711421672375
6.16284933139296
3.47477287071627
5.71732947281647
3.44069480808036
2.52102820158869
6.05502491907889
1.81090753085233
8.46889690727375
4.21514867715922
5.27502332079797
4.78761420197114
4.07871863675574
6.3268036310923
2.51133955051033
4.76149142001569
4.85423127963715
6.49865525047849
4.01411106756239
3.97872196369295
3.96499545125398
2.1214851248917
3.60684333940488
4.37884183401303
2.51910344705958
6.57357323864053
6.87328076239911
7.90048751533855
4.14478599685845
2.57584933153677
3.38799640702398
2.06921397310484
3.11586530548469
1.70215766521412
1.95177369470504
1.91352211257591
6.5888536876048
3.51073618096742
1.33320597626017
3.53465082729817
6.23172388281613
2.15810183367702
4.24435776437369
6.58255575660882
1.90973129826549
2.50911498212966
9.0849569226098
5.82475133772968
1.78419814810236
6.11292407949228
11.3084918466666
3.27080764593294
5.98994382273722
6.61178078917036
3.60928144874634
4.75496996343982
4.94543533037311
2.54382941000722
3.07120944158143
5.20714810294763
3.76231669965968
3.66073647655807
2.99463106468069
2.59877284964238
5.92934036884631
4.05103600192058
4.96983937515097
3.43349969287044
1.44453402615746
3.73283985633686
3.97224082340702
5.18686987128927
3.34508477589583
3.40176177894762
3.3444687877407
6.37586431765006
4.88110675939867
2.18477991623816
8.60059695258098
3.18756832498679
4.9619659445819
3.88035789421932
3.47642270743524
3.94120862555316
5.26601426132429
7.64632801649972
4.0740921046815
2.55685079048498
3.02680818192225
2.68418460809927
2.37559479379807
2.6364356311201
3.84717544317055
3.16671588743018
3.09932591983493
1.74629920978806
8.08089016106065
2.79881692319563
3.41414345100194
3.55403558405514
4.64517054976229
2.29200347905505
5.36297651946098
2.80978564904151
4.6004920021929
2.95082407919965
2.90277172622543
3.76707841115532
2.64005474874687
7.81594305959464
3.5549327146211
5.21986867010649
4.20017485993424
5.39554680028357
4.38509083006169
3.76786260294038
3.98706940855144
3.60203557055267
4.41282188650566
2.84843383824831
1.39457608195033
6.28251619061984
1.88700289939671
1.89507222244417
3.0688002861937
3.95391898012596
6.03261475796561
5.7180647448069
5.30920051183415
2.74965704732324
3.0459993673451
5.48324935808987
5.22206782360809
3.67875101565577
2.01262272396309
6.64480795308587
3.90533027283484
3.39819944136831
4.28759715028046
3.39956506683591
7.67417844164025
0.563359344003502
5.71634491937185
2.37419141056323
3.99907521741584
1.8409565858599
1.10223159684525
2.24398707040503
3.44430984574209
4.0247124692161
3.81465909002672
3.48992929318225
1.9406276834171
5.00493104208856
5.66067143277538
4.79738932606364
1.68855022881735
5.05523902735265
4.54515048200711
3.66321888826832
6.18463731666649
4.77149984325373
2.84185390156902
2.59493059629526
2.39131328102981
3.53719818817588
4.11275795384557
9.81752386871405
3.66069452455881
2.9836952880919
2.6847546331517
3.62758119941564
2.22456151727583
3.35395384328472
5.94632990427012
7.55877968002649
5.00830182955129
5.10960303705445
2.11358380539752
2.31212429465124
5.94004675406827
2.67926672563864
2.4849833659044
4.46192858319724
5.95116875618974
4.16060978233591
4.44967830739175
3.49790198386078
3.81745423199431
1.92165154661505
2.787496827432
6.13328933088172
5.93714301667645
4.08116261224551
2.65531653879862
3.42767535045096
3.66950101975779
4.57091983004323
5.33969824676779
3.32978575511187
2.83904365297979
3.76490819146417
3.76864385826869
5.7525608189702
5.02264375677867
5.91454084259228
2.13157977923166
4.4411180579403
3.47574351624357
2.81744676340305
2.01774286655104
4.67933566404279
3.64204787766331
6.47113742250028
2.90083882142041
4.89316182946145
2.85059569685508
2.80441684359941
3.68822352123705
5.00264999697094
4.05886463806591
7.57052745737021
5.28913923244979
4.351695334666
3.93378515371836
2.31269035818318
4.59990038321347
2.35655460577264
2.35068661262662
7.34040706145052
4.68844754381934
5.1363581021909
2.36189588692564
4.97379095413397
5.88295524339885
3.53601631833732
2.39248813370178
6.30965701559064
3.66841800415251
4.19588662770554
4.24949790796537
5.59617031822439
5.39771631547911
4.23595289844744
4.60345562506618
2.29464224343105
4.25968650326314
4.0968894066599
3.24089734069673
3.07441720850527
6.11104320619877
2.08444200623943
4.01788044463968
4.4240556910897
2.68200798072348
9.08377604298466
3.41751675359263
3.70896758173988
4.64485047239816
6.79420702144481
4.05567961445976
6.17572637652087
5.04987658509119
3.46391534856603
4.67502901157214
2.34118356505995
5.42580443437863
7.12462900627376
5.04199835818037
2.4191803123268
2.29977535527918
3.70780074138449
5.10242272951272
3.65868688085217
4.05176632987187
2.67071760487792
1.95365252509305
3.26591411811273
2.7882791465214
5.39774280874438
2.31233376017442
6.16574628398758
3.00191319324048
4.66791293886512
1.53059960692226
3.12321606807175
5.23553506330022
6.36606205966126
8.32878482839344
8.11188671855057
3.63991415829224
5.80059931259257
3.74921550048521
3.34826594329413
4.46409358350652
2.63254797189208
5.17002970234183
4.3589890025123
3.83336960643182
3.25654988678469
4.40898905310792
3.2915744915746
2.64698749579675
6.04105918107693
2.53959262829497
4.34953803887875
0.426478917330867
4.1920293156664
2.31044904096933
2.40494305220259
2.45266545692518
2.50000584535956
4.61884368445373
9.12113563740375
4.42063763901854
4.96902478618712
7.73096472286948
2.17672939728295
4.94776066275212
2.81784674053416
6.66195806500707
4.71553186385638
5.30925923200157
5.03072161548263
2.07134082931638
5.90283299215626
6.77183347881576
6.17331884586667
1.8934353889927
5.89724986646463
3.97552618991051
3.48782982189304
5.00901051687176
3.7304301641809
6.37570471658096
7.08611375031595
6.07083606746345
3.25718487657638
3.98019124259296
1.52843855927891
3.93855315710598
4.54318975119144
3.03352069439953
5.1324714297926
6.7879363204629
1.35330870373456
4.77775162099078
3.10934393881938
3.09396246637049
4.11058460316275
5.21863124665341
6.68909016137621
4.00454910855475
7.69770367034175
3.36247984723666
6.47364511190426
4.41261844924303
4.46810449251286
4.70357063820302
3.13311096393598
3.93747621614796
3.23035064404709
3.78745728087619
4.22733556884077
5.58453983292381
6.14928470520619
2.26520510514773
2.54708867870058
3.43440797858098
4.60467344319991
2.58752748072342
5.71449652675394
1.87727731869521
6.2342630909034
5.48352222945088
4.9345207838049
2.20047802775799
4.76480929124882
2.61173078110796
1.86219595302936
4.93018488948198
3.20709589371747
4.67529909883792
4.56655115380996
3.87294170582416
2.57583557669533
4.05380901147109
3.9582697771559
9.75874423618223
5.76725172162829
3.09628519755444
2.84122674613905
2.47919659960829
5.70188909182008
4.29530550394254
1.68555989539827
3.42487237732927
3.07778366201758
0.966526539106491
2.35262621652759
3.80078593738411
2.63161679550889
5.9604493361509
8.96071346348238
3.38588123780192
4.05150551043837
4.15722018384286
5.08235072394696
7.70768828692737
3.86714453957017
6.05553511474772
2.43596255345249
4.42760144927571
4.06529807753205
2.28028987551892
4.87841909650576
4.94097364964147
5.10454056410106
3.73526599033898
5.12412511187363
4.06164101367119
4.22470600919816
3.8423604896532
5.1013184679097
5.28139035125057
1.53144797138702
3.85158509813232
4.28321687806781
4.3503262822464
4.56587141477295
1.7001361447533
2.96788966689591
5.07413106785897
1.57628102400526
3.9069999028608
4.94205960684143
1.80770404301186
4.52488581776747
4.42853102653406
2.93736334536286
5.89524365024265
4.29132662541507
6.22243368086177
4.20500592589216
3.06533424613132
3.25817744629764
2.49918628574811
3.08697016295499
4.81960778235468
2.52416380063857
4.25136957630581
3.23067598337201
5.8066233137185
6.05344259082676
3.66555580501073
5.68526068013943
6.79954722369296
6.61324968753978
4.95975466821594
5.879859278607
1.53277941982178
3.3969189785706
2.69713824770577
6.57305579922768
3.82366749151555
4.45446761912475
8.11182051343872
2.620369687759
6.40610119046958
3.41645839529094
6.58287389537942
5.12328472106584
4.65330864064663
3.6198591269636
2.45025036477095
3.30966187263946
4.38754422410869
2.3567703654954
2.81115051048999
0.426478917330867
5.61506465467883
3.65484121536375
3.76105810300413
3.41003248773904
6.03751596738397
3.61606129243626
4.3827734916065
5.32025140735241
2.90903553570744
3.83671357715867
5.35022043388456
0.836905822362257
4.96146309996578
3.72839617055581
6.25071396737715
6.98059443124062
3.69848308541376
7.04099986183717
4.60599363228156
5.71399473639627
4.23505158172134
5.39613928608808
2.95206825371103
2.54106609089015
2.37263191858941
3.49350302605584
1.52047888695686
3.41487581688148
3.57065439777712
4.12265840724953
4.74161120420507
7.11704909488729
4.0199435541724
6.71758993922382
3.40027980447602
4.13352783628502
5.19554392975969
2.8243924364609
4.21061620545503
2.91733412938269
3.30467545869758
5.24440358698341
6.34054745518578
4.75831668249411
4.90349965391718
10.4214201062318
6.39999962562658
4.93610888992553
3.63774935027174
3.31240739587899
4.84476032317419
2.79229563704106
6.25175265737632
4.88212123696276
1.20720644628537
6.32185193728557
5.67907181169788
4.81025366756752
6.01015641106711
3.96144651644136
2.58133203680391
5.03974763394963
8.09741610057522
7.50854665271293
4.22704841858436
4.04195039372819
2.46724312048027
1.23268914672838
3.03062063003341
3.88810966699253
3.61998553213
1.03034642256021
5.50336099165765
6.18958916991565
4.00692792023484
3.28406917781363
6.71753493280726
2.92479131865278
2.29738380417879
3.06746337537116
4.58480609726932
3.19610299223046
4.26471976227547
3.5202183849887
5.78385919666631
2.23631071813842
4.43982789042447
3.50269211994811
5.0357881472029
3.9738731662212
4.45534182506234
4.06147482644308
4.19664805436359
2.21759806116819
1.54932895233579
0.426478917330867
5.21153875312984
3.47890428236347
7.83548930114955
5.17455357210322
4.37780260537792
3.86460491679858
3.6200543564831
5.25487967468229
6.15112256254178
2.20081704574697
4.47232029486622
4.41146665470862
2.39505886555865
4.29387220536485
3.00029353080705
4.31937121956154
3.28450348981383
4.89834801027422
9.6369856739673
2.10904952088021
3.21024923410406
6.63962082461547
1.574388067732
3.3168565461913
3.09217709430973
4.55557451741016
2.30050902020106
4.3122115605472
6.2813070821928
3.7615183559509
2.773730628813
3.63362102768866
2.61162611186997
3.59283692781503
3.97639279347417
3.34956909158417
2.35716648244522
5.48002831248923
3.50034992075
2.49841663633844
4.94587646341581
6.32291778044265
3.33238199174053
2.77295524112906
3.6629132345326
3.48052128658651
6.53675318181838
4.27174361274362
5.60314871349977
3.23315665446468
8.44464488774588
4.22392447699391
3.68949658293247
7.04270250139319
5.32133652078103
3.12902558695669
5.95170331277249
4.87721444651125
5.90346313859704
2.86298843133949
3.15249918843452
2.16245040404099
3.10440999382978
2.62345388092195
4.92567651089252
13.0490175503294
2.06207715671313
1.77906185752121
5.459182371914
1.93270035865033
3.30807628661766
5.82488463833169
2.13503855684095
7.25071145605359
3.18028225475347
3.96556660620412
6.61601930702405
5.18397806748919
3.11720677068178
3.50934623079135
4.0367745028593
3.2856136392877
4.4328548624732
2.29474591642761
2.52443438842857
7.52503810203758
3.79470767968444
1.92891509399518
5.08567180994455
3.37174673096734
7.7352600045779
6.07031751559859
4.18963045086705
5.30563989774535
7.02103216859352
3.88975403610953
3.39105880347855
4.12836904219037
5.02907690213297
2.70603669924058
5.82552797506757
2.51098710287806
4.46409164954408
4.52098865774401
3.98710180477601
4.03685744728265
2.76462883735716
2.69823794259783
2.26962336360225
4.79773549554538
8.14740767687774
1.25710379817174
2.42396483117223
3.17734934690386
3.42614919701732
3.34611012678239
1.0014982691368
6.279283161712
0.772677043580282
4.09914341285287
1.88732130192483
6.05667131735481
6.78352372254458
6.97760348832682
4.69217116690809
4.33778414958129
7.45667238767064
4.1168343897209
2.19034192047006
6.14063722541091
1.81984257801317
4.16238650981419
4.51914954288427
3.4304447776771
2.85103552086129
5.0353537112929
2.80650574225843
5.47260808533943
6.53289408533615
6.02718803961817
5.30113084253698
3.39095577077896
3.66545591140731
4.99830276761284
3.07941645085333
3.64404235455886
2.0947500042151
5.55749773786566
3.87443467639806
5.76734338205298
3.55688903436135
3.67849164490198
6.19100669557102
2.24339760058795
2.05860609791606
3.29161375135444
5.4040945246255
4.30958358853243
2.68830355214766
5.74476759320165
5.71041126192329
2.81795880188852
3.04733918502028
3.15248798924671
4.74107089369954
6.99106548656395
3.12807921700081
3.42627947098597
3.5939794076407
4.26759849337991
7.79098281808967
4.93605617046703
4.87178919725458
2.59613091727139
3.52722173891092
4.5089393954434
2.68462438891097
4.910917448006
4.46291434942985
3.06647899482942
1.6206035339294
2.97911850053107
4.07697931515193
4.76446330454948
2.89577143341473
4.50574331263275
8.81457611118478
7.99557441925089
2.50524159511138
7.05579025133797
1.54595528103972
4.38348875393157
5.5168215331279
5.87455816440164
2.36808529000899
4.2603995183839
5.72835642668456
3.13828831171639
2.35290451210205
5.13314077256957
5.37612517131064
3.88612922003406
3.85409914051353
3.44326042035017
2.96798468316042
6.03905944292444
6.1502158144962
4.03561246144894
6.19805929112865
3.64174358361838
4.49751424283026
2.97615793301069
6.499537604841
5.75613783519998
2.83323223662792
2.77571751894572
4.8766819613835
2.14824133632661
8.4463528756783
7.5962213803184
2.89799477433911
3.68608795723988
7.4304166248689
1.14873577555776
2.41535127883677
1.43833253532506
3.45591084024674
3.48163577008346
2.73184184985535
4.08352566548333
4.30496336196688
5.75733618608763
2.22071946478545
3.3135631874304
3.98665182710117
4.29115838825073
3.4829605888322
4.64970062071537
1.70631278140826
3.27637725757387
2.40197390755212
5.3279227940272
9.01556677574473
5.48448232622921
2.48406241501433
3.44372634970247
3.97904070766553
3.14530954838817
0.819823735340537
4.37286610898889
3.76707543203443
2.42314797756889
8.06027757293042
3.03736400815196
3.15782096867075
4.78179245790832
3.05580023152225
2.97952721679964
3.20329455750513
2.49655095311674
2.9995465305625
3.31512659417271
2.16281313024238
0.826000539819711
0.791237484330285
5.09761312829589
4.68094606089153
3.51964440154553
4.82984212693267
2.98216944613986
6.10457933573578
2.04430889573515
4.38224441621377
3.88036115837573
3.11499165291632
2.13958983157181
1.83485496182607
3.74046985923687
3.34174995398043
7.70116925339495
5.71334350128516
1.85210180524654
4.57584009412637
2.58178205337555
6.60476912755273
5.43793628572303
6.78864143054637
3.92628360597124
6.7752652642466
4.81627925020126
3.62833946506144
1.98787030089376
6.21863458172701
5.15213854628194
6.69769123380479
6.06063566348407
0.805584689215623
4.39174566989518
5.8501541566422
3.77501862458026
4.90549825152407
2.60964153453992
4.45567880624301
4.85099698442658
3.91932205841007
4.24428844703743
3.95547057114807
3.84054306853728
3.93392131231533
2.78224298328395
3.6940115892278
6.29398609366899
3.04770815073023
3.06230641465918
6.81473435992927
3.29067393759797
3.54043798731943
6.04297095298056
4.06977588051162
5.28712564049164
7.02525231675166
4.44683115029
3.99557500260266
4.40770509676767
0.426478917330867
3.94816533227618
2.51565984534298
3.66450826806312
2.60320051267756
3.88363787021712
4.39701079044604
3.59355142278984
4.62119433454462
6.18094801615725
6.46496756368396
1.8463557158817
8.03431746717336
3.05400262978285
3.31175599322253
5.70170887712907
2.68424611579309
3.93079526017384
7.03715577490675
4.01885245514628
3.29888830062253
4.51385404634693
3.51019153271461
3.13644708186092
4.74333298102846
5.88630480392761
4.0768788543878
4.99491400533627
3.67847565289192
5.85373838536255
2.24738252573999
7.87813750022435
7.32821168152012
6.89363557368867
1.44323620838056
3.4130083631961
2.4270854273882
4.87192397974454
4.47401780747729
1.97765925266913
3.87263208625862
4.82861505562347
1.62741504872594
3.42804275355316
3.18944777694441
2.72058681404367
5.35973162789607
3.06969575706366
6.65815873104881
3.87305847535517
2.81239089532324
7.81759604866523
3.72513413516214
3.50252728181358
4.1174510586172
4.09328787119686
4.7114093137555
4.95672340239462
3.4710968545877
4.38050168534469
0.426478917330867
2.69212246316189
4.40844220608121
6.54371788783046
1.60880203208651
6.28288395710098
3.9615701091088
3.92527076054534
3.32727496940268
3.41246067467452
2.6248338963375
6.49135724982285
3.12890838084289
3.23437238480926
6.610906904995
5.30301715400422
3.89243353757904
2.94616595000914
3.66278209456441
3.70820330239376
3.23211225008368
3.78633738936107
4.85279353606194
3.8372793618484
3.9728300430685
2.92180918500943
3.27288221162954
3.53294809114992
4.57076842009034
2.32405952055493
3.23454285059291
5.94957009332731
3.4703027325757
8.64957044171155
2.70606523752832
1.5742076203421
0.426478917330867
2.18838889418248
2.96244546034184
3.45640348746071
8.54174312573543
4.09357412341636
3.99928372469686
4.56969207410628
2.52870374352273
4.38383169500961
3.28656324718847
2.71984532690947
1.85290813647498
3.95222517744853
2.9473435728906
1.51470255317763
3.39505079153009
2.93992681446901
5.39377208111808
4.18884132811871
3.3766378837038
2.04524188156029
5.98040399484358
4.00454943563956
1.06328057263978
0.426478917330867
4.27486171078697
2.10007906528446
3.77976919470409
2.19188566005555
4.40354695967577
3.75438333047287
5.16847111938637
3.16911613754464
3.03139581746896
3.75187953213646
4.22669506004577
4.56603716213674
4.89681207958739
2.91712362490482
3.43071945359143
2.30004398273368
2.82139835108909
3.97357456557616
0.442433482075187
1.73983435758523
1.93674012846311
1.70442502743361
1.80603168633159
2.79383264922914
2.59294920069897
1.85821983466416
2.86152305333083
4.63175635975791
4.83816959211092
4.27421368907637
4.62402302818417
1.82312016139653
2.6069152467429
2.61810659149604
0.426478917330867
3.41430002451331
3.76221047500443
7.16261255063715
4.08676799485525
1.25304917857625
3.18643861462945
0.426478917330867
3.63450806773957
2.02731806866391
6.56937383083229
3.14657927515642
3.43354028953678
3.91090653100506
2.52095419033606
3.2725199134673
4.41281626698062
2.87910197289925
2.0750578499972
1.94950995463876
2.91417794195915
5.99308768511208
5.92705932564165
6.46780959025315
2.57626315212734
2.85415664305722
5.57161475203102
4.07012727017796
5.40462599176915
1.90524330970846
2.30970472985576
2.66342621335598
4.5155375511937
5.49522862365006
5.95077230007435
4.52037152620536
5.03892967890947
4.67667289498933
1.75664346251924
2.81103022698494
4.3385374724324
3.77416514024094
5.43208321378901
8.69061664612894
4.15015812122028
10.9576439306084
8.62697386083028
3.88338966708068
6.53728966128675
4.949404661052
2.65480294085521
2.83060453434314
4.2472228471582
1.99586729367659
5.4583135754585
2.8504710233826
8.42373411475374
3.37633729766087
4.41285028157824
6.00527112545331
0.426478917330867
3.85344431459476
3.23556147324986
4.09272070763589
3.47089113626457
4.93677990624971
7.23526098704368
3.32098829286407
2.32333950890756
4.59416809162975
4.82027314242786
2.23794640905912
2.68443275206597
8.98441593227878
5.15010275554345
4.32697146107403
2.88891360408071
3.67072857190443
2.94816699627806
4.09664062436423
2.09440667888474
1.652251418777
4.47198553799274
5.79740090005701
3.53681302834105
3.67586315549436
5.09884196215939
3.33150172228708
4.4061743767684
1.91150948701928
2.82871339443837
3.24337468834323
4.08300532310701
2.91692410959392
6.69946188515295
2.18471280024496
2.6515502571903
5.6310485898491
4.96332966544551
3.28365943576488
4.18255970611675
6.18049520053176
4.45353866533974
1.760978105054
5.69804652972097
6.44640042828344
7.62090790490097
6.76487862773843
2.51298734976663
5.10443073772911
0.426478917330867
9.07379000925769
2.80868430001544
4.01339465641913
1.83339568899105
3.45753219917144
2.13723437902837
7.74337160603788
5.82995040579727
4.1799300048602
1.16848703095852
7.07083419303936
2.69762998471959
6.95799350222313
3.23046305666303
2.61776070122039
2.04333956752822
4.42399492245687
3.44466028269809
3.56988633385077
5.66596917895292
4.70236599634799
4.09479510857476
2.29441077464074
2.96568474455198
6.62249740711507
3.50187165829762
5.13624983550749
2.26453954570422
6.45691297433462
1.81496289645798
2.61240311728613
2.90471305343117
4.03266799515106
4.5001802108853
4.34568401019165
3.40697074504209
5.69350142604873
4.08365373139298
1.85676388954679
4.57825366042205
3.19667299444646
4.3626285494435
6.51690210424474
3.93114449552675
4.55414344825703
2.04659321041393
3.37190526998538
6.05786511938606
5.16298998887873
2.57866725550518
2.97586364865887
5.57877953379428
5.56342576607954
4.40061430946188
4.25685554623697
5.12515176433092
5.82181667954848
3.11387914559191
4.07521889587648
3.94911684875293
4.07766263739077
5.25728234796055
5.39958468245582
2.5316812826217
5.85900170095853
5.20655305935755
5.52068371099054
3.00442835037978
3.65137784672316
5.82949340748354
4.09343504171675
4.38679468288866
4.82922489890346
6.82195323085871
7.42503920646717
5.08469356692158
5.64532696058412
4.43620743722219
2.66698686352811
1.12497597560886
6.76685911396366
3.50856638160263
3.20072838109514
2.93419360635556
6.58006683688575
3.05672332822263
4.26563387985179
6.54907046000306
2.02520668662134
3.58502764555175
2.25713230697111
2.93613207468641
3.05175077921924
3.15060242017648
3.54343065122721
3.17841574582966
8.10758363449354
2.76875679848989
1.76123067557694
2.24157770965935
5.66813157119915
3.91565520349039
1.91466240690571
1.9458587006703
3.42345324493629
3.31680467271515
4.49358987456817
1.16088116875912
6.12348758715343
4.69992499748598
3.69341965238298
3.22265248691197
4.61421534898196
3.87915641798616
6.2660618016723
5.33101087008242
1.54929142709471
2.02322822028167
3.35807967205762
6.41152913461561
4.09318439037319
3.1608698469705
4.7604810068061
2.7246534275887
4.18962671966203
2.93864354222144
5.39136538371496
1.81538578538468
1.73184277115783
1.73433672043007
3.78707404059102
4.21134239428533
3.0206569408686
4.69075116143405
4.54496625226815
3.69571489627775
4.71667459856366
1.69235918561582
3.95134203014997
3.8474056581189
4.62977936886373
2.00683779762431
7.008128862293
4.52713505518628
4.43388417281613
6.39401367041005
3.84370140630588
3.1817046310596
3.23517063561692
6.28052308891461
5.99843737672359
2.11658317512465
6.64218553048729
2.98490439528835
3.15951277243546
1.51644772573628
3.57735531362116
5.87349098255147
8.41234108428351
1.80486427720701
2.12926189043096
2.60412201330659
2.72604429967403
2.45593215231072
7.20332195831505
1.40956263823312
2.15658388214653
4.67857455605988
2.68977539072345
1.43922976838474
4.55914673378206
2.60981525092839
6.57184847458423
5.30647658385804
3.06795564009901
7.96981565337519
3.91010570307304
3.56205131795242
3.53962833524353
1.67133298648132
0.939896937420994
3.25483758294869
2.16709789829674
3.15870803938507
6.49673226733866
7.16603720908215
4.16636326505764
1.72227454768798
4.21943714557836
3.83302446145957
5.72267967924468
0.426478917330867
2.43506326871312
3.1128807412919
2.92270557549198
5.73285265826218
4.40873430108709
5.58165143789519
3.64225161104846
3.73995571672029
2.07834162843678
5.40494031470839
7.87773079983531
4.64968738383947
2.10360171417018
3.56689804323937
5.24473012442969
7.70136132884788
3.80548707053657
4.7363804377863
6.99979987434179
5.76573191920108
9.516647108063
3.68594598532457
6.59209190724664
6.83416387655132
4.74823479193619
5.91869470196895
6.23132374316845
4.6394493358295
2.60481055779369
3.43161381290725
3.6031817397476
3.86932706474448
3.34002464534311
5.53290760403038
6.08495385238915
4.07227132005079
4.4536427298772
4.75072102282987
4.27066440132244
6.96950588092195
7.49241511182256
4.95945595153809
1.83374430133073
3.86102727756967
4.10240340960615
2.22613141737337
5.5562797177977
4.49753990616923
2.62230552009086
2.3619021307858
4.16946084295826
1.70057832003795
6.4093462425196
3.20796861971548
6.00610519439642
3.60741201080616
2.93783096956271
4.8700260653105
3.48125723861115
5.14743797527647
1.56897032042008
3.22925905590291
2.91341159164908
2.77916868949159
6.92073119533451
6.00827485886564
2.27248740578377
2.62145154909863
2.8371791694044
3.6708615872194
2.93078662729657
3.00939040223816
1.52307831269802
4.35145583634762
3.33608262601108
3.96167410726099
0.82762566900557
0.344208583192296
1.60861724369573
2.10920116695511
1.50529238383339
5.84647947154251
1.92463164328695
3.3435609899328
2.21572581232924
6.62535120002589
4.45275052044467
2.21269645011026
3.37118641739372
3.83892289411895
3.16766507686499
7.00941555736695
5.36228587198621
3.01075595974386
4.30159499745302
5.96298251538381
3.99133851669459
2.74768592575607
4.65822025800876
3.49222800201648
2.9676735522854
6.93166875060201
7.80629667577258
3.19593334701101
4.78541258781264
2.01031927949111
3.71077493042191
1.44122062390646
5.77094522429514
5.01439608770415
1.86174361639408
4.01540782919855
4.45803599135151
4.19523175912441
4.65228096016223
4.6551436914285
4.93056108309243
2.24465400747174
3.56648793601191
1.84312750535636
1.9257078318113
4.56014134490252
5.2220110601919
3.56542380224245
4.48404589557476
3.67444863779669
5.04427340239616
2.67477909747991
2.68537046354611
3.1516399702828
5.95023881724287
1.16819114754256
2.97370164301661
1.86418781911299
2.82046916065353
4.64027259511256
2.02462425587031
1.79637384609948
2.89626552180175
2.82250825314831
3.30468701541598
0.00301603833796167
0.301104950768461
2.00052541715243
4.66712255834192
2.24556325754121
2.93051295047756
3.34372430046914
4.45781424126089
2.68186689395286
5.50464482042129
4.79038822391963
4.71556941461775
2.89915140433886
7.81275183132814
5.47888207395326
3.37940961933292
4.08565212859209
2.69989877761681
4.38015010822649
3.93845814574058
6.66171296062081
2.35239574398697
6.57724541992454
5.223772122388
0.776629022397138
1.72941971780906
3.90116783929215
3.74663185614444
2.72613614159584
3.25878203510812
4.17202405794842
7.57140136640597
5.21975772646621
5.17091333483893
5.92302753202939
8.0475220559278
3.92548614093728
10.2054671338122
5.37413605198607
1.80492818775424
1.22902340901138
6.0251719102887
0.426478917330867
3.61181265717409
6.04408082362791
6.88486968111505
3.43730026223643
6.37487558564353
3.89783991805458
3.54768549168864
4.81119966222038
5.05808775962818
2.69783790077801
3.7289520095415
6.68823015256549
8.52884424255206
9.07958362921793
10.3470742313391
4.36474563652342
3.26724247714338
4.48072321877868
5.35758355313534
5.05378457610416
2.75943147088284
3.7466399971813
2.8034766892749
3.23150706171767
4.79867460224713
5.4697853321418
2.50337134568086
5.5319558319601
3.66036989269901
4.68803415753249
6.52536236561941
3.48943564681985
2.5132907136603
5.2022819533129
3.47738181708446
2.32787300221467
5.24631519425425
3.29902183674874
4.02437153260132
2.45414976128555
5.55280065347055
2.7570661424679
3.61856213564652
3.82500467863243
6.76230494786116
2.2301499706362
5.00091433878694
4.98040923182594
5.59831511441501
3.24310694813985
6.030858275075
8.24718922185791
3.35271621585145
3.04017776249902
2.56250458782523
2.60081392947898
3.60823254965916
2.72692384614074
5.16476438694153
3.78335657963385
3.76759978733815
7.81672149106162
2.20772573791901
3.58269900957105
4.38519415558573
4.36070412266776
2.18280584574411
5.00377979152892
6.25776035001107
6.7170209423084
5.17890106286841
5.68055614232443
4.91331627393
2.49549100798631
9.47428390031183
3.88078532315968
5.25641213689424
2.26738508213775
3.8138156355598
3.80696324332413
3.51263973577107
3.15709818836107
5.05026014311909
4.77681978291393
2.85008287700777
3.42486027321266
3.44777936815336
4.62219294342167
5.58818072268772
5.3450866803576
5.86940334064319
3.32380216479637
4.89413305901597
2.57641478166313
4.54460891839782
2.65987361780502
2.65529091391692
5.96318776784612
4.48466349046668
4.56744159227694
6.68081636004312
2.55247945339164
4.80986939151281
3.76432690214463
3.7899483358278
5.19478220620756
2.445472669682
5.1537541433391
2.19304576165305
1.83249222289341
4.29178644114424
3.04323267400882
4.39474255301927
5.92815515009326
1.74581160380561
8.59894229663846
3.13128731569868
4.67030700196931
4.39619370041373
7.8801683604462
3.5695574872832
2.48095168185625
3.97525660589054
3.90678704740375
4.70106268027173
2.83869155455219
4.02403556248648
4.16304398723298
3.71923269451059
7.09103797432696
3.16577877150981
4.77952274819129
5.12508226125507
6.68433771980216
2.47003827161853
3.08446440631924
4.25239985924828
4.34995094570447
2.82412614995705
2.89570844410661
2.76959982180498
3.84655397094573
3.26675188085351
3.1264455136065
9.16290199180696
2.90429328127564
3.24025744751032
4.15032121511021
4.74112033565184
2.0206937254464
3.17270651565569
4.25221367258555
1.10278500088848
2.9995529837298
2.72559061438217
4.95686044360314
1.09792461757663
2.79864394110872
6.96904817330815
8.27226206493134
3.64930192397001
2.66675357216804
6.16460724096284
3.57180712244266
3.33077875810057
5.43932838678401
5.11024190237282
3.65165886130303
7.38571448548524
4.97537632798861
7.9996920162137
7.30363387326083
3.56778701860302
3.05149792930659
5.12174373981376
3.18917199820578
2.72555181986423
6.32279305688952
4.80716054012645
1.83457009598997
3.12122016446032
2.74539077727739
3.70115647944592
6.07536435628745
3.51839379025086
2.47370326030162
3.3267594511344
3.02835320622586
3.3667299720093
2.98349816968247
3.93039570667023
2.44378431693917
2.08643251487959
2.22675789133926
3.83630617121953
6.4162839413565
3.47230420077101
2.39731512145959
3.01995067046398
8.26358751648946
3.66150762929151
5.37235892853484
3.51959216939221
5.06274611188434
3.4013234045352
3.99823020535367
4.85754891016464
3.22559945224844
3.98222123546338
3.29249726047419
4.01182895255473
3.10927004786152
2.22640452171288
4.41206887999858
1.85936139995621
4.20247357348948
4.66980735704763
3.2673894084134
3.56668341475771
4.65533539950063
3.03055851714481
6.13093601644404
4.56367400240011
4.20176238227056
3.60051786687029
2.33370456838805
5.2331819944742
4.96902700226595
6.32312421648441
4.86656762922984
3.8974834976931
5.23969465223671
2.65416032914649
6.31311236405605
4.30312486597753
2.98226210605862
5.84628096865076
4.2072419750258
3.78191849665941
4.23937097029673
9.66569837030641
3.9428212102675
3.69160050772131
2.68861437374235
2.68490713869992
5.14749346180279
3.77404247517021
1.71683889367772
3.46207042810197
4.88590667168623
4.54533385140817
4.04278797894299
2.04715620222772
3.15955167572247
4.6503775008234
4.99841705120906
2.28538867158914
3.84558749009249
4.60571741957947
5.10264919047099
3.47303685542048
7.56946623991147
4.01216257924123
2.42984357281665
3.61273088388677
5.56826708918917
5.51734374259428
4.14250015477803
5.55129766757382
4.28523658095444
3.45462246074154
2.19269116697992
1.63333339731657
6.7111986824058
4.40191026390041
5.22562301157574
5.83745133019154
3.7898416180571
5.39593612451421
2.23200402899536
3.60456712499634
3.27386775545894
2.11203724854035
4.51565816250016
3.1871904056636
3.72026058487507
4.21393124093605
5.99731058887196
2.10483902565319
3.34680599296215
6.39235712865667
7.71469327456869
1.77042288236519
4.06918685038927
3.17200789005717
3.9440703535182
7.23579032348188
4.88721278379738
4.22488062121319
6.27197511648593
1.20428146018531
2.88571943049251
3.80527138853128
5.23108884330852
2.19940951903143
4.43346901160319
6.17666025340842
2.30871912815475
6.35153424861644
5.45089734112015
3.6615113112889
3.00719748753374
1.98156989876407
4.4227759457242
2.06404083805123
7.92142224724981
3.5211524218687
5.72182535706583
4.8335192723045
2.33869021172092
1.16526125205452
3.34462918121682
3.84035976241577
1.58639719218977
4.24160673216678
5.39955688603458
5.10161043440567
3.33239880301298
5.2491901468878
3.33635444302333
3.76553202687841
5.9284003907724
1.13418418781637
3.30992695550007
2.47419258961201
2.39545580575954
2.84879592635343
5.42246467106732
8.55045371942867
3.43491722990942
5.97361780378476
4.21360682511604
4.29772288505221
7.30673894956305
3.52681985161452
5.67592675949256
3.91274919358472
1.04787213503263
2.45350698297715
4.29993740611764
1.54902182313119
4.1386274820662
2.25206744166735
0.960352069717815
4.14286417210511
3.81049118823088
4.29701914722153
4.40336478637923
3.11831910341943
2.83429532285083
3.29235186934003
2.22827230903705
3.10434253460177
3.12213752651607
3.43420250768687
3.35007830530828
3.0251398459433
2.50907219133277
4.52029388183647
4.85089261453669
6.20674865633853
4.80104672674896
5.17033722359206
1.57570208380685
3.86228831971719
5.37211148415764
4.55197669569192
2.81633648163664
5.46024112905588
4.36858431822447
2.26303176107714
2.50128208459717
4.25584051036376
2.02720510940988
0.419410644173583
9.18383240480727
2.75462679214419
3.41773167760697
2.68491434344254
3.61425257566485
4.22957026063481
6.30881488111637
3.86579958430209
2.49562350144003
2.01310406901374
4.81402989963783
2.34573314529442
2.27028071492963
2.45768153763792
3.30770179990648
5.73367467681532
3.99922398896875
2.55169754398898
2.88587836028809
3.0048304263844
2.81762397587381
3.02016351792101
8.20444446862653
4.7660393060886
0.00301603833796167
6.55231523340592
0.426478917330867
4.36867678605642
5.81205788430792
7.51295661298209
8.39450417681675
4.78928009899331
6.22683514739402
4.58497024764721
6.80960704102823
5.51355381587549
3.9285329257166
5.88549130784879
2.07217250248676
5.47588628385342
5.40277455783413
1.92063981376713
2.25105084726879
2.95724551815515
4.72507279673242
5.89704958509288
3.47594288633898
2.88105288835999
2.9456107422835
3.79453211492622
8.22315074459222
8.69241528104273
2.94635711122515
3.58611257361197
1.14211703739603
1.42070839277313
6.88083862292394
7.76790995419194
4.93550073618711
4.70683714535041
2.29997284938616
3.47721212422331
4.32893649595009
4.10461234949658
2.77053980509082
5.70183028553363
1.78260039316883
3.30735246674028
6.49865645138001
0.804447335157318
1.11210415215236
0.214997218572666
1.78473863375201
0.788613372118019
5.19404343991726
2.87308941156702
3.6375981016915
3.4232554456801
3.85548479647946
7.36900865060507
3.83545127735232
3.60933360470068
3.75148509164947
3.56013245138984
3.6282325118011
1.86600055099864
3.42852773464225
2.0994090684823
2.39304078936612
2.25368724376785
2.06311587791724
5.63214880554167
3.80230030149589
4.38456856943112
2.1570128819086
2.30775659643404
2.85031346168092
2.70216192334057
3.22926642285768
5.39898547640667
2.86523052816172
6.27477297791529
7.03521444512153
3.32520910032397
3.61678515192282
3.88872677060405
6.04941255313039
4.86434139271839
4.90414403854629
3.34087363649566
7.42050617330745
5.31001032970732
3.09207603373405
3.02387670339163
2.28392157453339
1.04043045967407
6.4513286511875
3.61851411101262
4.22314139705068
4.07941746328247
5.52590531857228
6.73756648896869
4.37763658747819
3.01077367656917
4.54063894446313
2.38063953448536
3.62581927869072
0.555346547672883
1.39591597792739
1.26843577860078
2.02340311787695
1.17179198453161
2.04726388535319
7.071417070812
3.5361602979078
3.52221688987153
3.27575197713216
2.75360569213897
2.1524460116168
6.48988515628717
2.5462550884805
5.67320264264533
1.85605692720236
6.04086641794803
2.95495942065583
3.76418368090183
3.20928910448592
3.51997000326696
2.40532273256678
1.68306451123976
3.70164754272893
3.52716197262912
2.14462869555721
4.45242109280044
10.2509390174703
4.56516754201726
2.17388834652542
2.94779578133401
7.79935684784999
4.19626567182839
3.69200449115232
1.48712209853702
3.48090249134824
3.16796081773724
3.00096022519182
0.837921242840028
3.27137988232893
2.40293766186732
6.47333302807729
4.14174917627002
4.07992665187775
4.63983296243231
3.73381340229337
4.42775130841577
4.46007073204747
6.14255168879176
5.55327481630508
7.15859712395857
5.4657436055748
2.87172403627139
5.03208574071922
5.17049052954972
4.90356855776815
3.52663736574228
3.81533786832822
4.41366296247531
2.28634839764929
5.87658007613413
3.74933414435392
3.3541848344622
2.38460935017258
5.25585250134041
0.37143444929147
8.57500470939562
2.81474520981021
2.55140954042915
3.41582923688099
4.10124072820344
5.77681618975754
4.1202167375932
4.05355509918913
4.03570365248137
3.39966255923616
8.0498462799576
9.35304096189162
5.40977433872102
7.85204193148043
6.56858088689697
8.6433798042358
3.36922823805239
3.46786980956229
2.64149978784993
4.05103165491063
2.13529209030739
3.55839011164301
6.21126779622855
4.55925249104807
7.56498983411552
6.80970577122764
3.38927160806032
7.64963937745582
4.22840980918262
3.2826617174581
4.67851166679219
2.07370150515724
2.60520868174404
3.62909611823607
3.58990428962889
2.14943363293065
2.39301671330211
4.3679616023798
4.1606016153291
1.9812614457882
3.71312330798257
4.4171114208621
3.81529657756202
2.53481727451505
2.78938271757526
7.33943106242138
2.49227713341069
5.08104499910751
1.95291448418595
1.78198269731554
3.57900219795884
4.25949089665193
2.850821016325
4.43104580418399
3.15974708335102
2.55781433511951
4.60698508305748
4.60723165015407
12.5523639012935
4.43918989158889
3.66234242356545
1.95242042306382
3.41029237052911
3.13454803023545
5.08919369659141
8.55129857893309
5.03309306732362
4.32522975439776
4.70188096459554
3.66627859500328
4.35053398349267
5.45530160541452
5.15218333762549
2.67719034444767
8.07365725828629
6.01431491872248
3.4026375855794
4.89657745550365
5.04772232131348
3.10697216258231
2.49484430976616
2.44481973123646
3.02654612292229
5.40073764858803
5.60142164238628
1.26670137552208
3.32490900717103
3.49933066354155
2.23505097496818
1.63075515212508
2.63731191588496
3.13856373221016
4.93919606285483
6.58947035352885
5.89980349606239
4.81300471187219
3.20055930398935
1.31331377877314
1.31898072580268
5.81459430349176
3.97641911187584
5.20006166442902
3.93554191208747
2.05063680926
4.10318279161157
2.89912041706631
2.3536046644585
3.41207137608259
4.37469095715721
2.0571707426885
7.3115755475754
6.51319381393645
7.34161132394253
3.14551984128897
2.60389033952203
3.77011965655443
2.03984904229618
6.1021144593678
4.35925202584436
2.89782426148366
3.66995212157843
4.29190204678947
1.80373525315094
7.10046329246399
1.28364863993535
3.86076373587361
4.15369885494781
5.7226328883009
8.03830746369362
2.3621440240013
4.69320783141481
7.18092377365174
6.4249240541098
1.60045102237862
3.80634897832274
2.29479969561211
2.700527183845
2.71716481230896
3.39823794530619
3.49182221185985
3.68002587197896
2.53309533808627
2.68557420447413
6.04430254206811
4.60656390312198
5.16481480966933
3.60453877660825
3.60152527489514
3.30648895921153
2.27117775767297
6.56878205180292
6.01222866645651
5.47188935476474
5.94584628695958
3.763181192975
3.79685798358758
5.12129012730562
2.84167477226991
4.89929539676666
6.2973459996528
2.55235723618556
2.05680238777918
4.5153471437557
4.44895739141691
3.27427592239904
5.54688546000033
3.42372367520854
4.29724759114308
1.95519412669175
3.03059223705038
4.58154155433049
6.28831390320685
4.59574058535113
2.56247301458147
1.43415216198867
0.00301603833796167
2.21113041425356
3.51617964384221
3.16432004366094
2.30306389201472
5.70219602064547
5.19225076153478
3.03536704332971
4.07691389673483
4.31469780167071
6.39116035471123
3.88880801410647
3.48602789478918
4.32648230558172
6.09762958538387
3.6404795598102
1.96770173983505
4.48520177731521
3.85290037558053
3.71014109184938
3.13004338421041
2.91553151506315
3.46161865945291
3.96472091959376
3.15139735403757
6.13366281020042
3.4992577508341
4.60537507892742
2.49454193000964
3.26931583268822
1.65393745686707
3.85669755718806
4.67298415046788
3.66601155217663
5.16328589722191
4.14518689910008
4.47324281861073
2.40475363324723
1.92802952679901
2.15708481643011
0.381352171615009
3.86332867369999
4.43808595019572
3.94642898398603
5.30203471660453
0.658490232582256
3.58233013137644
3.8513425489703
1.91304276235454
4.60979884098103
1.652157821326
2.46322086397839
3.79458681437746
2.69312445864368
5.13405785939706
7.39160727792082
2.71810659324772
5.02909721082165
3.99492665091661
3.47803172587449
5.10731259515741
7.61187639501946
7.1151866697188
5.81425031040091
4.68694518439966
3.88209461488682
5.12563771654951
7.88395407196558
2.02937879939219
3.49810672022492
4.41822427192102
6.74786158003262
3.13205216223093
2.25944459111742
1.42831341295766
3.03121057287691
3.56713937286357
4.52047911524636
5.69811008828581
3.66198689882372
6.67600750715972
1.88168012426357
3.3800739189332
2.3345554036776
5.72453452759041
2.36952604120866
2.90607233178416
7.83943312956186
3.19995132178398
2.98073570319127
5.08210104610683
3.81900468291651
3.02689371577831
3.12260852253189
2.87582505910884
3.26264610579566
0.591657607719112
0.828825735307902
3.44408772446527
9.33276992607918
4.41428210587457
3.75524588138651
2.94959048533511
4.47785857705522
2.29938182359199
4.46978034001586
4.61726212591924
1.9937284599563
3.92495205852325
3.50573466205145
4.8017621425648
4.11086980596195
1.67297543622671
2.71967508448656
3.88653777315317
4.26354355955095
3.74410401662982
4.09126116842189
4.86436980193416
6.05055419500864
4.70956841228371
1.50379682024526
3.92067604023926
3.42284684364609
8.8425919353163
2.284869706525
0.991646020211181
0.818802102116578
0.624427561044155
1.63018299023322
5.10356741010333
2.92202673857905
5.65174552318007
2.1351537904254
4.65819712348784
2.0566463476624
2.55919570611343
2.6234235275493
3.15937621239785
6.70203291639422
7.23661091475642
7.69556245930793
8.29864591565946
4.08596118805746
5.87265261674431
3.657649871814
2.82765099160292
2.93910002275561
2.78959763545457
3.84688333404343
3.86629189744427
3.20718443461721
4.88946355518158
4.68773877315252
4.97794204749495
3.09618337915972
0.71373181485153
0.692071723228162
0.392565723166619
0.304276403978747
5.64220866465269
2.43991160053025
1.60003462833169
0.589920628030668
1.11675529400873
4.98068280977025
1.54424734785959
0.96343597892709
1.57435902031795
4.34787038408807
1.23274150881606
5.25972498112444
2.77726031087309
2.40566468877999
3.33271085251926
1.87187246313226
2.94525075423374
5.28604491676417
2.27897588219841
4.31459431913524
3.59393665664459
3.56901661582748
3.35748573042966
4.11499717941943
2.61403640650237
0.67530906171088
1.44000530004614
0.825802491021294
0.688529060576717
0.491496902647026
1.43005629398284
2.68668215367104
4.96196413206697
3.35145070693163
4.67002630234397
2.66473840872803
4.47752746235785
4.89542129091253
2.24104878953075
6.27733130552686
5.37215328662417
2.49252583853986
3.17081789138667
7.11440750108082
3.81654393203562
3.57098985566797
5.0334218088882
4.3107001591763
8.08799913516187
7.38015336889247
9.55260902269299
3.80811071096937
2.93750533722336
2.76958126491489
4.44363597902721
4.56536569544574
5.20467824852729
4.84165499329143
3.15016114789542
3.33875237786779
0.426478917330867
5.84196901355722
3.8700337630364
2.05778824885179
3.78968293991204
1.872681840907
4.07991285942524
6.52389114355512
1.44343612624301
2.8522909484949
4.30971507891946
4.48518498155841
3.721061982702
6.06155635860385
5.54120588195057
5.47131969965263
3.18916432000022
2.51819250593689
7.09745924260321
7.77548545047918
3.09985574966613
4.02436094492256
6.5601677878492
1.37741727337908
4.75323383737399
3.95245396285409
2.78407674810096
6.48124262825655
3.90860874798661
2.13687897775914
3.10572436649215
5.52639034497088
3.52301580350423
5.35144262831868
1.52027128330718
2.23783961235777
7.29246832057261
3.76551101913614
3.13632327253696
2.61332321947725
5.14500235897147
1.74069949561464
4.68063713189529
2.7400760750032
3.62550724835026
3.11611164774445
6.92666603716347
2.33542493118921
3.93686304215931
3.5796960584611
4.01671579851549
6.48698092188634
4.9121659478863
1.57717928770471
2.7402072813697
8.09904173083891
6.01820819904533
6.28174805722191
7.60693669431877
2.88107184492428
6.26851248630273
4.64095374994056
6.14384613264145
4.24522060854469
5.62243064106099
5.80120414816004
3.26360653030177
3.89705895433969
4.65750179080017
2.87317455623201
5.2114934989083
1.250141430316
7.36742765131647
2.769903096361
2.11160354853433
5.52729296677299
2.48197990025404
5.01863100937996
2.72916164526979
4.23253710994838
3.10016901946779
3.92437400436149
3.22459887402484
1.81822338141476
3.2750472803781
2.36702232055231
2.54080434442998
4.6475655348174
5.09019534722566
3.35605064987634
3.68871521861677
4.13426405332232
3.57812621319623
6.69466915263384
3.02857194129353
0.426478917330867
4.73801477207404
3.87190590337883
7.35362494995702
3.23318342847098
5.25880733303017
3.03396133712377
8.05412818897617
7.94857115523967
5.18149663887536
1.82250976590436
3.74460224370367
6.29860612765038
5.28421188788296
2.11019072239969
0.950481389062007
1.60237718807852
2.9568267969479
4.82039155722181
4.78003597922458
5.4971481067144
5.57280319805273
5.75012946541813
2.91391896612568
2.16546157060725
2.60015286324212
5.72177312994407
2.93684575667999
5.46785768470327
5.22980856562095
4.24248009431474
3.92506553822002
3.16091524221883
1.39941440018253
2.36218672239158
0.396825467528372
2.3682573267066
1.99765607470089
2.97600821781812
3.03381535304817
3.0100863995443
4.38280965028094
2.41340375382327
2.99197163997003
2.19242253310579
1.46973324930552
2.43490627434335
3.87758512119011
3.59653775070335
2.74962477665379
3.24888903519241
3.69552338497412
5.1887559936059
3.36462452913336
5.83078112820125
4.79898347484548
3.62658209247074
2.57700226265007
3.33516125070671
3.21527961631272
4.15841423963307
5.47381800031918
3.50904835952659
2.93167737394433
2.0652091842729
5.30009200798124
4.07098190144973
4.73801992436838
3.67358191095925
1.7861212770886
6.00398666023608
3.76941090066426
3.53796264245621
3.18003372461923
6.00923288406121
1.27279189029347
3.32567123106604
4.36497207630124
5.14063171898123
4.9908499303578
7.20422077263398
5.914339031838
3.98502383375833
4.98739880885065
4.57704342014419
6.72233684914409
2.91588812344842
3.27773296075326
2.9984314928303
5.09063192051635
4.60704986120824
3.71616221124968
2.26734685532011
3.50843605931763
3.75677075246881
2.86186572120289
3.94405542253332
1.84288086493938
3.50716174370031
2.88635797154651
3.01256375251653
5.64685442615938
2.54477421551334
5.7061344490157
3.25044168722971
3.36890373923894
4.64289808481658
3.85361262930767
0.799243486164157
5.88823385348355
5.58916442706805
4.14841180696742
10.8137792442874
1.80749457626889
2.19341737599306
2.79973094697182
0.426478917330867
1.24861379395935
4.22642599313175
4.39107992890691
5.53601509268577
2.2569678957028
4.71685962462888
3.760409567899
4.43384720824978
3.25690735622987
7.25204429882862
4.84508736417422
2.82650891463601
3.83495104361696
2.28854359130361
3.86114029194416
6.64219136054881
3.07780281312673
3.91762314539673
2.94546069677506
2.20993663785277
7.26864980811205
1.77767093395639
3.33867619538242
2.37243222947493
3.59811272773068
4.42052174466686
5.65821587971489
3.31107109192966
4.03430554698001
4.97917092678165
2.66443965751359
2.79233593420324
4.43615548028155
1.69860082632313
1.62498904251351
2.99084552899578
4.74952303240973
2.01961288406523
5.64927144935341
4.4097161609904
1.42102233859023
3.35123012538797
7.61148706393393
2.38270106923608
2.14167378362364
3.7554825228375
1.9577843310048
4.19178732740748
3.23832139093078
3.44078924753723
1.23245931724398
4.93155326654519
1.95421565845891
1.07293648884829
1.71122931212947
1.21483428160972
5.33794329565807
5.95759128250959
3.92401454382249
1.99527086170394
4.07026377963437
4.90364072556793
6.26393961802577
6.27168217028021
3.56439380358509
5.98281185791817
4.66658065349042
3.00932744342391
2.50053333381189
5.87034525996822
5.02859866704205
6.04680884879483
4.99535406843615
4.46721764458962
3.67104442599972
8.23703976257781
2.43969611217783
5.19843684993227
3.09925363237768
6.2175911345319
4.58817848581494
3.12575971938236
4.60364066480191
7.3972336480508
4.93127205769129
4.15472005068026
3.14481951617445
3.37467723234782
4.30308794325158
5.12663407060128
4.24627568163509
4.82089320139795
0.665864168720922
2.99170744146851
6.85652443427432
2.43689280209452
2.7116076056403
4.21777606953474
4.53101183539531
3.58610974333013
2.50974909865659
4.70664623768967
2.6771258402914
2.7890883351595
0.760822608304598
3.66827504651724
1.97173900498271
3.06696456220625
2.73237731846614
7.14585634271966
3.19264176224852
3.89265880287674
3.14305382615358
4.64272242093693
2.128248141369
3.70008091049914
4.49435991131373
6.04125566914497
4.71624945081871
1.60010472156899
2.9027415718759
2.05769740341845
3.56304078461951
1.81198095643948
2.9773698608161
3.06591819993111
5.12480944363638
2.75518042929371
4.8675922725738
4.4700718743348
3.88940173303898
2.98410402890643
4.12070978060092
3.96022927820277
3.54953316802577
5.76402622435886
2.90626094345261
3.83621612647095
6.36377893021812
2.34044244375476
5.46843695613388
4.18923789952449
2.42256068579949
2.81831341647867
2.55512632103347
4.29500370883345
1.80491096124918
4.24393740758321
1.52191013192002
0.925695831950659
7.16952455205879
5.25145436594716
2.80844625606779
5.74810949368622
5.15544308313078
4.42853958298683
5.36964598839499
4.19736703409967
3.68165797696984
2.79236531271806
4.6580149737474
2.80424436410847
1.95139293951224
4.71976436813502
4.47659632950823
3.61858339556603
7.90866289323704
5.86742401528298
2.07758352063914
3.41896582414464
5.29215334474453
5.52952356027675
4.21889030995507
3.5138748144984
3.96163884470722
5.36015141426276
6.19565299758577
2.57171724720955
6.48053958405046
3.74510840281421
3.2394480220652
3.71682863120215
2.33108132161783
2.9662053921594
5.39323342915381
7.03243860760096
3.46976431492118
0.00301603833796167
0.00301603833796167
3.67229098685686
2.79844151677236
4.0688429339385
3.89737899875337
4.01447571058255
4.95260490812546
4.28293153531415
4.28037191615377
1.9355323296507
4.6712700969432
3.68689790523558
1.97276285747384
3.45077115128752
6.27555934453948
5.42648109286725
0.362661432465451
1.60215204626386
3.54857838502016
3.71323836042992
2.12618018638767
2.38246037990212
2.41988385107403
3.01239089381356
2.07728392862476
3.24265529472219
3.75731650974877
1.0750426890295
3.74892328214611
4.74207218552193
5.17627430187737
3.26677255703832
3.49279852240498
3.53379472064954
2.23861675632805
4.71501022973699
4.22053004402658
6.2209542405616
6.5110168994226
2.06874986184693
5.91252960710761
6.78090205855632
1.67449186400846
3.17041450561442
1.43771925016671
3.75798177630491
3.29390251427936
5.64612803147565
4.63096071773122
6.80701086476714
7.65072469024121
3.93887436161824
4.71300546257088
1.40408698771114
3.01174899905132
4.85524667703501
10.5239785227819
4.40574919253455
6.2444736076164
3.61570210412381
2.3591732895936
2.37711364718892
2.01581532730998
3.93914482105946
4.87694083915762
2.16568111277584
4.69069117696849
3.40279469712256
6.1415824360726
3.5679803133528
2.95086429893754
4.37522852320046
2.8262444158443
5.74462400342765
4.84266819809341
2.84603063140758
1.79751344863138
7.07756711808737
5.72946373994548
4.59383206415312
5.62017657279337
2.06768321101517
7.03911859624412
7.24141314704485
5.73384677583456
2.83065387933408
5.53592315612539
5.80462299141728
5.40430081567114
9.24801140117223
2.83678968041027
4.64597710033524
4.06596096813547
3.88748691578053
5.42840298895797
0.88236641852315
3.36132873623267
2.59799970623733
4.36778012636513
3.58125948425814
0.946027304869825
1.71097118577041
7.55800655470233
4.492004696844
3.68734344654034
2.56713277037438
3.70449081867817
2.59388732252814
3.01757061708471
5.87812074351669
4.67762576746921
5.78612972740925
3.74124860063036
6.90318818134462
3.71633101758687
5.22831651125687
1.25619717431376
1.98080534614438
7.36177879230146
5.59217016337975
4.70281535653535
3.02806381179365
4.15374221728512
4.0157300962855
5.80593440405588
2.49097561702283
7.14193151208832
4.69980350787089
5.39447199355375
5.45803936506817
5.4750628929394
5.6771608928706
4.43245136393959
2.00476646865291
2.9285468278496
3.34108625218233
2.57441363595339
4.19539896265365
2.82507800818185
5.94549230458522
6.14805329082568
3.81585665397727
3.04973836201008
8.64589511348841
4.07638619044139
4.91315539602721
3.31134046622636
2.70657293730996
2.64589560280583
3.18835745693169
5.62572308141038
3.11082712476953
3.37569901638867
4.59943559483416
1.48795099099067
2.36466723021232
6.06302398839409
3.71674286525902
3.23516559667657
4.17425973845813
3.72929104054494
3.50646968655034
2.89633189536921
0.00301603833796167
0.226661798657037
0.225302929921798
0.00301603833796167
5.47286795135908
5.67961497281028
2.7876050785673
3.42671092111966
0.967372027726228
4.36559099525339
3.46109884028602
5.13285908791249
2.76019996454511
2.62582107706859
6.31100600013249
4.84267765971982
3.81888105965974
4.63601444313193
1.24648002924549
1.73243491161726
2.91186594913995
1.42254917083385
1.86052832799811
3.61367660338644
5.07608250683274
3.56502505172164
0.777750115276108
3.07352328414551
1.97544364396652
3.76355194997276
8.18295035179571
2.98674568685964
4.50233547679825
6.15331788421352
6.87756625575339
7.85435654682066
4.61223272282602
3.67603926031209
2.54153181395954
5.54529635533965
3.03311247895208
4.02902124373824
4.17670231694806
5.25803455981747
5.12594849441353
3.34687371478071
4.47572642642335
3.2182142708776
6.65871415153156
3.28673046405622
3.25137922854984
2.37011742387226
4.10090743268948
6.75858597429587
8.20909439332317
3.75761733102809
5.85428332970461
3.2205490654886
3.58388066130161
3.0464604816848
5.70441091581695
3.8919984135995
8.5845961352302
5.28574364498694
1.31833776671357
6.18389400222962
2.64040182082541
3.70937331046795
6.97744595606904
3.32602476742541
2.15559386681733
4.88118208674338
6.18726415955556
6.53153557795187
6.25994450841244
4.82832645699009
3.10255253962499
3.86708150198929
5.60050140176279
3.30327307931453
6.06966477479426
4.27029365154698
1.52036136971507
3.18740972655673
6.30513857786435
1.39806770673154
4.80104765779995
4.30343663645921
2.67773122713195
2.33293770876531
6.87960138124119
6.1011783729417
4.04715449455512
5.45688049777492
3.13179218967081
4.38286071698713
3.59278760339106
5.49825201117242
6.96752598893552
5.30670770455134
5.32090311097498
4.22941742424894
5.75116613296509
2.37561075810687
7.53769073009476
4.92703395028688
2.14019143426007
2.68636890451956
3.45233752771845
3.20206301145199
1.60669648402242
4.82846839806653
5.16139666364995
5.48904865656831
5.59087807731495
5.46734909008887
5.69709689411753
4.81777316082563
2.25727762272364
2.94211084749636
4.67725704449209
4.13627126362676
2.43545033371006
5.19705340335493
5.23983093987062
2.33806210868826
5.28873891148166
1.98643492018745
3.7643639170797
2.08309402339178
6.9004573472506
1.10778944895731
6.47317248323985
3.29241862785381
2.40733874939171
2.29180358686079
5.15576238103803
6.37208002654145
2.70481289342678
9.00978838100337
10.5971797827479
6.12502077977123
5.28882728784667
1.27387477101321
5.34682438089892
6.56110907069194
4.06236632286066
3.82035038104781
3.40270610986228
3.05819972346227
3.82182889665849
1.68670329399401
3.3829943977995
1.36153230334145
9.12415568002542
3.03248424723689
4.55126387797949
5.51523117655377
7.47741478414467
4.41658375584919
2.37578110642792
3.600417333522
2.44685351073807
5.05949949822723
3.37427060503505
5.06229444891375
3.21329503347893
2.85124953019753
3.23924791531526
2.20037257121089
4.72283742914152
3.26685214357933
2.44483228880388
3.57461736999216
2.227793882073
3.29297369918477
2.05421844036198
1.70284163890898
2.75256789924379
4.36018705233851
3.61184224309926
5.22832909219165
4.64595384380737
2.98432676464214
7.00196970444303
4.79652998366235
1.65382731045976
2.74650024107753
5.62984938785291
1.16655933823444
5.25883348157792
6.16673591477283
3.29372171951961
2.72276713453951
0.426478917330867
7.26381989254802
2.52591970362777
1.92663447887532
4.20028952042306
3.89618278653675
8.6610736735077
4.88506636903292
6.32085910221634
4.8736778925555
2.6096380763638
2.06961350030543
5.06616988725305
8.00971669752893
3.00255711494691
3.34640488763649
5.5068182267989
4.28867029185165
3.38821157754405
3.12778064810341
2.48087261203876
4.69246862735575
7.68347022237338
3.20458906905943
2.26271908083312
7.44149192119539
1.98647357789177
2.24153355622646
2.26328230929381
2.4291237530979
2.48939283751434
4.03496889179969
3.12178898399757
6.34451736850704
2.68019194155073
4.8459708095965
2.66796854819543
3.5159012031092
7.39163290442453
6.22103862934785
2.296767598611
2.98822535790199
5.66296609922071
5.05804738830354
3.42791814014393
3.51216273635789
3.86187279728448
4.44919592289614
6.96534320869408
3.03179254016864
8.26003218249072
3.0448326821002
3.68757971398352
5.47279587678813
5.72779918220543
2.98729736089288
1.410002247167
2.82003514267507
2.59436413723117
4.51128790310776
3.82618789290236
3.27022309134891
5.61037334153596
2.00151669327625
5.69175823974683
1.71277855754442
3.56343977370034
4.84082821782165
2.70419753063739
4.90316034366068
4.94284411158917
3.65152791432249
2.78642009680986
2.59196806790059
2.28318027548586
5.06844017424177
6.75579613714979
2.14611905299454
2.710733153704
2.20722261295604
4.21806038957124
2.67449936986927
3.01262744243361
3.18427774383709
5.28424462606652
2.60479416934548
3.87466021606298
0.926303701761733
4.44124303227354
2.05025773170374
2.91655721330203
4.61503772791313
4.768115507306
6.30663652348738
5.02745282225396
4.67354200173983
2.55891949402774
3.45994291890758
12.5028795125865
8.27109732193369
3.50119165572602
5.88611826417653
6.05610576054291
6.98639035435395
5.2562749874748
3.4680166214847
7.45456037452426
4.96653779869958
4.90050430952802
7.94278162126485
4.1302037554366
7.24502277014648
4.88086917812881
3.25404871464991
3.90700963396671
6.1681889235035
3.08930239047743
1.04296646942608
2.94698409865653
4.26142639931167
4.13156680684748
4.44608561498246
6.32854945894305
2.6205432138535
2.64571321310761
3.9090581701275
2.70468223544772
4.69270789138745
4.25955370132846
2.92838754674129
4.192102828657
2.89703685917604
4.34750538811787
3.70920932550169
2.52853706828683
3.29020550014313
4.8308305337817
4.15036576118116
5.18796766617695
1.05113820633859
4.30989113232137
3.76025440199946
2.53957381467453
5.513555102359
3.23251319286704
1.14887525527436
5.14967849979979
4.627271729285
3.76372213084131
3.53659323792631
4.72227904592453
6.86874090345272
3.88722024601376
3.52505911063737
6.53795865483752
7.06462767806306
3.90606264417193
8.47626136072042
4.66324823155001
2.55067779292144
6.89366827666667
8.85673240246217
4.07837913444533
3.17177321345308
5.27261106366288
3.27225375535122
3.13369574529725
4.44523730316021
6.90084642954333
4.07278917550074
1.95776744058686
2.8813008981386
9.42676052422779
1.24791228883193
4.04017660333935
7.33794759109749
4.32764813800898
2.61010327596027
2.1373964439702
4.62500068992338
5.93248396794505
2.6370647029887
2.53979811200612
4.61225384991708
6.8551896442943
1.52435570190567
3.39204019518973
3.04153762710214
2.38187308793071
2.57908942737424
3.69772357094887
5.21221815777944
3.70009629637238
6.99562413453653
5.25362590136665
2.46375453057548
4.17570540636953
4.58725027535085
4.59432944390386
6.06680962062276
7.3263152999972
5.74930709904266
4.28717254767551
3.34712906569737
3.80899810328471
6.08451139503034
2.75598856066811
4.52101937466764
4.61975564693667
1.83979610420768
5.69901983782273
4.70077914187769
3.38251434904587
3.79178508492748
5.77059669114471
7.64951416743989
2.87631534961025
5.1201673799539
2.8539710366573
2.66870277550232
3.75209435437685
5.39492939423796
3.52771080485428
7.46305008158838
2.84976668022704
3.38818805263354
4.66690571641924
2.2577120752065
5.04763482336599
2.94717766042146
6.14514869328665
6.17033830011835
2.12738782797211
4.19894467192008
4.40574528077638
1.51872737163375
3.97905283002754
2.34671808734829
2.39243257200193
7.55141468238191
5.93890364055485
5.38442776120202
4.4997938428871
3.63948794837206
6.02364749955767
2.50421944349343
5.0664034357258
1.05909972349252
3.55458190515432
3.98317898258243
6.14429081754791
2.10299582326528
3.50627290540041
3.92915350717603
2.06354011772796
1.94177167538733
4.01508230130838
1.83526322632516
5.31587249672615
5.52414081860593
3.156209353342
5.83392872632455
3.82140316048624
4.39382445491486
4.95491476506114
6.49495651677682
2.99301295400835
3.71191822407464
5.34709774307575
3.71956564841118
4.58347329690375
3.5573298244447
6.82328081235515
3.31448423265354
1.59297559834973
3.36925273031351
2.35368961171377
2.6231426357141
3.8091957474635
3.96891148868169
3.61686739875193
5.83432097519761
2.63314642684108
3.4506046054692
3.55221537820074
3.86320775397188
2.86400354997154
3.67230781986426
4.21075047381657
4.81119174947205
3.66888982652319
3.51111190319014
4.25344932032808
3.43223826198934
3.41798011425127
2.42935715759507
5.65516596886495
5.93749127188657
6.85468104396963
3.35609463857439
2.03184446059996
7.1532126744655
8.53207518663066
4.41235625815758
3.11879562899339
6.48843693917375
4.53373695455547
3.82251621922124
2.42726345986106
5.41664599465762
2.06134871760868
3.55948851432948
4.52332873814547
7.70530366913155
5.04304967627687
6.07895117882213
6.72463114503273
3.12330128193572
1.1239800973518
2.82132646034461
5.15744239037684
5.96734422548391
2.25644255472715
5.57510095441788
2.07101674629482
1.89082690916184
5.74538024021769
3.97196368528908
3.79780833992201
5.14180511321678
2.37807784094466
3.63615751885467
5.18294577025192
2.62420114206745
4.67042602244452
2.35939396106134
3.11760339748952
4.43931699574345
7.94112894191681
3.47648453724451
2.98916944022346
4.3034084480691
5.90648527362004
4.32671888097027
4.61576426164736
4.81344086848177
6.74133457181275
5.35062562285664
4.21839709350576
5.08044321260504
3.06739687571011
4.49105400369578
6.56266692587113
2.20629410515728
7.30359260058157
5.19094117635407
4.05360725813712
4.70698893449647
3.1465842680165
2.14076181314014
4.1349563497498
3.87471748919516
2.3721098479284
4.44534294074593
3.02422949956284
3.64405656317901
4.13861071648032
7.0158794402429
5.16467996444488
2.63674415067324
3.50484144487918
6.22002581163985
3.6511418297015
2.79415678224881
3.47822991303065
3.12611925361289
2.92700343327353
3.59554524855651
3.59209349233085
5.38943729540532
3.48947102913762
4.70631946492388
0.994261014264981
1.73663933369375
4.57237362577448
5.98732980295354
1.92549239829758
2.4691111470354
4.77131716573882
2.4487099152624
3.14194971800156
7.93255138501778
10.0346879265405
3.37246257511892
6.14513321937338
4.80297859940315
8.56351618035411
5.92263967822914
2.39987951009053
4.4459567770853
2.4629281505224
3.34218670415015
5.16820575464204
2.04241983092364
2.61112623757487
2.21089738497491
4.41844565395146
8.32468760303311
2.53005112665635
3.74650826497504
1.87322490621984
2.59940515379277
6.83681634604531
4.16477107722929
2.08877591692772
5.13136431606321
2.67540146770953
4.41417600861588
1.4642584332001
3.02872801695297
3.35373715613367
3.01297654136975
5.09817999235753
1.10206595164443
4.68081607881671
6.87115146922874
4.44699130302772
4.17655428721397
5.41227111732115
2.98770662015334
3.13153867948819
2.33432346556905
4.63609663919754
3.59866493090576
4.67983832868171
3.84844897501177
4.95546831841389
3.51527035470692
8.40244910263144
2.94442673404294
3.8356594567785
4.42472119051505
5.16018756079945
6.53641937467951
4.25436813192641
3.69160069414653
2.345902842625
1.18320664026323
5.87790044249757
7.50139032740703
3.53125667031622
4.78240767590114
3.36239397879176
4.0338816991526
5.08001161458008
5.74753287305504
3.28796698773753
5.9822259745554
4.75192770922214
3.72272000619496
4.6375718865744
2.12258156543171
5.76193722176173
1.98770857167319
3.54328815149814
2.63459903990979
7.04825205416593
1.32479775617971
8.0733755926859
3.04073234320618
3.39077807881749
4.70894945423581
3.47132242926252
2.35307448031928
5.09119325365139
2.88994744600942
5.81907258392631
5.41255869449359
2.32996127768911
5.81630887873054
4.5646698730645
6.78738193244652
3.36434702304551
2.17490911714628
5.91359514428437
3.58759953225744
4.58989250063658
2.20457018865161
3.3808693027742
4.19139300026181
2.19522440865648
3.65576298633851
4.09442361211944
2.36217995939861
2.34705932211208
4.39032189830989
3.71697861701492
3.82090314273178
2.05634291519792
2.84434050193436
3.74704678110321
5.81346001369266
5.38762024445919
3.52382253701597
10.543188288839
3.49059687256456
6.97169452200594
4.38568560423153
6.21979976672465
4.68084403965347
6.80799564024573
3.46870507947175
3.98823756712265
2.82948615607116
4.76171535538561
4.87059508188308
2.60965158533018
2.9134733794638
4.56288159685364
3.46660495867714
3.71736367993942
4.14178324439668
1.51700244981041
3.24816801231462
7.21421645322764
8.63696583148851
3.39532659595469
4.23110642999512
3.29389311157064
4.43615514071671
4.4820820469921
3.05367677093341
4.28039878175742
3.57451076616959
7.68315486320827
6.26357514994906
3.84260719779408
4.41591290159826
4.98720957118563
4.24864972258761
4.02883277648916
5.37815269512195
3.84402932794166
5.10320953745579
2.39054978374952
4.26777710787317
3.2270337411056
6.49011404306687
5.08747436066701
2.62853239950233
3.82448522154563
2.08997493064811
4.97434667272759
7.86310029351887
4.22796074569622
2.89540956252256
2.27084603298157
5.12198806601663
3.74427920588464
6.02223938539634
5.50152743041699
5.04490667754552
3.37973790999595
5.1098782271738
0.707608545216927
7.58651988422383
4.14416695655925
0.705082312741946
4.89557829963615
4.71355268727426
5.96004456773841
3.10348441162383
4.8620834169539
7.19848810062757
3.89097910013528
9.56075895423917
7.72353406838726
3.09069268194574
3.4566543732963
3.32242627591275
6.47507090903212
3.00607975740862
2.7329268207681
7.33795209164992
1.7929150680421
2.67965464802355
3.49123593656505
4.75432844481912
2.00600987756293
5.02796690567346
3.76100982231207
3.29501842807889
5.33197257878982
4.00709748919498
5.51944027443643
4.95279198323628
2.12480196507014
3.71189002621966
4.35176240597846
5.41714729156616
7.52289214143782
5.58058163253511
2.07415062321298
5.69137710552408
7.15419563174603
4.57316274635389
6.60922822917044
3.05860303070672
6.09381287580664
2.30903377462609
2.89526908927648
2.94941774211951
1.94101922357362
4.41429405226226
2.45188480801847
2.73657674036348
5.57401105542813
1.87141899444893
3.20368267147607
5.46265003298827
2.54640952162081
4.78877558192512
1.51374742759276
4.89885029417799
1.68844765489031
3.62794878133686
2.43832284060798
6.19799747264388
1.71557207092153
8.5359431448177
5.55002878576064
3.36326876694103
1.79818040130469
4.00429351485116
6.03126713639292
5.87309203067945
5.50266860545412
5.6102502116978
1.29070436479616
4.05036269747475
3.68074839022926
3.8839921009585
6.56644650303828
4.67660177295665
5.02662969254715
2.99527606562438
6.68462179566671
10.874602542906
2.49959592176647
5.12060640442086
7.11157731769279
3.11161086843268
2.81690458095358
5.38900859842491
2.73716356039751
1.91191813200101
4.13624506213839
2.96108483136615
3.73540540521379
5.670399195669
5.17850444223374
4.21768380056948
8.02174361760043
3.94994466614609
4.82416742590982
3.2925812867733
5.23243439658593
2.67766439691676
3.59427925598961
7.13649548565908
4.92451913784114
4.01424131671585
4.58714022574969
5.44949971759156
4.0756570846785
5.21472885373363
6.92660183983231
3.62586142351428
1.71715296787539
3.292207349664
3.42545203259933
4.34920355617782
3.336735038946
8.2330465105746
3.91122726934814
2.78157259105216
4.74922179461403
4.05647382279305
3.13326092543143
5.72602921972178
1.64523084208602
8.69950878623518
5.07100691901885
3.57741117466557
5.80895199398641
3.12307336848964
2.64618460244172
2.98335778692317
7.80608849838391
5.84513826890307
6.41259374175322
4.62891199049553
3.25208696750222
2.48576648158374
3.07342439412129
3.2889583059217
4.90155098192646
3.93065536920949
11.9842367106974
2.26830230838667
3.45123377112503
1.07617083641123
2.48127538220248
3.49613262584924
5.16628503301577
6.33566777271863
4.27889590702095
3.48930227169563
7.61940700887795
2.00215751797427
7.91744041622932
1.79884497337351
5.68749542031403
1.97991058201209
5.23631201057956
2.97181636838491
2.95639429830687
8.05970000099203
8.38232170560999
4.48341772344336
5.29068071515472
3.26905787652814
2.50010413376341
4.64585317990918
3.94524113544479
3.04656703460123
3.25193129707372
0.426478917330867
2.35600187224645
4.33776706943276
4.41450616055906
2.97209995138823
3.22425990185168
2.63502777551427
2.7918897879615
6.12782220418151
2.99006434789837
2.37686737958509
4.38743616426365
7.47497901547166
8.8883206098028
3.81932308128954
5.54456480159986
2.45983537282622
4.09611847812532
3.04437047895303
2.98672653680061
5.61990410585715
4.76982355813814
5.03611480061189
4.07613529056474
5.13291771118483
6.55032602290307
5.09555351238617
5.59048823166731
5.5959416086174
3.33412438731312
4.29509946517159
2.90669776337971
1.7847936975945
3.60309318567734
3.44115828690941
2.6226460282014
4.26379538726443
3.98472851706248
6.40599792579311
5.08967378610215
3.36661319345554
1.87819267381504
3.22483372324396
5.19026486921333
4.63271851302311
5.85180286394842
2.74473330462208
4.87313539693673
7.74170068115802
5.6607900516738
3.00467326372007
2.06847062605528
2.79258808046161
4.91885240204703
6.08397155699568
4.35996930200569
5.30632910753978
5.05159148443408
3.48374649588962
3.31503763497481
3.62428869760475
4.68847219271121
6.30795836781069
3.12570155573336
2.97126721700095
3.76880419935685
5.47179518427502
3.91202579315439
2.09528673605786
6.04294157653676
2.69353668213078
8.8482425501976
2.6544765766754
4.88986128618941
1.83735961587201
4.14730981642039
2.58624032902326
2.4035058048579
5.66829782213151
3.08634060383128
3.59533089895166
5.33623015408489
7.35884082319889
1.69021686092965
2.57145637420139
2.43966437129209
3.0005020008051
2.72972282998494
4.08699076404153
2.26534073312008
3.79494688900061
3.32143780398428
4.497688288135
6.56576227242016
6.66396385570759
2.7965997410101
1.03727609320942
5.36924722891249
6.85286338371124
5.10971895178027
3.92223818822913
1.25347353817584
0.782903848343322
4.75080607573795
11.3271503167878
2.2449186579753
1.53753662138306
4.3519857952816
3.80277475851588
4.33855256858686
2.89049511876571
4.05677370742024
6.04953437262178
2.59126413733508
2.08746654485188
3.56724023067197
3.51755173266615
3.12065444404072
4.97242367918037
3.0708286015041
5.81519914642028
3.35202110561131
1.84353709969113
1.69611824432361
1.8911707768066
3.19293937938987
3.11078826160339
4.71994107850134
3.48736894675916
4.59591735632196
3.13779777429414
3.14491871367473
4.94848188678102
3.73490038851191
5.95912332955576
4.2360626074771
7.05816427743958
3.86971632855058
5.73840846100536
2.26198756258799
2.87931585113381
3.90315586747824
2.89059067780717
4.06568562076044
4.30712786000314
1.34292202979408
2.51992840469196
4.25763968266636
2.7725335930981
2.28881968424302
2.81840463688197
5.55578626442043
4.2420000310141
4.39116750206583
1.54761460343696
4.79959552787433
3.21267410501104
0.536108656128729
1.580525184742
6.16323508491873
3.40148732038727
1.6651083407521
2.64678985564949
4.3257825573811
2.03641558652626
4.75472671001367
1.43469592823803
1.44421057747149
4.48852545288884
0.631098937305561
6.61449158527299
6.87590464665636
5.08148825567856
1.36976795068187
2.28793838830881
2.52319299361512
2.40290240392429
2.15510992372057
4.25668238818074
2.88517631068448
5.8667380020436
2.41495534452343
2.8744986862933
2.3838235864726
6.43463411270103
1.8722521567688
7.67303771901218
2.96917437193047
4.53423997559798
3.24729545576601
5.44554247517288
4.51239537358448
10.0202336268478
4.65797251743839
4.45469363060896
3.86954743066284
8.17582465390854
2.34617441664434
4.39714822315289
5.50305641936089
3.44055424452436
6.02165139957888
6.75263150167119
3.66580664484487
5.0200639411003
3.0588534059843
4.44034979397265
6.33742693491095
5.17498471510524
1.52849801995099
5.40969444026439
3.01001585322646
2.00931877634662
5.13194438850481
4.45644653001843
3.93898165111401
5.49135158074503
1.83105607723601
1.26014958040399
2.52909968076575
6.18694311757285
9.68384790878897
3.2606217259511
2.28244821836019
3.05707568325756
3.78919881399731
2.51504731684461
3.84314953367041
4.0048711728502
3.56995740350607
4.04162470467101
7.4893117651918
2.74231100011621
5.43109084116246
3.7553939561756
3.03256997659166
4.55584225381603
3.48489509546576
6.57270975723408
3.87949667255108
7.05961782311478
4.90035179530299
3.9224700502436
2.43946525818096
3.01509701222046
2.65235740313268
3.59226749059543
4.55772862562161
2.61847590537102
2.84253106327858
4.85497659223659
4.8644596299833
3.75548992945648
4.36012750804777
5.13072339702752
2.68797221335418
4.05330131635618
4.48286533446847
3.43739011974492
3.09340276095768
4.31983459393373
2.78530727344014
5.90138083254762
3.92251875877811
13.7618016345488
3.31306214632832
5.49929301517142
6.01296443652188
7.12890097264943
1.24833800843642
2.33484333651673
4.60382518768598
5.42029415783063
2.53519544341817
6.53935287323856
4.24246353837659
6.92321029927135
4.8983972545854
7.45789151524107
3.23508054595229
5.34435887030542
4.78102300028739
5.25394364801856
7.60069118590404
5.50749422374068
4.85072881485665
2.17357885317776
3.38663214701063
3.0339239066395
4.55151734119831
5.88398082208403
2.32936993250061
5.58324470771077
6.00365435625136
1.29677176648399
2.33848745083122
5.41781337294724
2.28954084567662
4.66043798516929
4.74245678057212
4.39677936986029
5.4238540872269
3.48135824035209
5.74235522865881
2.94987570500401
4.56813839586706
5.73118103674305
5.03675304933394
3.57361815659486
5.10175706383605
9.48233187527173
6.27630377720617
4.51123815828111
2.84454036776546
4.05747860988939
3.15006394117968
2.81433872503815
3.89693729075302
5.14088429644722
3.76580441857339
3.17847922750723
4.94574475986724
8.04200890637796
4.33651184077879
0.426478917330867
2.45412427211825
4.27805449665875
1.70473460749544
1.02565176751113
7.13853655335107
5.13907254434585
2.86537279793607
3.25649897656439
3.06246222330503
2.9280423443515
12.7169488168951
0.426478917330867
10.9284855421985
7.47691741252655
2.94118390282344
4.35380311463083
4.61165858170535
3.64182766803356
3.27853016039931
6.11087052951107
3.67298466925919
2.60524533714896
3.68948329514679
4.90952224214251
3.19930533490147
3.6375906634755
6.02720046572019
3.84527850122309
5.02208909720787
3.72465799819261
5.62752400940886
4.47231072379632
0.807564328560776
4.68174911981579
3.66746437007316
4.76628911968897
1.26706433452502
2.67783388500761
7.13352891616751
4.98485574124672
1.4735606091178
7.08119671520704
11.0590167217967
1.67533274889258
8.24387615736225
1.84929326287357
5.80884127021844
7.55448344724228
6.92791371356096
7.01055928303876
5.64660483409393
2.79937526648569
5.40196720322127
3.57046702946115
1.59653096963385
3.71673513298561
2.10480736234584
3.49263514164826
4.48308414353887
4.96418338143841
2.92994365930371
6.4033563000754
2.57075553015875
4.86973078466394
3.44659193697659
2.47682739082848
3.55816066893186
3.04862590740204
5.22520252945446
3.14743973283781
4.6887999532998
5.21217845740226
1.83423330605717
0.638490454142668
2.92283186769776
4.94852813485939
5.95538754479863
2.74172027020306
4.90903012579808
0.654406817584207
3.18411181666743
5.00231687928557
3.02257348128965
4.83254756294
3.35777869388031
4.15566313328463
5.2487513270342
3.05507574914569
2.64977408031775
2.86829573375704
2.15149987472633
2.77332686496166
2.57703322645268
5.20433624199834
5.73285931019192
3.0161146923033
4.54580343155237
2.58136877257517
3.87927058487564
2.95639953216722
5.51411410011665
2.14850051593155
3.39355852320262
4.3562559382507
1.861707219734
3.99610253694442
3.25909381968593
3.90161926216004
4.35144430511296
4.06282141665585
3.83165101136041
4.82081001011663
5.95410049707705
1.56653619037089
2.18759910908153
4.14649313495793
4.390603852327
1.62075361621081
3.3603200866135
3.02095955556272
3.86167405902435
4.05476218066326
4.22342420080852
4.884852894118
3.91660154395626
8.23829333317824
3.44101001289209
0.426478917330867
6.2469662765884
3.00281621610777
2.5060460129133
5.20328799113638
2.55655284112492
2.35567055900554
6.02742935592251
7.02664325006015
1.84380170657786
3.43252894534243
3.29206871007561
2.32834036624772
2.4550062684874
1.62889962478272
3.24341763669364
9.09981111774254
2.03604827832369
3.05532572449201
5.60274634754161
7.91755436173646
4.36530419469918
4.86822093999149
3.02646314101416
3.66245194861582
4.78365380440232
4.8811991958381
2.43474885204368
5.1445250977289
3.22814386034432
4.55045222408756
6.76184728578922
3.79008192559384
5.91201503157367
5.48652292550994
0.426478917330867
4.540954759932
3.86730136884301
5.33649833368679
3.5227491971424
3.32693085712777
3.67336718302677
4.3897678177644
4.69344761434926
2.4601100113247
4.32485118831058
2.14610421432533
4.96311913421416
3.25869868682361
3.51190495945435
4.64702135436736
3.97509056979227
3.24231171378296
4.9422891214804
4.04820733154436
5.75944614575474
5.72287802365863
4.05876063241663
3.1861627528961
7.29061868057278
3.41751876623843
2.16003189955025
4.58300886121575
0.45805109008301
3.11059893316743
2.37224616133151
4.14310909798576
5.82366519460639
4.26885136168487
3.25492828546197
4.10328151130856
3.42348153690284
2.69740273472297
4.42960765477347
3.72574946025303
2.74357351663393
3.04794733576779
4.57828180199285
3.44454083119379
2.05992415145338
4.30116129288513
6.33786707844791
4.33575928598832
4.26631575453233
3.18605202998807
5.36942557129749
4.01645192382123
3.59569343374182
3.33397615129063
4.37578817349702
3.21208744202025
4.48643031885179
1.55678994839428
4.07964651366708
3.81114789490877
3.09373043476309
2.22169872868226
2.13003401830383
2.37712499292235
6.73529035501022
4.06734159084873
2.83806397243078
2.10115476188718
5.60020700537902
2.71797674172061
1.7192193739751
3.19730655154891
4.08638687922832
4.4163160534243
1.94097073409437
2.89560788350037
3.97138521277345
4.28505551332898
2.77764932173533
3.55328755756504
1.04358927950135
1.10665345566491
3.28547820382897
3.14056697185702
2.87905471967737
4.94179693835791
2.84745920400591
2.25293231138358
5.01702758089242
3.3585446734856
3.81982883544526
3.5216103459823
5.23189115310298
2.96527544013577
1.55329082919972
2.49784564456544
1.99014479880925
2.30586853923086
3.21123975095338
2.86116181042679
1.06546018877292
2.6747495807799
1.12485821593314
3.34199405233131
1.59414357962694
4.51992965726238
3.45388123742182
4.65127646435576
5.13259776462533
4.16984756316025
1.15348849798441
2.75860726212102
8.0141083291021
3.66329337449274
6.12342312810771
5.64803648760625
3.4595618690947
2.73237878319536
4.65568051517957
3.09319296576834
4.32003025161193
3.25071119572672
2.50669278041577
1.8805507251818
4.44658495316585
1.86535970388506
1.3461607348068
1.90172861204999
4.80128864362668
5.5980876789425
5.20477039345092
5.67846742910088
2.82873568280906
6.42845407489581
4.37632097696472
5.36391626669637
6.52475784066734
1.96091969832038
2.36624356082224
4.23036375678529
9.53066247402731
5.84320326354375
4.2085610116964
5.67934423723625
4.98242847655748
3.34859718614149
3.47820807358636
3.61235173313289
1.88638971838971
4.12242199185332
5.03440429335096
6.38099310674648
5.5123439359155
3.06740989341035
1.45438863594698
2.63921996852579
2.54267844158641
3.76704035724905
3.14255584729742
3.5967409768869
7.48355422970253
2.86615035282853
3.79641186390408
4.55655496571314
4.43699334536686
4.8059640125599
5.70571145908125
0.426478917330867
3.22932260920115
3.8641461234215
5.15504008341561
3.29282595772611
4.01776567688741
2.80471178371377
4.77675113783376
2.60485794967364
8.31284476577133
4.79383209627166
7.2897082432397
2.93361441599796
6.71839562806976
3.83096931108537
4.42806927939021
3.1560511361431
1.73066706279514
2.54046389698223
0.820476265871282
2.24207817088959
5.03264470502286
4.7004471012133
6.5622373283164
1.75994773429993
3.55829277675476
1.2675309269293
3.21901732690842
3.39955729026828
4.63734760873245
5.83694802895188
4.27041636688343
3.21133294445518
5.86616451239938
3.23239159005608
7.56357856084302
2.12217688608718
3.97183741148938
2.9920972654157
1.86093956399862
2.57616624261157
5.82359678117466
3.16220455013989
1.0782602911027
1.42772650348877
3.74304923336574
5.12833567575895
2.44025569816692
4.11133152976111
1.84819358037516
4.38785020269654
4.21058767153717
1.88239695224924
4.60601028505764
1.75595094103812
2.39590248250221
