latitude_z
-0.251483
4.77719
4.40939
-3.086805
3.268665
3.85263
-0.7929135
-1.431295
-0.8966635
5.672715
-3.654505
0.306678
0.988564
-0.2680545
0.884139
-0.70840005
-0.435054
-0.73247
1.261832
1.552185
1.335225
1.228125
2.528135
1.4335585
0.888047
1.271073
-1.65567
1.19471
-0.6836405
-2.382695
1.86897
1.285471
-1.415155
0.7015835
2.562315
-4.87746
-0.0665655
-5.407305
1.66466
2.364985
3.31361
0.1568155
-4.17335
1.32143
0.896083
-0.05804765
3.48581
-5.71139
-0.21109225
2.148585
-3.33435
2.908435
2.99589
0.998894
0.6302285
-0.21237515
-1.76978
1.0459115
-1.097136
2.613595
-4.458095
1.896835
0.2538295
-5.13813
3.80961
1.0310395
0.55423
-0.07067765
-0.4893175
-3.28428
5.86502
1.93186
1.2649975
0.3346795
0.4950815
0.0610255
0.4714415
0.875015
-0.2929935
1.42524
1.117388
0.976644
-1.59209
1.187195
-0.02661015
3.09385
1.07866
-1.341217
-1.566032
-0.118946
-0.1238592
-6.32884
-5.73169
0.1216865
1.190475
0.2024249
0.882378
1.20267
0.32053011
1.001966
-0.4880065
1.222767
1.529585
4.40642
0.6779635
0.8232315
1.0677935
0.175582
0.49014345
0.883209
0.8232335
0.418895
4.188305
0.25192955
-2.17752
1.255388
1.26108
-0.1685245
-4.3446
-3.313555
-3.293745
0.5775025
4.229635
3.423355
3.256785
3.046905
3.49381
2.9439
1.683795
-0.04171
0.40930455
4.408695
2.64515
0.709319
0.07885515
1.9871985
-0.271825
0.1253405
3.995835
1.1950915
1.670861
3.687
3.20436
3.337685
2.39935
0.753072
-0.33043225
1.283665
-4.79868
1.3217455
0.397054
-0.0832095
1.769625
5.539255
-4.55176
-0.456256
-3.19141
-2.722855
0.185031
0.80555
-2.011201
2.02804
1.092178
-1.068808
1.0835655
-0.708385
-0.0728905
1.634045
1.4833995
-1.344735
-0.646569
2.421875
-0.650166
0.428567
-2.059395
1.343585
1.36082
1.066492
0.446237
2.085845
-5.006015
3.158365
3.79453
0.9498955
0.81758
0.743827
-0.0239195
-0.0393135
0.388227
1.130475
1.723775
0.727458
4.46986
1.616385
-0.373896
0.9499645
1.822175
-1.852065
1.93401
-1.397027
1.378805
1.201041
-0.4933085
0.2633705
-0.3764785
-4.098125
2.03688
-0.032641
1.22175
-0.908495
-0.2415525
0.518977
2.57815
2.92312
2.784895
2.948835
2.821755
1.666145
-0.8180575
0.243572
8.514335
1.89314
-3.113085
-4.02075
1.76474
-3.285805
1.125555
0.948124
-0.2546397
3.190695
6.355685
0.36894185
-0.179716
-2.88533
-3.275095
-2.617435
-2.39248
-2.3685
1.1271455
0.9867875
1.985445
-1.392938
-1.971995
1.55592
-0.798634
2.5847
5.681635
-0.31854905
-0.383919
-0.14116895
0.7827535
4.16683
1.1652335
-0.877291
0.45113
0.972741
2.70556
-0.027392
2.156495
1.64726
0.7228925
5.172895
4.7428
2.032545
1.4289315
1.2671605
-4.90171
3.139835
2.58528
3.04556
4.08901
0.5891255
-1.878445
-1.268569
-1.748765
-1.64794
-0.7011975
-3.12922
-2.030265
-1.878415
-1.317538
1.517606
-1.114613
0.2150655
0.3172345
0.77244
0.9327755
-1.6433245
-7.38471
-0.0722
2.581815
-5.43846
1.876405
0.685108
1.0863225
1.0180805
-5.77892
-0.5992045
-0.08976
1.6670065
0.5997515
-4.144995
-3.544245
-0.8353715
0.939568
3.08958
3.399275
0.1125185
1.302415
0.7179028
1.33702
1.38408
-0.1461205
0.953693
1.149115
1.68618
1.8715335
0.048503
1.513815
1.178905
-1.0439785
0.552129
2.226965
0.3993685
3.411355
1.90285
-3.06428
3.73048
0.3148725
0.728085
1.33607
1.0356245
1.0459155
3.41313
0.906168
0.313355
1.163785
0.6289355
0.7602635
0.81078855
5.91681
-1.1792755
0.027086
4.13007
5.38632
0.08021785
-0.23238796
3.035325
3.23561
0.9674305
0.8556255
0.6118585
-0.2942045
6.24175
5.99646
-3.50953
-1.4495453
0.6993825
0.9829265
0.857108
0.6127125
-3.466265
4.91003
1.1548695
-1.98498
-6.092745
1.590184
1.436115
1.70836
-4.152415
0.2597934
0.3231375
0.503578
-2.436975
-1.59807
-1.878005
1.098545
-1.7485075
-1.84988
4.94378
1.49275
1.600195
1.478305
2.05582
1.656185
1.719215
-0.8489015
-0.868845
-2.273975
-1.3547045
-1.82808
-2.212725
-1.253271
0.7884265
-1.15962
5.008155
-1.094027
1.045858
-1.078155
0.809217
2.8568
-3.269495
-1.486785
0.937772
-4.175055
0.7478335
-0.527588
-0.16065685
0.369211
2.741075
-4.66063
-4.37975
1.86798
-8.720005
2.870835
-4.67066
1.1865675
-1.251319
1.3016
-3.46091
2.22508
-0.93523
0.24022965
4.513555
0.3246847
0.1394485
0.797848
-0.340795
0.472116
-0.13499
-6.05645
0.444104
0.383454
0.467774
0.8328405
1.1959725
1.92917
2.34712
1.94995
0.6951805
-1.385055
-7.137935
1.9387
-0.4779835
1.0690885
3.023396
1.105845
-0.135099
1.346203
0.747301
0.864711
-3.21686
-6.61141
0.594898
5.53904
3.36613
-2.095745
3.80054
-0.4646053
-3.387085
0.6797445
4.33569
-4.334275
-4.68458
1.5342
6.319535
1.581405
3.7735
0.830847
-0.6553555
2.158018
1.63256
0.729412
1.159239
1.384475
1.2272095
1.298597
-5.18878
2.10021
-0.8501155
-0.4032825
-0.4153315
-1.44234
-0.73754381
-0.48624085
-2.777425
-1.8704165
0.326412
-0.9563635
-0.381014
0.5721
0.5859805
0.36197
3.044885
-0.1773815
-0.4505775
0.41204145
0.4401265
0.499165
0.647086
1.022705
1.606777
1.961755
2.919795
0.7060755
1.0697285
-3.218715
-0.4501265
-0.397484
2.9849
3.60035
-0.811712
-0.6839905
4.102905
2.813475
0.434786
-3.726115
-4.149725
-1.741355
1.94601
3.804845
1.342565
1.006506
1.453825
-5.472355
2.1907205
-4.55888
-7.384355
0.671034
-2.874165
0.164906
-2.457155
-2.58979
1.84837
1.22489
-0.735791
0.3578582
-1.105556
2.07062
1.320888
1.160385
3.74358
2.4285015
1.515605
0.3823846
2.988075
4.49041
1.411075
3.14923
7.163225
0.448089
0.00915500000000001
0.794841
-1.98867
0.882415
3.038385
-3.843685
0.195035
1.22117
4.025205
0.224445
2.96859
-3.1481
1.696515
-2.57477
1.33995
1.75485
6.97191
7.470855
6.895135
4.150665
1.44207
2.891485
4.270485
1.138545
-1.89857
-0.066344
-0.09025245
1.230485
1.426433
1.151434
-0.4816397
1.161313
4.494185
6.861655
5.83022
-2.023485
-0.8369165
-0.778756
0.06698
2.311255
-0.40976288
-3.409105
-1.767427
1.40123
-0.291055
-1.57863
0.9758845
-3.72632
-2.29904
2.67219
-0.6408825
0.5496475
0.23351735
-0.3630052
3.42311
6.669515
1.84082
0.53968805
2.236855
-0.5554425
0.947528
2.593255
-2.246085
-2.102055
2.9732
-0.231288
2.63371
5.023465
1.78344
1.25948
-0.0204185
2.92142
1.0776295
0.8605785
0.525835
3.768705
1.0387385
-2.006165
0.454078
0.5429085
1.174875
1.038049
2.9539
0.195413
0.814221
0.2072235
3.563095
0.9081125
-2.880745
0.910616
-6.67259
1.256185
-0.7660764
4.44915
-5.869675
-0.167355
3.375635
0.9345535
-0.12739285
-0.9930235
-0.860559
1.39011
7.521025
1.058298
1.184335
4.496625
2.364215
-2.555835
1.12775
0.2658285
-1.738
-1.5104715
-2.033795
-5.29958
-4.32914
2.419105
0.3845815
0.336765
2.815805
2.11444
-0.12561
1.21718
1.523855
-0.3638705
0.1398145
-4.617935
0.014057
-0.13986395
-0.4041325
-0.39942915
4.94482
5.99844
5.64065
6.64173
-0.0350755
-7.280685
1.8139345
0.29027245
1.477285
-4.982955
2.41294
0.573149
2.301985
-2.96471
-3.75483
0.660329
-7.245045
-1.761535
3.549315
0.00303650000000003
7.553655
0.011123
-1.61109
0.44667295
0.3703
-0.5333055
2.47458
1.55056
-2.649605
1.128467
0.775771
4.690505
3.30015
3.85021
-3.598575
1.0193915
1.3882635
1.22833
-5.015615
0.5853405
1.36499
1.223805
-2.24628
3.5065
-2.355025
-1.918065
3.02354
0.515689
0.8082845
0.92925935
-6.29451
0.491089
1.247605
2.938515
1.2316515
-5.769135
2.8281
0.3231195
4.511915
0.903839
0.6442305
1.04972
3.40203
5.81566
0.9370795
0.3079665
0.6816132
-1.249364
-3.457145
2.54697
4.87703
1.31228
0.35348
0.440747
-0.85407
8.37407
1.1611075
4.738665
0.5097345
4.265245
1.139695
1.099159
-2.40188
-1.32727
-4.181785
2.557525
-1.0050305
-3.14039
4.73022
5.839435
1.17117
1.179951
0.6786305
0.4074015
0.4038167
1.60432
0.686564
1.93975
0.848641
4.307305
-0.57675245
0.935884
3.367545
3.341255
-0.19442435
1.9427365
2.2834
-1.80494
2.854335
2.352915
1.023537
0.8887075
1.48126
0.7522355
-0.223924
0.999333
0.444686
1.69633
1.43393
-4.70087
-0.823811
-0.2756915
-0.985495
0.664384
0.3846195
1.543075
1.876645
1.0989405
0.6170615
0.434926
0.4845218
-2.33981
2.214975
0.873406
0.18482465
0.3822885
-0.3850785
1.20508
1.2504365
-0.913583
0.0498465
0.5300755
-0.8902085
0.8891285
-5.550305
-0.567415
1.838055
1.57785
1.642365
0.8237165
2.49259
2.48016
-1.1141135
-3.4785
-1.853875
-2.39069
-2.071965
-2.82245
4.143235
3.249345
3.28366
3.18751
1.40461
3.489315
3.16848
-3.221475
0.5149105
1.3068
1.404655
0.906605
-0.289643
0.5877915
4.12863
-1.209545
-0.978409
2.506495
0.3697425
2.10987
-2.71523
-0.371074342
-0.18608
3.49691
0.5475535
0.015468
0.6045315
2.08047
2.096525
1.1200525
1.46713
3.041455
-2.3088
1.02236
0.7806365
1.43272
1.86542
0.3911795
5.77022
6.145505
0.3166535
1.60937
2.19441
0.4346385
-0.73162525
3.67576
8.381345
6.67345
6.922395
1.30072
1.19596
0.723903
-2.145055
0.772191
0.5207285
1.1715205
-3.51764
-3.486755
-1.433205
2.221565
2.60509
-2.9868
0.312227
0.9880225
-1.63968
1.36683
0.0450375
0.338429
-0.803198
7.14053
-3.490465
-5.389065
0.5694915
1.45674
1.169793
1.503065
3.38592
0.3702315
-1.48945
-0.413222
-0.426691
-3.2847
0.2765915
0.28360205
12.524865
0.4051115
1.360555
0.6120641
5.752835
-7.190975
6.309155
0.028937
-1.719485
2.511195
-1.88753
1.087545
-1.496055
-5.372155
-0.515155
-2.22401
-0.058472
0.8894525
0.2417575
1.775565
1.094775
0.9570685
1.387995
0.5846475
0.94432
2.05887
0.355963
1.0288605
0.8994055
1.712075
-0.3003985
1.924815
-0.0449415
1.1024835
0.6087965
0.9048315
1.58839
-2.093235
-3.49102
-1.45608
-3.911195
1.430965
3.942235
-0.3744295
-7.01317
1.013003
2.84344
1.7452965
1.3688
1.660645
-0.4409835
0.618155
-0.221822
-0.1733005
-1.27218
1.1803255
-3.008715
0.824691
0.9128915
0.64597
2.231115
0.6681195
-1.18748
1.15743
2.904235
0.1667455
-0.10575615
1.0851275
-0.54368
0.1697685
-0.549196
0.935761
3.559345
1.283849
2.29943
2.863815
1.359273
1.828075
5.376545
0.10285185
-1.060395
1.822945
-0.1073523
-1.236545
-1.3319955
0.403242
-4.613715
5.489895
-0.24740675
0.3433041
-0.2664805
-3.152285
-0.762067
0.4716115
-1.81804
-1.461595
-0.11478205
-0.541759
0.4545865
2.0716
-2.335195
5.134805
1.949386
1.254762
0.376371
0.1707275
-0.23156391
0.17977925
0.56802955
1.50591
0.255503
-0.1208805
-0.0788305
0.8407355
-1.9352
-1.202355
0.515942
0.2161755
2.09474
-1.7294485
-0.551087
2.599445
0.3011755
4.549815
0.6404255
3.69909
2.10401
0.33807
4.146545
3.0237
-0.5440795
1.677785
-4.5555
-1.235515
-5.783045
3.56338
2.5337
0.4631475
0.547753
-1.0489485
0.951582
0.773038
0.874582
-1.467875
-1.035716
1.295285
3.94409
1.299385
1.68634
0.625194
2.14095
-0.0341755
0.045817
3.41495
1.849715
2.442725
1.90447
2.03722
1.54078
-1.86092
1.366955
-0.475230855
-0.5507375
2.50459
0.873939
0.376743
0.4903585
-4.996295
0.5321902
0.8693615
1.0643465
2.58653
1.934835
2.18672
1.746875
1.403215
2.5729
0.22791175
1.529225
1.303751
1.348715
0.918477
0.8610145
-0.4567555
-1.53031
-0.1472925
-0.61119765
1.182549
-0.3195425
5.00763
-1.153275
-2.09182
3.753915
1.3205475
1.93681
2.0625
1.91988
-2.89078
-3.154265
1.886
1.513165
-6.65877
-6.453925
0.859202
2.387886
1.3348265
-1.520465
-1.015249
0.895323
2.342535
2.21754
-0.6066735
-1.042225
3.775335
1.75145
4.797645
0.4593515
5.7279
-5.970255
-4.262665
2.831765
4.950295
4.902485
0.7576625
1.619724
-0.681748
1.89488
1.0046095
1.1937155
0.4849185
0.84193565
2.140945
-0.7085725
1.1793155
-0.9555175
-4.22584
0.83286
0.08682615
2.31623
1.074889
0.538963
1.47939
2.636655
2.400935
-0.701355
1.3675975
4.611245
2.007105
1.557718
-6.581445
3.01097
-0.7756935
-5.688045
0.3538255
0.0964863
-2.015585
-1.1478235
-1.1848045
-1.594392
-1.113088
3.04938
1.051978
0.9774395
-4.09829
0.7359345
0.9968205
0.7463415
0.975399
1.57628
1.4893305
3.08298
2.546885
1.540465
5.49055
0.8713645
3.1508
-3.802665
1.21364
-0.384145
0.714048355
-2.899985
-0.9998599
3.473695
0.726936
0.9834075
0.685846
-0.384963
-0.3832702715
-4.44904
0.0864115
0.95922
-0.047713
1.350293
1.52924
1.761435
0.109045
-0.1318682
-0.3882925
0.7306905
-0.7827855
-0.0545895
0.9050505
0.692256
0.8941855
0.9153735
-0.0880495
-0.999426
-0.3819325
-0.7863765
1.110968
-2.00494
0.7480675
1.77926
1.97267
1.63564
2.971095
1.65678
-3.139585
-3.572965
0.2119365
1.151416
-0.356207
-0.405887
0.0710885
5.525245
7.261925
1.0299115
-1.024615
-0.9140095
-3.674015
2.182535
1.299915
-0.1723547
-1.1273555
1.56975
5.696735
0.83252
2.812565
0.17305655
0.0452415
2.432345
0.956115
-2.91594
-2.33897
-0.173823
-0.2320675
-2.470645
-1.498133
-0.710237
-5.396585
1.175956
1.17854
0.0147922
-0.115401
-0.0101595
1.77364
0.468457
1.166155
1.4081875
2.04892
1.85542
7.220705
-5.89555
0.7721385
-0.6549405
1.698535
1.056678
2.6549
2.51915
2.86878
0.6726085
-1.61104
3.00402
1.6291005
0.412297
-1.0379455
-0.195585
2.207495
1.487773
1.261045
1.5090865
0.6396735
-1.3465905
0.711132
1.793915
1.0151255
3.67685
2.333565
0.5782005
0.1697775
-0.9198265
0.6162485
1.33947
1.7595392
2.901445
1.32453
3.11783
2.017175
2.30418
3.242555
-6.458845
1.31429
0.976187
-4.86092
0.8663455
1.09714
1.68402
1.472965
-4.14032
0.8388575
2.60097
-1.362851
1.011473
-0.9317535
0.47161955
1.0981345
-0.60208785
-5.063
1.9038935
6.47562
-1.0749995
1.32388
-1.498706
-4.034815
2.74039
0.8068505
7.089785
-2.26031
2.83793
-1.008115
1.0607815
-6.442295
0.4359075
-2.57052
3.281415
-0.078456
3.266475
-0.670099
0.3681155
0.8899085
3.15738
2.41243
2.44768
3.447275
2.591345
6.99081
0.9431985
0.4396244
0.9339415
0.5306115
1.0821515
-0.989405
1.07552
1.1016355
6.083895
6.788525
1.1760535
-0.2437465
0.608251
1.10867
0.0299755
1.195645
1.752695
-4.000955
2.078238
0.7550255
0.8045215
-0.976523
1.640615
-1.6212025
2.53134
3.49875
1.172707
0.11589
0.684337
1.234548
3.46345
1.511271
0.07556707
1.3505655
0.846428
-0.6827795
3.02172
-1.85379
1.22519
-0.245811
2.3443
1.74677
0.2442335
-0.30402175
0.970968
0.5147291
-1.94753
0.9407945
0.230969
3.021865
0.2380875
0.6730355
3.151775
1.93184
-1.170055
2.51375
5.13142
3.786015
1.2566765
-1.80951
0.8787325
1.80205
1.0468115
1.19244
1.053861
1.46325
-1.515925
-1.83571
1.789395
0.4582535
0.196298
-4.27304
1.505975
-0.787388
1.66154
2.13762
2.581385
-1.891865
-9.006385
-3.18353
-0.2115153
2.1289
-2.187385
-1.3512375
0.4613766
-0.3026845
0.9865705
-6.37161
3.71389
0.402002
5.063925
5.15517
-2.555155
4.267645
1.95699
-3.66182
1.554355
-8.603475
-3.316325
0.274958
-1.5123545
-2.57691
-0.3873545
-1.04292
0.6873165
-0.1141015
-3.79901
1.10589
-1.44988
0.970891
1.934445
-2.28774
1.57549
-1.1228155
0.0733055
-1.992135
-0.260572
5.7558
2.86741
-0.9955635
0.1939989
1.9573255
0.573644
-0.86792025
1.364075
-3.04582
0.93715
1.946285
0.0687035
1.07717
-4.235795
0.9487545
1.1517305
0.60973
1.0638685
0.536094
6.429835
1.760395
1.72287
-0.816842
5.84121
1.72951
2.778295
-2.905255
3.078305
-1.395649
-3.79036
-2.004875
-1.097765
0.0992421
-0.8280615
-0.8276765
-3.132485
-4.620615
-0.0742404
6.66194
0.3745925
-4.38372
1.83255
1.480965
1.087577
3.14661
-1.0390575
0.4361288
1.131661
1.0428335
-1.1049705
-3.974935
-1.086878
0.4781365
1.975625
2.04693
3.134255
-0.047376
1.61564
-1.79161
-7.138895
-1.388748
1.595095
-3.1804
-0.47073005
-0.836164
3.19256
3.26496
2.07179
3.096425
0.013878
0.83875025
2.66391
0.018683
-0.966149
-0.36804365
-0.27289265
1.1447895
-4.479415
-8.90058
0.892818
-7.19133
0.3332552
-0.632534
-7.457425
-1.326095
1.16561
1.932305
0.225211
-0.484371
-0.0178445
-1.83724
2.628685
2.921735
0.939485
0.656692
2.59309
-2.93122
1.0532915
5.401185
5.080485
2.07957
1.322935
-0.07667
0.859316
0.7655015
1.334005
-2.033825
-2.784195
1.076675
-1.9765385
-0.875838
-1.27968275
-1.4075855
-0.0546795
0.39119285
2.341105
-1.686449
2.895239
-0.04705805
0.8831985
-3.21598
-3.71669
-5.411455
-2.84398
9.075805
8.271865
-4.23374
0.0797234
-0.274253
6.42223
-3.30491
-0.5075816
-0.9241325
3.227015
0.5484095
-1.4544955
0.38506905
2.09733
-0.5645425
-2.10298
2.03694
-1.0439225
-0.9436645
0.4574725
0.132435
-1.069334
-0.383844
-2.000815
3.04416
-0.8591395
3.718315
1.88035
-0.269608
0.3182555
0.8143885
-0.926671
0.781051
2.849125
-2.822735
-7.08318
-6.286545
2.495495
1.095949
1.09981375
-0.973618
1.255666
1.927255
1.336005
1.48332
1.489825
3.456605
1.62903
0.569374
2.47744
3.977425
1.389435
-0.16985
-0.5990445
1.319475
0.8510681
-0.37246485
3.6251
1.839772
0.919657
0.71349695
1.1879075
-0.7052325
0.9636975
4.562235
-0.3201375
1.181881
-0.1242105
-1.72218
0.822286
0.525282
-0.7870215
2.34952
0.981011
-2.235315
4.302355
4.50087
0.5745789
-0.23568805
1.056358
2.2352
1.063985
3.207785
-1.49442
5.347405
-0.167058
3.621525
0.677917
0.530268
-2.245888
-1.1812115
-4.84227
0.252566
-1.541705
-0.2641788
2.05734
3.30527
0.843436
1.73638
-0.132088
0.0684315
-0.418138
1.1146535
0.3990615
1.1374025
0.6919375
0.80444
0.5194245
0.5238665
0.82505
0.5921575
0.6230589
-0.0613645
8.588665
0.549277
0.7641795
2.143615
0.749435
-0.6302634
-0.417815
1.4715765
-2.97581
-1.172416
-1.546165
-0.2871783
-1.209085
1.64069
1.839455
1.9799125
-2.45793
-0.1081149
2.21432
1.27599
-0.884861
3.88148
4.38451
1.260211
4.275315
1.009886
-0.164591
5.860345
1.880155
3.91705
-0.1289695
1.539265
2.454715
-0.4683545
-2.527595
2.827335
2.841565
-0.56113915
2.547605
-1.60061
-1.1417515
-1.07383
-1.022173
-1.083579
2.028615
1.1217735
-2.20316
0.9529395
0.542571
2.76235
0.500988
2.46057
1.4938115
1.43675
-0.417313
1.57665
3.661125
1.0997495
-2.579095
3.109575
0.878979
0.8166025
1.015625
0.422077
0.147023415
0.4102615
0.11228
-1.721305
4.108335
3.46965
3.82274
-1.937075
4.96553
-3.185915
2.17717
2.49004
2.51428
-1.1344105
0.3467475
-2.16983
0.829345
1.748665
-0.21275
0.62760665
2.694235
1.544495
1.862225
-4.00611
1.42605
-5.25041
-3.321625
2.356605
3.212425
5.36596
-0.6059585
-1.170584
2.275815
3.122405
1.431903
0.697736
0.5569355
-2.741905
2.63572
0.5266825
0.995548
0.6384775
3.240585
4.29575
-3.23022
-2.136925
-2.994055
1.904325
1.4153945
0.872068
4.28794
3.17917
1.802235
3.52713
0.5398371
2.475825
0.947708
2.000895
-1.806275
4.21834
0.694005
-1.695835
0.4060175
0.518138
-0.5728359
2.146315
-3.697525
0.4776785
3.965015
0.17498855
7.71808
6.853235
-2.03701
-0.33101572
1.51439
1.144615
4.27927
1.78787
0.213964
1.611425
2.372803
2.117335
1.0751085
-0.059352
0.7536195
-0.980041
1.203215
-0.293019
0.348851
5.12843
0.163793416
0.962789
0.2826405
0.574863
-0.49298
1.420085
-1.43505
3.40849
1.047678
-0.2283458
-3.03826
1.009517
-1.5145
2.602025
0.11688
3.78858
0.025696
-0.2393325
2.37275
3.331595
0.5916605
3.22283
1.982015
3.419425
0.8910665
1.45498
0.992365
1.29158
1.863855
0.7495925
1.12607
0.7686375
0.523131
-1.31802
0.4092965
0.983097
1.62963
1.027112
1.218395
0.76450965
0.947683
-0.36665795
0.8191445
-0.1202925
-1.62144
4.06273
0.273429
0.6720335
0.3318625
0.554887
1.389625
1.007743
0.690336
1.78727
1.488915
3.080955
0.35385216
1.11507
0.8152985
1.059008
0.19478136
0.747888
0.6336365
1.039965
-0.6991475
1.1781
3.58965
-0.04366675
-2.45479
0.18649745
0.974704
0.7876985
1.835015
0.246498
0.8608295
1.161245
1.01363
5.188015
0.1793475
0.679818
0.5850725
0.0353365
0.515494
6.119275
2.078075
1.2192755
5.644775
4.3526
2.411635
2.83466
4.81709
4.022
0.5531415
5.339145
2.712175
1.5724065
-2.215745
1.4370355
1.591601
0.764687
0.6855275
0.5240095
-4.47104
1.426315
2.692835
2.0884
1.9728935
2.6027
2.92047
1.79852
-3.85222
5.13762
0.3186887
0.8631365
-0.0057299
3.640005
0.864468
-1.0921195
-0.0048063
3.513485
0.855596
2.056195
0.132568
1.609435
0.9115305
-4.590515
2.66775
0.7681565
0.875556
0.674253
-1.27569
1.078765
0.47149715
1.194415
0.5284315
-4.708965
-3.871015
-0.0314495
1.6206
-0.5572215
0.55618445
-0.4723245
-0.1457645
3.595085
0.811873
2.230705
0.6254285
-1.45911
2.725185
3.464735
0.230625
4.60049
0.8606665
0.5005275
-0.913677
0.810139615
2.15262
-0.5115155
-0.6766805
3.070205
1.48852
0.6350285
-0.4760845
-0.681584
0.2808915
-2.84743
-0.366506
3.38337
0.198147
0.8483459
1.833765
-0.5499165
0.0429915
-8.10374
1.047257
1.89154
-2.03214
1.068609
-0.7952305
6.03412
-1.0115805
0.5658065
-2.141863
0.8991315
0.489161
1.531215
-2.563715
1.4038
0.5794295
1.5551755
0.8656345
-1.151202
2.37438
0.6586735
-1.84739
1.0326205
0.628861
-8.391555
-2.02471
2.98283
-6.032095
-3.4225
0.015841
1.606315
1.706865
-3.284715
-0.11864195
0.0326195
1.0913445
0.309281
-0.5413035
4.640735
2.29361
0.511196
-0.8730355
0.3214299
-2.676135
4.03042
-1.34066
-2.27041
2.22608
3.245535
-3.123415
-1.67841
1.74556
-2.389285
-2.649525
-2.00002
-0.860377
1.2142655
-3.517555
1.149025
1.77067
0.673665
-0.0294
3.344115
3.574095
3.428795
3.300845
0.5025735
0.5730745
1.14612
-9.340945
1.156213
2.069965
0.000400499999999998
-2.20463
3.32434
-3.134165
-1.9865
-1.38993
1.393495
0.5887725
-2.05385
2.406315
-0.228370455
1.325616
5.444865
-1.44504
0.2815525
-1.96037
0.6115705
0.995458
0.62939
1.4383
2.07099
1.03149
2.35256
2.456015
2.48251
-0.1476775
1.58193
-0.3051135
1.211946
-0.501755
1.49669
0.6198005
-2.707615
3.29394
3.84663
1.76054
5.170135
-1.877615
-0.14746795
0.6016225
0.6474355
-0.2052546
-0.1814625
0.8081575
-8.193545
1.0151445
3.814205
-1.695115
2.825
2.04215
1.0223735
-1.55376
1.1710325
1.4424315
-0.94643
1.15094
0.1471161
-0.30039
0.9749495
0.774529
0.8121535
2.10269
1.870135
1.535695
2.20149
1.336212
2.951705
0.1035699
-4.67788
-4.46219
3.38273
4.747805
2.231885
-4.983905
-1.96168
0.9091215
0.7553625
3.712475
-0.516928
0.886309
7.914005
2.11102
-0.343133
-3.328725
1.30634
2.07161
4.29011
0.57139625
0.9005305
2.299325
2.31709
-0.402613
5.72293
0.4849785
0.260262
0.9602095
-1.506207
5.60811
2.63916
3.349225
1.61481
3.30863
-4.77845
7.050475
0.663773
-6.03326
1.71227
0.0717375
0.740944
2.212575
2.78462
-0.39668125
2.60939
-1.79298
-0.834622
-0.3678885
0.8033375
0.3643625
3.915985
0.3326225
1.3362225
0.368617
1.0601465
2.204085
-0.020435
0.726557
0.108869
3.87403
0.8181155
0.719856
-5.32765
2.620815
0.952279
0.717576
1.0741145
-2.001765
-2.089125
-0.2513365
-0.8162925
-1.7119
-4.667065
-0.2073715
2.471071
6.18386
0.248927
3.923465
-3.63357
0.8581605
0.7997909
-0.395447
0.357802
1.677295
0.01884
-0.174317
1.2708705
-1.62972
1.094106
0.4936395
0.519446
3.1313
0.9344595
0.6178254
-4.235015
0.1993495
1.49452
2.070615
-9.15478
2.42981
1.09877
0.8735445
-2.77998
0.1449171
2.05797
1.36296
0.6413105
-0.28439
-0.3841095
-7.484715
0.936437
-0.422173
-0.1826385
4.266015
2.551355
1.3078055
1.6783175
-3.728515
1.0126775
0.02248955
-1.613185
0.753783
1.4798535
1.56958
-2.38472
2.004235
-0.39416675
0.51339745
1.85271
2.04937
1.605375
2.287245
2.37892
2.478485
1.547725
0.579986
-2.103105
-0.7034335
5.13825
0.208575
0.257156
3.105915
2.11347
4.44402
-0.43535
3.74706
4.373635
2.89669
1.146202
1.0632215
1.257225
-0.42699165
0.6979695
4.10245
-1.513751
0.23795025
0.849537
3.394865
0.5658765
0.1463415
-1.13188
-7.377125
0.605315
1.472185
1.70786
0.5210875
0.697877
3.784485
-3.920395
0.35073605
0.924022
0.3087574
0.59516095
0.091196
3.6568
3.31768
3.74767
1.258785
1.42941
1.56483
1.3667695
0.702372
5.828855
0.4420545
1.1226565
0.2824635
-0.4691325
0.5816925
-0.610869
-0.1749754
2.02013
-2.987825
0.0230305
-1.5765
-1.14071
1.1844875
-1.409555
0.768834
0.3059185
0.937784
2.32098
1.87104
2.816395
1.66937
-3.380905
-2.857805
3.52189
-0.314277
-1.1717585
0.7640335
1.069685
4.258125
0.9573635
10.931835
4.675145
-5.856005
4.03803
-0.8888655
0.2745795
-0.3195195
1.2297885
0.2989405
0.34167025
-8.27649
-9.254215
3.8448
-6.30699
4.198985
3.149825
0.799489
-5.918035
0.0675615
0.452305
0.18063625
0.4158885
-0.2705665
0.4932327305
-2.42865
2.24308
2.47399
2.62168
-0.352714
0.830946
5.23886
-0.1733021
0.1621695
2.579585
1.5324765
-13.98645
-12.1944
-4.65664
0.883798
5.846835
1.06448
0.3595615
-0.370885
0.9870195
1.723295
2.408935
2.967285
3.261415
0.8240215
1.1733225
2.973105
-1.528535
-0.012403
-3.742505
-0.282446
0.5661255
5.941835
1.488755
1.80309
-3.02886
-3.16947
0.221991
0.303767
1.45237
-0.628331
1.74454
-2.26318
-4.018075
-0.716667
1.570535
-0.7644705
1.97482
1.68667
-0.68638
2.0601255
0.588487
-0.994601
0.0367705
0.4559395
-0.1385466
0.0279639
-5.88185
3.14351
1.3054075
-9.18247
0.0315975
-0.6276205
0.820073
2.01929
1.2518665
1.200635
1.2361
-7.60832
-0.693873
2.186505
1.37554
1.63787
8.65089
0.92038
1.258095
-1.614825
-1.33893615
-0.13744575
-0.605648
1.7961105
1.7304
1.7126765
1.88769
1.714515
1.871775
2.07795
0.9250065
-4.55778
1.735865
0.62651995
-0.0314345
0.0236825
-0.1564104
-0.5130165
0.3163145
-0.2168135
-0.518759
1.14641
1.736695
-0.6089865
-5.24138
-0.03788
0.7950465
0.881237
2.012245
0.2938815
-0.150478
-0.238285
-3.088235
-0.416814
4.01114
1.9813
0.815785
-0.3155595
-0.9145595
0.564303
2.302115
3.918475
-2.55626
2.322775
-1.1501865
0.6302985
3.136055
0.23742975
-0.383974
0.746735
-2.97257
-3.225005
-1.0390345
-2.3046
1.2172325
7.56326
-0.7820755
-0.0316875
0.3744315
-0.02313
2.1284
1.85326
1.91985
0.6556745
0.8827235
0.82585355
-1.33411
1.81588
1.255455
-5.13086
0.1508895
1.968275
2.53379
-4.788825
0.0606265
0.6868545
-0.222269585
-1.0727025
-0.1572691
-0.412379
0.8904595
2.908785
-1.939165
-0.1458055
0.9295435
2.80091
1.074191
-0.169943
-0.222096
-1.15683
-0.8047022
-0.851427
2.99933
4.458215
0.7273645
0.8084775
-1.72649
5.413915
0.7271875
-4.43757
-0.941738
0.459186
2.134853
-0.136215
0.5679145
0.6039073
0.527736
1.009504
0.209256
-0.700582
-5.38673
-0.466176
-1.34187
-0.48747
-2.519545
-0.3825401
0.517888
1.61993
2.48133
1.3589245
-0.408679
4.372835
3.483185
4.58096
2.3067155
2.55038
-1.48097
0.930518
3.18281
1.099214
0.822814
0.4125862
0.2351195
3.437115
5.217515
2.090555
-0.2514435
-0.281549
1.117952
0.877423
2.48338
3.17342
1.3877
-3.9368
-0.9977515
-1.541535
0.296217
-0.8014365
2.267005
3.092695
6.167335
-0.1030844
1.815615
1.84713
0.54895
-0.1508955
-0.3530905
1.250956
-1.459929
4.25468
-8.1138
-2.2814
1.286855
0.7323265
-7.608345
0.6202875
0.1653775
3.417165
1.88411
0.15887285
2.15899
-0.2778925
1.483395
1.405309
0.890771
1.12121
0.6155145
-1.921695
0.4115487
4.853865
0.056994
-1.2095315
-0.7888785
-1.552675
0.7518235
0.596786
3.772065
2.30307
2.31069
1.63244
-7.932175
0.784015
-0.66296153
-0.768844
0.3725035
5.941655
0.736185
1.692775
2.047485
1.0345625
0.5264675
1.2108845
1.473825
1.11111
1.16855
1.16384
3.946385
1.1950365
1.06871
2.900375
1.486185
2.41143
-0.0331308
0.10923005
-0.3880965
0.402847
-1.72941
-1.1907885
-2.082665
-1.49636
-2.576575
2.020775
2.44185
0.770543
-2.39919
0.43593
-1.97187
3.73796
-7.52886
1.503855
0.616843
1.651945
0.8920585
0.7675055
-0.2835545
-0.08625185
-0.000610500000000014
-0.7296445
2.43965
-0.62130405
-1.101637
0.73031
-0.279093
-2.82279
0.885749
2.029155
-2.41353
2.53269
6.448495
1.961475
-1.50054
4.30893
1.36164
-0.17988
-2.875555
1.7833
-0.342612
0.2948315
3.31237
1.881305
1.89956
1.075389
-0.1335295
0.1610395
1.0117745
-5.505955
3.35259
-2.18576
3.95839
0.30904799
-1.777318
1.38065
2.41236
0.497978
0.7290765
0.533097
1.873935
1.895365
-0.80509
-3.0508
0.2784705
1.487755
1.70634
-0.7875175
-1.902555
0.6843621
0.148881
-0.2073645
-0.9119625
1.0156215
1.746075
-3.000985
1.864
1.013381
1.89007
2.036635
0.6224821
2.175305
0.46239
0.5572345
-4.13631
-1.58171
-1.64295
-1.0876255
1.57963
1.270505
0.5705245
2.26065
-0.0555395
0.7727805
-2.941405
1.7793715
0.072606
-10.228785
-0.738675
1.23926
-3.63001
0.1872925
-0.2701855
1.129077
0.9842335
1.33834
-0.04451875
0.7583055
1.57722
1.100686
0.890534765
0.00296333
-0.44416
-1.927315
-1.4010175
-2.25298
2.11262
0.531247
-0.703883
1.998312
1.13559535
-4.48819
-1.8053535
3.22785
2.79612
3.580925
-3.05314
-4.47748
-4.52757
-2.1654
-4.82342
-4.206005
1.5246015
1.25556
0.146539
1.171201
8.42265
3.174445
1.42562
0.94526
1.217103
4.27276
-5.075315
1.231485
1.27807
1.338262
2.082275
-2.694165
5.293855
-0.7695335
0.37961
3.11053
2.000275
0.530453
2.285595
2.09054
1.571115
0.560554
-2.52268
2.411965
0.27547
0.5634375
0.4124905
1.18295
-3.44139
-4.22308
-0.4548488
-2.84259
1.714675
-4.139855
1.5329015
-0.4008268
-0.429178
0.611369
1.140727
0.8869125
0.507688
1.193625
-0.23636315
1.426203
0.053104
2.07574
1.849655
0.9734625
2.76666
-0.6008405
-0.3587789
-0.339418
3.109975
2.21495
3.05105
0.9025565
-5.5246
-4.26683
-4.652295
4.30538
2.483345
6.554305
2.592755
1.717618
-0.119656
-0.60967
2.5748
1.195199
1.761025
2.53081
3.190815
1.500145
0.647175
2.14088
1.750325
0.0947755
-1.635985
-1.69378
-2.2084
1.756205
1.3823845
2.8583
2.423915
2.536765
2.9087
2.396535
2.113935
-2.30384
-4.47072
1.13583
0.3179705
4.859985
0.5046885
-0.710202
5.09256
0.9085065
2.5484
1.0997615
3.46168
1.2305845
0.56031
0.9776175
3.48614
-2.63323
0.973194
1.328895
-6.31226
0.705278
2.434475
-3.585345
3.053725
-1.212425
-0.6705795
5.28996
1.0536545
-0.624234
-0.39505315
2.28592
1.886045
-0.892722
0.55653405
0.164673
0.26850445
2.456035
2.70202
1.921775
1.70634
-0.04993795
0.665077
1.85174
-4.013665
1.957265
3.405105
1.94924
-3.239325
1.1312575
-0.37271
0.0639305
-0.337614
1.114695
1.98407
1.4643075
1.79799
-1.39727
0.13563115
-0.5836975
-0.1531705
-2.428625
-1.94764
1.1799
0.625239
-0.161775
0.547424
-0.419223
2.77565
-1.732545
0.1407402
-0.20451555
-6.98981
2.63227
2.34592
1.220152
-0.23830845
-5.53551
0.0526971
2.388165
1.454302
-2.71847
-0.580657
-0.4066075
-6.47737
-0.169477
-2.0565815
-2.2611
0.166046
-1.9064
2.680945
1.1614395
1.352515
0.881811
1.299745
0.5059085
-0.7243665
2.39163
1.725735
-0.2437735
1.303305
1.43347
1.74079
1.086985
0.4406325
0.899244
-0.07689745
5.91229
-0.15692885
0.563043
0.0675215
1.74392
0.937814
2.08192
0.6633925
1.57308
2.80095
-0.931293
-0.5370315
-1.516305
1.24403165
-0.8258175
0.5878425
1.058175
0.0546525
0.905813
-1.922275
6.91468
-4.485075
-4.09666
1.98448
-0.9388675
1.84463
0.649624
-0.384301
-6.0231
-4.89259
-1.36452
2.6114
1.6021535
0.608703
-0.373113
0.815456
-0.499307
-0.9802965
-1.90957
-4.002765
0.3045917
-2.79445
-4.95343
3.329715
0.5300785
0.6136775
0.7100395
1.75211
2.86154
0.6499543
2.51859
0.906424
0.0433745
0.9170205
1.7906
-0.0912005
-0.9048735
-1.31121
-1.987765
-2.005115
-0.2834045
0.5061695
-0.25716
5.780195
-0.4266635
3.808355
0.3209056
2.000885
-2.84219
0.861314
1.1148955
0.678336
1.905565
-0.8556755
0.516338
1.167812
1.51519
0.3981825
1.45267
0.7155135
-0.636562
-0.966917
1.445975
-1.335505
1.21277
0.850232
-2.572925
-3.06801
-1.2631665
-0.603709615
-1.570465
0.4164945
1.944205
-0.037175
-2.96689
-1.868335
0.6770985
0.822542
0.5902655
0.3254805
0.2358466
1.5102985
2.142825
2.564065
1.1779235
-2.15465
1.242129
1.1384745
1.709205
-1.342459
1.438902
0.1843518
2.294115
2.367285
0.8294035
1.66741
-2.352345
1.2404105
0.54236
1.1270135
-0.7289485
-0.4900595
-4.062145
2.10261
-1.33181
0.9787145
-5.878005
0.694081
0.1469685
-0.442354
-0.558742
0.297452
0.8675755
0.57633
2.17982
2.5169
-3.331525
0.9627425
1.9268
1.5466
1.229963
1.101333
0.84925
2.081785
-1.0666645
2.85284
-1.0237065
-1.612735
-0.514744
-0.6798045
-1.298105
0.7456215
0.9427085
-0.677472
-0.5523325
-2.441385
-0.996809
-3.28724
-1.126095
0.324066
0.72374049
0.220183
-0.5456037
0.116485
-0.3033175
-1.968305
2.287305
-3.591345
-4.362855
-4.51551
0.05054255
3.959465
-2.356165
0.30090815
1.96115
0.3940175
1.16534
1.8585
-3.176655
4.36326
1.4665825
1.80166
1.659135
2.634805
-1.94937
3.22631
-0.320312
3.10537
2.884435
1.16141
1.78252
0.388352
0.4270415
-0.51425
-3.249775
1.4380665
1.13523
6.396495
-1.055845
0.4178535
-0.6535785
-0.2627255
0.088489525
0.067861
2.41613
2.038635
0.797906
0.938666
-2.670205
0.7288825
3.23463
-0.4801087
-5.284285
1.21552
4.482475
1.474451
0.6589085
-3.82879
2.031695
5.17121
4.088705
1.40108
-0.379673
1.4570605
0.1036395
1.107799
1.064165
1.864905
0.530989
0.465556
-0.392818
-0.7072085
-0.482562
4.80887
-1.66109
0.9799235
0.67545
1.60396
1.2094885
-1.26457
2.292915
1.65742
2.422365
0.340434
-1.998625
6.96482
2.516375
1.3226945
0.161938
1.443215
-2.090345
-1.761575
1.047155
2.88552
3.26704
2.99103
-1.0005665
-0.9089465
-0.3620491
-0.65333785
2.0313225
0.865459
1.008352
-1.4588
0.417803
1.281145
0.6067095
0.859175
-1.807715
4.526285
0.432346
-4.588935
-5.32974
1.434685
8.067705
0.5214815
0.12765735
2.35368
0.6092465
3.161685
1.25593
1.740675
1.919375
4.46665
1.101315
-0.615434
0.945081
0.9901075
1.028714
0.3061695
-4.218785
0.678605
1.141277
1.4100905
0.6554625
3.251605
1.92898
1.850105
2.245585
-2.805455
-2.885675
2.197325
1.707885
0.2781564
1.573555
1.924345
1.467115
-5.723285
-4.56885
1.6095995
5.818685
8.141705
2.49616
-1.0277025
1.5360375
2.445365
2.85769
3.18139
3.074385
3.257245
0.5772535
0.349551
2.424515
0.754652
0.503156
-1.739245
1.1986905
4.04079
0.875096
-4.14968
-0.56623365
1.500375
4.1797
5.72138
3.553675
0.7987145
5.367065
-0.141528
9.682115
-1.39512545
0.1967905
2.397785
0.18531745
-3.04841
-2.51366
0.9026045
1.214771
-1.6571
0.994311
-1.1731535
0.0554975
2.715855
2.26854
0.6066215
0.8129195
0.2579455
2.99691
-4.172145
1.712225
0.593888
-1.093049
1.21093
-0.4550285
7.180695
6.487235
5.581265
1.0254505
1.028871
-1.73553
-2.70193
4.10274
-0.389941
4.48146
-0.4219425
2.05121
2.66863
1.95257
2.37981
1.565316
-1.354517
1.81941
3.63215
-0.9672855
-0.0239995
-2.35216
2.189895
-4.39169
1.106727
0.28929805
0.0177765
2.936315
-2.461685
-1.405708
-2.145705
-3.566845
2.302365
3.272455
-1.294586
0.20280129
0.592518
0.464609
-4.709435
-0.5782535
1.3737
0.586517
-4.844335
-3.869205
3.589445
-0.853448
0.1886885
5.191135
0.362135
7.80395
7.55253
0.8046645
2.884555
1.426865
1.015895
-0.042122
1.761945
5.02209
-0.028412
1.84309
-0.2303125
1.731165
1.1091984
1.416085
0.4068725
1.273475
-3.60965
1.066569
2.476565
0.990462
0.7698245
1.0458625
0.511162
-0.907726
-1.412238
-2.28789
-0.3914365
1.764995
-1.18521
1.425005
0.0234415
1.4582315
0.824439
2.354615
-0.2258841
3.287995
0.35531695
-0.8700765
1.778955
-1.688785
-0.828422
-2.0605645
-1.558445
2.658415
-4.835345
1.195105
2.32078
0.993178
1.189336
-1.041388
4.076155
0.6327305
-8.32333
2.238135
2.100235
-3.236195
-2.43996
-0.1776
1.216035
-0.8450365
-3.401045
0.779322
1.0983135
3.791145
1.0683075
-0.4074985
-0.208870845
-0.0047115
-0.609735
-2.11718
1.0006255
0.890202
0.11339455
1.0633575
0.000324500000000005
-0.180822
-0.8133565
-2.00819
0.631294
2.244885
2.97368
2.52651
2.35186
2.296795
2.0956
1.806275
-1.567435
-1.15706
1.560532
1.81636
-0.487347
1.83396
1.631425
1.858775
1.24624
1.42639
-0.679661
0.906229
1.2929695
0.831442
2.92906
0.818226
1.513095
0.164254
2.264475
2.26053
1.765815
-0.7014095
2.08045
-1.500844
1.739635
0.3291456
-1.1948555
1.670875
4.053075
2.959055
-2.085785
-3.36031
3.87699
0.19489945
-2.136875
0.39268275
-0.630704
2.05252
2.25278
-0.258871
4.030325
2.602635
-2.812115
0.5265135
0.6050655
1.063253
0.806269
-0.3773536
0.680633
-0.1009715
2.36663
0.7738765
-0.5455905
0.880804
1.0443825
-1.790055
-0.862902
1.334062
1.915345
-0.2511662
0.289454
0.4116635
0.263374
0.753456
1.439059
2.866975
0.82024
-4.555935
0.3571665
1.396275
-0.8777675
0.215662
1.05715
-0.2163333
0.596679
1.390656
3.571925
0.04577465
1.83121
-0.2402815
-0.172997
0.770794
0.258215
-0.078389
1.10183
-3.65849
2.26561
0.39558691
0.959271
0.2504905
2.680275
-2.85322
-3.603115
-3.94679
-3.30711
-1.536914
0.62200635
-2.511785
1.34851
3.32549
-0.8226105
2.66688
-0.1150504
0.822998
1.090454
2.485495
1.928085
1.995475
-0.376274
-1.03232
-0.8575265
-2.186725
-2.32532
-2.691355
2.58286
-0.2487875
2.2068
-0.18660755
-0.22408
3.08758
1.263348
0.807799
0.638651
0.116376
-1.57253
1.915205
-2.4683
0.6579225
1.01223925
0.6429315
-1.173985
0.926733
2.785745
0.9243995
1.465405
1.9643
-1.62941
-2.37208
1.2605665
2.641425
2.5603
1.332535
1.50372
2.06802
-2.447665
2.659115
2.9167
1.949085
0.9233345
2.41815
1.5776
0.424345
-1.689465
0.262886
-1.20083
-0.618837
-0.829
0.588292
0.587554
0.650863
0.100663
-1.528985
-0.727929
0.5578815
3.6302
3.82052
1.0877135
2.521305
0.1952515
0.1785105
2.020355
1.408285
-1.85634
-0.09860065
-0.2215915
1.21859
0.2564205
0.662882
-0.9003695
-2.620585
-0.73435075
1.343758
0.1259596
0.06889755
-2.85312
-1.829975
-0.4661645
-2.303725
1.956865
-0.317574
-4.427095
0.489748
-3.49316
2.49138
-1.762253
-2.45772
-2.5737
-2.470925
1.386045
-0.421463
0.251977
-1.126495
-2.406185
2.2593
0.6489205
2.35192
0.8819865
-2.06628
-0.0856465
0.39292665
3.979235
0.5288865
0.646378
1.396325
1.0663245
1.144255
-3.98116
-1.3712715
-3.34276
-2.1795715
3.188185
1.848755
-1.3523185
-1.075185
0.844534
1.32307
5.827285
2.45675
1.26991
3.84283
1.52242
0.918542
1.006246
-5.037015
0.4361545
2.135565
-0.2020223
-0.0905024999999999
-1.647245
7.37893
1.213954
1.720679
1.65508
1.759875
5.564565
1.274248
-0.699139
-1.058229
3.17848
1.889685655
-3.379055
-3.87964
0.05440905
-0.937026
0.7904985
3.95996
-0.1850045
0.7102355
1.575205
0.659836
6.278045
-1.2073835
-0.606174
1.75741
-0.115958
-1.00272695
1.1646855
3.74101
3.75403
-0.5127415
2.403645
-1.347995
-1.565677
-0.1943135
0.402488
0.4282205
0.8229185
1.21733
4.029755
4.55326
4.569315
-1.46887
3.07273
-0.034114
1.1748465
0.752054
4.75746
0.1620805
5.65199
2.74649
0.6760005
-2.103925
2.53207
2.234625
1.60356
0.5121735
1.871795
1.068295
1.3838345
-0.590916
2.714655
2.807615
0.768179
2.720505
-4.011325
-0.3532749
-1.068728
-3.508835
1.784035
-9.056925
4.18804
-3.28336
0.1995515
0.3152005
0.7209875
4.48651
0.5740275
-0.9077445
-0.3937205
1.050713
-1.47024
0.435937
-1.2387295
-0.760386
2.35425
0.9683725
1.798765
2.031765
2.24421
1.3944745
1.483915
0.8886775
0.3537535
-1.77052
-1.573245
-1.8493
0.239176
-0.9157395
1.644486
-0.13036545
3.36962
0.450271
-3.13929
1.878035
-0.8473795
-2.50332
0.619798
-1.911165
-2.060695
1.23125
2.01945
2.712635
0.0647005
1.773679
-3.70382
0.649596
0.701559
2.619745
0.448053
2.77354
-0.976155
0.8455945
2.23435
-2.46488
-6.94089
0.4020915
-2.200075
0.5577245
1.108091
-1.708885
1.670695
-4.180445
1.03195
-0.2346491
0.614805
0.640204
1.212465
1.1784015
1.546695
0.8933615
2.81657
2.98468
3.50629
-0.3031059
1.1476305
-0.067298335
1.33778
-1.184521
-0.776474
-0.58389
-0.3173865
1.045298
1.431262
2.02032
-3.388685
6.76035
5.70203
1.2207465
-0.2015
0.142412
0.140131
0.6009525
0.0686905
1.073244
-0.0891481655
0.40858
0.7250995
-0.357018
-0.8559815
1.37234
0.273357
3.46845
1.193415
0.819197
-0.2567236
0.001775
-0.1907325
0.28730295
3.65436
3.01712
-1.114805
-1.526399
2.129005
1.785675
0.106337
4.135535
1.55111
0.8848795
-2.712525
0.4336635
-0.06696675
3.99331
-1.173458
-0.9227405
1.196929
0.38261
2.355705
-0.1977565
0.5324755
0.2348512
4.00175
4.393555
0.4468698
2.300465
4.05992
-0.99341365
-1.79347
-4.61653
-3.808975
0.714455
1.104656
0.9500875
1.0090505
1.06163
0.6605005
2.24815
3.26292
2.619825
2.916745
-5.11057
0.837426
0.25124
1.92327
-1.1845805
2.489495
-0.22897495
2.079115
-4.01465
5.80204
2.79554
-1.68105
1.537145
-0.2751135
1.488695
2.781385
-1.739998
-5.57019
-3.232515
1.341915
-1.519485
-3.24346
1.628115
2.07936
1.741235
1.768405
-2.71091
-7.406025
0.4395765
-0.204817
1.0389005
0.505083
-0.617068
-1.313119
-0.011115
-0.608884
3.77149
4.0425
2.141205
1.902445
6.489185
4.01152
0.967233
0.1011871
0.706514
3.14215
2.85963
-2.081415
2.3864
2.699985
0.813737
1.19533
1.73472
3.83834
-0.35975
1.1075745
0.25132476
-0.7781375
0.8744515
-6.04173
0.653829
-0.2701495
0.8199725
4.9156
-1.613185
0.13970505
-2.08666
1.967195
1.108206
1.83893
-2.57791
-3.288975
-3.550635
-0.50953349
1.324383
0.196281
-3.894115
-6.074685
-1.98122
-1.661983
-0.18143
1.379953
2.680335
2.19819
-0.0280562
0.37372225
-1.49885
0.36501
-0.4747535
1.816105
1.836195
1.79474
4.834345
3.145315
-4.237945
-4.95878
-4.43233
-3.80146
0.099797
-0.606391
-6.15977
-0.8353905
-7.560105
0.2988014
2.515965
-4.12988
0.8871625
-0.6650595
0.9418265
-5.436015
1.047061
0.42284
1.33675
-2.93502
-1.953805
0.164819
0.5380195
0.8200515
2.15458
0.7218435
1.877175
-1.409934
0.3273755
-0.562704
0.126609
2.797245
2.313965
0.9397725
0.778358
-6.593855
0.2113789
0.956209
5.1004
-1.68514
3.1938
0.35381063
-8.123895
-4.35681
0.4335645
2.0075
0.980343
0.915142
0.14620405
4.178695
2.03968
1.88798
2.546335
2.09533
-3.224795
0.6709145
2.08636
-3.313215
-2.444
-3.12479
-0.7323135
-3.91674
2.041715
-3.31916
1.56175
-0.851014
-0.89042
-8.73669
0.5896
3.59702
-0.726693
0.867502
-1.1492305
0.501656185
-1.032185
-1.41183
-2.36941
-1.977735
2.99887
-0.514134
-1.871456
2.220265
1.0501965
-2.50246
0.2434404
1.1031925
0.7250475
-10.7158
2.103295
0.5626715
2.12976
1.981475
2.76559
2.255715
-1.8861
0.5862285
0.173947
-4.92724
-5.800025
-5.29458
-5.6891
0.9234405
1.89125
1.845355
-0.556268
2.680345
1.70218
0.609848
0.43421303
2.473485
2.80676
1.730565
3.2416
2.528605
3.613875
3.6621
1.0136555
3.555615
-0.32561705
0.966903
3.10104
0.15155555
-0.399794
1.39693
2.18184
1.98528
-2.687985
0.1035895
1.35332
-0.1960933
1.96949
2.31656
1.19636
-0.1392036
0.2079215
-0.9466415
0.6059885
0.327119
1.0264955
-0.586255
0.6559535
0.452275
-1.106509
1.833075
0.777565
4.46962
3.743855
-1.154674
3.346475
-1.1574085
1.4215525
1.59651
-1.418025
-6.054545
-5.66598
0.7471315
6.071935
5.49315
3.300035
0.116506
1.61015
3.812115
-1.328765
0.9417
-0.646691
-0.7245025
0.609392
1.21368
2.458875
-6.28058
-6.824325
0.6330455
0.59778485
0.205459
1.910005
1.93078
4.485555
1.78125
-0.6518645
-0.9419205
1.124927
-0.7909645
0.545978
1.67227
0.41284025
2.636765
2.169685
-1.18141
2.148315
1.08894
7.557
0.24311825
6.105205
1.1559505
-0.0248805
3.691525
-1.08171
3.717975
1.285503
1.62797
0.7469335
3.394895
-2.12022
-0.9955475
-2.77647
-0.4112015
-2.7553
-2.767195
-1.3513015
-2.036465
0.4739581
2.343305
4.87138
-0.914448
6.680625
0.958326
-0.4802173
-0.4023685
1.30135
-0.35935835
0.7996595
-2.2322
2.05216
-3.43222
5.474645
2.773355
3.213605
8.60481
3.4819
1.19937
7.68957
-0.0351015
-0.17890975
0.04072415
-2.83922
-0.5615945
0.6471835
4.70325
0.175211
1.23022
0.786076
1.4617995
0.6267525
0.46129334
0.7333105
0.4559295
0.374651
1.58258
-1.2436365
1.92988
3.48248
-0.3205075
-4.042725
-5.15426
-5.11121
-5.711545
-4.47473
2.131145
-2.87751
-0.3250225
-0.6082615
0.760737
3.459765
1.742205
1.114752
-8.534505
-1.300715
1.182926
2.948965
1.6951565
-4.75197
1.84255
0.9353855
0.840608
-0.542311
-1.66682
-5.34187
0.541815
1.378634
0.24552515
3.6109
-0.5650615
-0.5285475
0.311018
-0.3106955
-0.2739655
-0.701107
0.115333
0.11788185
-0.1812831
1.691435
1.02982
1.38117
1.42707
6.18046
-4.19975
-1.961835
2.548055
0.7268235
-4.57746
2.030765
1.58747
0.1195185
-5.461275
-0.34483215
2.7482595
0.803908
1.93775
-6.856405
1.550825
1.931465
2.34378
2.45453
-0.34314655
-1.0663315
1.1112655
0.803426
-0.09860615
-2.40175
-0.1761925
5.025275
-0.2465965
1.44463
1.455229
2.93496
2.72427
-2.76869
4.885525
-3.1147
2.29255
1.365635
1.0495485
1.59763
0.840883
1.449465
-4.6519
-6.012055
0.434696
-2.318765
2.58377
1.751155
0.780267
0.915153
1.110827
0.8684135
1.34992
0.724366
4.522195
0.9898825
-5.56404
-0.34101
0.069944
3.180435
2.864005
0.4264515
2.10317
2.34525
-3.577765
-1.93735
3.826
-1.5273
-0.3409525
1.002649
1.1788565
5.60806
5.85172
2.592335
-5.67997
-6.07817
-6.766195
-5.898155
-5.212145
0.6628925
3.928035
0.5253005
-1.394095
-2.18681
-4.19941
1.14252
0.05091075
0.4821705
2.082505
-0.3471595
0.587099
-2.364385
1.54083
1.58843
-0.483979
1.909225
-1.88036
-1.1543
0.401364
-5.00906
0.1174575
2.361395
0.3410305
0.975936
-1.548175
1.45617
1.688295
-5.70362
-4.985855
-5.02575
1.464675
7.281795
1.0075185
0.701521
-0.440794
1.187945
0.3135
2.275525
-0.13036682
0.638808
5.08234
1.0834085
1.167388
2.318705
2.21731
3.63101
3.171745
0.954212
8.599385
1.392265
2.23484
-0.9483345
-1.43613
3.442495
0.344296
0.9882855
0.0620429
1.25274
-0.3639535
-3.48404
-1.622675
3.5388
1.783295
2.0146
-0.06777105
-1.0668655
-2.280785
0.50872345
0.4430415
0.810132
-3.573655
1.20921
0.456856
-5.23612
-4.197355
-2.39161
2.508235
0.7762945
1.09396
3.403545
-1.914355
1.086206
1.232105
-2.01353
1.88247
0.5688535
-1.71785
-2.200335
-6.0298
2.34016
-1.607995
-1.411695
0.31118615
0.9120535
-0.1381229
-0.104307
0.650697
2.85854
1.051963
3.240865
1.725815
1.49069
3.68402
0.456867
-0.670954
0.7865195
-5.193305
-4.6774
-4.897295
-1.61748
-1.113318
-2.34756
-0.94449365
-1.1159255
1.81755
0.1343895
3.755795
-1.768305
2.97234
0.9201125
-7.54302
-1.880635
1.2127415
0.6402535
3.863595
-5.982215
3.089045
4.192495
1.545965
-2.827915
0.03775845
5.058815
5.02464
4.6511
-0.07483405
1.903785
4.04603
3.383265
0.898658
0.00235299999999999
5.634645
-0.4562635
4.987145
1.050779
5.562005
3.129025
-0.45944525
1.1584765
-1.832755
0.741504
-1.167877
1.3461395
5.607765
3.302915
1.0356855
-0.603928
1.292035
0.38146
0.26149045
-0.3496065
0.25467
4.436895
1.435814
2.94256
4.08361
3.303265
0.7666135
0.6090025
-1.88447
-0.379103
4.103905
2.063845
0.6591525
-0.2435415
0.9010245
-0.8344985
0.663688
0.406962
-2.499905
-1.1553475
-0.457685
1.45945
2.15475
-0.45352615
-0.29655885
-0.2070935
1.215424
1.40947
5.020565
4.76787
4.583265
1.7994
4.16191
0.2640136
-1.073806
1.91764
2.61776
1.48209
0.807264
2.372625
2.18604
1.72954
1.3373
-1.945535
1.078139
1.698155
-3.855725
4.586035
0.8701675
1.3619725
1.143403
1.036756
0.985961
5.16005
1.770295
2.897485
0.9757378
1.97848
1.58809
1.224872
-1.3824835
-0.3880235
-2.488205
0.59007
0.444561
2.38297
-2.77911
3.00323
2.99865
4.56567
3.56581
1.0681005
5.01885
-1.0562035
2.413245
-2.76085
3.119735
3.308565
1.39455
-2.729835
2.18018
-0.2128315
-0.865109
0.3310435
0.5290895
2.660755
-3.37384
0.5046615
0.6223174
-0.9316195
1.188479
-1.085575
-3.62689
-1.1249865
-0.985397
5.3101
1.661911
1.6274755
-0.8064575
4.10617
1.43652
3.46262
3.182005
0.451148
2.155035
-4.04607
3.05209
1.648565
1.134791
1.104139
-1.36258
3.470745
-4.14741
1.012301
1.95881
-0.00888700000000001
0.5566204
0.09107
2.057175
-1.06463
0.628609
0.6357095
4.69776
3.957425
1.016917
2.34666
-0.0534365
-3.40188
-0.7293495
-0.5731735
-0.4944136
2.6303
2.37932
2.775345
0.39661955
-0.7015735
-1.1105945
-1.80312
2.261485
2.6456
2.397835
1.497358
-0.063215125
-2.46759
1.4044145
1.4283455
0.200745
-0.1398725
2.111195
3.061
0.5203265
-2.93535
1.96913
2.224965
0.4948555
1.0368464
0.7103555
2.27462
9.88348
9.072195
11.450435
2.62854
2.51889
9.307955
1.301905
-2.055545
6.006455
4.684925
-0.637552
5.512425
2.103365
2.735055
3.658095
3.234605
1.544278
6.13312
0.441244
-0.815992
-0.9562195
-1.60998
1.305178
-1.336655
2.391401
2.2333025
0.1942
0.5023355
-3.057825
3.392275
-7.511315
0.638523
1.0737125
1.5913
-0.1757435
1.0682065
3.055735
-1.602362
0.6613225
-2.61732
0.220915
-1.147805
0.3566821
1.71823
-3.54745
0.259241
3.70672
1.30908
1.60068
0.9848095
1.757285
-0.3709095
-0.356727
-6.548675
-0.7258135
4.000845
-0.4866315
-0.5914385
1.060797
-2.32639
-0.055976
2.09474
3.3214
2.0096465
3.11565
-4.45125
1.6213205
1.046021
0.637248
3.085595
1.263145
-2.56768
3.553295
0.61096075
0.8973345
-4.18401
0.8058405
-1.67205
3.340325
3.550095
1.4530485
-0.32195
-0.85075245
0.1746375
3.384605
-1.79713
-3.205335
-3.924155
0.30119455
-3.342005
-0.13952
6.30092
1.657404
1.321945
1.102504
0.3777115
0.255817
-0.144243
-1.662437
0.3654115
0.4843455
0.0896345
0.5183625
0.81235
2.09182
2.3198
1.054398
0.8378805
0.5546635
-2.002425
1.884785
0.04287
0.825877
0.687672
1.5295075
0.203226
1.71927
0.9975955
4.399835
1.65344
-1.378665
2.493975
-0.7050455
1.838415
1.824085
0.0706075
3.0496
2.92262
-1.531575
-8.22765
0.0963495
-0.1412771
0.39778715
2.154325
-0.028723
1.364305
0.1938685
2.376365
1.212613
1.61422
1.49936
2.174315
0.9219095
-1.37709
-6.58948
3.04078
3.09344
-0.085421
1.477935
-0.40032265
-4.863735
2.876895
0.9371105
0.810942
-0.0170450000000001
0.787559
-0.65183
-0.389027
0.826897
0.683831
-1.6448095
0.239053
-5.24376
-4.304515
-1.901355
-3.690295
1.692545
1.921865
1.0636565
-1.682515
0.193178
1.40356
-1.29266
-0.27953385
2.489355
0.495731
1.363137
-1.009375
4.532305
1.951475
1.0899315
1.369
-3.752635
0.6691285
-0.69771545
3.52593
-0.4305985
1.28667
1.1427665
0.5348525
-1.418991
-1.31358
-1.367285
0.839507
4.543385
-6.490525
1.000509
0.7564955
5.378075
5.72627
0.2107102
0.5834265
-0.68005835
0.387984
-5.43127
-0.248243
0.0208005
0.155268
3.52759
0.7225815
2.66061
1.487115
2.342455
0.466534
0.3356175
0.44956
0.441431
0.4776745
1.044394
0.69326335
2.38031
3.946535
0.776343
0.674133
0.836764
-2.788235
-2.283625
3.154525
3.903335
0.411461
0.0011645
0.580863
1.85294
0.494808
-1.560595
-3.482145
0.80528185
-1.2627365
0.9482875
-0.4889785
0.291232
0.800667
-2.372235
1.2357765
3.820165
-0.140163
0.214015
0.719954
1.1144085
0.512574
0.577987
1.507455
1.61797
-5.81834
1.78063
2.2948
2.11451
1.400885
0.135873
-0.177486
-3.528785
0.1493335
0.926074
-4.272065
2.69562
-5.247075
-2.410625
0.47065546
0.608677
2.0687
2.27409
-0.2069535
1.88169
1.336
0.524364
-0.168388
-0.6946005
-1.15823
-0.614684
1.080122
-0.7898075
-1.391435
3.344635
1.944215
1.2461855
2.211935
1.1056935
4.227255
1.652715
0.6505805
2.604385
4.16764
1.0541935
4.744215
2.327125
1.964455
-5.788295
-0.226221
-0.934828
-0.37395855
1.461815
1.189355
3.57463
3.405185
3.37871
1.0634535
0.40758
0.9188115
4.110715
2.308675
-0.452724
-1.948055
1.910903
2.747725
-2.899055
0.605077
2.167185
-3.70205
-0.6018075
1.204355
0.9065295
2.221165
-6.388325
2.140375
-0.6477205
1.2391825
0.295583
1.173066
1.4169985
-1.5504
-0.0842285
1.2013115
3.81191
1.959755
2.124
0.3625836
-4.08737
-6.254615
0.052239
3.733385
0.5910845
1.0645255
-1.52231
1.9532
0.243984
2.43545
1.662285
1.81303
3.389575
-1.892645
-4.205455
2.215285
-1.479185
-0.226145
1.3047515
5.29744
1.209331
-5.318265
1.2461755
-0.9982575
-0.79688925
-0.00715505
2.42992
2.877155
0.3840115
-0.4543955
2.652985
-2.2446
-3.127755
7.81213
0.4040595
2.645575
-0.07707908
0.064777
-0.036287
-0.135755
1.729159
6.359
-5.893395
-1.3014145
1.74081
-3.790695
-4.75776
2.52741
6.889685
8.027045
3.263735
0.686677
2.336155
-3.221985
0.6627685
-5.47075
-0.644086
-0.49646
-2.033995
-1.378231
1.0125445
1.71648
0.114579
3.136655
-1.90262
0.727316
-2.143325
0.471233
-1.323283
-2.083145
-0.395171
3.001715
0.303581
0.5720185
0.104906
1.17985
3.12722
1.834055
1.2863015
2.03933
0.6188885
0.461747
2.98294
1.487811
1.3127595
1.4121605
-2.997235
-4.134315
1.348595
-0.136260545
-0.0241665
1.28524
1.53118
1.63513
-4.90144
1.42208015
1.21294
-2.279225
1.9753195
5.15016
10.256165
0.871624
-0.37619
5.594595
0.2955585
3.10472
-0.354592
2.322145
-3.619455
-3.02402
-2.225185
0.742193
-4.296495
2.466465
0.1615995
3.03831
1.768945
4.299305
3.152145
3.224605
4.205565
3.98534
1.592055
1.577085
0.5516075
1.72868
0.97505
0.96632
4.90406
-3.846675
0.320662
1.52791
1.5968
-1.382835
-7.866355
1.374995
0.51193125
-9.65232
7.73518
7.449345
1.1458825
5.14949
-0.2955735
1.216323
-0.6320285
1.098063
1.560861
0.898245
-1.231577
1.376837
-1.70049
0.8196255
1.4012
0.9309704
1.1599035
0.8750385
-2.641315
-1.31988
0.0057475
0.4298255
-0.026623
2.56435
0.0466041
1.840775
-3.56956
1.1674385
0.7809675
0.066978
3.105695
0.599794
3.00931
2.456375
-1.001575
3.07714
3.6144
3.90236
3.912935
0.735243
0.499755
3.217315
0.9018455
1.0035205
1.21502
-0.8294505
2.3285
-1.1828825
2.60595
0.6757935
-1.150029
0.6270125
0.6165745
-0.9914225
2.407055
-1.001186
-3.955775
-1.926605
-0.6708375
-0.233522
1.274373
2.328215
3.662245
3.20413
3.017705
0.224747
0.4337826
-2.43874
2.90573
1.7225
2.512885
2.605705
2.215125
2.714075
2.239155
2.54272
-1.707765
-2.950545
0.4274185
-0.9277815
-0.9641505
-1.364195
-0.4283585
2.891455
0.61770545
1.833995
2.75916
2.175765
2.311755
-1.327191
1.273815
0.456699
1.882305
-0.3041795
0.11834125
3.30485
-3.19359
-2.64265
-4.534055
4.14266
3.596175
-3.35586
-0.6292025
-0.56926
0.721242
-1.5614861
0.25112
0.7741505
2.155775
0.695957
0.1100955
2.059255
1.15496
1.40777
0.928519
1.0166095
1.919817
2.58964
-0.923188
0.4191288
0.698758
0.8500585
0.7310885
0.29160445
1.560549
1.76257
2.89543
0.9545885
-1.0218235
0.2766518
0.0153995
-0.3453561
0.0497515
4.105605
3.237635
-1.2521405
-1.0262405
0.6029775
-1.77814
1.221987
1.851695
2.532025
1.129645
-1.78321
-0.870519
1.593245
-1.818885
0.457486
2.808545
0.1472685
0.943812
3.290985
0.007409
3.242945
-0.0982005
2.37202
0.550221
1.048368
0.23692795
-0.9779195
0.974483
-0.5509076
-1.50601
-0.694595
-0.44638
2.332645
3.498405
2.95354
2.770925
0.711431
-2.746065
3.066535
1.71759
1.2204925
1.456605
0.456708
3.662155
3.027325
1.055434
0.579025
3.08831
0.55
0.5660339
1.3795855
1.103422
0.3415375
-3.400005
2.4593
0.0989505
0.3631225
-3.79133
1.32769
-3.186065
1.069886
2.12311
1.99138
0.484578
2.422745
3.43143
1.539395
2.48679
1.53992
-1.80303
-1.801055
-1.693645
2.0236695
1.903075
0.7444225
1.3571705
2.06785
2.708615
2.40923
3.093255
0.8842885
2.43704
2.06092
3.09092
2.310695
2.037125
1.89446
1.130705
2.42994
0.9894365
1.379415
0.2562273
-0.0326802
1.1278315
0.819289
-0.16401613
4.724995
1.89732
1.57704
2.535615
-0.23241724
0.166974
0.5931385
1.7228195
-0.45626445
2.542155
2.66936
2.7473
2.829205
0.646849
0.738666
-0.29753365
-0.212472
-0.2444024
0.18238975
0.6148955
-0.2822909
1.3340621
2.032895
2.27323
0.59191725
-1.811815
5.83243
-0.725289
0.749704
-0.751636
-0.716515
-6.53176
1.1528643
2.943145
2.055155
-0.11601
-0.094465
0.2317345
0.933276
-0.6365275
0.63263215
-0.428215
1.0648415
2.488425
-3.82224
-3.64485
-3.260205
1.020416
2.728605
-1.53959
1.5726
0.319016
-0.4530405
0.7463335
2.013965
1.157152
-0.3932805
0.115751
0.1247853
4.22378
0.0923020000000001
2.513585
0.480907
0.392817
-0.838206
-4.43449
-2.58503
-2.8099
-0.2440985
0.384111
1.26338
1.298095
0.41879
2.179575
1.940595
2.75809
3.31818
2.854365
2.937535
-2.601865
1.42205
0.6988525
1.061605
1.334935
-0.4093687
-4.479295
-1.57447
-0.201342
0.3942515
-0.4086875
0.2212365
1.343455
-0.6605025
1.708105
1.25814
1.6056
1.504485
1.26785
-1.556605
1.41411
0.243861
3.304495
0.71524
0.8987655
-1.855755
1.724555
6.41735
1.024331
