latitude_z
4.87920324244878
5.0167352726162
8.60490785113065
3.90187259180285
5.84563726714035
4.38464747950756
2.19929839988619
4.62809998192329
4.19539501555762
4.67584783272686
4.13699161857818
2.99730771538703
3.76243560922816
4.32498779683251
2.81520572139771
7.67793141684993
5.31214182746421
4.93615460813804
4.69300571422991
4.25720243729821
2.29593235120909
3.67853487597702
6.53413252243767
3.49575970770291
4.42305895795603
5.92708391666543
3.85197441572707
4.74421619210541
4.48139151698945
2.46019036369064
3.36024239399766
4.25938975068261
2.26513462006337
3.87545855873928
4.00141076063438
4.88488985159676
8.08014075537208
10.2133838585451
4.25704973138582
5.33715670049906
4.16233495491941
3.47306272343706
9.14506471146393
2.65267525594099
3.86240728392363
8.16800273746733
2.76898183988917
3.19786996683027
4.93806783671834
4.60689129245938
4.58052384824567
1.88426453738902
4.29667860246211
3.07158371863673
3.14755188056376
2.85767431382993
1.96703343749185
2.80960113665996
7.04313965057738
7.89601186277577
7.51350435862545
2.63900341925929
1.79607372056992
4.90927677420243
8.06156891809093
2.59159060274183
3.22418002331348
2.78643431242021
1.61211195179207
1.85983477926297
9.57816023344343
4.14309154838703
3.77513012011737
4.1956839163823
1.61437261878526
6.19639984758649
2.8380474547934
3.53801064472508
3.2612343583413
6.41266210630482
5.961477760875
3.35254001753569
3.9428465713991
3.46032114413168
3.56414525512969
4.11460044347785
4.62870130727037
4.90623615972616
5.86683677137695
1.09773839628141
4.43693235343517
3.43564751657518
1.28459267442525
4.60005988493074
3.77097748539739
2.2647636810927
3.1622099235738
2.83049048737452
3.1845479574483
2.45102901035341
8.57954193662452
5.8632977898217
5.33080388151006
3.65307473588414
4.08461019472834
2.97646092405333
2.52951239021628
5.60219349533233
3.56410442251938
4.68318304939017
3.25578123607127
3.05678656567584
5.14676370382694
2.70930594162944
4.7827694678057
4.25229571620817
3.6624943270424
3.60585093253137
3.03768268694047
6.8510199343307
6.82005947565049
6.04769271085
3.83251755708692
3.40622469134658
3.37848435698681
3.15145198733736
2.98154903370355
2.10476250447797
2.75416318680084
3.28852866935519
3.5618060362842
3.25194908347404
4.55432256994971
3.79641677188454
1.45769308730427
6.89730721899031
3.06629329576097
6.22238873506936
4.33220287080936
4.50688524878748
5.24376402452344
2.54893843459191
7.20469929027756
5.99764224747435
6.5665809802601
3.80838918318307
1.17048094620546
0.894284627662677
4.0806681953246
3.87898240393283
0.002580723379605
2.7956148186935
7.11280454281123
7.53881936060199
7.10541468417583
2.66340711154592
6.86881732689402
6.80664806457765
3.72141970661451
7.11757242652314
8.83934826141122
5.79510009754335
2.93729406677902
5.19454002671576
3.29460595682132
6.15224020669333
4.38620423944793
5.44749612513763
5.67329915866109
4.3335018563476
6.50155111166179
3.49177932541975
2.28667105224265
1.13447746024729
1.81303029918936
4.64723456059039
3.50756091048315
3.69555796729578
3.50999456409733
2.9159360178416
6.32702752180894
3.86519044401229
6.43718027077434
4.11228670945245
2.60690285733791
3.40118196515525
2.82676141951984
6.12908549462734
4.59049815687273
5.65163376144868
4.18066270334624
5.12333869709338
7.97078762526106
7.00604875225324
2.44471882333733
2.86643118970376
5.04351715197785
6.15697479104673
4.87690480362797
5.97305105625511
4.88160117854603
3.85849683479583
4.24012043248599
4.02674293990448
4.92723519559693
6.42362993634276
2.63220420645962
3.32172627193147
2.97239784733444
7.30923113034721
5.14139819562033
4.01687500723611
3.27481744020605
5.47024387978599
5.48251345973077
2.84259273262143
3.58562814991232
2.40856418238527
3.11878296725023
3.80766163247804
5.41306900214284
2.76914703181858
6.30964860201455
10.582700403796
4.58329134014991
5.21658023065844
4.72071262008106
3.32262103137251
5.59913003954348
7.9553012462703
10.0288381421736
3.77581153355879
4.70973042448777
5.72796981684418
4.08900944147091
7.40373796520273
3.56841539264368
4.45123750212152
2.65651457596491
0.473420785077571
3.26983166550137
3.81401340321697
2.85326322410285
3.34635388103171
4.26925314120333
6.20660836372114
6.17455239011149
2.84252149102905
4.50257721219846
3.04339777076959
3.86192426937219
5.96106305857628
2.28183205382776
3.35119611243019
5.11182589287715
3.69795673774629
6.4806114298378
5.51307634771296
6.9010836178484
7.08841466217581
2.41960506384542
8.03866181937656
7.6692064277717
4.7619433750484
3.14389627544845
3.4969769032272
7.87863550995984
1.09281855879929
2.30958438852118
5.86993437629764
3.84803522677522
1.60757630891184
5.65587909688941
2.79580887755793
2.37607188608113
2.85729325749334
3.72993395894391
4.6924371544017
1.45352853673261
3.95309747399321
4.6352393718023
1.2948933610589
6.94637274110555
1.90750707036705
4.54787353023088
5.586934234067
2.39707169111445
2.95124283157087
7.04142446141385
1.32165871751623
4.50027779496325
3.7014152057209
3.24522122624085
1.08036573859
6.78717482864152
2.88887523870785
4.24958290161913
1.90758878491502
4.65438368218632
5.8085986291213
2.8076680126795
4.73541159825944
4.08414396440231
2.54368908816976
4.31099989237985
5.74689809905912
4.72947972941238
3.06140680446771
3.09623340148258
3.56971954225055
3.92955140551915
4.80025655714425
4.85238976806668
4.48537973563898
4.07794454311626
4.61019552964933
2.9736677634368
2.45633483663841
4.60326517605936
2.87091085164567
3.61112045354818
1.14816874519169
2.64271140377179
3.07869256469975
5.00906729406551
1.89482370415872
4.38441737081214
9.58627068754545
3.39113642949402
3.71123547556644
2.84363604048768
3.40134086555792
3.51125530387412
5.31035749458211
4.04284158486539
4.9744367691235
2.84030606892233
4.94716428944191
1.71316609017661
2.68914612458211
4.44974536148863
2.94345675060639
4.16288802272225
2.74593966454431
2.82971643036382
5.89821650764185
4.43085614769568
3.88799574496584
4.59246398057867
1.72449722602149
3.6518851032976
3.35950910823889
5.30212412942784
8.99261329210754
4.78895334528978
2.76093198091293
5.71095314107226
1.13639974667062
3.02227871730279
4.30378436649132
3.2270038856033
5.20952405259629
3.34082878312386
2.57404484517919
3.26311665306574
6.2381981720628
2.90421259283946
4.22847323386498
4.12294918555632
6.12905867854443
2.48592629778237
3.26680526950384
5.66732048871375
4.07418852040194
3.67110240342608
3.24927432337256
3.9914497162555
3.58349566977359
6.57444012821677
3.39068311795913
0.412020367268566
0.891863158607837
0.386897290011704
0.160515429424197
1.18248642474582
1.14299666520079
4.23913548940653
7.10983257062155
2.6283363443891
6.92089016649607
5.93437433638692
2.94976334524496
3.1058664412639
4.08511656703374
2.83534116522754
7.67019170649823
4.94905228843328
8.79124199337299
2.84020961663872
0.364923780883926
7.52403396224414
8.01197168044063
3.86361603891491
5.22734217118931
3.9130270731372
3.72925862848514
3.40246740009525
8.6232726779262
3.88803277229566
5.76063048787117
5.0301420248998
4.54852826421576
7.8544008177305
7.02527465308755
7.03319636583427
9.7744576294722
2.57210074612227
5.3954682137781
5.8712035175873
3.33357867919274
5.55279901299264
2.56957250271999
1.76478255347502
7.63596723781072
8.15283999048476
4.63801700326402
2.96422991604202
5.98171189596218
3.06476510016754
3.45141101920075
4.92102661299394
3.81311351462001
1.91843623592172
4.07996095320201
2.82312957154214
7.52349153979533
5.41123361060268
4.73960733220943
6.65799142107656
3.0027504839063
7.0006289697004
1.7254378587589
2.42814198109534
2.62045256402711
5.92886284359386
3.09196252196167
6.15145773458993
5.73963098641777
4.02122561603509
2.746580609181
5.19891998637196
9.15803985572622
6.06313363651335
2.77540102257109
7.97958906769657
5.62294496846494
1.66618379314111
3.87444537652064
2.98143090864466
8.22840299799423
11.1772045640772
6.56662916255405
6.91957911995535
8.97862453938862
3.57599139614452
3.31886489642087
3.13457922255852
5.66994080730513
0.228515091373838
0.213436968048082
6.70686586628058
5.8059523141729
1.20655597968656
1.03954441578944
4.89274766206158
1.17786447393449
4.95098653431044
2.70397432707583
6.70724534978923
6.01988259058131
2.8224182354876
2.25814586824304
7.84949060519945
7.23134999387915
3.0465231832855
2.40163078905258
6.0232160352992
2.50608651975268
0.34493192070672
0.0761743738590224
0.156549440725407
0.407293257670575
0.002580723379605
5.70682187961734
4.74388632448633
2.57913364752604
1.79426907122653
2.38519156279574
3.1397102415713
1.92757702229282
2.9859280811338
5.89501314737667
6.85167263959361
5.61488562405459
2.01525019312835
3.94271430442509
4.1689740652737
3.27596209533554
4.19084365862909
5.1703795650239
4.9826399289549
4.16059940138221
3.90419425357944
3.40320189179867
3.64803172208343
4.8221737872638
4.86538194173868
3.37914304438293
8.43621110350232
3.46479361152264
5.13859728595733
2.3959599703344
2.82838736683646
4.7230971282053
8.92539808398382
13.5702421620684
10.4674185660659
4.19025287289692
3.06805942649513
6.13331621777412
3.85295966885199
3.11552070607467
6.65311215310369
5.28289739165389
4.08382051140916
12.1415516241849
2.113429757703
3.63502722229758
3.74141675679892
4.52640042237334
2.63379660648816
10.2590644755614
5.72774173405373
5.60333628871513
6.46711409887937
4.06805508867677
4.23215900328893
6.50826733250745
3.02673828383048
7.98909606374288
6.03293072957447
3.23282101053148
3.32058746822839
3.28532718221636
4.28452944964119
6.37156362260381
2.87150254646121
3.46150072410471
4.77532546142813
4.76666657887061
3.50657465660158
4.3848723267696
4.96464096970468
4.72568789815703
1.79416052106863
3.47608144673717
5.06019555018494
3.53640948234774
2.72709187458641
3.29223375939862
4.22001950965455
2.24830433395201
1.92341191603715
6.48627269487823
3.95471978899208
4.73322255904876
2.51075958551475
2.16847053799287
5.83767798005568
6.82781482326561
5.72433277962906
1.55381631099774
4.67169040267389
7.3592950716566
6.71925938068165
2.94762773531483
5.70968162346736
3.83580111682807
4.62112324206452
2.47773011987467
2.66805975765857
2.18290457820322
6.25208014542028
7.10546166512046
3.82190863534871
11.9058040749249
1.59083640909619
5.75888179163065
2.67619742064626
4.27332064136125
4.78915613187228
2.56255898801634
3.1297974070264
3.78806883298261
2.95227754310875
2.21241357714807
4.49312204764501
3.46044517956494
4.42735257910282
2.98785191781047
2.43077537861429
1.55636259302195
2.0494202971962
4.30773626770735
2.16065997925972
2.91579050712562
3.1731122285552
3.56884560900521
5.28977776609383
4.56192213991665
2.80945504348071
2.80652887168035
2.93067338356455
5.33686443145458
5.03626168643071
5.01183732969856
9.93511528477466
2.07632295090547
4.86110730141783
5.19369302080285
5.22728060526343
4.96445603751987
4.50931323198034
4.61664856740904
3.05129662600179
3.02450023436641
3.00418896016074
6.76115106231741
4.50776183732721
4.47700863166166
5.21553742623392
3.77626690185341
6.74028366506451
4.0034782002936
4.50102838493342
4.63677990345222
9.0072829040574
3.83319908469887
6.76566113532328
4.65855274816599
5.96019734783003
4.82229934091882
5.51128606651311
8.35197563036743
3.28302108103573
3.69446333407336
5.40532488208388
4.0077586853576
3.87674366590115
2.78971358144575
4.55949243404336
4.29264496596762
5.2015404053788
3.39583292205252
7.62168408241712
2.69476656116786
4.5269655634849
3.56390499623458
3.92115926002161
5.03269369822869
4.25616626291395
6.29557500837594
5.5896029277873
2.74643094181057
3.19021627202371
4.91075563092276
6.80926199254038
4.59273568147262
3.699230631196
7.46754980423093
2.88904920621178
2.79478596764465
4.28940965236308
5.90314696481807
3.62001000618897
3.49900671013344
3.77291420014843
4.89780219634383
3.81292298896533
6.14565553525403
5.19607118728976
7.61175140082283
3.83175699362959
3.34559408428592
4.74298680412064
3.97581297780854
4.57442873973024
5.34631863225786
5.15560819397475
3.7601882073109
4.34088477436215
6.72615947668421
4.41881763146166
3.05906050024846
4.04105651266373
4.79107318359226
2.15223779425702
4.22642955772215
6.32966340681295
3.11972335812596
2.54776242063223
0.364923780883926
4.42418902959963
5.50615078046716
2.49845953255832
4.46963592045142
3.28439831611583
3.77743393061486
2.12435227506376
5.02719224667251
3.71737279620662
3.45508001524175
3.76885244952076
5.6642302964816
6.61457817048249
4.9288589034946
8.55043074708019
2.28205331324497
3.34079844621892
1.66051399666547
3.48807116781074
4.77063034654732
5.89462311198664
3.15477914527784
7.54040823031694
2.60976195469914
7.84711051811252
5.25548373681285
4.20186885496214
9.1794513151405
3.03414888752249
3.85764322068158
2.06424049864855
4.94693352131374
8.61144406308441
2.15498684115503
2.83709192548132
2.42027689166801
4.07031208047596
5.75450937346713
4.72331992337261
4.70431217868424
3.36316286243263
5.91048712081918
6.50986005746325
4.39899094197402
7.59066661327372
5.88010715104401
2.18241955828239
6.09460128234251
4.08503564364475
3.74510953040282
2.98699572617478
6.75838201205512
3.62680658222742
6.14137479075623
6.03558746695067
2.93542334077066
2.21091439600281
5.5142703006493
2.06336509930635
3.0321491225138
4.17458755235689
3.09433783860751
0.442294145594507
4.7217097787813
3.4361496906721
5.61334260541209
6.19740496313549
1.74767839491823
3.61154939365494
2.25104692891634
4.06549895456478
3.26913180574435
3.09187535530317
3.45331058839171
6.04494978702799
1.22396849270573
4.93313953290257
1.09739849175431
0.337781868411413
4.97900585740496
3.85773002269943
3.26555911487426
0.875072993927008
5.59381777591587
4.24973021671987
4.50891654695661
2.77437257864427
5.32044299905056
5.18794285738006
2.85424321654944
1.98651058907494
5.21017891035746
3.15944061074653
1.80552818372251
2.90591248316387
9.19001848250564
13.1428844098507
3.43532859273884
2.10883751713505
4.72684593179134
4.29157963276169
2.92667024151247
1.35776783413866
2.84998011598544
2.42833285599702
6.25219452919575
4.6458096687876
2.59337665387726
5.25431878275832
4.42717285112458
4.47221948128254
2.25298431945382
4.26788281664621
9.89164661856685
5.18165398907397
3.36629628401556
4.01503158942797
1.08419097143083
4.44509903201772
2.64281677502983
5.76915652137576
6.30965956301525
3.06623795990433
2.49072001972635
7.02761460319972
2.81347325220064
3.81954523770609
6.73973263637158
5.06973700384397
5.88085972825865
4.51684951321304
3.34516201463073
5.51009364685718
6.38042710823833
8.39688840262488
4.5079807232947
5.54174824405754
1.33685649997856
3.47358740259811
3.05501126577137
3.32497839780344
5.3819238921988
3.96433938715079
3.13174001341525
6.54078539153951
2.68668360165862
0.976585831032981
2.936978651878
2.60241133244846
1.19942528184191
6.42211795841744
4.24159465124719
4.87422418991284
2.42020595592709
3.48163681446404
1.90502719741109
3.3335601441259
5.33268280168367
2.54220507599148
3.43723690373337
3.39479423549294
4.44064902603479
6.22030586561175
3.42127589591879
4.72046276071293
7.18545698266982
3.05036661502587
3.20364048361838
4.56565381233061
5.03220484547034
3.60038588086646
5.93376792113136
4.60044908121951
5.14722539144873
3.58397334790792
3.45170522879695
4.42220996758362
4.03788785819556
4.01554088005838
6.19130416796579
1.9945445385855
5.14564624827946
4.25274526232931
5.33120186869562
4.84808854786082
2.17652932794229
4.31643736130018
4.4554178406798
6.28878965983257
7.74137851237329
3.03926354787972
9.59709372164786
4.03521162874224
0.364923780883926
3.38771438931504
3.05356864068646
4.52950094887678
7.26994037913673
4.79667879421325
4.32203159385901
3.15696481878457
3.25006274035215
3.1188359588035
2.63487349363203
1.76413228118788
3.12314470035203
3.11668001770073
9.48722755852952
5.30332012634599
3.6608195296797
3.27231260383019
8.17322914771509
3.31608694648819
3.05070091062567
4.45635749120991
4.83250347279622
2.98997526749826
3.66982152799226
3.58404298568652
4.12020271986886
5.86369873527835
5.61004994428776
4.61163440369431
2.55081138664949
6.51104983519508
3.11144293572111
3.92072212997723
1.93855012032694
4.14622948621021
1.94860497185429
5.14220792438163
2.64618940887461
5.59134402949088
4.63732284268298
4.59757541566807
2.03277478871949
3.7053581755265
2.62991628811903
5.75811152421296
3.99266232654701
2.72663309202131
2.36380830377344
4.36704178950445
3.119854959005
2.25142365909143
3.60152657065293
2.33831731333218
3.27211173666628
4.34492310816532
3.76700000764811
3.98347206903547
2.98622732734493
1.36783210534693
3.62138734520962
2.06920914876931
2.58273238713218
6.0225104494642
7.56246816436068
2.9824552465722
5.75122491552637
4.28442462924031
1.88357528074935
1.93911503843118
4.38703139385283
2.73562728800077
4.62698135453813
6.45949865315074
3.18320101160252
2.19079868398012
1.73543535540283
5.64178075946121
4.57198832556487
3.11960761067721
6.3165086868923
6.1925658065684
3.90088902698193
2.07826814196469
5.01691006064
3.52457111153524
2.02504599445929
6.73302596474282
3.92396097141944
5.26433703354827
2.90274213751492
4.94883462513268
6.91156187653016
2.59362934453194
4.90766671229275
4.28992586251924
3.0950378369337
2.27872104044796
5.12611772897466
4.77691925347707
2.29213403788117
4.0409748671973
3.69289876868669
6.44237893747206
5.9196076511907
5.33922203562788
6.77513266208644
3.54410180656164
7.44931414749689
5.88262427743165
6.10821609649198
3.16904842370624
4.65151137794889
4.77550227044852
4.67657027202712
3.17717498907928
2.58452244555749
5.17246658213773
9.7181900680818
4.39265369060402
5.07826941848014
2.55269508689312
3.223145273429
2.64563858208137
7.45355864504038
2.27689570753165
3.12667208534772
3.34288006891942
4.05314330545264
2.95189876869835
2.96138144485269
2.61105074502194
3.05046567773876
3.0070663688555
6.91276058315186
2.89643988125011
2.57322062114772
2.85469880208225
6.03308135924068
6.1475493170939
2.30225545575177
5.38778382841818
1.83851278286533
2.87054158082457
5.37939348699931
6.2755547371582
5.69841965846185
7.13396832224389
6.20789565798592
3.90688605077735
4.11875673624634
6.21146216554672
3.5290026234293
4.94880171874414
3.57568080956967
6.00712968039948
1.7852061244905
2.74683601671784
4.64845290922146
2.55081934415902
5.2668160128094
5.21174342007765
4.957724238527
2.74617302184687
7.17307798205354
4.37602934361015
3.73246041697136
4.47791226096323
2.34176959759146
4.35610860152923
2.46196332218345
5.61280949393419
2.79597212241731
6.04224652087442
5.42748912801704
4.33103130818163
1.75423061313891
5.39649846725927
6.93157782865951
3.20105068081932
2.25117809854463
10.7542415136303
2.68505525801626
3.41301070541065
2.52238474042245
7.34255556652599
0.364923780883926
4.39927976513761
3.59625853825713
5.83524668684316
6.99162328139764
3.54141279835857
4.31970021132141
2.15545171982085
4.42036073606723
4.3993564320453
3.75471832035087
5.17060897532972
4.17372678611688
3.75569516896067
2.40871347932173
4.3912664469857
3.49432644270876
4.06445055664472
5.899767240357
1.63088510800308
5.50117245135058
10.163761314368
3.83560641755244
5.7091850994633
5.03041899368948
1.78161457265796
6.37364185845782
4.12324845827631
4.94419256331002
3.35045004213502
6.49100429981744
2.5241622040726
3.64189841348872
4.96808283957937
7.13179115365365
7.57919834567442
3.01194068765605
4.93769062765504
4.61358120671676
1.47438058912804
3.81570835866298
5.1665373226907
2.15925277090423
2.39998816567732
3.96294856378907
4.10807597636853
4.17008993591595
4.71246650324929
2.51615164388778
4.25466742293596
5.93368403778312
2.74587612818054
3.98697362880321
4.37393913240436
5.97329287956254
2.92722699216871
3.27100092698907
2.52066815043005
4.75741909348326
3.4908027651605
6.38703099869178
2.98079996184016
2.57700805125939
2.36741792400311
6.1124097986717
3.60612077185471
4.16513853494968
2.62880342191953
2.49601693157521
3.00968050014627
4.16498597407677
6.9296918783406
2.18091026374982
3.94668467697222
5.00834540975372
4.23279258775068
3.07769257230469
5.01031976871939
3.32820375452655
3.33725791803298
5.81910309359894
5.93165933742905
2.22576297738515
4.13127647126965
3.29223600578225
4.3275840688813
5.97126653111872
1.84915208025268
6.21240481615822
2.81212906671589
3.8329120018369
1.3457393989524
4.61663261492095
4.95878118685922
2.38661542400588
1.036352651411
2.41545518323177
6.00651683965462
1.52245750523565
3.27229617262265
2.51131995567788
3.49772771981584
6.42322042736131
5.53749819165077
2.96779465026254
4.2424142794065
3.88878006452585
5.39340741539807
8.28781689007002
2.80584076874108
3.05455795144076
3.14492929416543
7.4050104279324
3.78799513599608
4.3064260386586
6.12696534593645
3.6259002595024
3.84326979675156
1.10902302285648
7.5339282216443
2.46677696212861
4.88412576927596
4.93288454429754
7.66097924465117
4.17157254595384
2.80165256593866
5.55487423560741
4.48251725026255
5.27808458006224
1.01857099570334
3.97572813874643
4.24730964253227
4.4281866436816
3.47399529203655
7.3809749182109
5.53288749166978
5.38384766937071
4.13163642334355
1.6208230064654
2.83072536839986
5.66810902985468
5.110550590232
4.00512151257573
4.90755249654802
3.91321346257023
5.29323040743528
7.91033747027027
6.83657557036637
3.29006093285563
4.87279718426197
4.33836623925652
1.59604774054488
4.26842097194093
6.62965703620522
6.82117793429716
5.50925936037355
4.00819287513693
8.04085961718087
4.05853171063563
0.912204653161212
3.58343841728499
5.70969011517303
3.24136120921926
7.91619718544485
3.42545416238872
4.8998405626242
4.33041818481954
4.06802656895992
5.20481940538117
2.68286256110639
6.05645063634912
3.82362603444644
3.87490155498191
7.87397141700005
4.07714569699458
4.45681727173901
8.24367582565805
5.34167435303573
3.78134129644549
4.27024295814491
3.67470661913302
5.48363629262694
6.19921006942638
2.92399828841885
5.60633327343426
4.73919530392743
5.06306055857657
2.01844481660819
1.5117308865583
3.57638226286053
4.95911703003123
3.88639100888446
2.267587456156
7.34082129520218
4.80329797800418
4.12781057447386
4.70587702676192
3.68943454928907
2.04375993465231
4.7693353578481
4.89049318106914
4.49336912278192
6.32163918458445
3.49570067453445
4.54914870805592
2.5227999549293
2.65274555320893
3.13227784687782
3.31900411500821
3.00661641642676
3.4541667956282
6.40960055083035
2.93540631027855
3.97289582036516
5.59729288686271
2.44088418815955
3.69678498046524
3.83880070555214
0.792454418386867
6.15283721925596
3.56874326670835
4.82488288331417
1.58782516393482
3.56825261073509
4.23081482637538
5.55444050582542
4.3447081057301
1.94210157393149
3.19862803094228
4.45936284484144
3.96069317825592
3.96373808159959
6.337412871886
4.23436756314786
6.12271799570317
4.21297129047736
2.4630387262624
3.20773803799724
3.4287390435531
5.70492187171025
6.48689575592263
1.78210005521055
3.86395797004329
5.10189872900507
5.51542123524091
7.18013034067934
2.04130831846963
6.30868405046471
7.55857416001334
5.60602780392003
4.54797357038526
10.1782851455253
1.81203667865511
5.46691485558263
6.052548975319
4.31366098824753
6.41251849547488
3.80923413520887
9.62240621558088
2.52298621181507
4.49027104322632
5.51486086475284
4.91570214808633
3.93946794569953
5.29066152293432
4.54699825891435
2.47528405921432
5.93766096528196
5.33945831471664
2.28567251150388
1.50027135739168
2.78472847965868
2.20183552371823
4.78690540194693
5.31082789172539
5.06981387064248
1.53847723526318
7.69862662690395
5.44588708718294
2.45308600651909
3.1409542131214
3.90921043996172
3.2435229704484
3.29704188666213
3.62121101881041
1.31948725197021
6.18812676775255
4.97287545181826
3.44788372842625
4.46068125169305
4.4360594924023
2.5437168401225
4.20405417068196
4.91618726884895
2.81242822633448
3.81452563150097
3.94443573983271
2.57092803816825
4.65281686505865
3.27293834596076
3.88943950109872
4.08785501342198
7.21122655944062
6.81622548512981
2.62759265130164
5.29224654623543
3.39319356493319
4.54946899576249
7.29643897197788
1.86141207473714
3.70038066220675
4.62939337039607
3.28086726158749
4.11709691953795
3.96041780540303
5.0840081861356
4.08991586573302
6.55066754970205
7.68195673299049
5.10455653681846
1.34607110027067
4.57320860774237
0.364923780883926
1.0131558133751
6.25094409533732
5.6876018086355
3.67653541587479
5.44275588574372
2.58996042385903
5.05641896797593
3.07033578395892
2.20122804110513
2.98702627747489
4.10451547674911
9.61829136459411
2.6146497891585
4.60323933568322
2.4891205850605
3.34980498562272
1.59883338163112
5.05967141132581
3.1904765544455
5.13789243896514
3.32578006451295
5.45592735549439
7.38162202236408
6.88778868502426
3.97566535792229
2.91016008298572
6.95050232257518
5.7716975012759
3.48298065737947
4.96968930515172
8.33497836466349
3.69805522127325
3.25311640679988
5.58894993045114
3.4554337820333
4.62572810554013
2.74846781152716
6.6463874398606
6.92106409702067
2.72629044674051
2.90899785902649
3.63069025420241
5.26616258183891
6.08168621066458
2.81652834743026
1.11813401485794
8.80959746001003
9.82655088093649
4.90826616183531
6.44211337784765
4.70044091192168
5.27069717293235
4.94545932900386
5.23076212685249
3.68957051845609
6.14354050453653
7.34730938265966
6.46512073290736
1.3785310871839
4.92172465676968
3.50373343772259
6.37369557717723
6.03134033424648
6.23759623669658
3.73790649688685
3.47246771125607
3.57675617570152
3.40138214695179
2.13663620548449
4.56721263246999
5.90644944597818
2.56840431171026
4.79061194885428
5.54310112843693
2.77931196959046
2.40308208580658
4.48190601713628
3.0681786563816
3.2403052777021
2.41335335104228
4.11199488180869
3.05514942746428
2.84997117384702
2.96721824389272
6.79069313003247
5.2026576063393
5.47597668945938
6.37106212844091
3.85034787572531
4.34519025468921
4.88794364661642
4.99460651331122
3.08122911304841
10.2603742483875
2.37005822577615
6.43783958803886
5.73893291010085
3.84806015938243
6.65962972317932
2.70456287177533
3.88911174120514
3.74918228185075
4.35396320675803
4.79680127015949
4.18777114796364
3.27036644965115
2.33386253373413
4.79258997941911
5.00354977511819
1.85922028658621
4.18593439061377
3.04872388029497
4.8882101861432
3.0551923577333
3.1210545733386
2.42865776845103
5.44650529328126
3.1503990518748
3.95934257130874
4.69342013217251
3.283001471221
6.15982778842124
3.05442798193489
2.05561409099787
3.64932882021441
5.72504132489264
4.22986248439512
3.45062238884812
2.31289526669973
4.44349684338453
5.33028846149876
4.86258392740553
0.364923780883926
3.21801193884292
6.10353786210316
6.09396106053562
4.27254217984227
4.86836428721799
1.97104303949233
5.09090575105349
4.11827039511738
3.26235288821342
3.10619192199786
4.72489205061012
4.52223003838045
3.09089948903907
1.97680542277334
4.13345177630508
4.774628770583
6.6239571032141
8.35766608221221
2.86416562697572
8.95415384452393
2.19117927656857
3.30252033139666
2.76074974710697
5.04687474737539
3.95108458839709
5.42788695809834
1.9744719788513
7.3792586533531
2.69148273845484
6.92137381933213
7.69918845606586
4.06303335573667
1.2463224040404
5.64276549893053
6.75206284865103
3.86245361187704
5.15929058221261
7.40021110900904
3.26166653279031
3.4458304967262
4.02437150536808
7.96508123120962
4.37216553488959
2.87342068184619
4.8663106194944
1.77358119004672
4.41727557794559
4.76372482611132
6.02642825793731
2.11146616523106
6.33658305180826
5.60914946809682
5.63783504168053
6.53019927446763
3.29093458594465
4.23741801321184
5.60414669476045
4.73424301539336
2.53725946490253
5.80910529943933
3.76411291138342
7.29800946674313
2.39382715656024
3.07892203479318
2.69910546175474
4.52668931701761
3.73284110021259
5.89473027665568
10.3281066585158
4.33273774723787
2.84294166368426
5.24043496263591
6.65152737767855
2.7882921281266
3.80185988049234
2.37219742194489
4.82052889377639
3.96908581032547
3.01615451628985
3.86707903559113
3.71185748749249
3.98397062640552
6.75633165518287
4.60454943802053
3.82295975127315
4.41993074661407
2.68816620498634
1.52047229826256
4.39257578335676
2.9188742807864
4.27339744685202
4.31535177429588
2.27820426176646
7.04456140190985
3.93915368680172
3.1236783535487
3.0766537473219
5.34739194925183
5.71147390836953
6.66104719386639
5.95945303044683
5.65176312790392
6.35530351587355
4.31870133030719
3.203200487484
4.69994837325673
1.18374134966361
4.26605816265239
4.87964040308629
2.89450308327876
3.4609349666155
3.11205043748116
5.54777195143934
3.48440850288526
6.75747871106295
3.80339973878788
4.79217100392957
6.26336989274183
6.5804812986968
4.55110450276102
6.50296994336835
6.01818993367836
7.13390967131511
4.33016447647839
4.42724747915628
7.94022196641943
2.12282276006412
8.03257688597625
2.46199165695022
6.56967076789375
4.49903358843107
7.38328559000172
3.92367822252309
3.80109207094785
5.53011379872055
4.79434831287629
4.75998801872533
6.48831602436999
1.30611155561107
3.29970054463031
2.5723625722322
4.31780354605554
4.70661280788468
2.70807846200356
2.31981741440441
4.97923758415521
3.2760350878675
3.16721808874395
3.14400780491757
4.74764359058002
4.66719637582331
3.74848071133063
4.43817080078528
5.29708800911476
4.02602456419236
3.74069434753788
3.55480362887779
2.67546293225526
1.40163822257626
4.17896391918725
1.43400526410722
2.41707827521905
4.96972409763884
3.71939686111717
4.55106646062918
2.36553204521742
1.6469639671874
1.3981356159208
1.08736608823481
2.61115642072754
1.25894617270935
3.52503744055078
2.27991506419999
3.914446945317
3.4525028357085
3.48337272955253
2.45934112203872
5.99758119657056
2.58670605562811
4.32730858985475
3.62984314286082
5.52440765840049
5.02714705334973
6.95983900609311
1.67655453775927
5.09899918541803
4.32222650858732
4.98733176693402
4.70735584092238
4.09400158328279
4.54899776635318
6.43223301151742
4.17444498823177
2.72275017824505
5.26478091130019
2.05055460005997
7.88229416611477
3.22279349848188
7.30124569338957
2.7657860958567
4.40713812475999
6.80501468842121
3.28814147455046
2.29749041936074
4.32196611588295
2.9665501616195
5.65092963413355
2.60619535034181
3.83966955457575
4.50601336363311
3.81252064622722
6.23380759950083
7.03153733624561
3.82369212056803
5.58099995775777
5.79834168821037
4.38732353361638
3.59623838755204
2.74323071411068
2.30170856609965
4.75883789656504
2.62272833860665
4.19896589789174
4.82763661889855
4.24265763141752
2.67136759947329
6.91001316331635
4.42616455351234
3.16566270124398
2.63779317879252
1.34630825666041
4.23215877350683
8.7195156770036
4.26169477987906
4.026426531929
2.95225537204769
2.52957018644677
3.49606183999644
2.60786155337428
4.01057846875663
2.87748139975046
2.22771845946256
4.79459954371946
3.51829484597064
3.37867036306843
5.40583176308251
2.14769686335965
4.23679118045254
5.54575715789694
2.91254203308341
3.63321360121645
4.20216259734182
4.32598063500877
2.72001199938971
4.93494892096009
3.09548039378939
2.87390677842175
2.90792927089204
3.22472368861537
4.66214388558198
5.22313574482499
4.74315780661466
3.95197057718703
7.9869483828736
2.96531356262188
4.51765168482363
5.19958456543721
5.16671393399317
7.40553456081634
4.80492748485032
4.07012679011887
2.49004712637723
3.953693372699
6.19388567629316
3.41285326462501
4.93022313438499
2.47083002044296
3.40695489558113
4.17053357832201
4.50441025332771
3.45977974226277
1.99226567821918
4.001870659722
4.99536293416506
5.70898142978164
4.94418008764745
3.44754532659311
6.22351103526945
3.85671402152408
1.61641921784924
5.57537497119827
3.89327078195128
2.68952483984545
5.73740597620696
2.77518147216413
4.62255083780911
3.66990504698176
3.92982926003587
5.33311390351173
2.02870592337488
2.27770708334904
4.0836394916009
2.20305538648179
4.59378986268612
3.90635813682744
5.38111325791227
4.19342432349142
4.61548014068036
3.40784715084031
3.99377278725186
6.31767528468587
7.84395950386442
5.95757337502002
3.18675751923631
4.01241417411927
3.20227391231939
5.11777516378199
2.7359782117508
1.87782516178597
4.92198267196341
5.37200667446082
4.75207221831078
1.79823557398655
3.94641649077797
4.20389900285771
3.69723318183078
4.92355137501141
3.51236034036174
4.78337828534754
5.67181671023256
2.46167286664456
3.0284696175364
1.03541064449868
2.42869154635729
4.98102877958364
2.26999266454933
4.17612855955829
3.84812055424905
3.58637332480963
7.16032681914361
2.86785253079509
2.79898722736214
0.351382035030938
3.09895363960743
3.30606836805564
4.82251635307782
4.30306641143924
3.93918660216959
5.73712752582375
11.3222918435259
4.32512731537729
4.40688239517972
4.76297494546968
9.13147437280027
2.55706631422343
2.72697972124133
1.36403943990393
3.43469767970507
7.21595426139706
3.46189103213986
4.93390609128514
4.41860235741642
5.85359817680695
4.80953763624353
1.30441183487309
5.78889983724675
3.53377062087548
1.9262801049365
2.54287818246106
2.9205794971561
2.54855114678908
3.38361528131886
7.90013705834877
3.77256433822208
6.76355494901308
3.49361441844907
2.74544299392574
2.36276336063015
3.00706942836204
3.06135975287281
1.00294197101084
0.364923780883926
5.46167990766602
4.08083488662956
2.66265460704255
8.70745590621555
5.79772091253865
3.5851361583285
2.13432825916925
0.364923780883926
2.2521908911286
2.89914682145454
1.65460869458944
3.81128669622974
1.88428337051613
2.95038607788724
4.103497670341
3.37763072359518
4.71829956309489
0.364923780883926
4.11549601279296
2.49833416361624
4.99867175471273
2.44584226601927
2.83966086204457
8.91500241528611
1.3640694694017
8.54170014159376
3.59608503352316
5.14608826152968
4.08493549521307
2.60492057197137
4.15950457786513
3.72833236113795
6.76381800550024
4.23243054354606
6.09334446160271
2.6729964852523
2.2845857802825
3.62451799768891
4.8082118104472
1.96915391188846
1.96911003867972
3.16481063315621
7.48711356465911
2.63383887770908
2.45207116303683
3.04348613945713
8.88012665054919
3.70109978698916
3.2911320541152
4.61428855860479
5.47879552071865
5.24959786372294
5.17948284356488
9.81009423477746
8.59914603817218
7.80060631776529
11.6977229148029
6.12214318123391
4.65024074404532
7.34356992476387
2.69559679404429
1.58437850278573
2.24087263936445
8.88859555136069
4.14080070129821
2.08269272658921
7.35861395697431
6.53971842503646
4.00320072650674
3.94179803958102
3.23091291167243
4.80361052080787
1.78626746199596
4.20959491393876
6.19512737150195
6.94331716493182
3.67989493467973
4.76207875966993
2.56324816859949
4.09842275192561
6.79592178749478
2.63141511608682
2.91214915666531
4.17570192350065
3.89497548663253
3.78535052484111
4.47593727636708
2.69306250460199
3.74836053560117
6.00911076629025
3.4616442314975
5.20192782519098
5.75817667275248
7.03970886076482
3.7951816066257
3.01759948753462
3.82761499173345
4.17027618276712
1.82392287721026
2.89953123094511
2.14811756639938
4.91460143692117
5.32752719199233
3.3736204802464
5.72580406153377
3.78861674774004
2.59295017157743
4.0625573754602
5.0918019792352
2.19491615915383
3.16597951005854
3.64970373631439
6.31900678603953
5.13095642585076
3.81125174708611
6.32295304779414
8.03434984382306
4.55617058695106
1.94039623921789
3.35443215109813
2.3482598568393
5.39825992361805
3.10154055959169
5.84436560009093
5.00795906024745
5.34994732961174
4.43243234561508
3.30359530247547
5.0372842822439
4.2852777636547
1.88462266396225
3.97296572905198
3.19386327531283
2.1225393331788
3.87876930002839
3.77662263223781
2.74883199348166
6.34899202189539
3.31895995349895
1.94366332148128
3.20557218104028
7.06042424559349
5.72613643058867
4.4004090072677
3.02423755374339
6.06356987042495
2.92467099846646
6.37621119064881
5.42510794150437
2.27783739362171
2.90443750649275
5.04344425441081
1.64452732138023
4.93416130398738
2.27561836728091
3.50695017047068
7.30261845187421
6.11466413871071
5.79096939527259
4.88156053552071
4.41771404077358
3.02565975477367
1.56541203530356
4.70593931190097
5.57223755150649
3.83643215651604
3.14092629927551
6.24575364734809
5.88515857906617
4.93983777393798
4.40363923679945
4.56038479084918
5.90587912572953
5.75000605661471
7.78093993467683
5.52243056937235
2.7694909146944
7.02508160429323
5.24505727476561
4.69551198381815
4.97401620468031
3.16455834769167
4.51715367556718
3.28884082205671
4.62986852498474
4.2432598798439
5.70746882949502
5.01274447736736
3.0299086335936
3.97658613312642
3.01237385550237
5.03690015740179
5.19395960401923
2.74862631268061
6.70228349281525
8.25618943816199
3.17814830149817
4.04975802612237
3.56654789938378
2.80583921179748
1.63667326728092
6.73659044667239
3.14019453123332
3.31769801070166
3.42361697800455
4.48315201671786
3.46025033648461
4.18116536321313
5.94994071551063
4.09425076139375
2.79996361826107
3.2096157857676
3.2631409925299
8.92796088928975
2.75971722778267
5.51522709324643
7.06595426971353
2.24386513895731
4.32900662592061
3.5547788223701
1.80917687598836
4.3818482635709
2.55340857208073
2.44586995371763
1.15225759395168
2.94694225463691
2.70336746295947
1.96604407273332
1.72415182206973
7.65803625911692
6.05033725147653
3.47331551541767
3.66506212009571
3.87296297157314
4.32741176640019
4.88292944987031
1.81137969911145
5.80072303968409
3.64955740988988
3.19661470143433
5.13902107951053
6.4615855500863
3.55185244572711
2.56801262598597
6.68444847323386
2.66442937807446
5.69733522841008
5.59282154448436
1.43388786649527
5.04834563689261
4.34910974054765
6.23231949848709
5.02490873454723
4.13638559838475
3.60429837663307
4.10457842815509
4.26497828242446
8.93372366059389
2.8273065790328
2.40362041458283
3.44218309029429
2.53166235109617
6.22267008992749
6.56800885056877
6.54019110529966
3.770583261768
5.25233132766609
3.72797664479846
2.5875172008723
3.02636381936135
4.50248599536929
5.94520723867072
3.33220411736666
7.00757983201333
2.39950309706423
2.49941501493509
4.06412634859488
3.7199221141363
5.33635041708138
1.59505831542417
2.91972023882171
7.43432772131495
4.0597781514855
5.83073240730115
1.08548213434803
4.68323528590538
3.23892520164482
3.79683542664637
2.77584384679734
5.11578981881402
6.30321653665774
4.38891396950181
7.59555711269462
2.98990264367069
3.02580666165849
6.65307326350866
5.40921065967332
6.82120172064791
7.03229919370836
3.75813995211266
3.65688446185679
3.48865844399004
1.5210548508454
5.80670938805285
2.74008566010244
4.84116906097003
3.06268378799856
2.57973396112017
7.26186581661489
3.094807583186
3.34086443833709
2.96357195821921
2.75019583617143
4.15462717715055
2.41842874534884
3.51344553318732
3.94962654907882
5.5061195694677
4.90398685568477
7.45567493527397
2.26267290730969
5.01116479061574
4.43479523043193
4.22855646137915
4.08342949748192
4.66578147427106
2.77794277285901
3.73768011208045
5.13090490876978
5.24205629328488
5.79949373604441
5.49202138323383
7.34657212525234
6.55085475486344
6.33832495371093
6.45785906213072
6.9430700607791
3.8770379654212
5.49568006437466
5.25653983643169
2.22845293009581
2.42448709088984
1.72060933770482
3.97347012014072
5.19402925347238
1.58212286379384
5.25738159480686
3.58188605859597
2.35830000925803
5.49226142508325
7.81470889413206
3.48649884513205
8.71760173956161
5.06940009266706
4.5308979339472
2.95565152971956
4.36624381518883
3.41548867172662
4.24886813978445
4.4024512004913
2.25892009341732
4.12817786744665
3.71577981871684
5.46274134831654
2.51259498618212
4.30763835786498
2.75659310050237
5.09025608616012
7.47162426625247
5.6960773540114
8.03117642498628
6.3898719573533
4.67689175521208
3.45524533764275
3.27003126202664
4.2020794098403
2.49057949588987
4.39731327028108
5.83354798229452
2.32591179080489
6.39499078600996
5.35424174624312
3.28785328205432
2.05903271645845
3.17244135781093
3.92353932443868
3.41522762436314
3.21172628255692
8.21604504714525
0.574151126262885
1.0772826187227
1.94461268741838
2.23395348833986
1.87480642045792
2.00054972562632
2.17546138790319
4.43507839037722
5.08551590930924
3.66719095462527
3.00671823429965
4.02719123938183
5.00019911024479
4.00878387343724
2.56535054372736
7.28754249812095
6.18609148722658
3.12144808464509
5.89224406589952
5.47893131850608
3.78285260679836
2.84928947079176
2.21704618712586
4.06012151634893
3.09915870658797
4.99574402238339
7.8772640645083
3.40003340977358
2.05734075915333
3.85802956926609
4.70054866386807
6.83257856256606
4.90560055886595
3.76263106439062
4.79676714398252
3.76801182020716
3.71832788772615
3.05362640655161
1.85294305769596
3.14232084822663
2.4815271732362
4.18807357032828
2.91794478681686
2.8804575707835
5.60545823849906
4.58824155232549
5.5147471853206
4.55348965978206
3.19555790307641
2.82934889884584
2.61571057460664
5.28648065110612
2.17002860805961
3.314430511565
4.20300290960109
3.36347857842485
3.72660345657104
2.42778793923791
2.8149242981017
3.74398106197254
3.79194511739339
2.59751489980875
6.3201178851554
3.58508497088917
7.01753910582698
0.002580723379605
0.421415889294368
1.89954698396586
3.87181070394805
1.60497892429356
2.13911639693828
4.29222203342133
4.68353808365711
2.93321979275389
5.64547476691732
3.50760702248454
6.8005304629516
4.59188013328771
6.6713262444789
4.65462410073118
3.71580655772909
4.70366410792298
3.94427863990905
4.12780895392048
3.9472808765099
5.44800218144569
6.0333189216694
5.37607986043346
6.34503052694541
2.74072373357976
4.38471906722169
5.36917996506041
3.02081985800754
1.31500538014523
5.35668670331027
6.9284834689587
9.38559279421903
6.96822517491986
5.08199315641565
6.11467289561363
7.15771851095777
4.8582776467208
7.48457015065083
3.33464091901228
2.47311902816786
2.65225812200921
4.3009093370729
3.96653491910398
3.26877369466204
3.19339248634192
4.84140398120766
4.20040707427332
7.98410704244955
3.42277567198034
4.20272732439881
6.70856111366172
4.87179523900867
1.65992979791381
2.82634008819871
3.90592899967676
5.96936679454929
3.88636062497036
4.40267236678982
3.14243249378028
2.86073935072129
7.99539508568902
2.6393260352779
5.50330664356179
3.53184232865655
3.96677203911282
4.4949866156834
6.04458904086494
3.85913986619785
5.37295043581956
1.33792860557905
5.01321254838781
2.99688221389361
3.58699073264227
4.23512083888766
4.93453289166831
2.6495109638567
10.3680396220544
2.27162873007422
3.46259805312677
5.80185280669402
5.50847121391874
3.3179666396495
1.73889136347196
3.55022828780857
2.25811834364318
5.65435232359999
5.18415941595377
7.62442296582134
6.68191567628151
4.70021084167784
3.1362393601098
7.34714037759388
2.82491296283593
6.26391732524374
2.6586916509707
2.69265096826632
2.34232131793156
1.89840142615799
2.83291708015272
4.14884637620712
3.40624611861535
6.03842298898114
7.10048129014416
3.52550789139434
5.226788019586
3.84538861860632
3.34242437035432
4.85621861835189
5.13182069781226
3.55562085163413
4.19902186824163
4.35638385981457
8.04588890890262
4.81027033945993
2.98222787959207
1.95088786269404
7.88412843784137
5.51467782705621
2.47654954168646
3.0010416281763
3.84645700660255
5.17822825121114
5.36022449730241
3.45854857841343
1.92948311814739
4.24848788384718
2.3077192344287
3.53135054494135
2.80896519523001
4.12373012079839
6.84113864984639
2.60804740521645
4.89047216482742
5.30913726131033
6.29310242109229
5.78135368367626
2.54721500004657
2.65277478484262
3.53386434483662
1.54788418382162
4.39083564763263
6.40666754238403
2.93159438604764
5.16708675868773
2.73628491123636
4.31123476312549
4.53242509299009
4.22684168575545
4.72422556195913
3.24006115624364
3.94116727446866
1.94911629400498
2.80229797266192
5.52443471190223
2.03630729558388
4.26402944167254
3.82002165919089
2.31859311830866
7.2321288578404
4.43840958095589
7.6580496303183
5.41144496245563
10.9778670195347
5.71732497220389
1.59802858678953
4.81848841663053
3.27500661752281
7.20752426644767
3.73658151900021
3.43351642047687
4.77580768480806
5.19301824896879
4.62831840696967
2.64425788037054
4.86837765308436
8.6889376724048
3.49530442649613
1.76333644959136
2.81678937315693
4.29021165836233
4.69657810285339
4.69172243832698
5.60881533825708
3.28196361714765
2.95551218808529
3.38190605604954
4.1470860458831
5.59359578001647
6.46844781834178
3.73957473326589
6.57866262597915
4.49281109297847
3.05850061665646
4.06439373814192
2.71651587320965
4.43857027946589
4.306695876252
3.26086480660764
2.65427400133198
3.35516061875884
2.79456563172794
3.67857417845864
3.71705679585278
5.22944988139719
2.31056807330257
5.78339656012729
5.25661219223379
2.86837866869122
1.00539826131138
3.30028015180983
2.74834232914188
3.68089429862433
5.78302342777753
4.95766596887711
3.00283225503455
1.90614838770203
2.49895418707043
5.14959247819689
6.68381359081998
4.40056657369897
6.62181958345071
3.64155547926174
2.06970206598897
8.66414334905056
2.18321868403276
4.77101623672141
7.20839090361433
1.82541671256457
3.63133408052717
3.81331603099901
1.97248718574446
5.35948523421334
3.76665068806943
1.15029925224684
5.59064554999517
5.28021564712463
2.68769066595567
3.42732306781512
8.35186738524449
6.81208907874977
1.86950540199777
2.84602828134246
2.8580879109378
4.7408453711187
4.83035599958366
5.30699465370102
3.56017953599348
2.01547657716044
6.11460910384983
1.74657201790651
3.70039578807993
4.9936167966874
1.97668939805233
1.32168298188696
3.68875849819897
8.46820795010348
5.08311657057598
5.78653627743057
6.71900093634802
2.34139170819358
3.01520913101597
4.79526335899386
3.15885501375128
3.58441008473522
4.13311999658787
6.36519825296765
6.99908926355032
1.66791560914721
4.7944338830656
4.67787139624368
6.74336128913471
6.38979858641916
6.68052033116869
2.93486051162579
3.86657423888933
3.88695776469628
6.93361418473255
5.9759912003301
3.66254680192171
8.21063611140388
7.38077460911576
5.63610313268305
5.96777893536507
3.7909226280132
1.59943310190626
5.5547325922149
5.86008621791535
4.3208419412822
7.49704017082006
5.18287377904051
2.95492123534188
4.54441014189771
6.51972035541941
3.77606698446127
4.11031617386611
4.95044727051601
2.24148001307515
4.79454939129448
6.01456299645169
4.16792728294479
5.71283897121649
2.51374746478529
2.15614225127347
3.22949556828206
2.67797994184491
4.20276275421367
5.95980215692782
3.50153858157145
3.36307424876333
3.84921695389796
3.87932877698297
6.55901753967026
3.60156063384049
6.96293199369146
0.755660061961204
4.87663600200431
4.86189386752657
2.94417907061445
2.73185570294277
4.78313641510492
3.33761213930019
3.49455275269762
4.0319010549762
3.40456853442141
4.40253239703392
5.25371638636173
2.71011522850031
8.10674909748687
6.39809774224224
5.9853307236103
2.62734259545504
5.13548748863597
3.42566545224423
4.96767346083079
1.94243286990739
2.73323857777817
1.91976495127765
3.53163758275535
2.27029737096324
6.54050582173047
2.96060320327724
4.90754133953671
3.87235787556961
4.40195820212343
4.24509578486626
6.26170102670228
4.8356020317658
6.13692011697703
5.12533485048099
10.4656202165363
4.16504910062987
3.74971000736416
3.72623633822063
2.71556971321233
3.04117230389201
1.78925684167809
1.50476738710365
1.75644180257421
4.21907743112563
2.65248216765671
3.5658243126464
7.28365943711208
4.15814814904677
3.33106010423649
3.92850365495659
0.989958446632576
5.18844397301603
3.44814937532322
4.04519600028668
4.74015468388358
3.48713679323027
4.04414783658388
4.38353861594488
2.57437097534887
5.05639172893171
0.364923780883926
5.48037068422786
4.18730190139921
4.92094836872557
5.41947952346101
2.38875115334524
5.8358947806028
4.89264746258513
7.09402132194912
3.6537936903726
2.47090746276608
5.8683419504288
4.20944907176877
5.02735837799434
4.23798509232076
1.04724116771307
6.4782772493883
2.82596096689572
1.70194078043429
6.68564059666866
4.07516746871024
1.45613773332882
3.31047518269843
4.24677228250013
2.54325006403253
5.64955971596244
2.16828613226293
4.23752423812004
2.69490331658933
2.97711162109859
0.953181883997517
6.35732696477752
3.9853869659297
3.59914087789302
3.59802970904276
3.88719301660019
4.83898262775351
1.6509735229542
5.44813219873086
6.04551324176251
7.01081783221413
5.8409116936071
5.04141289408031
3.83018963553721
3.05036350828749
2.61505614818848
3.51175989270349
2.99601984137986
4.45322107240484
2.26349096956558
4.16650725116054
2.91317592527407
0.973933577440403
6.09979750510831
3.46703598291801
5.27734555134066
3.02098179167564
6.03853609615788
5.55916804772392
7.23446749069651
5.40766107430259
2.17337451538527
5.00060386502532
4.55640572640718
4.88758554457412
2.83112361870769
3.47197089998612
2.78781752343417
2.35544570096352
3.95774767288184
3.62517916764045
2.42210625780144
5.67817056770041
3.00617713375131
2.44496776920146
4.25919793126605
5.8266550705285
0.002580723379605
4.00011529042761
2.40972725082061
4.18225998715414
5.87295719360164
10.7734990425011
4.40214714044282
4.42793753601314
4.60380808023871
4.18459548193253
3.92497824618852
5.13403883991436
2.82003078053799
3.9275071442698
2.02193888095183
7.14036829525448
4.59662048871635
5.06383727095137
4.27729624505039
2.89844728626811
2.11208736852275
5.14795393344921
7.37992468854032
4.3502694805594
1.49016802354088
5.70995415664358
2.89179995726918
7.02492126927104
2.59333671534316
4.96968125646839
1.67261413060208
1.92807490015793
5.76697354919457
5.77668683792435
5.55839659215289
8.5801018518029
4.39006626771064
1.94958195435221
4.36884540174178
6.64030929920677
4.71790712961375
4.5488086476513
0.364923780883926
4.36798641731552
5.26360790904094
0.984714781960187
0.480079628264598
0.803528729922915
2.38036870701196
1.41906069342085
6.57853217632724
2.54269188247068
3.96245407886029
4.99900096353654
2.95572366567601
6.47045595758076
3.17420095314855
6.02559434411536
2.85637841649424
5.97582538556359
2.68316376908143
1.46106964329531
1.5035051072095
1.60640081804016
3.54864400556334
3.55575503272917
3.35442049247971
3.85487855980472
2.50438621215327
4.08403073874828
3.44861175902418
2.83272489206141
3.98169782950589
3.24325213774831
4.77656424678426
3.51625353325152
5.00136065057708
3.02230122073494
3.41398317950045
3.15525837871102
5.1803889888117
2.11346428370283
6.51673376166335
4.3554189600627
7.89122803055568
4.85987637721543
3.89119596433223
5.37297362451792
2.60935637913755
5.36304658680242
2.5928228978984
0.880197714812588
3.47898624757345
5.52520807158061
1.61136724544313
5.04948417532799
3.02457863947642
6.83123185119291
6.39510868111506
4.4819124721915
3.09571716729609
3.0435408969029
3.20210564249705
1.10927387173377
1.30528716412779
1.55250407117196
1.50389269163484
2.31616301338222
3.62485715598114
6.25194536179371
1.99154805790383
5.11220717241802
4.60767487974707
3.3123522126722
3.80633957467376
2.90931646462934
3.81611877055146
6.44349406367005
2.63991931414329
6.1606499214575
3.35844659183995
2.96205579085972
1.29589086589492
2.26244025864412
4.94734638145205
3.6381771780921
4.57203907067386
2.70728708398582
3.96884996238347
3.74237673949148
6.90597683943734
3.90935852549792
3.66437859413107
2.73796166706874
4.52764268277605
3.41202097394408
2.60023468168035
2.4863514960627
5.37231501866222
3.96360225319292
5.24546616082851
2.53037789609401
4.1522875312713
3.55364515318533
7.61183932683957
5.77107370139095
5.463037453631
2.9265088436377
2.85397123934697
3.5511707776244
2.8909448110915
5.65313507133847
5.81355448415587
4.89589797665351
3.41961563381121
2.51312090565253
3.44397291084989
6.88327027600704
4.36364501560797
4.22148227143707
3.79800958416906
2.4477415187482
7.62104085042714
4.47383563466319
3.33277047806091
2.57527766728013
2.16623671162006
0.82773260716918
0.002580723379605
3.75002386373537
2.73450413210298
2.43363242209172
4.12677943746827
3.49035886005911
5.67979259862087
7.3551221593872
3.42234488458189
2.828534592096
2.4113880751348
6.29100039951918
4.86547138864388
5.33070009526451
4.44478178318293
1.88798416679117
7.52809995771256
3.21931157548992
4.12398585432118
3.18030926044977
2.71977702149378
4.68705931056227
2.8785666493232
5.94607285100427
3.98549449513526
7.06981864133666
9.1694440954084
2.69043609108893
6.74212300664474
3.80558462332356
4.47003850899933
4.6134671000092
3.05551591342335
5.40572128353049
4.08416574293201
6.95469510289773
5.09085354873249
4.8905427464928
5.40638205133426
2.03390462712556
2.54167075334923
3.54148236310471
4.11370850739522
4.05042966612448
5.4301508914833
3.18117961619926
6.14764621152719
3.87131081887558
2.74364487100925
4.50209684864028
3.59630809403019
3.02966083870577
3.4106355171445
3.19350574116158
3.74866817065802
2.68195651566907
2.61428416912364
4.07032993687761
4.8400680925424
8.05190838319445
5.90278716929023
3.20328221935859
3.43474750946491
4.58315203563687
5.93310130346317
2.72556270451713
10.1453614897994
8.38277047858112
5.97197919210765
5.50345090540258
8.32291113232522
4.21083065906182
3.79412200172206
3.73717979266352
4.18527474903826
6.76501259225447
4.12779510148811
3.10486195259334
6.17619293679837
4.31423003166769
4.11506085904916
2.12296315469126
3.33565136873051
5.09809308318409
6.95821767804824
2.61407580925265
2.41815831551965
6.37544564933867
5.96654088679746
7.63519137977544
2.6436834970542
2.57622001578643
5.67123040979953
2.30322252905523
4.10338684917018
8.88024001956593
4.21155666660321
4.29893976793244
0.781847012699997
4.20303579436265
5.75773925833602
3.85921694360645
3.01790160969876
2.15254335823763
3.28994674164998
4.46606954552073
1.13254870408295
4.426904918842
4.50932682099397
2.91543785520617
2.32686434477059
6.34375831059892
3.28377555865893
5.81911901022711
2.57593732174211
2.5438115110596
4.52489734032745
1.78946400041651
3.02857420288933
3.5397389545688
3.52723552236682
3.78304166517687
5.32449433265106
4.42763705288983
6.07013977285795
3.0016910750489
4.03006441185936
1.31340893721465
2.93728515280683
3.89853842364133
5.57567786407649
0.758144465632624
4.15099457154873
3.40141226279651
3.78918357132883
3.2809765794324
2.89517884228804
2.86931858774726
3.25159581495884
0.936956259559506
2.34331715449148
2.97560672829325
3.3352439188443
4.92170829659523
2.43025371204614
5.33557384553183
3.3396798401517
4.5359201612464
4.84217035747296
1.63959773490597
3.31758457560276
3.57259840757759
7.30524017978328
5.75358881403765
6.93857961059902
1.75103040711952
3.80638426495432
3.61351230885859
2.14999997449831
5.28624472356215
4.45638216607335
5.99685089968921
4.05471357642765
5.91954574258355
5.34841813782989
3.45521776279004
4.78070844618822
5.31636513535559
4.69931299578182
1.6471592758897
2.31180968851778
4.98265922465773
8.03745606039194
5.49867306208935
1.66802320258482
3.81002902985522
0.002580723379605
2.30483597412341
4.47656964099956
6.97302745654116
4.06942791982078
2.57208370530148
4.0481125837699
4.57755258638251
3.42677789588016
5.50648560238328
4.02973335359234
4.3535616679953
3.34668684615495
5.39547815511071
2.84102260264606
4.16411820062487
2.26043019369217
3.69523143962376
1.85655794898146
6.42638351360188
5.94110834599635
3.06933201457615
2.90463217275208
4.94921818089399
3.76859652279719
5.47005025193603
3.56164010188363
3.87091468970691
3.07673230489885
2.94171520056791
2.25887010108705
3.00493203631383
1.61026481078715
2.88018385938884
1.68415522514565
4.802890203995
2.05791574893531
2.74003942851634
4.04689355372104
2.79760327647013
0.867451915259849
6.99221501298788
2.25512887869569
7.29290361605191
4.59458800798333
0.445941988477036
4.04233622063551
5.16593481901689
4.89510160607821
4.02180968912924
3.30866635483026
2.67411907550712
5.74750130480898
6.23983744514787
1.86627537089037
4.94701249057955
4.58773532634673
4.51805545460428
5.06554839890166
2.84011235357548
6.42192301665814
7.93434507932673
6.13214808335854
4.36483136539208
6.2871644485029
3.6023299799752
3.04317130724943
6.11727730050832
4.78229062611381
2.26640531052563
4.68847129756443
5.74381810267805
5.12427644381761
2.81960750493474
3.18709486465636
2.16819148676055
3.45799899311347
3.62663109028205
2.14119757615904
3.35079196612754
7.19996248867536
2.94768546584913
3.72046880661465
3.64035964703924
4.11310662154246
1.09115723679195
2.30798734031602
2.32587588605775
2.83792588238935
7.95219954806281
9.05720035045418
3.25727472608615
2.89467657970651
4.31198172368047
2.15638173230787
2.45450290136594
1.29175391822517
0.671073726992406
2.06705420959869
5.42336688536434
5.28585489386757
5.47572003504779
3.17212013696028
3.8836533028961
1.69356809397341
3.99288429774919
2.2782515477299
5.63332435813687
5.02791205031139
3.10156319777989
4.81936667521199
4.80943389101347
4.95059290084859
2.27225300330712
8.61955733864841
3.82955817995298
2.90169015370927
3.06475283126322
4.27993485412059
2.18125556618126
3.36150591159406
1.70475791953021
1.49758042224794
5.61423218655094
6.20244245997904
2.68954866229701
1.33460910458073
1.13050820687549
1.26314811836682
0.853563088000571
4.9017489337584
5.29769909376096
4.91581164210106
2.24760504249098
6.76759789954269
3.98234465174172
1.99705452211513
2.55830534689798
1.15329540377131
5.12857016708176
10.0329377508564
9.59767314928363
7.43467379804661
4.89295955981803
4.63621890595461
3.11693568777698
1.66022497715848
5.66000847225605
2.64837934453134
3.9894175875171
5.6994390191566
3.9988963444209
4.99908683048382
2.93545067513915
3.55456113505458
2.24235783768003
0.952807162311306
0.325762173321258
0.002580723379605
0.464554035673837
9.60744691845186
3.08772640534355
0.848097983385961
0.662914125362048
0.83289983211677
3.97707327696469
0.301088610182435
1.29709289120247
0.382628989221282
4.20832165798465
3.16682418177254
4.19276449066333
7.24341604365307
2.01436494188865
3.13517208009504
3.74147577878869
4.48009095961297
3.49592401124738
5.70476371658356
7.13611788662729
4.10108788440976
3.93640332540685
3.28189497564645
1.6494638408283
5.11503388279738
0.780661154383871
0.596719397508606
0.402306470818075
1.1281077635055
0.543775770294664
3.22733970018333
2.27291561836254
4.42121487653307
4.7830703591079
3.5444684255706
1.46648523361049
3.74167561404241
3.48342514356197
3.63945375652974
6.30055783581663
6.12470138701134
5.8951539804852
3.10838340479743
6.36126558945519
6.05667603693605
4.96034884948528
3.54620531226999
6.71163796503153
7.23010669287986
4.61382523695063
6.46688855080961
7.09840841450852
3.19375363471187
8.12350478298716
8.54581311167879
3.69062077636103
5.0807702990348
2.31146567682912
3.03170419147065
5.44611377622374
4.2716394925859
4.59514261467823
1.62161037060782
6.26634555489218
2.56805103411325
3.89392904478974
3.98072390787002
2.96989904441984
3.78264272256198
3.01400444168932
2.29503812887886
1.75977460737434
5.48422049318838
7.38639226450177
7.31295010840263
9.94086456170202
2.72392651190472
2.43802903910979
5.75758327850686
5.49562984357266
3.82322611569404
4.44116300289607
3.55814703693972
2.44858645335497
1.98728584308803
4.88988674180886
2.82531097539104
2.72938327385135
4.26730802219988
3.75341176505565
4.61301242508285
4.06167077940897
2.72500905360706
3.70526492484751
1.14236649026807
1.55560055913852
5.69552193744173
4.18547943767175
2.13663589324914
2.6193754009973
7.58383329771627
5.61551126523333
7.93262728735522
4.45491571558607
5.8649877115859
4.0165092400768
5.24130698702975
4.48973945851403
1.90582471447753
6.02176745706281
4.26745567113958
3.9734570341106
5.14233713371721
3.43667590892824
3.59084545598799
4.23021690942562
6.07271690426666
8.96436589416951
8.51864881368638
2.83877416384124
2.8357412665213
4.95929172281087
4.26278951179276
6.82050468518793
2.04977229391827
4.50049792111771
2.34812142660657
4.34020891592789
2.06216953939757
3.31828816906431
4.07093725768163
2.34539466788888
4.01081594168108
7.23676883630903
5.25111599579777
5.65959105736962
3.44759484840417
3.56834958801371
2.73448279145967
4.77717583484794
4.25231221849847
4.22638960315097
5.47862940775344
3.76737606587468
3.30380714293417
1.7971966278838
3.26257913622184
5.31108009485437
6.63545599314829
4.52395491595913
3.8951174280898
2.14744384788601
1.70061253774667
4.67140209794274
2.86355031790475
4.62213608926928
2.59886099648083
2.94429481862777
1.43802282241874
2.49812414440228
5.31510817048292
4.09421929868812
5.04566214176199
4.50417972378084
1.54239261442556
3.10862850418825
6.57600942401372
3.35503910689717
6.52511114906019
1.71348094798229
1.6337189567468
1.80049371953125
3.5735042805943
3.33998075069567
3.67302447020183
2.76022211390122
5.18018830562427
7.19867058847974
3.49053933411273
4.52698025510495
5.25531074189331
3.85059295108471
3.33292165236542
6.65966572267763
6.9904585403579
3.24015800091823
4.55243999705727
3.34443996995595
2.75714856261452
2.47739545023406
1.34070227261647
2.50840660212088
3.36616232820392
3.38439101708577
5.32738450159646
2.46201636209984
2.83221619938083
3.43358819824825
4.94884422042139
4.77370850919752
2.34496255759384
3.73360510553183
6.4322289196194
2.61062775893701
2.50929202162419
5.18324210756591
2.46644076517126
7.54577292297783
3.18653252476834
3.25603862399102
7.26783800384691
5.90800693115562
4.57688003579448
3.87608397687654
0.607917424147832
2.95153125572304
6.52291420490646
3.43603828045033
3.32321839350804
1.95090980970344
2.85173806396038
2.21873654204273
4.96937449940366
5.36533642179921
3.24644245527308
7.59109603287562
2.12795634782256
4.68490269886216
3.8398078438195
2.19229342871188
4.58740608408031
4.25294525185717
5.51310857713407
3.71911375678859
2.45332943173913
5.37475484272241
3.03505658765791
8.02347650694013
3.15723724141486
2.32032386843462
4.36566414061365
4.81497834270204
2.91638477047758
1.36978664929574
5.19920207146309
6.98900767866749
2.97010606953226
1.7105319182488
2.43744809517482
1.97388422583154
5.08827087024159
2.80488068741993
2.31136456103226
1.35526541631683
3.07744448017499
3.17972047947157
2.44392268108926
1.40758543423414
4.51407127583913
2.88157401847036
0.364923780883926
3.41645740020466
3.48640360006222
4.65466643910692
5.35512739156201
2.90822099056898
4.57326879344075
6.01671297645666
3.57893021129185
4.55944475551815
5.39881442437664
1.62798174631085
3.41281816540508
7.51251125086786
6.29029159589321
2.62226660151026
5.19699098402488
1.66071149967471
3.23707968113022
3.54512941223178
2.88982991562237
4.28438862405954
2.08868851073647
2.7720960884915
2.57647694533787
4.29795218834567
3.51457887243558
3.24278210532909
3.85756561709064
3.53586857426953
3.48115887162668
4.72268165976557
5.82023064548203
4.34408552043335
4.14680669412107
4.5447113028402
2.50703806200443
3.22459570372172
2.41492135378459
4.92755472936111
4.60732881094949
2.36228498306673
2.65223844881131
4.00699428050628
3.30588065063853
1.87750692799839
2.56472470116514
3.53799333146457
4.70014608001454
2.62417534820452
6.86528579083965
3.28639332929502
3.74509954470366
2.91919334619364
4.12299007227456
2.38321596866768
1.31478602334331
3.70486112753642
2.34152026195307
2.48084607534719
2.51742274171978
3.97720492972954
3.65322567184601
5.18604997286387
3.154572978644
2.76383494401438
1.68993900035912
1.61255142289042
2.05637303915716
3.12064300465741
3.23060681595736
0.364923780883926
6.88954011043252
4.22166913266074
7.48253021458816
3.07317352586873
2.33015696725517
5.3142560960539
4.1310012533789
1.98278364507515
4.96045056920061
2.62365673759651
5.52520864982793
3.096547291028
5.02158941885827
3.08221881684749
2.83216848778876
6.32544071832391
6.45774441590277
3.28539045800885
2.58694401359108
5.79979463994812
2.94140839486328
3.03404214898079
3.86370811036904
4.57298239453982
4.99647980792213
3.91596193501344
4.89465902973052
3.95453559140974
4.59662605489209
2.36583156159081
3.47617158775387
3.64502254429439
2.07114823090444
6.37999732143385
6.30891961206229
2.79299764994298
1.88466224824067
0.584333364945137
4.66943343752691
1.89908938525592
4.17440773236372
4.85087359872301
7.5858426008582
7.86853900272446
4.63334725818234
5.19497306986219
1.65998129454868
4.5225175121454
1.95131416669885
3.03498263186491
3.03036386611521
1.98400095754959
2.28812199741705
3.69166252473487
3.27876947629575
2.88476719556628
2.86563306622076
2.43917639838171
3.26735951481484
2.6711844380544
2.18906623329583
2.40247688580497
2.95278193771544
3.48216367978871
3.84018747967103
4.06641027428732
2.18679688824341
4.89531286028281
5.57064781076528
8.38817554327973
2.74524929661071
2.70823201767024
4.43876735717872
3.84069420279623
8.92650494726755
5.00876311378448
3.44521401965337
4.75264332134468
3.00717204702219
2.17777599628481
2.99753243470206
2.54149209157765
4.63248853838269
3.41160685215781
3.52028217046078
4.87767013961549
3.05293868987094
4.31818341628303
0.301525079091939
1.70254803746715
4.67322270391218
5.31419653360394
4.03044394191369
4.99433061990515
7.0420417840105
6.99625658710287
3.64237121846578
3.02077449251542
3.56728887688037
6.28093478341309
6.74241921117338
2.32493410075555
3.60393107199554
6.61990303700584
2.29971101812531
3.15064939860316
5.15819884841215
5.98881640273253
4.70346921715955
0.945101899511164
6.00395412227715
2.72798905987932
2.29166635653513
2.98778892662239
6.46463250934409
8.42887560243591
6.71869801125436
0.364923780883926
4.46758340011955
3.87159345407999
3.01051760351785
5.87925552825103
2.43877159325958
5.65022152911068
4.46148262184046
5.74247312624642
6.2828764813422
0.002580723379605
0.591823928359315
2.11940629036071
5.06727616100996
3.4969051293964
3.8341643892128
5.43562578596501
1.99714981439156
3.14411414492111
3.78158172393851
5.58703139342133
3.01286221691389
4.44151350207692
6.79670271686804
3.65607323620658
5.66812514772959
5.32366098571616
1.17165699990793
0.633638210462794
5.38408703963618
5.10570162583698
4.90859821834049
5.74396374983385
3.08457465629654
2.6547181463267
3.18340113736481
3.35001983005032
2.04280765663089
3.46267351189079
3.21168973061163
6.49938464353421
3.93858270524502
6.02360552991181
2.85463147447362
9.00766061235928
1.86930566371857
3.44952617696547
3.81143027236037
7.789248378489
4.24255442914744
2.60575737984509
9.36184511067668
3.91247637600807
3.13092562052958
4.98650124153862
1.85915641073462
2.91214979539812
1.36311677847155
2.59196560175651
5.27655565417942
4.55014908897389
7.97728931176485
3.95361545696574
8.33921926527261
6.15657209065068
1.7433737119962
8.79373040099833
7.5342924111355
4.42069292360301
5.52558171574219
2.72831489977241
6.20158666747373
3.51626866129203
2.2482239275409
2.48308437578529
7.69087476260479
2.27710169843639
2.90692497593642
3.19915763183764
4.80247710238113
2.7639588189179
1.54988018626339
4.89162474924374
6.37427097223068
5.07965866435726
3.40365293687991
5.41165787678251
3.08418886579792
7.60846700471339
4.76506766473698
2.39025629605289
5.43609916816488
5.24464324000457
1.5762240716773
4.20969707567633
5.32101998421662
6.63239046587102
2.60280570015423
2.90311069954433
2.6666935604605
7.48148311897067
0.364923780883926
6.99095977473843
2.57772265972283
4.53264655346458
6.98036733316326
4.64372765302366
2.26743719924388
4.3745495969052
3.84798582716203
2.99197368132988
2.93322383333726
3.71270127803609
4.77280242271986
3.80899052419537
2.48546592698284
1.31642601955649
3.84001601009736
1.64848424855969
4.02349759843928
5.86553625841101
5.04077795850875
2.9115572503367
6.118018917845
6.42658130571643
3.77274951816252
5.88464796377623
1.63720765922618
1.25771754583783
4.81918947637112
5.01065813503756
1.7934669656951
4.50887397690696
5.58381397150741
3.67249612953842
4.54451680860176
5.55333093869737
4.58165277197653
3.6719383912568
2.21676388473978
6.10896467686928
4.99454929162175
5.67479324733768
3.73539284610085
3.30580464182883
4.69834019273055
3.41405345469315
2.7221446881253
4.47134688107097
5.92971899470675
3.54551260962398
7.10093357407603
3.91950095184464
3.02072026949008
3.88248019711573
5.66433926304276
4.41506977288306
2.18525137153428
4.11931573913661
4.01663962454097
3.35172394074241
6.08831618353969
2.52579151191836
4.3804991555735
3.06520332981417
2.97368922558027
2.40469983732332
4.55711808473446
2.98804224862237
4.74953674426768
5.40929759528881
5.02363489662701
3.02681879904455
4.64879015844646
0.002580723379605
0.002580723379605
0.209991976818544
0.659760976652023
6.94441959037246
5.63773387857308
2.18749624423798
4.65437684167729
2.79531738563259
3.34816191233495
4.26946111295948
0.898280248746047
3.25078553014902
4.72330500460042
10.0332297458612
3.94088944967034
1.5119437237618
5.61283513990619
2.53777499126826
3.51689874981769
5.79204642951659
4.03449105583206
3.98052681993004
4.29490254697332
4.03714001472488
7.59290559916579
1.31571341328486
0.462818561585416
2.8027006478683
3.60436334851602
8.78402462567069
4.08449606344477
1.71227817664271
4.30271302863505
8.62459332784233
5.06794726665568
3.185861692384
5.22202739577106
4.82318966782225
4.28750035457252
3.74642757242817
5.05403546911512
2.06061967987514
7.41951476007049
2.54447444919807
4.97545740131024
5.2950717083664
5.87986121734378
4.32673474417045
4.95177110955378
6.54837194115273
3.96039901216712
2.72828025509425
6.22493565010138
8.64517556034285
2.63143462683343
2.29613834398786
2.12155942025328
5.77085509665504
4.88959945071061
5.23878527116902
2.27352446679303
3.92830586358587
6.50630273075386
5.25702584833754
3.6968808691077
5.96926586407813
3.76702078958094
6.1362121202145
3.35098000433894
2.74065144416369
2.57809683858877
5.0773882330232
5.33869173580952
4.70459063898141
5.4694874337099
4.88406353709015
3.97995749459747
2.78709418550844
6.14719785572447
3.41993950742753
4.2292068649985
3.83541631740131
3.76332506534132
3.48260946295808
1.73439226230951
6.55987911480232
4.60692003206246
1.74289643777718
1.81696367255656
6.19847531244846
6.01985496388946
2.2563999265193
4.62967848571182
4.96364563406161
2.5424873772826
4.38774139370989
3.53199533117995
5.78901698023659
5.2258708120747
5.26283986554019
3.59655565145478
4.92999468565505
2.79793558859541
9.99220325594997
3.63704311565857
2.9514913984463
1.82117704225842
4.19973883642431
4.13560070941881
3.35915314158645
3.12655947865675
4.64614013811659
8.57414837519653
4.94013440597414
2.53926253443376
3.67401483287594
2.56729519149056
3.72841037698157
5.08239575943851
8.2841300248487
4.26986263591839
4.35966754226674
3.64756555105208
5.83363044708482
1.37984148531748
4.29032886988385
3.83254270706315
4.6583541657347
4.53151280552755
9.1347742606096
3.13416610289815
5.71086746275049
3.9482877131733
2.8100532544485
5.83508279848596
4.95697668122721
7.4026447088301
4.67853463206353
6.23935122814388
6.26112226422654
6.77656763708017
3.16907242904724
1.62341339699143
5.98171058979454
5.87578313518112
1.61745967717669
3.29929856878551
3.38673494304787
1.56205273533806
1.908881729044
3.60078081161953
4.18689375210416
3.31714027705219
9.87372118580833
3.33385556263275
5.64335431638735
5.37236949542802
3.99778036489411
4.53006415815751
3.72653050329573
1.41574758703676
3.01057650101697
2.14167170494756
2.52601613998758
6.26361014640413
2.26815251493186
2.13540201712127
1.00775995393166
1.88390370569332
3.88044424344193
2.42110457484865
2.98123552107043
2.98416995176114
4.9914676554694
3.15646261376842
3.40675193592937
3.15753183856342
2.09636687377967
4.62175319696513
1.49095052129115
3.12401608024094
7.56215802251269
5.63052357366085
7.58216390804775
2.73023601128938
2.85436086550401
5.41239975136785
3.52576495448027
4.34295071822539
4.16438498837979
3.7051312215805
4.38786464843054
3.36790223298494
1.21372465249222
4.87162356590578
3.32192615304116
3.64186400061185
3.48933570740874
3.51346296131696
8.32709158103124
4.51740324236717
8.23321052591505
3.01304226548267
4.77751910786238
2.70234004038829
8.3739468221883
5.63625471375661
2.80643024829719
3.10167186117631
3.52861085591855
4.52426457557047
3.18137597149148
1.77269782711267
5.48446765855894
4.61207847348593
3.32313773278047
2.47848338762508
4.29203813020507
5.8053014695361
4.26164117139703
3.07121938197192
2.19015338121658
1.89125217623153
3.84672141421128
2.23175992329632
5.14048920730463
3.55441220531524
2.61657291373918
4.08949990544928
5.25474124580858
6.10709671056276
3.38998858079326
8.36890727240143
1.79925257018103
5.16004045588431
6.01633670984297
6.77118681470738
4.88492413022761
5.7797737415138
3.75138943968216
3.87898323198829
2.31876662986959
2.15733029244156
4.15876844533397
4.9362274196166
3.08974677185586
7.35802161410634
4.27368490168621
3.72505999954377
8.10734662265872
6.43526670843755
2.66261257936915
3.24739380943513
2.32329451313149
4.69343227612151
4.61736163669621
2.5945703386077
2.43853529785796
4.53311119343114
3.4309135332928
4.90812025928695
3.92610304201716
4.7534882354453
3.71963899661107
3.67168404760052
3.8080698930727
4.91893001922532
2.43666906190151
2.76604525292828
4.01283897554296
2.65875182799973
4.82625538269028
3.82604766124877
5.93820367438805
4.64118283730452
3.06866040313242
3.53121541631746
4.41298545540451
1.49991549564846
5.94608932556148
2.89492586006754
3.15679808938004
1.931451902636
5.03344646475289
5.96896633469284
2.9355652981277
3.51182899698122
2.27408401705221
4.52473927227929
2.22892331179553
4.07590743052955
7.46004716595182
6.63676825557859
2.57815029059355
6.01389512443214
8.05341457841595
5.30768131027174
4.1703650303007
6.48805637935347
5.91714398579941
3.56724540425412
2.23180331679438
5.63324700834098
3.93045489846138
5.11451641542683
4.13869898759971
4.35658274219428
4.9140387797078
6.02913240747415
4.58806461932346
2.53662160744634
2.4147272838396
3.65996259317023
5.86788841496449
8.24317511191617
7.02002171428478
3.98201129776029
2.34968471438227
3.67513135493715
3.90283013600202
4.30149380857043
7.53349807522684
4.6002599355223
3.03122975559198
2.77086153953458
1.72733702517376
2.30729186640922
6.87848079584735
5.63131576738491
1.67962334529874
6.4546259493969
4.10012157908274
2.36849208725389
7.43038005698697
4.49219065096931
4.15517054055709
4.5295234453426
2.13198134913558
2.24839989046084
3.86239371121499
5.00145553864903
2.98848550367225
7.19110251109631
2.78456436375549
4.94813769660139
7.42008059962685
3.49011987597617
5.39313998056535
3.49350755805998
2.27973823967934
5.5535174267082
2.97436796260845
2.29852922796017
6.56387365052229
4.72132650019761
3.10811658078998
1.87015676639275
5.30082775782394
2.70909531363028
8.07989614111883
3.68385725496689
4.30413312041892
4.52682370889801
1.10893936169884
2.20974077132664
9.15923651173418
1.49096143567737
5.77736669625172
5.46203369240037
3.11295809111938
1.81378656161635
3.60154403112724
2.77954032381135
6.82835142394531
2.27385235898714
2.95663773271306
4.0954947569577
3.9180516699409
5.04545889317075
2.83788262304001
2.51835827856232
3.90773275777999
2.16266640309915
3.48920873855736
2.73942860636795
5.70051992785735
6.61423302994361
4.95929904545785
0.851383020369357
2.91943966368617
3.86664989711321
6.21809881899384
3.75443836297993
12.9205396200197
8.6567097445055
4.83497385121952
4.48905213216366
2.08866644961853
4.47056623600737
2.6131495422167
3.11567544041163
3.28903644003472
3.26068953464872
7.97928790207037
8.7604599177074
4.0411997823967
5.73971771824402
3.17681937047754
8.70564831415231
2.53256433857742
3.26373401947589
2.08179969240793
3.44931872835099
5.46438878025235
5.86974882928238
4.80859494426191
9.13076150982223
4.63037380150103
2.74012943625254
4.00617943001614
5.70519003679925
2.45659478158801
4.5014016189179
5.2980045274151
3.26662814293474
5.03975154620394
3.69699079754914
4.67733346969319
3.23528305556178
2.68475287520785
3.67902881743878
2.9922714358425
6.97554562430707
4.12005327273318
4.67760797330209
3.0679358602551
2.76718675987524
7.84117798878203
2.86649026217882
5.01309552846068
2.06031748691196
6.18734205287682
3.15223697041656
9.98000709589254
3.96559251240096
3.34681855439952
3.43273902882049
3.36154473900619
3.79425995620725
3.30338034990397
5.08173259784687
6.99226289647513
4.91498584122417
5.73662820931374
8.23117473017379
3.03835694721103
5.7895620679587
2.58859062514325
5.4952235074796
3.03215287024331
6.17296093277417
5.14644987900158
4.55077885205052
5.59290133549811
1.84675848193384
8.11219575017454
5.90495160975921
4.41356077193777
5.56868584132858
2.77366129898498
6.04491383434318
3.44902703174349
3.15322658620271
4.08399971106125
6.62923073142327
4.83989282193115
3.46388296089006
7.12664989960587
3.65275405210177
2.93765316175817
5.47357562946781
6.50758392512911
6.95200779954224
6.61536022521672
3.19517061749001
8.06620895455597
3.51978073005766
4.64010733068669
3.06604330059459
4.18879075216958
4.02706260431915
4.01250470821531
3.64988158165277
6.92979133374846
4.29343741818828
8.52644910761378
7.08182082340545
5.41719395921279
2.8890702990431
2.16526254402957
2.45077702620878
3.26845774162648
4.81196467129208
8.16054483285044
3.71229994575911
7.87221513630977
1.90914784098242
2.79674105902263
7.75096607792567
3.5324038111734
1.85040338851256
6.67499943598732
1.2330023304361
5.65262856518355
4.74857838434098
1.95305009933247
1.77289120587272
2.63041846910603
5.1626556474927
5.44796096934888
6.6984490021183
4.9725368886219
3.37578693233787
2.00327238839871
2.92968375223649
2.81683456296878
6.19168419691625
5.24350390604295
3.25614851412859
3.25678978955582
5.56599513771578
5.74199645536104
5.49219661749055
1.45730225869765
4.34197329060948
4.44748141957707
2.52925960561892
4.3014946192662
5.28708819160831
5.37495892416547
6.44420372724153
3.78037712680442
5.07710385720423
4.22855148689735
2.56081534925785
7.69455793772111
4.24960573242619
4.66681446717969
4.75195981383922
4.81707762551947
5.71602997711109
6.94441521341096
5.81997975812508
4.19921248971522
7.29660938313991
8.19260108591216
3.03753231550466
3.60334903008503
3.60732733256338
3.14851103024876
5.5289393703699
3.9905946228614
3.46945460484136
2.94068164508638
5.74174672714314
3.91905066616335
5.86469173196402
4.86170156738782
1.49771519193976
3.41137381970847
3.46417656981117
4.30749499156803
6.34740029999661
4.79604324572105
7.07240921029975
4.26318596998285
2.62827414903483
3.34334909424021
3.80218194047415
2.78838938056403
3.24781371620968
3.27877616684677
4.1435806274851
3.18914556079826
11.5332446130648
11.5677964909212
2.64501839275807
5.80530267487747
6.02341202206976
7.25023303756776
7.83345087010992
2.0207831162705
7.58767439994657
3.76648141970367
2.19492749696724
3.13646576673285
0.364923780883926
1.60634038667938
2.85732227721483
2.13314107262319
6.16343381103812
2.36014319977021
3.09900845899027
2.40466423880374
3.98602337438779
3.45978691760425
2.66456348627226
3.85634565855595
5.27669016731383
2.42063700745032
3.99035498045251
2.9651275868178
3.31845066244233
6.79408083734151
2.58583657075179
2.6796197312298
2.17274942982595
5.08919168090622
4.07910518579158
3.29564594238774
2.99042067470185
1.31437036620018
2.50301770192755
3.06348585749825
1.91532997104837
5.00510937114044
7.35960904527805
11.864289806455
5.90315800222848
3.55435079222699
2.1182003871706
4.12999780293341
5.23181250259394
3.9715822728309
3.82789713044109
4.52554814186941
5.66666356197137
3.1221181014317
6.19119760931688
5.57707925951577
6.18170750847387
5.31446042291203
3.35476468613551
8.15630709888578
4.42802499064367
3.89558493470398
4.08204797639885
7.06091398887445
1.27461079524322
2.81753184432561
5.64486521306736
3.5290673808436
4.19829727876845
4.33919627997981
6.22794240739804
8.18883691871008
4.78545179914165
2.64746305507364
5.06525169800096
4.60637047248339
3.81128832158221
5.23703280891811
3.5539787698663
6.21911153808088
8.74705567210383
3.9153940850382
1.19401968956529
1.94484422694168
3.91062009422373
3.29264428731655
4.75907122958652
7.38610106539934
4.99290049949477
1.33475342883753
4.311331102937
3.95255044472023
5.83869044178936
4.11102932155059
4.46296077134648
3.49064681393877
4.05518044107461
2.04320995039888
4.21142027876183
1.339397805312
1.44385740381382
3.58619488719168
1.39503405718136
2.20593907797132
2.23919759177708
7.68258879782068
3.24350175076646
1.62192049011382
1.6042442643914
4.35655496598112
4.20595972957838
2.18742362881368
3.04165620076224
2.30385780179095
3.06236810775743
7.46293095105137
6.70548100498831
3.86048812821894
2.71086982216049
5.77352713016859
6.32631014973747
3.11913458668463
4.17461123801165
2.74364869690714
2.59776261761137
2.11082439287793
5.14756171923814
3.16427184146912
1.86059991807655
4.03588523907166
4.2418369879705
1.86015756847465
4.24092562209678
6.85073133379642
4.93772137526785
1.11094657272035
2.07921098612146
3.26615255704793
6.87425958005478
4.65811852810982
6.41198158414046
3.00992316514904
3.58881477467083
4.88460894315681
3.37734224315284
2.42109989009749
4.26539189301958
5.8829451019424
2.47926283476864
2.47013419809552
3.6740109897132
2.52951418430416
4.0361315962835
5.73067793223155
4.91712865245943
4.83029289737332
5.21776549047094
3.84983063010528
3.50568938515841
2.77512308658144
2.19128321516076
4.3507141782708
3.89118171291184
3.94548174179383
4.74170221103646
3.75296078395207
3.49902802200076
2.79275018075867
3.88001772170402
5.26291427595327
2.78936894922874
5.79985659554259
5.48063547394873
0.3868472445586
2.73886361779543
2.80509489846405
2.38709711680022
5.16547376765159
4.4422843870706
5.10954702304419
4.35503543476411
5.85458265891991
3.46159169499675
3.82604242775059
2.83023640406613
13.300538900678
4.70332789045223
3.99429614169543
1.9066812841049
5.94838280748638
4.37901401540411
5.54381259395077
8.86985770144846
6.27774666853809
4.82354916444057
2.7697604454753
3.2162120198133
3.85737154646753
7.92779767051694
4.98726490553416
7.48129706078774
1.14156850117645
2.66465647460242
7.07153469960241
2.89102498878644
6.48933863634184
3.27810899902709
5.81939433687709
5.08309677341808
3.99272740859648
6.17604260029336
2.89142579366343
2.1246049015327
7.86389863065458
4.8570090900545
4.72811985202842
3.93708893265843
2.85483394157603
1.69696614506109
0.7206992945803
1.74091774977122
1.84105687668379
4.66669229039998
3.40330284060994
4.25573409061452
3.44794369889262
2.24909805862865
5.55707174140419
5.30911101181059
3.29485073448252
5.93522543986746
2.5492382655355
4.74494410088997
2.88595692858772
3.32360156561789
3.8832204562968
4.89867107941366
2.83061181248371
3.68591112867831
4.4031972330342
3.71927674407673
5.55994723855468
6.41997557810127
10.3371291729527
1.52742777336885
5.92090416513006
5.96657450472493
6.91740117434914
3.84285478960802
3.85619088198865
1.67187491255463
2.82700824192419
6.30247360937623
5.03534981439423
4.55327545918242
11.4806311898876
5.65978372219146
3.53425971810792
4.9437108523853
6.99627846781034
7.26459372662755
3.75365204857722
5.129280655826
2.12390463070618
2.63650960602831
1.41654988580594
3.27771675705196
4.04267584953058
2.93249622781931
3.80110400922359
4.01606314992345
7.71905722512883
5.35532370196885
5.60439809029076
4.60879534007432
8.68277839552399
4.62420709770194
3.26969382843271
4.94122478874636
5.02143915997247
3.69371484194842
6.5803711689688
6.93114072923555
5.79694966349372
7.24088366471201
6.39330191417556
7.2240858002763
4.41660591949307
3.72206996114024
7.68898420927173
5.17549593846517
5.0455804128529
4.35668446116144
8.78152845831589
5.08783342579845
3.78229646213872
4.75892367130019
5.39580442425494
6.94813181910478
2.9639388469517
8.22003779010766
4.70045854943089
5.14663422794564
4.20320139314688
3.41836406669347
3.94168372684612
2.14754941534029
6.80863444552429
4.48699845411676
7.94549647592953
5.59123172129504
3.05135167710652
2.77203145522759
3.69738154979506
5.04893654623849
6.27957418107526
3.2642936400725
6.95232442589238
5.4757979878479
1.39577378908098
4.59143845790732
2.77458020187479
2.46468812174407
3.07265550221964
12.0212829533488
3.03822972934454
3.79730913467905
6.67636822921588
2.76708228813766
6.1464122612942
2.57441672677573
5.5481203943644
3.77467005844368
5.83923460011518
3.99421740964329
7.9563023725101
4.16151276485191
3.75557747362046
1.39711591862339
2.05982154932255
4.38055246421807
4.66868769991482
4.95498328759553
2.80214225516073
0.57178385087204
2.73180147128982
2.97939692519403
1.43494510948127
4.14372300651996
6.64853037722444
4.20320139866741
3.47916636400893
4.80103985363628
2.01363902291814
5.28028877382957
4.59549368780895
3.18432496287711
5.86412510033744
5.07702894223538
6.75706408389195
3.44360871598136
5.34548798862562
3.73007672633822
3.82927957011067
3.35107309775939
3.57963601909017
2.97736864021074
1.45847915510554
6.2953251638699
3.57794273390748
3.17606722800096
6.01652721420305
3.84674348356049
2.28007169358734
3.79881450680784
2.65464464696926
2.17623682007283
1.62639257950093
3.14611283388916
1.66172558418839
5.69329706144328
2.48672169211038
6.0839648193019
4.54005350252065
2.51459328207673
3.947362414622
2.84099940959867
1.85137131350891
3.93825956317407
5.45407330344472
4.44102392812453
3.84118942546938
2.63352729444553
4.19839095823011
4.96454437701987
5.15104841498895
3.90647383241375
3.17710455917614
3.50650390771588
4.55870404369925
4.48199135517537
4.18199332430433
0.773706374764806
4.68659341040797
4.9868346283097
5.43496720897084
5.98730543185093
6.73818306293004
3.87320019020888
3.26053518319184
7.18023561439903
3.82056096973853
2.81241396435286
3.17150583953347
4.79672749394283
6.49942570608384
2.80926316492352
7.11202107741341
3.84254443848805
5.23459550204366
2.29084722332432
4.35341143142976
1.89315098832025
1.90089830520729
4.79040120211909
4.0471969520165
5.5676836370336
6.12695309594663
3.95759304615591
3.94702907589627
3.65882963149574
2.0156776972364
5.43895689969886
5.85111133987333
4.99173071192304
3.55596296895748
4.57335020056407
3.49870646907052
2.79126353118477
7.39949085325751
6.1836589222318
4.72543097528369
5.42742273708981
6.78252253983027
3.8174029024313
2.80241959419667
3.94963143682578
5.83959180486427
2.26669122604442
6.13054381273971
4.091079773705
3.76103475979214
3.10796901134015
4.85607025103043
3.11752064999712
4.22337308998127
3.62045119129802
5.29386080278785
4.904333304264
1.53709515775282
6.54766524959021
1.58977173569007
2.31728669418044
0.712764200811949
3.43271224715955
5.64276163878741
4.9221222921681
5.38018929903239
3.14861847288154
4.91904842514752
4.25059450027821
4.49426937682083
3.05493403896662
7.30355569228118
3.49835111036439
4.2859657070246
3.67774151001386
2.97324826893514
6.72249913297404
3.89207589599483
5.18797209572782
8.17205881660441
7.27833162216616
3.20381931450124
5.81281812274831
6.10335491647391
3.75553306203596
3.42271531708078
2.97759153915364
3.25639019482982
4.69059900495649
5.37881615117076
1.57682638147862
1.37416712573178
4.81188543292021
3.25747599417175
4.5916919357349
8.83753888875626
2.05450533375693
3.69169732116336
4.68565415945262
8.37405747369896
6.39934851468132
0.129888891465846
3.39032350271778
7.57318398441134
5.38400911981386
4.45956212659506
6.60380024539237
3.77034185737781
2.91855757488498
4.98179006427016
0.850577261102976
1.25690985958983
4.45484391086375
2.56911178954524
2.76438096099366
1.88174158612707
2.69537643973091
3.02839109121682
1.74592056137494
3.48186114251195
4.02659790668761
4.47275862842307
3.24626605198331
4.03770767945457
2.65824907451617
4.13902507468322
3.20921546064361
2.3838483394551
5.06556387648819
5.34509275207805
6.34071796058518
4.23968308225114
2.35139833025441
3.37667780218948
3.83340624997674
4.84107610488792
7.46948533369192
3.86963711140539
3.17650022059011
4.38620947310037
4.71914799558069
2.69421839971402
2.84670648723388
2.10974992812787
4.42465300414991
6.27845220751628
2.00134645651184
4.11618616602688
5.80822422012104
5.736945271926
6.0951599697661
8.08727520836719
6.16237086880121
2.85726957802452
8.39620413964547
5.97992363459043
3.01812546097335
3.17636911955403
5.51838434898194
3.32783742381866
4.21321987770591
5.16675228460953
4.6032545502967
2.27088580810052
8.54295368979301
4.24559933129285
3.65793369653147
4.62069554961429
3.37295688019983
0.364923780883926
4.96810892718363
3.19174878497931
1.41965595854095
3.65691898718701
5.6344484390861
2.38792777088041
3.34669989621943
4.88852068788528
3.9374598553272
7.81879168209861
4.23793449133854
3.82909831328888
6.49789538564543
7.57584769633334
4.24894319016401
5.36530637193619
4.61351974596835
3.32660657086058
3.31147335069272
7.37113466161902
5.13041153706901
4.70664498863479
3.8771116972204
6.80605483565197
1.63015042475911
5.39601238361141
3.03447507122962
8.35127114278935
4.52205958495079
3.46968089381812
3.99854447384243
5.42705296425683
1.0451330785406
6.82432316698322
5.70763708435982
4.78740605954885
5.06312121337532
2.38665000432103
8.70885597986786
5.27941258491049
2.67771232275541
4.49604833079728
7.10352280132489
3.98129689675641
4.96515599944445
4.26795343125992
6.07749430103805
2.31316860007915
6.73425119873341
8.34535346347724
4.54734397932325
7.64226372705222
7.2552829251747
1.9309643843471
3.82375458023047
2.39549630724961
3.17927727963958
8.73491507483058
8.61766933288905
6.96032911031892
7.23723010415968
3.99109921268989
3.86507143211077
8.04524341000946
4.58224413424522
2.58081093162093
4.29843708369013
3.53696689023615
6.12256046593353
2.55132499245448
7.315616012266
4.42774735669033
6.2332084467488
7.00996441541685
3.87478634928247
4.0346139382325
2.94104969689995
6.34458942075107
2.13186649569144
3.07686519093126
3.60127375287662
3.52090218369005
3.67262353319468
3.00945564812699
4.35767608272262
5.69869197022745
3.69877841498563
4.34757224782096
3.34573333657987
3.88121810843558
4.59757703782417
5.50720601660694
3.76998701729897
4.78734475604328
6.58519209926598
7.65012500729963
5.23009362588253
5.35294576927533
2.2113469736507
2.46797485401751
6.38343251082098
4.96477317602672
4.20917806606395
7.23262950920087
2.69344698736496
2.34632297353656
5.56978004587125
3.29542969238725
2.31644512512293
14.1192570761255
2.49064876125261
4.03831544871911
3.71855485470495
1.25459159326101
6.08685399492378
3.19817943795985
3.45046517203402
4.70674383215308
8.86950887747595
3.29994300815903
4.20936736068087
8.18169208999652
2.57536896518067
2.69777498060357
3.1977339014781
4.67427245320839
5.26928589181237
4.93924575588262
3.67614265790415
6.87234062648075
8.1809591303826
2.68132479390273
3.02624984008248
4.50870698266578
7.08550697023959
4.15403209509584
3.5086623200076
9.05836163756384
4.69483966209398
2.55360363879945
2.08817948104809
4.25346788272532
4.65088131795416
7.34876661892961
2.74161470273434
11.773105149993
5.33108285813159
8.9700925867211
5.15409381713821
4.97686833464857
9.25025937320887
4.98148180766019
2.48253330669435
2.14044785008716
2.70069767717062
2.81524045384493
3.60658391975406
5.3221459286916
2.77963799631722
3.12447337297142
5.83527233385632
4.97265717360389
3.50823827262536
1.88426297423134
4.12326987034213
5.86546703751756
1.91448565210545
2.47254986901684
3.46814823938664
5.72780784270699
6.25484822807126
3.49416503082199
1.66468264968838
4.3640851345847
3.35798902904997
4.83452127446633
2.07805736235865
5.75147080454156
2.14184141983252
5.08904548339841
4.0428988769519
3.11166040547068
4.30902748457643
7.19944131898484
6.83412515434742
3.60733865936284
4.79315397216418
2.61591466759612
1.8142767045905
3.15639837518982
3.98969768449492
2.40303837057522
2.88492398445379
4.96920898737563
3.11560279967747
2.68718737476688
2.26688659738947
4.98676311627513
3.28830721699102
2.00968813573401
5.54414978878128
4.84226708406054
6.95942979040879
2.17745212137231
3.40009861275413
4.1605771956873
3.62716121876765
5.67244807306366
1.4471573876389
4.4259130081612
5.21691881812216
4.11861614009932
3.32934788968734
1.89490443704337
4.58360079186033
2.92577136208368
7.6881301282166
5.74907012114627
4.5460115587672
3.47403790695851
3.55148113157158
3.60628990988268
4.27896364946306
3.18196684229207
3.39022458154374
4.25938872076998
4.08542761391931
4.81535936538853
0.364923780883926
2.99715876270689
4.70355411767314
1.44970506531087
3.07332045096262
3.47390278258402
4.44778630137759
3.41567611381168
4.32807782065754
5.65759931898163
2.72187613191959
2.1596107804154
3.159927689379
1.96294612189003
4.03528729084405
4.4277131164782
3.35874372730439
2.79525876086307
5.57613437897972
3.35630431942653
4.00039941723082
3.50476334104434
3.1332635395379
4.77105706748141
4.10140810891372
3.5250750110128
3.56496385674126
5.9923579994918
3.49039524674837
3.3579703282375
2.79758557022178
3.98269209307264
4.75377539092461
5.35509800202855
1.74790604329971
3.15371402585788
5.72468986400244
4.4756517363765
3.59861785637383
3.25552257544404
4.04519738667998
5.90580163487428
3.2632959520004
3.52561597623611
3.57576345997308
2.37222316244829
1.05715468284296
2.44326794391291
4.83428740797911
4.49456758051118
6.36383839676079
4.31068949447649
6.17091714617929
1.54443256699559
4.47581625211479
2.88562207160136
5.42270346691681
3.13663223634285
4.19187457687764
6.42911344965435
2.42000614173707
0.709056949342485
2.70040427779751
4.32484909859738
2.53666320580609
3.38563157646964
4.93057161464272
2.90876752843656
4.20116336496872
3.30851171896399
6.41170515017793
4.85336554623755
3.93891748343059
2.98494888166718
2.39725711389042
5.56573500384614
2.60424427393066
2.3751118200227
4.28399504193779
5.04301874967251
2.43023719979439
5.62924624613845
4.15083004387976
5.16906455248822
5.95188633212634
2.49928149819274
4.7842269716451
6.63962674040078
4.11036280590946
3.15576967766576
2.30029295567713
1.74837605355956
5.76199278033286
3.64055878839579
5.4924157557007
2.7826126505302
3.69267103874378
5.54707867797353
3.12800108037354
2.00894799028686
2.06161728244737
2.43344180466372
5.68417348832033
4.5792808769226
1.65041767373288
5.57709663237299
4.4957612840767
1.09658881600248
3.6307001396014
5.98572722340186
2.51544209189881
4.5842966093079
3.32957219397385
1.39575635437693
1.47647218468564
3.30068390490277
2.90394597573673
2.94772778960398
2.39446109596747
4.3541305889229
5.53322541879181
3.10908600681673
4.42323720576309
3.02360476184762
3.47623176043482
4.91174336510929
4.43100806683189
4.98461465737352
3.25483262535141
2.61900032665832
2.16987282094663
2.10595955372725
1.93771198228311
4.2344433451146
2.50867420284791
4.94089300711512
2.46952259321088
2.80479484670215
4.65006537935704
4.73517981516574
6.53959597611889
1.81590337897369
2.44185355831786
3.16710603138839
4.16628217051447
3.54782276079866
3.00210257365839
3.62584814480133
1.91417895291166
4.1286329586232
2.19432264197931
5.16003842592717
2.23683032489058
4.54581831410473
4.41174491325818
4.06999320597528
5.4281293883188
5.50756074360024
2.88704285509804
1.86730322892424
1.39191204059648
1.14991031467365
4.19479666897503
4.04746458902033
4.51776627956063
4.07618019864328
5.63530775000198
5.31016503681509
2.75089360636912
4.2472514476219
3.69955615351575
5.55230199790162
3.67747114652552
4.4968707567692
5.01858230933007
2.1968297847741
4.38289519122932
2.17162190577065
6.85618257552597
4.63796667033224
4.61570632258307
4.57178528967611
7.27846989202093
3.38729788585491
2.68293906165742
1.81696392360381
4.06752125610185
2.01915070350861
6.82040101331309
6.05196098595565
4.31313298957737
6.4561225096804
2.59888680137012
4.61677280625717
3.2525995111923
1.4955406265342
6.53576592060104
4.33486288004874
4.14772062947638
2.79692498306283
0.364923780883926
5.7578464715826
0.155793742813844
3.39351981115015
3.62301461639727
5.03159357657683
1.44447932972399
5.32508928725451
9.39756827569894
6.38123383455097
3.91473049238395
1.82206951614343
1.42516841770989
5.15745871482519
5.39299112253084
1.83398920929423
2.84888055717999
4.91379556250867
2.1171261006438
1.86802397456913
3.00011789303048
4.21369932792015
4.06255599174482
1.86086461024173
2.28095653496574
1.06602995828003
2.09685197364735
3.87569590237227
4.87619248693743
2.1709006065468
2.34760706917391
4.88378268742177
1.96900712148422
2.48545509035499
2.88652907067623
2.15167262453186
1.01692575462181
3.26807621540551
4.90067125923836
5.64337573361083
2.39353878933617
2.82895841088804
5.25033511853481
5.00474658489958
3.48291380551273
2.61197066100077
8.0357066966614
6.68714076249843
3.00783326639048
7.4423722774147
4.55845966317308
4.88486784925111
2.95600069704117
3.13746990415507
3.3612873273051
1.42841575340566
