latitude_z
3.5602983017409
7.5119786223887
7.19985254293789
5.97019993705836
5.28515124198888
3.65384108947726
2.18725438791529
5.19917420313298
2.99091182700781
6.97863759304965
5.90604200472633
2.36662528527125
8.20199279063831
2.95837526082281
4.31286917281378
3.75044342525398
3.27834643181445
2.35735005471967
5.47707162415261
5.86313569280283
5.59478810241644
2.76400502707317
7.08128701528522
2.98990395432533
2.71707965498747
3.74671180405894
7.32767721275648
4.8901687079829
4.82834818275147
2.45258246301671
6.60558178675632
7.65990001316569
4.74984742247195
4.57795456167485
5.63553808103097
5.43851467032408
2.86867389263265
5.91348896209172
2.14549377020194
2.70209294589167
4.31823019202394
2.89910935298146
3.27060646641589
2.57412266336913
4.12096996266942
4.77645789070688
3.10528134350747
5.32518810274158
4.94688464168337
3.0823060765338
4.20436036111169
2.65770030586137
4.69748416715794
3.04946259789323
0.0218403405880146
6.18863464561148
2.6092196254128
4.63515208747164
9.09190525628575
3.39573468567159
6.39499816905109
3.17514005193025
2.43804535262901
7.8627206757469
4.82892401793347
4.26325718462479
3.6956855306201
4.39305465592964
3.64817612176718
4.54052833352093
6.34725093619927
3.88344036544245
3.27841976643977
2.92720355818471
2.60326839759999
6.93444308247462
3.59501476003431
6.20651573417569
4.52925392323024
5.64394724891551
3.83910140743863
5.51002163635522
3.2229959657076
3.45590644153175
3.39114329622222
3.25839586743725
3.44632822746454
6.8625348651388
2.22696806648218
3.21061796338325
1.86237366832888
3.08417741031559
4.23535979405882
3.63201699271332
3.0424380590389
3.02772613850105
2.39703314320985
2.81779247748627
3.47284337809279
5.50889693009492
7.55607540235722
3.23943365511665
1.97517340663613
4.21612108217125
2.48410600458123
6.9903004505171
3.47671921784061
3.07796779497874
1.51801131634664
1.86517025663689
3.59302684165476
3.20283987043439
2.21653379192774
2.00895016299713
2.91120994278488
7.06605199823574
6.94714448900958
1.34647426071588
4.44607867870589
5.81765786185553
7.00563257062803
5.57670235631735
2.75903454124507
1.79183504706559
1.78345441741557
2.98663478469336
3.3369107053992
1.70128468830558
1.9983320329496
4.67092108404474
3.27602054600699
4.54166115837573
4.02129014764506
0.982913887851058
5.53136415960121
4.77798812165776
2.95574679145126
6.39329029885663
2.01949661931523
5.72745831180145
5.47031803789073
7.02382406843404
6.05305587900895
4.19631195253745
4.96672523636286
5.00575527390821
2.39546751326646
3.52773564438961
4.04023314085123
2.81563603746414
0.549845864406044
2.96418680131827
4.418965075068
8.41920690635225
5.75922849340363
2.20101167382914
8.52611424616229
9.07820959687216
4.14616637271538
4.86703816334889
3.4406852322643
3.84644787548893
3.9392829668078
5.52007745915101
4.51672784771229
9.60269834781579
7.32758130814427
4.323211564292
5.16482239668841
2.27399750062762
3.71742930929943
3.02145709945384
2.2505103491031
3.20166114833484
3.18884241855389
3.28768499778893
4.19586237525482
5.35614200697668
3.07266109873428
3.96049076027887
1.95039229294292
9.77344549875354
8.02777142503739
1.89485699132221
4.22948270869936
3.04235081487068
2.43362018827169
3.62114873933151
5.23686841276496
4.02501045868647
2.24174789467012
4.47521919860454
7.12757143976356
4.7087263141187
6.74932564011806
4.13193515728419
4.66320570832574
7.77219425033556
1.8649997016212
5.36867175421122
4.49949931070256
4.0585864083329
5.66104420930805
1.9944627276154
2.1125529107175
2.84475919743365
4.16223397304856
1.57821134281245
5.47523279786861
8.34221109024467
3.63476452548122
4.27132909057045
2.17565745557157
4.37339267068628
5.61719572142124
6.13527433913278
5.21089181429307
2.69250589107685
3.00679571441114
2.29082510135079
4.54270805865454
3.93503167368535
5.08248796478735
7.09632633608921
1.91291080744805
5.46138132599818
3.56074683616883
3.31313657976096
1.92346457994804
3.14650347797317
2.87963207675478
4.73574318201324
4.97085422414892
5.82998314853971
6.29877692179697
1.48027679989321
5.97881123171636
2.93619137044373
4.1041744141402
3.62708505456881
3.40866959654376
2.90103310966502
4.84608539784771
2.8767830260503
3.00355379903129
2.95640562363086
4.62813323755527
3.03051400395554
1.85397443895269
7.75934134962286
1.96601296634639
3.52166986766125
2.13931951477276
4.16433485122067
5.55383993746772
1.1769064546357
4.81349438072149
3.28359207030631
5.17351235730593
8.86424500163872
4.05071969164626
4.71495257538876
7.53249363190374
3.8783850441803
3.71054831512969
6.74326115403331
4.61373067079686
1.47891054125545
3.04805945739211
4.07137128530683
3.07087386603402
1.33858862977738
3.86468166719898
5.23701664112605
3.90747296108609
1.05776228538335
4.1771619398796
5.94166455248103
3.621025226542
4.44538020042796
3.48060986240758
3.53160298758844
5.56489747620315
2.10476466252682
3.61007516887715
3.95747442593127
1.08104328946299
2.98270239021284
6.88409495294798
5.07765299825912
2.82584869264813
5.56681134814757
3.36602142733692
4.08007142440308
4.46081743959291
2.23255367121416
5.39502579017721
2.28335001844221
4.07978209632586
4.31389725146725
2.00601100863486
4.68138103642153
2.04423674294814
3.01453964201362
2.85172093504026
5.25657105730928
4.58721214335436
2.3481274402876
5.40084908636645
4.52089435173525
4.24665319224049
2.74779674123519
4.67235617575354
2.28057719370316
2.40225472021627
3.01123131483498
3.53789577505032
1.75995591026455
4.89021356985924
6.1518111166572
4.69654349929198
4.78883916528279
4.31585820384652
3.26198230714718
5.81156344303541
4.76029027128235
2.90099587485148
5.74750871598896
4.27121403710453
3.36401736316134
2.48783801128332
3.3873630173492
2.86871487482823
2.76206055230632
4.58958172574224
5.51130586549944
2.9177931671346
3.87981109443406
2.21273629899799
1.93302934063241
6.61601175798925
3.66960154729715
5.79095189424706
7.97367896476815
5.50831789687106
3.4077526558423
3.07809602466995
3.7740153613696
5.46262879054703
2.69727280077757
2.88757991285172
3.59257261667183
2.39113958300554
5.36425862768656
9.38872896473706
3.62239571359876
7.637757420292
1.83984748691815
3.83521468241847
2.49262296639194
1.8828825380465
4.58867296096059
2.57755869452742
2.86933811740484
3.11495341324184
6.17660856747101
3.51773106421446
5.25114459523392
3.98454993552314
4.58906434176767
6.43853692725302
3.78178873117183
4.33009143981289
3.34543248587937
2.72414103139737
3.78882474929775
3.91464883816408
2.13349781688193
6.10920741220603
4.29085449859776
0.46975322803058
0.689052390252246
0.522716809683407
0.500483498212588
0.930961869720582
0.825450620944431
2.69069796973018
1.95987065366027
4.5615072975419
4.7024236567179
2.63753863732967
2.84061276246956
6.60162340312234
4.64823909853797
8.20200282441213
7.79220456667722
6.12788424726982
5.57817435802246
2.0998316101876
0.0218403405880146
5.7500099532396
10.0043281012604
5.77908354676043
3.1455516844127
7.3829024211332
7.27577331389794
4.86493292729598
6.11881698169659
3.87802723029616
4.73386646312805
2.60647018882928
3.95116132525852
2.23570086980478
4.47734144451289
4.62747238439309
6.66126637447484
1.66900624644446
2.54006565443012
4.06435636199145
3.60171872506161
4.40569834825974
1.93288696170398
2.53504375388705
3.82517496604799
5.09856602613963
9.39101697049954
5.24530829380782
4.78970935431797
2.7651515815633
1.78430416716892
6.24114750671554
6.28738027972962
5.86858150568633
1.73324507743694
2.96153279405042
4.62039552147176
7.17139429345673
3.57029550535308
2.7016970418893
1.73203212658684
3.13547877929483
3.64003465695445
4.10369080106378
4.46199730112463
4.44471720046418
5.57216589887487
5.07151037094007
8.17303573875635
5.02103713088988
3.44849165669796
1.79770738274977
6.5345035332107
2.40040066424014
2.62377704685539
7.56542120110066
5.57092423531908
5.28559576613559
4.2233896289746
2.57684627321965
6.64597433273045
8.00151111449563
2.68146143435648
7.64585722540683
6.64820417955748
1.12612930462439
1.33458163065058
5.28887547679916
3.11030302758121
0.318555023879565
0.232025844953488
5.10939354813648
2.19470171856736
1.14824915597789
1.71935425013922
5.60974810042364
1.02330915762016
3.85063384920466
1.77673671229044
5.99986944025342
6.99632549859367
8.27409475197341
4.23586436282477
5.02888307995947
7.48845439434011
2.2215054661422
3.63593047135598
11.837886350602
2.90969615970886
0.159031852660503
0.122019720968246
0.0218403405880146
0.548404491529554
0.177100993045688
2.25247159384354
2.56864266373401
3.56375578285978
5.43748082644049
3.02182038315148
3.04852548407825
1.92273382439082
2.87982457357577
5.28163683131208
10.0897513656138
3.46940269767635
1.65165678859271
4.62783617451413
3.10660342622638
1.91059358672941
6.94255414602671
1.97563415845312
6.92974347949174
3.1050949371274
1.39639993308224
5.11427338025869
4.32480926327278
1.7303607066196
5.56817395319381
4.04692812857546
8.14720254663269
4.61444052208302
6.47713909496228
3.38605238430148
4.06167161025144
5.70008770497749
6.93650422093326
5.04680229151108
4.52484694595649
3.86427794831427
2.82605607910927
5.14819498801714
5.12236007359112
5.50079421859782
5.70282906277787
5.82483476693933
2.15783684189234
7.59426458210638
1.12898804336444
5.4875549476256
3.71392822543431
1.95564814103466
3.13728689727012
7.14338634931
5.26026823993005
6.30249494248628
3.74973597665508
3.97624130435607
4.68124677015256
4.41043638043293
5.48729752991555
7.79116114955235
3.67121009742432
2.61395440243846
6.38230425259399
4.25155367278886
3.23789129638408
3.71942178093549
7.06677540454232
2.0222417809381
4.13562413412257
8.25053774313696
2.73933034739972
5.35536697969684
1.37641747182189
5.34252444353853
4.95949848394123
5.08800420693771
3.36791070239196
5.48371894612806
3.48443605791437
2.56156682130949
6.14560262849387
4.17281260390289
3.9746939815964
4.30058967661607
3.59905676970692
1.50810053311345
2.82087382966136
3.08716069457869
3.55174456804303
5.46931031959689
5.29724343232979
2.9652552222188
3.85262122613229
10.399505508307
6.38768299311986
6.38427713106239
3.48668823087501
4.42552468287048
6.50584878164524
2.59703320407349
5.80933739782159
3.56387819482078
2.31738948617031
5.69648934444657
2.35014800165651
9.94289744642144
4.89330082087711
4.34972768576254
6.2837312567119
8.10713438827158
5.08267323492338
6.26975975675448
5.61841102218113
2.38557094284946
1.7278493830367
4.11994218863685
4.00507558095357
3.21923398531955
8.7502805476463
5.03439576068715
4.10103667242899
2.52540916378215
3.55161714355527
2.45709545640393
2.99022362655855
1.75772138110879
3.54579252500801
5.29725546403244
4.89239586526597
2.85913012250518
3.74814796347308
3.50363535657965
4.3732495887838
2.26140506039267
6.42264619017745
2.68062973844499
4.64196187732313
2.11951387521616
6.26086848936611
3.00027846223832
1.9955646606598
2.29790527512642
4.1196970652503
1.57803049520046
4.97571326429804
4.81159132755004
2.72220310574324
6.7786266474887
7.35889056945864
6.72677188377185
3.85591338689592
6.45174370046207
4.70364358879575
3.20444247064236
6.70970235355967
4.06870171067299
6.04356643000774
3.57704773355537
3.89566780577461
6.48236661512249
7.90763766927217
5.32757151604008
4.33515566451717
5.54651494451189
3.10261225638639
3.81827181094168
3.79021354483322
3.20749111838113
2.76735555453969
5.15412040331258
3.42529172584456
6.48585133035028
2.63003959389378
5.31181427379583
8.17000078440367
3.48700067143276
3.46530366672111
4.46032648143228
3.69419743354715
5.34677294747227
5.53232643617585
4.87847972634626
4.80887473968366
2.18221852641261
1.31321923735236
3.46440731845269
6.10937637874354
1.97563629401482
3.95979213859735
5.30824852040631
1.71266658015614
4.51153034097821
4.19612710913305
5.14162297952004
6.13120180743941
3.43984415752698
2.88020753647535
3.44904848679462
6.83299355012896
5.39492217674838
7.99930368185659
8.9019900413637
2.01031328094802
3.2984327155939
4.60305265391658
1.56197438889238
4.65342251122492
6.72942749732924
4.18335815703471
2.72030998036076
3.65182241170927
3.3362648652191
3.72427087057513
4.41601513925638
5.40614441561236
4.22125485503855
6.02457001332873
2.99056842006952
2.83026308581981
3.87827330031194
3.0777662806871
4.37489511509548
4.00546755542943
5.52030348141405
7.73146693311662
2.9513716073197
4.24984696618336
4.8244603231584
5.6540009256737
4.03492329585101
1.9950932774046
3.77396098300873
3.59344790281466
3.81820310003234
3.94763934585524
9.64391758906951
5.88639583046734
6.30317244488383
4.78878004112949
1.14037475115677
3.11757792990028
8.14837204190755
1.8530659917836
3.57967189446943
5.12488851826156
4.70817963191783
7.13536315623771
3.84850076370823
3.231298472089
6.45048981440653
5.03170071568778
2.41436694275371
5.03989860011768
3.48332461793671
6.43901991877639
3.96150876380513
2.0180507141634
3.48436829551457
7.36584809938435
5.00675822566132
2.90169306565489
8.0230769690422
2.95585580684209
4.75484436280782
5.4248776055546
5.10206037464684
4.09148330367454
4.7124454641183
2.97423218531636
3.50297854348217
5.20533252461376
2.42461189001928
2.79046364868796
4.30334723662381
4.21116443511688
8.32878126427122
5.20823634782522
2.47792501019431
8.09197510299215
5.06342103844832
7.56751463481332
3.39138079958527
5.6927040884839
3.09524788821435
1.77986047283691
3.81420567089497
2.73965538714804
6.13251317902824
6.40823326321407
5.65867168380671
5.96701175907342
6.05102858511061
4.96102183850775
3.14685973759568
6.53836510677661
3.14836018728404
10.5970019025348
1.51713893902495
3.43132859161693
0.914020120940318
0.775403778917608
2.72804636129081
3.34109494508818
2.98876615108917
2.91630495339776
4.23798320022394
7.30524523638575
4.86767448788919
4.80291546361298
4.3079565364717
2.08646353914853
2.42247562502836
2.95777544216952
3.7624395936071
3.14833461109016
2.6506708000709
3.21762941806725
3.63689096555537
5.70161055648482
3.74470915342857
4.27480804064319
4.61680469335442
7.37609102662451
3.91474336034911
4.32413204583941
2.52133683013773
2.07111006316932
5.37762746198104
3.22949333626099
3.21070256219863
5.7015301587378
7.58253223736811
3.4520606547522
2.59274874749025
6.04184969768577
5.55444038106897
2.03969393865332
6.30211807971472
6.4289151500131
5.93350985995368
4.46028297439489
4.10002200702955
5.73923094211209
3.08646197032604
1.70734032004516
3.05739826977967
9.53015406434724
2.4992744296274
2.89824010870213
6.32052301918521
6.54337260186119
4.87061320229337
7.20222907629325
3.94843530456863
7.90583276585497
7.35398694851677
9.24459854568239
5.25347949549145
3.54744398483355
2.03061549302829
3.90188441923349
3.27653124479865
3.34220562328319
6.4090166692436
2.42565753181363
5.4517080217132
5.58148349421042
4.26821612307345
4.42737271511622
5.29189851217382
2.94892926613245
2.65473005216012
3.67513215164845
4.08290381548275
1.6218634058338
2.07838139912062
4.31217621527779
2.43229337996253
6.13313775849646
3.04734179775569
3.99081548712797
2.8585766592509
2.88720683103342
3.71419344394602
7.3012386072412
1.64036751619233
3.26597979803805
4.08530148192045
4.13673012641841
2.94572150413476
5.67769808752152
7.73012149948481
3.97103415458508
6.29180660587828
4.97652000875666
4.8608374669278
6.86878427324273
7.09511101635811
2.8638252790405
3.53752169870911
3.98016043079993
3.7958764314363
3.39126660478615
3.04852472457761
2.85394982108283
7.03426168848423
4.7429593016129
2.06649734611815
4.92646900124864
6.08417128093873
5.96220318361207
2.96658161186934
4.49961387059522
3.69088843648894
3.90273507542105
1.65116887586915
9.18970423492024
7.11476696242409
6.99939168143028
7.92636774830829
3.14136434992883
3.99957334283883
3.94083758396391
4.78102985746704
5.29369410311903
5.81749456771232
1.95521967855651
2.08151362580537
0.0218403405880146
6.45236530683756
1.20027849015899
3.73172041661526
3.31679291812159
6.58995244654003
1.85868524236764
4.31660956593736
8.93674150738644
7.78081741633362
4.62089705400612
2.96395802844437
3.44042226672986
4.11086854128336
3.60596547541554
8.49273838831623
4.53255911954197
4.84250649634497
9.81051923789598
4.72616206134825
1.45064071464014
2.56966109146783
4.82391384030959
5.77486131241907
3.67182383509128
3.00363563140267
3.33687837342827
1.41004577037897
3.37114894776562
4.04386808202917
4.39783170390027
5.07808584246006
7.00149711099458
3.63568892299215
2.42403909222055
4.2535659232253
3.94376737693479
3.52151541408995
2.81259942951577
4.56472362290842
4.59612276056051
1.9838342718256
4.37586652982399
3.31256076923618
3.55232924533398
3.91656126034801
1.74377466392714
3.39668052541836
1.87520113160537
4.8576390363795
3.67283294163666
5.10382590975233
5.41367366096258
5.95558174383025
5.83206265802165
3.38295278059893
3.32178829076852
3.66903013660185
3.43187469870555
4.01823067893685
2.89770070273561
5.29257215447636
3.16637687848179
3.96465799339581
4.45246450064491
5.15047503521185
3.17798867208312
5.04986276383914
3.41515196679034
3.98825168121197
1.8435410913229
2.84454624442172
3.1273393433045
4.35007642572194
1.72213370976294
2.47664007094
3.80260146876058
5.08702453675534
3.88511258646731
3.08213978629456
3.41312145839741
1.77829048401019
4.02375701151012
6.34477191907615
3.41460694156838
3.31167538949659
5.62338419956368
0.986935906577213
3.87747936877216
3.98853771789737
8.81830523344263
6.68390276980184
5.01961909482017
2.67551111235935
5.68978285676074
2.97001284535917
3.96473530864891
2.84859134222587
2.94941389265044
5.37884929351311
3.65810591815363
1.99679479361797
3.26290559813928
3.03050069109785
2.22764671659836
8.46154292529089
1.80399660041669
3.79065673586159
3.03251194344229
1.07513029522525
5.06156588622942
2.81083325046402
2.88648517262565
5.72789367732254
6.55678237419392
3.76333878202893
2.60112869756912
2.74295211541787
5.05683613919633
3.2567114877131
3.76982583210218
6.32750037398391
5.54129917848641
5.55933712600577
4.17256172347463
2.45854767503377
2.50726915386982
2.29329715797877
3.72977745439881
2.86506865928212
4.70368066298721
4.76792904700194
10.549830469558
5.26920238455945
5.36570963305167
5.05245688129565
4.74806479724703
3.37369170365085
5.69004243469834
4.4670234511296
4.08981064599328
7.1528672084892
5.61190933122349
0.0218403405880146
4.19272257629043
3.98347598435631
2.30723370961752
3.44244956358249
6.20998138055062
2.24681511537757
4.02443744063872
4.42652250834325
3.14004514248086
3.73993284159883
1.60951047872151
3.08362866038082
4.62906917514244
6.68849629744552
3.1756473562825
2.95522535628124
5.28848671881202
3.81551841563471
5.28046963717702
2.78022530309703
2.56972481302612
4.12858371843604
5.2535063995628
3.17649253276332
9.49944919685648
3.6736763280945
4.50089376112014
3.42149946816575
8.18419015722311
3.10719991894877
4.00658603561709
4.05423137546331
3.25312613568757
5.23644906494966
3.23481786979964
3.60753175529249
1.98640340607306
4.26503057646613
5.73051160340416
5.09155102002305
4.19529535898078
3.24566449701684
3.45621000059081
3.53365301096848
5.7134712928368
5.38455770273951
2.72176488277675
6.62499908733541
2.2737042841081
5.22279676193672
4.87660949738001
4.52794085789137
5.91129215360743
6.68846486191588
3.77095589377295
3.06243639603811
4.38558476356426
1.81576138390395
5.59495567717282
4.57167683685663
4.38615091308429
3.72716460889258
7.39893728647794
3.91949861696158
7.14672849834453
1.16408084611898
3.0252083242491
6.01451776841094
2.97975176354354
3.91644477162368
4.86620330883247
3.14856015858902
4.87543541622694
3.55498522934673
5.0322946354527
4.08073214951237
7.02879834312967
6.47084176221751
6.80683940579132
2.47562447079136
3.27935324584555
3.79485793503211
7.83973733930242
9.36926560385695
4.95944517373126
3.60328322010088
1.28948122821037
4.91590449275816
2.83412498768355
8.12021215288487
1.62757309873128
4.38446629206899
2.62963156093777
3.4408152820758
3.12135971179431
5.51077781410046
3.72981577107585
3.55175770484792
3.09197516455369
3.12627180004111
2.6740705946332
2.07442601886147
6.13218120719139
3.32024397010215
4.0025704016886
2.51726416573053
4.56636393539691
5.72964871417804
7.09612983836061
7.84427281609174
4.8352998012626
5.15090168367868
2.64070566821327
7.51603050036547
2.99550918682326
3.27910063013041
3.64426271827423
3.47684185331484
2.77560240484198
4.71706424634954
5.10724313088814
4.41144183980171
4.94822534697137
3.75244486252801
2.19958448792265
1.41847823056595
3.15901855401646
2.43306935401148
3.56976159872451
3.02799514422544
4.38336501512539
6.66028069896301
5.79832571146845
3.33658085907049
8.3870438914326
6.3389481846926
5.45377133451445
6.11276298945965
2.00299954971456
2.0539321576291
5.13528195065631
4.93007806659404
3.82536409567074
2.70767645244069
3.23519440518793
4.54213843560035
3.72058920408807
1.87012037775251
3.9058536872184
1.91775570068193
5.84493028135532
4.08322835302558
3.95961643398988
4.17903747786114
2.48564920413699
6.27848119943849
4.81917390909546
6.71095491615302
2.22839103095077
5.75982533600927
2.07881626591346
7.21331536217885
2.96876181514698
6.13213745236501
5.35136541850599
7.98332463418746
3.55464351187606
3.74554535708073
2.01550616907592
2.57934259894758
2.84191373550661
4.28032780668142
4.95421458850486
5.88009388062398
4.52093042483121
3.29681121199908
7.27356743100785
2.37172974336445
4.13792400519534
6.21129848167843
2.44488569838627
2.5126959873398
3.46458377807856
6.60162895805134
2.34173713795357
4.93720145313425
7.34535967765124
4.85200745115244
2.54114828415784
2.62575301674358
4.11714422205261
2.16959521913339
3.00956766846395
2.71240182227212
5.20643028300493
4.43288099094542
6.97042109555911
3.8621218733324
7.55021782149259
1.1285214175192
3.14435114270482
6.27269163865189
4.22700230920801
5.68015095682945
6.13733829957584
6.71781483508775
3.19477868586195
2.32274730091307
2.65974972284703
3.62650867038137
8.19290032189865
4.84270191649403
3.08574697072548
8.80143540723107
6.75685407327591
5.53473647128806
4.47391724532605
2.34427336917963
2.27073357615381
1.90738017636973
3.15616977419122
4.01614555856909
4.16803796773077
6.9546883484529
5.66123239234506
2.39872635248408
2.26815081489366
4.16531915032196
2.45765215542268
2.76349145770046
4.72612480724278
6.60142511830478
2.67475414262636
2.92805475497915
2.86826732484742
4.40256920443856
1.94930588726276
1.49398311073623
6.49081963433101
3.49594017713602
3.66484856371192
4.67096581042745
3.39384466471873
4.57681195136209
2.44890903981316
3.17404926742088
1.31774996267816
7.17698388828899
4.32678888978875
3.7406592885925
4.14519295885575
5.40250045429369
2.20995849817607
2.83083138048383
2.92496141484706
4.45974316315719
5.06940260483319
7.18579162629013
3.77800096554619
4.00963349923406
4.19557234284657
6.49470327347662
4.14676104480275
4.5833145702837
3.54013225567482
3.41449613491222
5.80133936051957
3.94766224882454
5.1193050156077
7.16932994851565
4.92571900935535
3.10477920544763
1.75320120018465
5.35527280568225
3.13713687923245
1.78220533346253
3.93851805278297
5.55784908012704
6.45031006565292
5.15420205606923
3.60730422397412
1.1497544435893
3.03198078920944
8.60196243722009
5.72400843534809
4.04607345951321
2.9728283474331
9.47029388047211
5.10982731710684
4.90507089924286
2.56233911234929
4.57274300343626
5.51552314000379
5.37589445726435
3.65349082718346
2.41231981867567
4.70448204850231
5.60771321046513
2.83878889737711
4.45534334009348
3.03407160186534
5.22061390640162
5.07268535768054
4.08335797588637
1.67886189237643
3.95959169058867
5.25127919230958
4.25494554520058
2.10803984531842
5.9303480288506
2.63723176734657
5.99489703424092
1.84201722379841
3.64092798984573
4.02325880061751
4.33529225096632
5.94883962089758
1.98383712054721
7.0287241228354
3.02894746723453
4.37268531725815
4.49014692503682
1.90608202692552
2.61415088558837
8.49430488555867
6.62549493180449
0.777415273158637
3.90975143425642
3.63637619309619
5.7192737661259
2.75039636944205
8.96899603584091
7.84368972172087
3.04494544462051
6.84036550807795
2.59428415252378
5.15696029073202
5.66711880020215
2.13190208281826
3.99697472480927
3.50804983584057
1.76233455122305
3.74112571771742
3.00251795556369
3.89036211437202
5.16892307794767
6.7080327272306
4.55283028934919
2.70044331462568
2.5952769512423
5.36855807709089
0.0218403405880146
2.95327937371448
4.11943537086227
5.66618746936729
4.7586151751
3.39254268406114
3.66870211760249
4.41116353373263
5.01285123147411
3.50137135379675
2.24603878870185
5.18491767155049
11.8429899044297
5.27858836382607
2.97249732606648
4.05842855941095
3.91021651356099
3.95181824050347
3.92559815286295
2.55084731627822
4.30336442387178
4.04823555466345
5.7475094931534
3.90787680978532
5.35917344216071
3.37549493871056
6.00490843385501
4.52035677933734
4.29727753720637
5.27744604344516
3.36860163970079
8.09147188755687
6.61897646617769
3.88063175854268
6.63615837165412
2.18840461056282
4.62042939085417
2.50533717053088
6.55951661519018
3.14404995242091
2.48545109559754
2.85845687940921
3.8953655635614
6.23036306501102
1.95238145650658
3.38719834673747
3.27776518551178
3.6493642294471
6.57524946710492
4.43858905016561
5.8915526696821
3.40506723958373
3.02205765043156
7.08158006643387
2.32748598097721
3.08131794630146
4.08373360388688
3.52395004848889
3.57959493050705
6.98202754487926
3.64503156634367
5.39263291603301
3.99601507166771
5.44789001318411
4.70599280988675
5.42625253006581
6.89864632267734
3.90414609571827
2.63464701575917
5.11633766240864
3.75862025252404
1.1890544548839
4.02966799946363
4.22785899689322
4.52224666466656
2.70331343808071
3.55851173717503
5.07099053075553
4.15839837998036
2.20357387213312
5.76124919523067
4.4497527995804
3.12457595266716
1.97931542389522
3.68816188833167
3.15950377542759
5.68859603263429
3.99483397529784
1.78977413183057
3.95781490097288
5.42771745854563
2.30911351761877
2.14622995725206
4.60149014844511
3.91087111469555
6.92756040019135
6.10426155143706
2.11536612117618
3.26109599892292
3.0351371404749
6.11466777200109
6.02436611782041
3.51703142359682
3.37402826675946
3.860267479113
4.10727993655621
4.21574236624093
3.45142240148893
1.39390856126224
7.43046324939867
3.99747945040508
6.48058126788952
3.09045337753848
4.29024293262125
5.28642165733903
5.29043354753655
3.72036504932609
5.06443191383304
2.38265572116247
3.46253818272875
2.88533669656419
4.87076687449121
7.14315311826319
1.21254947474807
3.66030573468539
1.96239146429696
7.37268593626824
4.79944648309021
5.85992701502016
3.61694326717134
3.8676795370973
3.6653514157641
2.7965402988963
1.66623846069503
7.18269302173849
3.76612554515271
2.69398828933768
5.27056965297849
4.97102348296713
4.869960440016
10.1014173141127
4.67851516339119
6.09664173432151
5.5922078897173
4.65926579417287
2.085804010537
5.40066350023492
2.95398410802363
8.52737415666581
4.22295914325997
3.56761427171802
9.31376395346292
5.27801455152461
3.02898967015382
3.8176566839396
4.50003665978284
3.99430306541624
2.88684562486577
2.69451059848845
3.47903506508706
4.59235921690343
3.14403907195804
5.67004997136035
3.91161353079025
4.74424980055263
5.76455558045469
0.803760184179529
6.5240507842312
8.09562084229671
4.76063985260173
8.08891382568105
8.76543895519654
6.00136620692484
5.09650745028435
1.66594690047682
1.32523151242006
2.19958760294134
4.50553493521858
3.89211157284264
4.83159055539189
3.56936012839575
6.82986942189506
4.83525865257851
2.82823626464271
5.94995241464981
5.00434296671559
4.7268607156557
3.50989569346258
2.43340245203161
3.23998946014446
2.98638307374642
4.16945113711235
3.70241301967408
6.32015543397044
6.42094092005247
5.55808882537374
10.8287932122226
4.27705395165875
6.30780657578682
9.15974868487224
4.69582675808578
4.04397209819773
5.21285983586453
0.786238976167126
3.53035677405279
2.90015046496515
9.05966001385697
4.9089983229103
4.16468044457407
2.46319992603469
2.81998034226541
4.60824537924467
3.0987262291938
1.27770282273644
1.42274920148758
5.12399974596645
3.58005233057595
3.38326429188024
6.9779642614605
3.36550958465745
5.64402943601495
5.3397794962709
7.61088542055781
3.59957132260764
5.21039972924976
4.00632424721183
2.82814158525512
5.01783436968581
2.78672552412301
2.72975432120052
4.14976957832905
2.91756887772825
8.84801619979983
7.55714246965804
3.94139109886161
4.22604791540887
3.1930218481142
4.37879104634165
3.007752630072
3.68482836512042
2.80650807865457
5.74275130943296
3.65628323807287
7.32209964088603
3.80788425018748
3.1544247700347
6.18666186364841
5.52268655279046
3.74462202055092
1.64227363724553
6.76010499889132
3.78618731263602
2.47128548071425
2.73856418104074
5.39996646798395
6.54414722478898
8.62126530539559
6.59508315937359
1.48099687118887
6.51900207052767
5.42689855596099
5.79021065549921
2.86330640121907
4.80931448326073
6.18548681064583
8.75558976760794
2.42707313858128
3.7915826796663
7.00044988691529
4.57498552636626
3.9152491288043
1.03256819499893
6.2809030776652
5.30098953188475
3.69596725192936
5.32102102829671
2.6004031165492
3.99137238504001
2.91895446489692
5.20994224575087
4.22203894041048
4.72700008930406
4.78471463773604
4.53068309527295
3.96341932585551
3.96429451199002
7.97959144358732
7.29397923489888
3.18705325885333
5.22925271923528
1.50165010585261
2.84879079719354
6.39962766537365
11.4130715851003
1.55515714526594
5.05611955801217
5.45177839298846
2.50156616616932
3.22895877631969
2.47789753571527
2.75222632224544
3.77928966750192
1.81346804672288
4.06953106136904
2.31837876716109
2.89027039012744
1.41663925228009
1.31727793921721
2.02963618801589
5.11769435050283
2.54672067481481
4.03394785662737
4.47291978064374
1.69598263981261
6.51203218065971
5.44846952503475
3.4807876432499
4.88349164659944
5.90955229349372
4.4902763787339
6.7576002173076
4.87516209906082
5.85183261069338
3.80823026189917
4.05665342824809
10.1390180059594
4.91834990374767
5.66128311464088
2.67926717820962
3.96782462355705
4.16742274581659
6.07503637228564
4.62469258694183
3.08679170276826
5.10731829976375
3.96492061532155
3.17795811691374
1.03259783159987
4.32588133668089
3.22342163451456
3.51006772430117
7.27565955062387
4.09402965458025
5.73075448576275
2.2017716971859
2.14497652194992
5.64613240911785
3.5397381835987
5.26262851046936
2.75939592810067
5.03432193092467
5.8843953101129
5.44266916651671
6.29195917579924
5.46235276064078
4.01628603188325
4.4937000017063
7.51552494622948
3.98522726045865
4.37323252188992
3.98336457614865
4.07404539903996
2.6875132182118
6.65354514877671
3.30858200170138
4.47809377446982
4.07952282841737
4.47237422485548
5.39709492759016
3.1040855468603
2.72270248831332
3.0644050571804
3.07932170007282
3.79322621879088
6.47052586157993
2.53003704588998
2.51880712254976
4.74106569516397
2.82738535566259
3.07862869325096
4.59160507773732
3.87229384049118
9.06050532395073
3.28982401107728
3.9252184898688
4.11914488885991
4.8664929727782
5.77387958534283
6.46738796350101
3.78129616714119
2.06701056225569
5.54854865103344
3.110130994673
3.60994198166819
2.36141639680218
2.7236189129698
4.39735809087411
4.54797321982457
3.77682613157352
5.26788447723306
7.27297983867062
4.82548627509169
3.53727723298538
8.01095994705366
4.11974545231302
2.38920817058028
6.56615956862911
4.75551515825806
2.47851329968265
4.73328334929926
4.0414686961118
2.72545842260521
6.28405820571538
1.84856111688486
2.52731051141769
2.29929835822649
3.75022884282737
3.68717344166828
3.22030035572201
5.08522387729054
2.99703958029796
1.46858863925003
4.39120428669232
2.46741891498037
2.95925087654378
3.8391089315506
2.8629442632149
5.18143607089876
1.72527059854306
4.83856961728566
3.49920695179507
2.44782863994119
3.34464341811822
5.14708316651849
1.50092057552249
2.52357231681147
3.35832135031361
7.00358518619475
2.9571657309373
3.8393562403314
6.40780612394025
2.48568646523904
3.97697166933825
3.0446303130463
6.23535590094051
5.14475474594596
4.68887336508879
5.44415253692311
1.76478081612681
3.18932363590269
6.81944893606484
5.42259458100341
5.07892205646854
2.50727007630643
3.12408325149284
7.46690467666803
6.4869472206351
3.28467554249068
3.32195353577377
6.53870880803449
7.76249031002148
2.53019368346667
3.02539899763248
7.37619719716908
0.612374958285442
4.48012473613413
1.92271014187512
2.81399031680859
2.50619554384145
4.77273033176482
3.04839873838284
2.5429750316306
5.38684914209524
5.92213550444072
3.83390041570902
4.25050889108103
5.3486189199818
4.34342161829016
3.27166473584498
4.97061398937472
3.29771544226945
3.08167087225438
3.74315793685187
2.92303591190551
2.51616290695341
7.17533149146694
3.01316176316114
4.32511030896888
4.27279516417336
4.97433186888184
2.17955321118052
4.11147439122444
4.21730163053874
2.19271162699662
3.70301808378316
3.69290760148142
6.01841462026541
4.21139712417373
2.94006212109064
3.4213890560433
2.90864970715163
3.01097833023724
2.58604825146841
3.0561006356305
3.71740567140276
3.35229015990754
2.66079367093557
2.90061859890334
7.76873932299995
6.14769668870979
2.42593755669366
4.30390256866313
4.53921291752081
2.73421177817346
5.3364971153496
2.31935512638791
1.90719181400853
6.05004703188917
2.71545733628453
7.25914926539421
2.64587367617648
3.82993291090006
0.0218403405880146
1.92318881962267
2.93779144455847
0.0218403405880146
2.09928359304198
1.64471458753389
3.14611989293335
5.53025158278337
4.11580228899943
1.13751565635405
4.02214223263583
4.05975426329411
4.03120542005496
3.60836543714183
5.8124943933905
4.69967480474644
4.49706764599812
0.0218403405880146
2.0735863245672
3.91134619814023
3.10981548267252
6.82695110697096
2.56935955574028
3.87853655832204
5.47237172154011
6.56922821624391
4.9330644944154
4.89418818400525
3.17130712080794
6.4553871992636
4.83576696562479
3.37422703162311
2.82120597289274
3.17847787884249
3.39039477612418
3.8087047447046
6.61474482682975
2.85240939190866
5.59058550953079
5.11698003633937
6.15954283955834
3.50125619067254
3.51152452041129
4.5348320479042
2.9623622941738
4.38081287877677
8.0609243785252
8.875865274429
4.25550279501334
11.9869061418615
8.18125210550728
6.43989112761454
5.62365611133165
6.38407317819027
2.84686537042367
1.86079621143948
1.96887096555957
3.01126376736971
4.37834927893527
2.62570963150154
4.65112172811675
4.17757770703265
2.03943894395601
5.748847030932
0.0218403405880146
5.70260377522316
1.51579967468846
3.77931344643005
6.28978257280135
4.56732302529301
5.67620899877804
3.26920746118036
3.55161568445339
3.69891909425013
2.89810067656545
5.90441685882063
2.17286074586098
3.46749355597876
5.31189883649864
3.32172921994422
3.95891950050295
3.61595277383053
2.7163892025039
2.70154535183603
2.2933909065692
3.65187076810197
4.23202889819355
3.362835087112
3.14836979593507
4.08176583428424
3.67114983892739
5.72078844865056
4.35747253840688
1.02231175263452
3.56445768770444
2.47353230780646
9.04827190148894
5.228011435307
3.29921325453003
3.61097487299511
3.14340461599259
5.63229801981509
4.18878812215805
4.06507958139701
6.05955006127235
4.28521728647065
2.13806962841338
7.22638539219826
5.64792536191681
5.98009985902118
6.20320971307461
3.2701850860394
3.68160527954656
3.64343917654309
4.45158031309755
2.29477615830892
2.04639777828669
2.34405725729027
0.950629313944127
6.3046396583873
1.96698633103565
6.13661946084946
4.44842351630973
5.91393203216394
2.51889600189006
1.66878039575522
2.26438565944682
3.38824141282595
6.85676633521749
4.26066185276209
2.13721575941312
5.44746984015929
4.77528889997612
3.94964108847483
4.16975074289337
5.49489558123889
5.97143635488966
5.28335758811429
1.55897679214259
3.33384079272203
4.06898884873703
5.49669264769935
4.16940763390557
3.71196551551319
4.29005691087928
4.32972274599976
3.48181544258106
2.01471657295114
3.68931719367232
3.90913533647497
1.14206908832057
6.17308039773165
1.95232708058739
5.67871469061941
5.02405542877509
3.49432765966874
2.75336090758377
4.43904105763702
3.72019975496409
3.00267529479636
1.92464201171755
1.85267791878891
3.70248023934999
6.10688414124546
2.81961932739254
5.84655870534083
2.03632174219909
6.49865987496617
8.53001267589778
6.6498585116766
4.52936411942912
5.44038899433127
4.33273150276167
3.30997976975998
4.12655814236481
2.73017040455947
4.14505434293184
9.61207546694596
4.99056619029873
3.18202068734661
4.53682042859355
5.22011878191787
4.06731624522508
3.31890282844403
4.23094800531036
4.67570762255371
3.00888994131402
4.78618891458785
5.80602035361749
7.60866182169715
3.52281004246252
3.84277234212616
7.29714470320273
2.19936098350742
2.14588524250914
6.51421058729428
3.88662148440496
2.81133736609877
4.87133215570418
2.50581668883648
1.55646386216374
4.06889552391775
3.68477427961769
3.90455229510614
2.92927394040043
2.77028618750429
3.61764868755825
5.57719181286222
3.2168919051529
2.28444007066458
2.2900104135253
4.61758612989158
4.67817266216228
3.43545156995611
2.24676187554956
4.61065121166953
4.72999708751383
5.14353232557539
3.03277960757751
8.10096343948184
3.36648568488769
6.08930925256386
2.45415261491793
7.74760087686152
4.77347678295795
4.4754398693906
2.55040204646884
3.80479060327063
2.11315716613295
2.94468083764068
3.60044494591547
4.73718234000463
3.0370613338538
4.9824440403929
6.70716746699941
4.2642710366836
3.74962533287524
3.31030051293825
6.26651188299554
2.66063354330292
6.13609454695944
6.84935907782584
4.6596951906337
0.0218403405880146
2.11530836527249
5.97712769908636
4.54772146166353
4.17722888332892
7.55362715648099
4.76515917762092
3.01537312361254
4.1920862728979
2.95177356183316
3.3253725206105
3.08979554504116
8.54837878053152
4.94551510451003
5.80081606846207
6.79084710549992
7.59347611479734
5.28168685158759
3.08389218198396
2.85189551491019
1.75529608745407
5.30704112612627
3.32325882075414
3.03535326358096
6.21130614076946
4.53107403555796
3.7254655936689
3.392906610104
4.69162051363681
3.39275512544772
4.16186682393383
4.82610541850377
5.81374460759088
3.13713708026409
3.90040017425316
3.54051767505665
4.48338725272673
1.94326389109617
7.17461016220898
5.31997892278115
5.08007141550186
2.40558859764506
2.93995784720765
4.80571113260425
5.50410396247706
5.54852728112137
5.11187921243074
8.17495099146772
4.34491635520441
4.03846870684089
3.6038317277141
2.60492210009903
2.59297840167578
4.54020081028542
3.41279476854199
3.66320978030833
5.88199772744853
1.32261744785719
3.92228878828454
2.60011029497869
3.4143459192956
4.35316913848489
6.90246058272921
1.73230845284785
3.39698083917909
3.03024754885751
3.24994343132011
5.16911633035044
2.67118287673644
6.79616904338564
3.39146241847272
5.21819991391955
3.4182369120135
1.39258565593363
6.5077595093183
6.51793503325806
3.89914056875229
1.86042443333012
7.30653788971662
5.85403885949437
1.47509390436714
11.0717997164167
6.29496304876352
3.77986147655992
7.27268363938614
6.10681814317801
8.91509477951519
4.80369165850221
3.68034940583016
8.99443208604135
6.14640004445168
3.65483873909054
7.81453355168198
2.02234024839117
1.29050178908915
3.80957636100094
6.39496642500297
4.37262641799547
6.85585167751331
3.56634023074446
5.47131865162398
6.01832099905464
3.77148253673096
8.04387063201735
3.77414171311451
5.53472053468147
6.33522206240543
2.14492979538474
2.46878350323879
3.19299214026513
5.44899079070573
4.58722113574446
4.98245904513008
3.10493893791385
3.94108659240575
5.13321574417658
4.79927797821683
1.37460001553365
1.51810512322828
2.58304591001013
3.71871875307058
9.97042684507595
2.90399375421707
5.36647754802933
4.34301443058014
4.56641910674829
2.9651680325438
4.12535223510559
4.77448636538047
3.62838590589305
4.27075381451117
4.3969973042895
6.11564009100834
3.6405921687713
2.12694566070363
2.95382306570079
3.0000600958994
3.96042430458605
5.60488237560414
5.5319858194113
0.696559676322918
1.56150069875502
1.22885934041259
2.45531871275926
2.87041042798685
4.20007035454518
3.88723270096523
3.29524261381413
3.90150156866666
5.6575158116234
2.86127780386571
5.72130293885331
1.7613494984306
4.21933536839014
6.39487062829997
8.34040804837109
2.50876335521208
5.57805402212176
5.86962765163122
5.41287932244612
2.84351868400964
2.96759643020879
3.18845465751836
3.14904784010402
2.74281360917777
5.54913550259418
8.58035223082648
2.2789581510829
2.54813092305365
7.85360041494456
3.67422424911188
4.36854308681956
2.09013481943572
6.07473505780154
5.41554256251647
4.02515375610989
2.406008418869
2.72396232367024
3.95607313320922
4.00471777432988
5.80606929699853
4.21564906682461
8.19682182610415
2.10032847581224
4.25721812476317
4.84897735989468
7.22572648741715
4.02883975692266
3.8519666011779
3.94777625266008
1.72994932309105
3.3932441317823
5.3555235651782
2.80657353583094
6.89718524821447
1.24322893391077
1.59503380298092
2.56452842848687
4.28458752795878
3.52900167596845
2.29857567363786
3.78815595421728
3.01518972005678
2.82876062190113
3.47006319965097
0.409269154050558
0.0218403405880146
0.507733954751951
0.980663529323213
1.67548120011544
1.60231808712054
4.42548288885756
5.80889185899685
7.80647676780761
3.60653749203302
9.18468644507051
6.39272257798855
6.59944529631505
5.64437854053826
2.83019124631304
3.88384619764121
5.15169994094651
5.01286049500868
2.87763300567238
4.09432403328315
6.42483619027818
2.76543781752728
3.41390580803771
5.32652944323099
3.87935219961171
2.71598410242029
4.3824559996945
3.08921687876964
2.79941214894209
3.23813679021456
6.23938453472951
4.77322766096172
7.44449892410562
11.0131328970184
6.52735134263212
4.35207165376379
2.8115156969104
8.46026835955913
3.09149490256318
2.21439245540036
2.64363650426197
4.61908302556652
2.67274074206091
2.89952736805027
5.82809088695796
3.90436273402413
6.35382180643939
5.66105356158868
4.48257885793986
3.73157673211114
4.92440382869582
5.35042478307477
1.48853764858885
1.9026409487576
7.3041941747566
7.62487009481526
5.21734985022162
5.51859069673238
2.11085754673161
5.12389594621391
4.2785570815464
2.96476224265717
5.55327242171036
0.844603536721666
3.80708250034588
2.6426410996158
4.9657622337985
6.51684442398099
1.92797694111528
3.47324664615741
4.63168780505385
2.49639843429368
4.36557916827481
6.05053517278669
3.53945140162936
3.10911343196885
5.48340745148782
3.08911785279471
1.94464990386971
6.5935727080377
6.14355628489158
3.30023380067831
1.89136782401047
3.21298813177936
1.73039961016912
4.85448787588449
3.87524823786771
6.10074514511108
4.61711052907447
5.62079312682767
2.12643117903081
6.04609262948348
5.1394633147764
8.07964076771133
6.23344774182315
3.81734520076799
4.16740639609775
4.84985493381738
4.20747786387236
3.86159488976424
2.69928771747344
5.95163924521179
4.57378365196082
1.36856068082499
7.26166501727324
2.13409815968482
1.85733979824177
5.90118949374028
4.9402203197395
3.84158189345224
3.91935847274144
6.43383950350206
6.16693203019035
3.83291358539189
3.72605059821701
1.20739395659284
3.05647708388109
8.17143904821367
2.62038109959402
4.26306103943938
4.59096599935357
4.7493479241379
2.12392444499618
4.75445902893352
2.26647836942318
4.2174210860018
2.92831193404276
1.8305566287685
3.52519736069938
3.35855263349276
3.96561808149677
5.95128944627145
2.24413158470787
6.30659382386055
2.5309021704098
6.35307393562342
4.47373532862166
1.8820103222116
5.18258751908483
2.72681215950798
1.21205588467262
4.78220742987496
3.01059788145748
2.38920879897954
3.08956757599613
3.52949370825431
2.82983788016123
2.32001416920264
4.44596559699302
4.44070224834239
5.47341746144432
2.56896296562667
5.41099755982314
1.94523065686129
1.70611706310448
5.24796398460931
4.74911593449003
1.49380234262313
5.65349528676538
3.97992389376819
5.07311368721278
4.49864172058709
6.55250464934515
7.00005129879325
4.64433062522002
2.33637723289709
2.58833984680243
5.86259301173875
3.28169776397602
2.12342353289111
3.19739440842689
6.37821005033354
4.21361834569828
3.337064088432
3.29658840173372
9.38820483450916
4.90313200281984
1.20644402530498
4.43797089648765
2.95767709270592
1.07013670310003
2.70461670576568
4.39953442171366
4.32305580407233
1.9118547196975
3.15716728168272
3.59565400657035
5.3419556985848
3.89914998503293
3.46006972986278
5.81143593202046
4.93811074872545
3.51994603494785
4.23092424814978
2.1855936644633
3.80964770997925
2.86122760227756
3.19801223849905
5.04802673997365
4.0763454145398
3.27660592523302
3.74292773660371
6.08420604901183
4.95181207610449
3.3274096178993
4.63039122169486
4.8359902797459
3.85788728564087
4.01378275819008
6.30777552046323
4.89178649548819
4.01879093472981
2.92551679351719
3.88655974244153
4.05871619964446
5.41687162538995
2.39131313974658
4.00203042267556
5.08945396858937
0.0218403405880146
2.82146942632106
1.79257066607358
1.40881503198176
6.67683681641459
2.03504686805507
3.95231660490069
8.44616796218117
5.05455757556718
5.23841357502225
4.35387549084475
3.0474451197104
4.20179670290775
1.39334559582781
2.22802905125173
5.87702495291445
5.28328384801926
6.78294604460611
3.40608631341711
5.98382662875679
5.68604367998915
4.29992663330282
2.82828271906599
8.18821009279404
2.81151186268396
3.17684166929872
5.86378324215788
7.43437000397418
5.23502287450116
3.05646449394596
2.04816685938343
4.96427703890548
2.85639999145206
2.61081898385668
2.12676055379003
5.32530453949084
6.1283606844031
3.60231269770619
9.53940268920879
2.39800576047665
4.22820286647668
2.97633428781576
3.08536256479611
4.4862588250848
2.0299007413658
3.44048619291448
5.65877038270952
4.02597474794068
4.0159693400616
4.19825806061918
5.60789168972439
2.54631032389091
6.06485015873085
6.75399702694463
2.89039757502973
6.36588502603817
2.56213849627886
6.06488211749877
4.71730331459045
6.58566755072152
5.72392318147639
6.93230391285543
6.61437884069674
4.20574199591328
9.28116983972087
6.65773558867832
6.66425889235493
3.65862558876951
5.05135316728672
3.92533735576421
3.80123832608314
4.13989057673
4.47899004401349
4.52127049490844
4.43380108778737
3.84690154369457
4.57523623698693
4.53335154532674
3.59018175283493
5.04016162948185
5.57017898695109
4.236495744903
3.38915793166342
2.47355411379956
2.28566202353747
3.01239689771207
3.59234588732551
3.15541776317012
3.38424679613812
0.655844910374952
5.12965952607172
4.86130260910874
5.16283581246226
3.10220328699045
2.29125084414617
3.11656728606404
2.98940417408557
3.8611582909498
4.92011330594736
4.17331665958264
2.80065374236077
5.61745148767184
2.89798964563523
3.98737535774565
2.38698283879144
2.77748626620537
4.7476675405949
3.95373460629546
4.05754243051673
3.22088927416265
4.65050950538704
4.38154642028966
2.88552541592506
6.38238705698264
2.05347734697759
4.56037524448921
4.00375554696479
5.57737240163454
6.42899151704768
2.72288021120325
3.79903212848248
6.48647396064237
9.34738040999088
3.11981401083671
1.75979621917981
2.7138513887794
3.19673501029206
7.52807165629212
2.93603220470725
5.3807465409721
6.59301798713193
2.58845753241115
3.80038040749272
7.07245132406204
2.61125439435671
2.38585811339358
0.770187873727765
1.21570495210109
3.83359402825542
4.0494249127589
4.66187910264432
5.14190395492832
3.66874586574981
2.62891588866433
4.32059439875253
3.62536786319582
3.02685799759534
3.57809770970815
2.78746246787362
5.02965266410932
4.57144865694188
4.83709091542868
3.22180036306208
1.08370425629308
2.68698778354327
3.93017073222626
6.03792889510184
3.11573171941578
3.84829444994328
6.97392283039267
4.66452797936436
4.16351453393231
8.10698016980106
4.52834169948241
3.59045371971928
2.76786922525346
3.13207341769052
8.06853837560408
3.66865867696173
5.18255130071807
5.99573789958794
1.70458857887174
9.20684122476479
3.81792079103751
1.08492622556204
5.39543543761204
3.12247703367231
4.33783141321566
5.04311894794055
2.26299369378133
4.3442451546083
2.33856534668142
3.276484496393
6.1212453374203
3.05317491510831
3.22748137285389
2.94171885613347
2.73444473242979
4.57030460280294
3.9489051314397
1.47748624464098
6.8633998738783
1.30044887746008
3.23790804406973
5.76382660237692
3.70482884181083
5.71639079252827
8.12499067186372
5.60992374971117
4.55065035445232
4.49688921547627
2.68488345184129
5.78699696821346
5.89343201258736
4.03039852248982
1.43268140233574
3.8487698048034
4.03767115341471
0.131853552187119
6.82180144535729
4.68238952521405
3.5080422908801
5.53001020443304
5.91047388285193
5.92500212007413
4.67992669903666
1.59971094222657
3.64881805093289
2.56590454841222
5.2484877886547
2.55594575960634
3.62203927094681
3.40309725641301
3.41578958236469
2.11126582844471
3.58194701435235
4.39593889039452
4.35195436817994
4.66779905465757
2.96866977695046
3.23474227854867
5.83644193206319
4.40849176825442
0.0218403405880146
4.92001790329103
4.3381649858307
5.77175860099704
6.03865389023657
11.3061303126701
7.13283173152236
4.04487277145912
3.83456167988636
2.31507112903236
5.88760237871682
6.52784040415867
5.88289094342119
2.72910309272356
2.82656367164325
3.76301920583178
3.22845987529793
5.35368993523391
3.69707324763133
3.76803438767662
4.12651106033157
4.96218468089937
5.03275469243475
1.79265860975672
2.52149903250766
3.24105908084226
7.6157965599961
6.5025744451709
4.83329587779365
3.13199513616082
1.56215114619882
2.94898154171552
4.20749019474385
7.26908540223679
6.48583474262046
4.59417915351495
3.20339095518002
3.8279404848958
4.50617988947201
6.26367493264727
3.04881787736803
3.15160693057035
1.96753627119353
1.46789893032893
4.98823928386172
0.517813207144734
0.530586052590494
1.05753524980711
4.22833869687765
7.24512338576621
4.97822466364921
2.38063811272299
7.08375285605121
0.89642577821032
7.27493203767504
5.88629450819659
2.03476480667659
2.00059605718478
2.25439158105796
3.92428300194787
3.9518126573408
4.13487239030898
3.22334799139431
4.12615451541253
3.67862870298324
2.12710504431421
3.75204892280706
4.46321669154271
2.91955371706123
5.65500642914
2.6202645552071
2.05555526033982
4.82268398417403
4.61723444464222
5.19702607628704
4.85762914756004
3.77375931475075
6.90029175781654
3.74570382671498
6.49214465157516
5.39301724732774
6.28691798469374
6.07085397742364
4.87319100911079
3.55139110301453
3.49386237100927
6.3650034613528
4.14618743048106
4.23052971099814
5.93806900635975
2.14890331712087
0.902994880001628
3.02055722591124
1.67152915689768
4.57800282495441
4.62482268923905
1.65972625949177
3.5229550021811
7.50752546281698
3.59512981522107
3.79175335846253
3.96243752844323
3.93294226108404
1.7885531867514
1.10173719881689
1.16799504947518
2.41830564663189
1.39048068386259
3.4195375120954
7.89802103795257
3.95403074665463
4.77241793556294
11.3677864794114
1.05971286369066
2.24321130878786
7.92651307708141
3.15241214097041
5.97091938011263
3.80608826095463
5.61670631216199
4.96327474810061
4.04314819622711
4.79603035829279
4.97050449587382
5.69737405307195
5.30883672966157
3.36209089974225
2.95309647264969
3.20076913888226
6.34281871921735
5.15588807904645
5.143522886711
3.68452654057359
3.43917073635765
5.55751705934785
4.64714677759292
2.34912528570744
2.81692085345
1.47852880397213
2.84538674149818
3.07751628281685
3.19644481776781
2.26294014957478
4.29662590242358
6.44297498120732
6.979006626808
3.47041517316783
4.2900771637081
0.0218403405880146
5.59318380303817
3.08633005944887
6.1327219538526
5.0182614431424
4.9246333322618
3.39039099435011
4.54220029986115
4.24628056874953
6.04438025004457
1.42568712508477
4.41906124374277
2.38953641337121
4.28735498620405
5.82975303975816
4.6238122227251
4.751529924655
3.61673544824277
2.28512484530207
3.75954006017579
0.236215230976391
11.3806855476018
6.18118627716233
2.77320877201784
5.40417322970418
1.58337911424699
7.75021701598296
6.00591730295436
4.06481110105729
2.34132882589607
3.76404412281882
6.45798039127915
10.3679995341318
7.0790307119703
4.89139776615158
3.162012665478
7.43612994778989
4.29957760985197
1.40254761276037
2.85814218975434
4.19026387064882
4.96834828596866
2.26524283429334
5.10746811036454
4.18373024607328
5.8703805640716
4.42836143024238
4.73367247570524
4.77130240097202
3.56166179839324
3.8746905014081
3.98016376859256
4.46599877194985
2.71134255991339
2.07487300761604
4.24466625818348
2.99010448515403
4.12327425984332
3.41279045305145
4.7938914213912
2.16681974695631
3.79892300430331
3.77588533141337
2.55961308752215
6.31490480312782
2.31993049735737
9.69048508469449
2.82184540567733
1.6916207869642
3.44252152561846
2.00351996990628
2.57859716088058
3.59400751740351
4.18493663487354
2.00426547361868
3.23336263570845
2.09500600076408
3.42749377070591
7.66737521214378
8.13675870772718
4.54206259262195
2.93872471759741
4.9428020920975
6.3669120708871
3.78269086575245
4.91526329300233
10.6151345520338
3.88166112755853
6.20047154458274
4.5053191974894
7.96146962999332
2.59206593547967
2.60642405322459
7.41659522943207
3.68030109113855
2.45348579613934
5.37234191568919
5.87076548941385
7.01308220179176
3.07118778868997
6.94483906216484
4.48817991721638
4.50467813912485
3.86013510207967
3.87953086370065
4.48809716753056
2.22615158520027
6.3385146421329
4.94967237923498
5.15754082002344
2.94499803873274
2.16006777876939
6.57621984601369
3.99912431157458
6.79740169203645
5.57867975770918
3.44451342538167
3.60561271034128
3.95314415087038
4.47137293182618
3.5479538492974
7.35722630945736
3.0477811453825
2.98344521913486
3.5691508974299
3.75476109179909
1.42123344201123
3.59960973030559
5.9586830850972
7.30438449775004
3.58618077185057
6.16045846317932
4.79761012956115
5.96551501620765
5.27129331324193
3.63581540795592
2.85842471136539
3.04809033805832
3.02074205221958
4.7850535951769
2.61446568163137
2.2381754620166
3.3445192403814
4.33412013774845
4.58857259639235
2.44172021031112
3.07646769692688
2.79888205860162
4.22907673872839
4.0118663411602
3.56409732295209
3.78092459038266
7.73852752119538
2.17211087256564
1.60657017450765
4.4371797722808
2.955608394302
5.41985116207732
4.74666831003145
2.60691614649636
3.31792827194509
3.18986931809454
6.56282037370527
2.8511040043191
4.05534570871979
3.74633891506321
4.72028661514781
3.65321011427665
0.664660400259896
2.77463569653909
3.72667049232074
5.46504614079929
5.12855487168612
6.21689514453439
5.40240908684915
4.50025311684586
3.58949879514885
5.2818078873704
0.803144802701268
4.03227729609855
3.35831791916031
4.19682366098347
2.95387640041705
5.16870450980716
6.13107241179104
3.17445544169843
1.49075945700686
3.57070095548664
2.66858599143441
0.887020374545203
2.43957774943225
3.93712573113058
7.63426453743865
10.1566158887861
1.62183647174901
2.83306711341187
0.0218403405880146
1.23281673322448
3.23261432819068
4.52319559863498
1.90530852941487
3.74518907247003
3.18240028902576
4.05489528716099
3.89453672394054
6.01513895501716
5.08031583354705
6.1874606953379
5.01422037339409
5.34779374912767
3.02689799961807
4.9377076399399
3.63607355337293
4.63548231867078
5.94942233826685
4.17148225733988
4.8540845694893
3.34498442290558
1.55255591541241
1.56439337404891
3.304599099062
7.79455183838677
5.14225082492863
4.28312563141849
2.05359672087886
4.19955340970001
3.88253895629942
5.06862447734331
2.35458738083894
1.85535874260024
1.61419705518581
5.2493335427354
2.56606170639883
1.48144412593946
2.13156320242387
2.0293617042307
0.893435267464825
4.08688303601173
3.67691255280372
5.47988242242101
4.95898522806942
0.246447050436832
4.10687893738868
3.55507017429974
5.29904997284306
1.32831787084286
3.6018059644493
4.09507257695786
3.94027327883126
3.68450081500402
4.19201767606446
5.45301121232797
3.60303303193607
4.9403896468351
3.89273087648634
1.33147087316015
3.30814411840064
5.28792455062074
7.14322623654729
3.014385631889
2.73749558808381
3.61157109699291
4.05257978810916
7.91723231438046
5.81956345471086
1.5748961560883
4.95029575729541
4.74859463995257
4.95813615897764
2.81635401924679
2.32184311887391
5.44203975994763
4.26055805026681
2.56711497882698
6.17422895419793
1.50236606565037
5.14344254744663
3.79573601874491
3.14527689397247
1.47071403413618
6.10316834560589
2.71861756066485
2.99806098758631
5.3365033347682
5.384872407167
7.03285873961683
8.28759502928439
4.81078356169304
0.920263226938323
3.11340094524471
2.03119193816607
3.45546538649032
1.16003744244442
1.36838396259612
3.77043249509909
3.72128261278333
4.82463118282677
3.71928850641984
1.62103223509123
5.18575765343559
3.82037755046644
3.00393806256538
3.89144818977642
2.72164491230937
3.68951150062369
2.66771370645986
5.34638318286998
3.60908371609709
3.08169589215472
3.65933987174754
6.96639406999288
5.77240377915819
4.67714622482209
1.78077545854756
2.09016985129922
3.07956607244924
3.91634468961094
2.0089189292865
4.73965339303384
4.34415394421683
8.9734238882159
0.737511215408868
1.74795427476809
1.76698778551287
1.19594297471298
1.53744508592034
6.9080996099611
6.84092050563465
4.80892128130322
3.89740212702091
3.21069834269914
2.45486441145276
2.28598988303853
1.44175452119493
2.78012040424127
4.88965905069013
3.85457804468146
9.68929899916721
7.05324484045652
5.24182520386754
6.65692631303479
1.8644500678741
3.62021099702921
4.54496766943885
3.26211490710201
4.46140106410606
4.3732796926719
3.91211344184595
5.7921664227131
4.14295073144016
2.36919390852358
4.08102827163576
0.673875776758028
0.479225800115121
0.193659048589671
0.323940575132265
7.43272715889789
3.4375861739666
1.46798165636363
1.32617657604363
0.677720929185966
5.58652384519977
1.2152965794981
0.652583979408111
1.09066343265119
4.13556181488853
5.47115363124861
1.94571627283029
1.22372931617184
2.9419560497111
2.29716685307094
3.9555564687828
4.18911650281063
0.869743498818766
4.51799370362288
9.71191069054763
5.39498642125401
3.08883126065964
4.08615300882035
3.11010761308456
5.67127963437972
0.61720489394226
0.666036088784914
1.36580323643584
1.04106087466584
1.55033601418986
1.52878596644238
0.906935575331818
2.55551870357156
4.56657896619194
3.50979837827022
3.87656001654582
4.07528866421464
5.76928814638138
2.46928157119614
8.36755000751573
2.82814327082088
3.59151730850846
5.30612350581647
7.00640341573279
6.51765749073286
5.43825874414767
3.45486228166487
4.56398844654486
3.84449707554021
7.65258583593667
5.88116203842904
5.91671127921297
1.8607688527582
5.20355228816819
5.55515804627741
1.90912215958274
2.51198804647772
4.89684916021503
6.52330780165503
8.43717117542956
1.8667253387929
8.82844776381114
5.34798104854657
2.19523241917151
1.40943458893638
5.66879321313564
4.04045616396787
5.42509697873353
2.52598044057469
3.20144362478209
3.53296710243395
2.66499189477289
6.48217343202009
11.7646474575378
2.77874061302139
8.94177409463096
2.96416337176588
1.6947941479028
10.1047775255402
7.77518381183361
4.09892974381698
3.31521535380262
5.84123149883116
2.69275412609711
3.81693600694868
4.2475545758316
5.6891862107832
1.89151283967691
4.51400553246769
2.58787930264989
5.27949154017267
3.18237018485951
6.51923876276716
3.2890073205228
0.975842587777861
3.79337018435715
5.70741892800948
2.63599251966944
1.34226791873462
4.09600882784293
5.48158479427237
3.30435114344823
6.21448089174026
4.17599292800481
3.91226152514635
5.52086764664937
4.75563116472134
3.11998089487719
2.1138810540439
4.06940851661343
4.7948379571564
4.40290345254888
5.88333035071611
3.338297084767
2.61726190054181
4.99759548050166
8.50856114833549
6.17024757952548
14.8478601084296
2.65450104020838
3.36380268993909
3.77896826804022
6.59966016429149
8.71401278031045
4.44528244658059
0.725501855256043
2.00412480251314
4.28004504408702
1.72667177715527
2.79018843859812
3.65783471626156
2.44099880062625
6.64865777959429
3.85232031689979
5.49208011341939
7.6396818102736
2.79720885803625
2.79938250415713
2.46126614705238
4.87511294425817
2.73051806334866
3.80930600129115
2.94060793926299
3.49609122405942
2.419523523869
3.01745131650921
6.61107730464186
4.57065288396748
6.28968892161804
6.95560050154401
2.9607916003341
2.32968498445786
2.28572322644785
4.04312703216236
5.14586867058846
2.888163662368
5.49034247558473
2.98609691657176
3.1081633913256
2.91478940302453
5.71879857343762
3.17184435030911
5.33985856254281
6.38770237436497
4.71949882638279
2.05868137983002
7.76383549890529
3.29877482431267
4.89232557886495
1.79058128428288
1.37971147991661
1.46925658623037
4.27412941998065
3.99999397621683
2.59517656809323
1.85979532325102
4.23379364616604
7.69733428359343
5.14923619644071
2.96889542361795
3.23672379964687
2.78858381719432
8.21813671421597
6.74542932130985
4.17277556469498
2.18710020337342
8.93531075017194
2.37512487985387
2.19868521752903
1.25779193276574
3.26438424015799
3.84153911872486
2.97359183165198
2.35874380299502
1.4450577980205
5.44146661136356
1.5431308663942
4.79112870414314
4.35232107530113
1.84057131850878
3.92543527279121
3.74521594712722
3.39769785615301
2.19034470451378
5.74021529332512
2.27430729697293
1.22139377361244
3.44116073387655
3.43990941947688
5.28946494766724
2.85340701729628
9.0109088757128
3.0616141152241
3.92988743041614
2.88474087612307
4.06537912704539
4.97813799030583
4.07607079434453
3.62439931904354
2.46013847696499
3.36317027752241
3.1343584399526
4.11645095035085
5.0383410169486
3.79878448082652
7.05058059818522
3.96483912185305
1.1123277348094
3.83024816454483
3.62631627549585
3.84690988696762
4.52749416590075
3.53110206430532
7.39114099099325
1.40193275842397
5.85663772809044
4.5848262775026
1.64069386684831
7.06252973775068
2.58356617696235
3.51514100291359
4.44775519388432
3.77330236073471
7.05543497603869
4.79155138476554
3.37141884151974
2.86264560077609
2.89655938936909
4.47986648713398
2.50807218690001
2.25062522620857
2.30731092727761
7.84233775240213
2.84136949466259
3.51707810468705
2.86432686857709
4.16234995948973
2.16163163397264
7.00485513752761
3.99713109720028
1.76291657543868
2.76996904833359
2.93870936803564
4.59707250083252
7.11291215766521
2.81055403628946
4.19051380080909
4.93301463364849
4.55639022250704
3.43063992586416
2.4854101662485
2.37588807672809
1.46511453443076
8.82205303791812
4.0316897116072
6.75302506211133
3.98316716700691
5.36603606354878
6.30886295033852
2.5998979520731
4.20536709666647
7.85929928687742
6.87140843441207
1.34288790542653
3.66473094716491
2.02853410763597
3.40829040910419
4.46230387282942
4.12247404005587
2.65800893684187
3.94191377655698
3.04594168723258
2.54193251745841
1.97220951899537
6.37944616373249
3.06816955564045
3.42506825451394
5.87718955634159
3.93764768765359
3.47458207324711
1.54590071447699
3.72651074583761
4.32006830171252
5.56577751404222
4.25232714601777
4.44349559376507
2.80866982607818
2.65931455364089
2.54643010410677
5.09912980048639
4.17830371736805
5.17836131767497
3.31513233884712
2.31011674463891
6.39085911354727
1.57536130667634
2.01215557347906
3.32344522374209
3.41857634430205
2.60595305301236
3.48000849916401
5.01958039204697
4.7773771805156
3.19059185711358
1.40566066546491
2.23972116443464
1.03682905405324
2.42037744501523
2.8429012733235
6.5536104526094
3.13452721331083
2.07241651382173
5.4869612878762
4.37448468213482
2.61733695397471
2.43282339286279
3.64401064494299
4.72324113045278
1.83564544586184
1.25361461698428
5.70584061591754
3.59291852477448
3.11983913012502
3.07129270879222
2.52376662425252
2.23133402688533
3.2882821360577
5.27790291944681
6.80883351418539
7.05646969660709
6.56323641566652
2.46855017704948
1.24553958993092
1.55105037991407
3.72259755470985
1.92062331384177
7.77149749999741
1.04602945585489
4.63539302931912
3.72719309284906
4.82656736355035
4.5926517514177
2.43203758617227
5.59779980836836
3.29083480073093
2.67215037994481
5.28644108575567
3.29373944736687
2.33757326039399
1.9819374460821
4.42540770457239
5.56904270903389
4.47498288499277
4.58358026969093
5.70876365751463
1.26763848876588
5.44149106665763
4.14121080920417
4.00297886158038
4.54555906955787
2.06840155213885
8.50400175155474
5.60661299000734
3.15392177239905
3.94002316072444
3.58096480408734
6.54836968625598
6.43699120232109
3.55130743646041
3.62697820646553
5.46102743324621
2.27192705255706
3.32821102364256
1.81977928388139
2.69494823355501
3.0371475348161
2.97882608084513
5.60899297867802
2.16952190493352
5.05242346286857
2.51499952394492
5.90820260230012
4.84282568561315
6.50247343129789
2.76349738899455
4.39071471630293
2.56237809803365
4.067794038447
3.18632987315777
5.19877199198192
3.46365062287403
3.86278246744457
2.71480625248839
1.72736410479826
3.59505595109227
5.10487592520973
4.52880089552545
4.53878546050742
3.1656641410637
5.24288173068264
1.19993341436347
1.00286274304128
5.91298367877425
3.44178277248208
4.08844052113607
4.23349171955323
4.1936903140394
2.49759675543566
6.45062593834096
5.31411350880129
3.97981736576084
3.56128740847444
8.4847884900647
4.94799077741672
3.69956350554362
4.0765643934497
3.91726693894269
5.16688582216074
3.0941880414354
4.201915406374
2.78314365230095
2.98633978657791
3.32202590949598
4.07902451143042
3.51099582268366
4.78669085793963
6.8144052089781
6.01114667450797
4.86317120573933
2.17571095866987
3.81803293272801
6.0754928375257
2.79117177912996
5.37764067369098
2.97391472433195
3.05650365407857
5.77583533738359
5.04993042862355
6.04952472704237
0.0218403405880146
0.0218403405880146
2.58623828729033
3.13572042304804
1.53717618382992
4.39016125382537
5.12786048746752
2.80500669948484
3.54451709741905
4.14943945465194
2.72896504077703
2.09177925339663
4.13334177751434
3.89227267461191
2.40482624901198
3.36076957025069
6.0872632919455
1.71400394019299
0.829479340172637
5.61558536657458
0.60566397383644
0.4099353787848
3.02556664477131
2.12711590565469
4.63718395201785
0.727725935952698
4.21628358358763
4.92116067029741
4.63667325143535
4.55610530201717
3.66440343565498
3.19864366682784
5.57349605991249
5.29841767440278
3.95811155605704
4.42908279292507
5.22574969532754
0.791515553724587
6.19196363523872
2.41285832757644
2.31399002904868
2.4394977977515
4.10746312692115
2.58551848773667
4.26687215828692
2.32644967812184
3.93502499326057
5.66103378754514
2.5149186662413
2.23425686748695
7.44700940492541
4.58193326196451
3.53832128075689
5.94492263783043
1.86426053424585
2.5518449492299
5.67521904541603
8.14177338580706
3.97159079996135
4.50165298684303
2.23429629153202
3.75084937585888
4.04314582817308
2.94551387446909
2.4372495819514
2.52446226511057
3.01945501938934
4.71108093504766
4.51754927952058
2.83544403558517
3.13210458326076
3.14195516832094
5.38403134312394
2.19513978386981
7.87720501385642
2.92034855976581
2.87003997654498
5.4357873518462
1.42505451364545
3.69181280831897
4.74640931449192
2.91424464492302
4.90367140492205
4.32308341245694
3.59429547822295
6.44603785320305
3.82936667759168
4.70230703020899
7.96081633099193
3.65254839689298
2.99825055088996
3.19481869965899
8.48846106110555
4.90378370263995
4.36147219854403
4.52243786619684
4.19755142528052
3.7871846997534
3.97609965181117
3.68996043804219
3.45369919387794
4.00825277863742
3.82159331930402
5.95872504207696
4.98109521743386
2.01102981208802
3.68102053183299
5.81433081109165
2.63651534991515
4.20348863097601
3.66896537958906
4.19142113424756
3.3738750169721
2.02770498955807
5.27657670423649
2.74486829097579
3.52288666444178
1.03718359098511
0.696885252853031
4.6509357610452
4.05954328137544
2.22704731877991
2.63934597304981
4.74401508772838
2.83905938324425
5.77115138416556
6.46034102419064
2.36730011130221
4.58342346282207
6.05318187041658
4.21141033282677
5.19025170059674
3.83519560461892
6.77682826543429
4.10368300884363
7.92129988791717
2.69182535302905
2.80928023300476
3.05866954447161
2.79409341280842
5.40388895458098
4.17933021309845
6.13206286662405
3.42330306118168
7.75427766353472
5.08958661453473
5.64822133243332
4.73533075650521
4.15585153715912
2.17228857647388
4.91053289969774
1.97555766496819
3.63861858937846
4.57905738111409
5.44717718343064
0.0218403405880146
1.25428200123068
5.64590368719213
1.27444238347589
5.37800780779257
5.33927780270845
6.72069671831971
2.44168750216318
2.96205881748614
0.279771062002201
0.0218403405880146
0.320777855271608
0.0218403405880146
3.4079250122472
3.12146112353752
4.32530727849144
3.21511647623081
4.38858946423271
3.94164596894434
5.53691332443813
3.47398568915292
4.472961352192
3.72177135308907
5.29890670073992
2.66230378017128
2.54360505690925
4.45287541400922
4.73234483158056
2.40113530433591
3.88233651078658
1.14063786882705
3.35650745569664
6.76634058715119
4.67659263398282
6.06904268711721
2.71032941204266
3.11521055232858
2.77012641936625
3.51796240909848
6.81701657480851
3.99769338455151
5.92433848680643
3.19923179643975
5.57715335252697
4.79332074942401
6.00065140905378
4.15322813759967
2.33228095559336
6.05831596549602
5.1133471384177
2.99102493158408
2.37666894168405
6.01197054678467
4.32311211013684
5.46455459657451
5.30157434956174
4.29543414937228
4.82361365200127
2.64690781169241
4.65201654097958
2.68348346966478
1.88524314861776
8.83981880857316
5.61012746687092
4.39629399054991
2.58483869684457
1.73391701246258
3.70754272404005
1.84934217527139
7.40052693135109
4.92274137096921
3.33591666339343
2.69261348754025
4.85421712059478
2.53203046552552
5.87510075255661
5.76605449271966
3.30074885283372
3.87458409131487
2.78548988243445
3.76809448741369
7.61494187175606
3.93557985959036
8.1008257263706
3.96435945368837
3.08733574671226
3.30887312236365
2.951702563352
4.52757111456189
2.81284448490619
1.840336369495
1.6786064475682
3.6814852121525
7.25015000912421
1.77677043657277
3.57639717161481
6.75005149816101
4.65364121506199
2.62196232739733
3.02191074438198
5.48162597249673
5.35593981682414
4.66963208303502
4.18585409393659
3.53741710124377
3.67910478231283
1.91141668457855
9.76084421125313
5.46318299674035
3.19045462561777
4.37063966235071
3.52397079755257
2.32052890604667
5.06828244402135
3.51247196506775
2.47403163168333
3.76707694767887
5.36948034289795
4.48708760874903
2.83747654625939
4.77694120636508
7.2531423607494
5.24085800363266
2.24805816991561
3.29054829861214
3.66220119288272
3.80364876142134
1.14520732463742
5.91509440141117
6.71792877773157
4.6855877083008
8.51946858586239
3.2737972444931
3.62266895646433
3.79125521970984
8.29169667702301
2.08122853056874
5.3201588028773
1.63722607523525
5.67075004532727
2.51591102665288
3.96976571608705
3.1182903830795
4.57129996155053
3.51600146810929
6.37757726763172
6.06318256126957
3.76362111387459
5.1864460758501
9.73788306700171
6.76350571251455
5.58034655527558
4.46554387056936
3.58165692910223
4.48080739732178
2.88382478344552
4.15378037899791
2.7274370823771
2.70391454351928
5.82801240623182
3.08217217375168
3.09413855688014
2.73505083617001
11.8429250438394
2.97032744814151
5.48454110925873
3.7189283740161
9.71595549027296
2.12950259886913
3.70033084413986
2.55565764551133
3.16733469458495
3.45650109340504
3.25832518074957
2.7739175558207
4.42160634856402
2.59157032597841
3.1713927441384
2.06973237990053
7.09221465870927
5.03506401556152
2.74730857856473
2.64858943732155
6.31470985173197
3.05241193264889
4.01008392466942
0.76155466984733
3.76371222237094
4.98284125034109
2.50008007309932
4.84425495441952
7.72490582451307
1.88892967436072
6.01227759521469
3.29607081316717
3.14025000657708
3.93973397587916
4.69526945909748
2.86305441701247
4.84023141180105
9.13529051986039
7.45766194180708
4.31248427125633
0.0218403405880146
3.68068269667657
4.1392665570452
2.72845384575807
2.93621873125722
2.55217600975209
9.03233136150917
5.57979355433585
9.41856999641591
3.08165653761378
3.50850770046547
3.23384974911505
7.82391488411951
5.42867851190218
5.96174418879256
2.39375335177547
3.86010935851256
5.73692496311405
2.67947429828173
4.74258992553391
3.62220834502276
4.35810823165765
2.24504262633585
3.47968955581651
6.00047809484041
7.4723929999656
5.07477241665015
3.14158998417326
3.4287655472328
2.64220455203582
3.40734712311103
4.93977364653314
4.98818839830009
2.38719075978137
2.98101200104347
2.04983097287689
4.94279659797572
4.48876276573796
3.8996537127207
2.83110787271425
1.65835525045533
2.86203959102995
5.21009051049917
5.38568061080078
5.79190912245095
4.77540260870132
5.960690447674
3.35623025169714
4.29464002283897
5.65832013052944
4.52861108085063
2.95799458537485
3.17374768257831
4.94563895569074
3.31399076154255
2.51933655398136
2.04064664904871
5.03175961717163
4.30487368987621
2.9004343056056
3.58669757837197
3.7635050905733
6.34390136104865
3.10245366152489
3.78640790467503
3.37396060238083
1.20672695920561
4.13836080236568
2.94349881353029
3.35907065862488
1.63948462581651
5.25974553540927
1.40600536931348
2.92699859032841
1.92992062192994
2.1664764040733
7.18026808686681
3.80872493174218
3.26963983773102
1.99582625149169
3.65531747523477
3.12483759919458
3.83694808649668
6.16000804375705
5.45220085532787
4.02488523578552
0.0218403405880146
2.24317877967368
6.29483937337905
1.945064454328
4.56359728317576
3.81664903875635
4.58347686944468
7.12843208455664
3.49329897615352
4.70669172501373
2.72804385698029
3.03645045410899
9.27125388576071
12.1687249548773
3.06866681357497
6.51074650458449
8.82047518258109
6.67064987273619
3.63021375696123
6.98899629182996
6.59980498359819
3.46904055620142
2.81259420656016
3.43073235512807
4.15383378579058
10.5866147552494
6.24210849421383
4.3641926389109
6.25962686971199
6.81575509114816
4.37840197523967
2.03649452011311
3.38175637917979
4.78735929421616
3.98376684071353
6.32248934400183
4.44834415308942
4.36120489618988
1.12396614098086
1.18274901177649
3.03554582277342
3.12528080708073
3.53509924619505
3.38554115950676
6.06021505752037
3.29547162112894
3.18601390414736
3.88769958208865
3.05703854145364
10.7628099258016
4.36503646392962
6.95364702651773
3.05252807219262
1.74695476428922
6.48860440322699
5.49660928828306
3.07321958500048
6.77770930637561
4.03176559900258
2.72331024884085
3.4571667669941
6.66702451595978
3.0811092058603
4.24177166097544
3.49775572463303
3.23990390397362
5.9039904851445
3.91221413414717
5.39324964840063
3.18288443014097
6.7311463117688
5.06981771399561
4.1496070216819
4.97417312015902
5.56086308089975
2.6996051403444
3.23944277381888
2.09953044904111
4.02585076837949
2.41146959077273
5.14318105835593
4.77501709171585
6.0900239139568
4.48424099544218
2.28444748330584
1.19088335575099
8.01104408419231
1.21594794455574
5.06440375829443
9.65017490283341
2.32041477278601
2.84149163503344
2.15709696304278
4.20181149269512
7.85655850662662
4.18424308373128
6.14084134563558
7.30532446396818
2.15704776154611
3.31152309747116
4.28812425916744
1.02219971211331
5.76107000050471
1.80333988903897
3.96518878996377
2.25116570276302
3.50342415306024
8.84895809604654
4.29624872308531
2.42188001311351
3.34446128625368
2.93911428465603
8.57951051174451
8.00617862214223
11.488795581109
7.83190768526175
5.16693837446175
5.82717707141466
3.57049945155688
3.32008551414944
4.83778916552042
4.85832343038014
4.32891823478975
2.22102252222989
5.6410230661401
8.14040838901242
3.89436424174407
6.11133124925839
1.15412320180583
2.28292326939937
3.27948357232149
4.01408173169622
2.93279048299759
2.30079042854765
3.33150707628475
7.6682694781818
3.45730126998515
5.81174865948817
4.47335787183697
4.27111995285736
3.05057952468977
3.63827327469388
3.97679032391088
3.52362090422292
2.23224945624422
5.43691923285478
2.71196393146729
4.47109050590924
3.48109085712277
3.07914114311979
1.73708170694867
1.14611369261742
5.18391988816301
4.70504516603117
2.98783358708315
5.22693564007084
6.83330062837344
5.74656016394436
6.27375155446578
5.27392049309532
5.42722237307841
2.7713728285869
8.19505653931861
3.65886541168928
4.95268235504075
4.91622631572289
4.7203948810637
3.4944377136332
3.81498258384966
7.48215630140439
3.22909165544372
3.87001199321675
5.16522379461506
6.63400202948055
4.4106425504999
7.1252869711799
3.57356841186676
2.82171604683767
4.26747148475897
4.82334210541734
4.45649834413983
5.076301271573
5.8780803667023
2.76356054087143
5.61947110937726
3.57325527042988
8.06334253720249
7.10223268769599
3.55358139862281
2.33956972668153
2.00889760288001
2.81074724974763
1.03779868917034
2.64362430055585
3.83116956127557
5.08764816918708
4.65481078010715
1.91072751556396
1.46996521773192
5.72373518447154
2.25061187959276
5.50546032494852
5.09234154172038
3.37922418362857
5.62822759021351
4.02706101439471
5.87001993003965
3.03561403852539
4.83910630767357
1.9866668799181
3.89997228424016
2.62444723550576
4.84956034788105
3.2923845935172
4.31147439338581
4.01364201222451
4.96618276417319
6.58664494269234
4.84482944361345
2.6741032108932
2.76597498086365
3.54093594076416
3.81831708082837
5.05346409822211
3.75825739615751
5.43258673346989
6.64844432928587
6.57519161765788
4.49886391511328
4.96154657701217
4.67906947300473
2.48712767116938
4.60743388864899
1.5992083585597
3.39137771895396
6.43200123646664
2.05579629976695
4.22753320256632
3.96464291126912
2.0235190787226
5.03161395198429
1.80844007112429
2.32994050636908
5.47158677467851
2.29673785687532
3.66114397318167
4.05591943091398
2.54209490105745
4.27363369473518
6.68256592431594
1.89979457450383
8.69101660495431
3.16224213577239
4.58164801364126
4.63501640251563
4.46344500474553
4.47786573136001
2.11388152997056
0.807111062698339
5.03390180247135
2.95953080577564
8.24857622293012
2.8639308150481
4.00769397266821
2.60970362845438
3.5553680157153
6.34755050639257
4.17297657155061
3.01901294765642
4.20546902371986
2.53286639638038
4.21321843842928
5.0689055302392
4.13912549320174
2.75286402251882
4.70722979690047
3.98282918874745
3.26856552772869
3.90187122443986
3.48352311442128
6.29241356541549
3.1880831581933
7.59715580291619
4.51416888656169
3.88552612178193
6.70584451370059
3.90691963414949
6.42678674476354
3.24806931575529
3.0126470500705
2.98493216304505
2.87805069322132
6.21091870007231
3.07183489459057
1.8097481383956
4.19656072645882
3.93670081821092
3.51024179808168
5.2311558269208
3.00198125299968
0.0218403405880146
2.15932389700974
5.35458964510068
2.69378892798844
4.1895110789768
7.21608800909188
7.55371476672477
2.81737599091922
6.3778029253405
3.21466228314105
5.27946556288187
5.14343141610644
1.56247660345167
5.41407496164359
2.78847587324001
1.51839230936333
5.80121003983796
5.11449992565886
4.65890936341466
3.08863229324104
5.56809896165656
11.430835000089
3.65635386327049
3.83184301714841
2.96766416641476
4.38733063323437
2.44488223084878
3.09824668934351
3.90800707039395
2.31037906661263
3.39414906159768
4.05122328326504
3.39831619210211
3.03544656582193
6.30118947207955
4.22730409875022
2.86897887439384
2.0310115239184
4.95015613461564
2.88754635280817
4.04629763319366
2.72527198586861
4.68558383189725
2.935899154691
3.11847703012881
2.71969663468327
4.86476269575315
5.80557062086793
2.81566907959358
4.00012747704663
3.34521535979437
2.26721346440699
3.53600454877351
3.40789880836181
4.09991653259778
5.23031126437225
3.89557019484177
5.60537214836592
4.84733674113737
6.62495949542675
3.16658660788985
3.4162352132954
1.90707927067082
5.21161890958786
4.68707372364605
3.60990810354276
2.77469019639084
7.88646737877712
3.19530412303184
3.58609461450583
1.25788615995893
3.45198883976061
2.04978720452744
6.53902767469136
5.12823117812022
6.08678774038734
3.03814599506636
5.08787266661907
4.45508641995449
4.87175230915631
4.09196028643
3.08805268814116
5.84413456579459
3.66475038157219
5.74709644166601
8.96354113740934
3.09130203764174
6.08175711683317
5.67087910240903
4.85933246258669
3.3158252523598
5.11776305883188
7.56666107272941
4.68843194489205
4.20381801747421
9.09452551650115
4.50351445555547
5.28583154302788
4.69874727918506
2.07465341506931
3.092692771528
3.32604759074778
2.46421100819153
3.22502854453455
4.56162020177471
1.91438152055674
2.40137396597275
4.6567912582408
3.21447405980225
2.99119761703531
8.41643950255729
6.12220615349517
4.16807386542527
2.93448255751147
4.07626284335499
3.56555294640862
3.69038930285038
6.327923692453
4.70788423891842
3.61531343220637
9.22577272612488
4.81783821093722
4.72955075951489
1.74644361156171
8.39083127573522
2.51269920686544
3.86681341652626
5.47148084809724
8.61578456954333
3.07432016666835
4.32325981663611
4.46632747394666
6.46435950828742
3.68033469341622
3.43404739006431
2.36916429418529
3.87385008177273
7.76229109794697
7.43207162051852
4.58923544007941
5.21936289266061
6.96994643460129
4.43757271219105
4.98605605092267
3.20458746950317
4.97281685092888
4.61813171681673
8.0950433761652
3.84514953574495
3.91945276557854
3.89963049800495
3.98159388228382
6.81713894152282
2.61555266746212
3.98121928614265
4.02051258451327
2.16865235969992
2.95873004411591
4.54812847467239
4.28417655574455
4.53155827572027
6.08309694949432
5.03161840333326
2.60809046673643
4.33716250281888
3.22919806682948
3.52065505913939
7.92743946406914
5.83441399142432
5.1542566649561
7.47412402921936
4.12394688124848
2.84100344727894
3.50373280646296
9.1414398979543
4.9878073889129
1.5604100504581
3.60943136088025
0.758104836437538
5.35652918899082
3.57331711302971
1.78028569706539
6.33813554220384
6.12980863066925
2.18123640486902
3.06038294435096
2.30824288169821
6.03608099297677
5.69083760378476
9.81201468121943
6.10964981398692
6.39278049298654
7.23684041327322
5.60472290859039
2.6115257202831
5.30354351560821
4.76270140289935
8.39731264546674
2.40471114456304
3.07742274540399
4.90967673058237
2.4706522526964
4.98967341437279
6.71573289631937
4.4061632777019
4.21613063411303
2.81042020797805
3.0267341169302
3.79860966295024
4.07755010194374
3.3173115346577
4.16708135389439
4.27796286326972
3.50542606609099
5.70498379494903
5.55375503321961
2.98328421291281
5.70373638493505
3.19626324681438
5.81366548498289
3.32509011806688
2.27571935855432
3.30913641079952
2.34925029744972
1.16793726130624
2.03512000769896
2.26495678028262
6.86519378310811
5.217311901629
4.16952272171863
5.48400039957268
4.57089643873465
3.70731490734193
5.28951300959083
3.53665187694958
3.55887726068333
2.14502643287737
5.42565976827624
3.43599951714963
2.74680725803035
2.80696735926723
4.93081271306815
4.99027631078492
6.45066488707535
2.47256573163624
3.36252534725273
4.04165575024824
4.18777953774716
7.54381761844174
3.86713865985381
5.37875266792481
4.2050188923851
8.94447343293716
2.52675853052715
2.22137971110672
3.93449232168376
3.9111942778821
3.74718015532918
4.10954275173916
3.58610740631049
3.55148977914946
7.76017740235529
4.35301601851567
5.92880951526854
7.13126129273505
5.39367155949422
6.04525826880398
5.89341549238061
2.37734001772545
2.96603452171396
4.33582167101188
5.36974948835022
2.86077460131827
3.38293578227127
4.02966686966976
4.48412841302059
5.09630361461498
3.0851622955424
5.97832645012568
2.54715311219305
7.65528675825523
3.44699375974124
2.0151939782117
5.26050674733125
4.1285297735603
2.86638335554244
8.36834961475103
5.74330541146567
5.16550454683272
8.70163787700209
4.61436514687266
4.41964302188079
2.10822814180578
2.8962574514251
5.10915474594972
0.908346452594845
4.84361652555558
3.49498262962895
4.69856006670898
3.76870759112604
4.12634333891406
7.44886429387347
2.37204424160815
5.48538923822704
2.5998285352989
9.65102631302448
3.74873235572987
2.46781157612507
7.38658476738565
7.7097068896768
4.12165381258767
2.14994879379881
3.15641856040128
4.22336232096004
4.9367669552137
7.17704958395611
3.79439242008494
1.14317849972286
4.78166375739367
3.02998588377391
4.49976345731639
3.50895722972299
11.9959164547193
2.68938116348813
4.17848116141623
3.23133246657523
6.77590239982072
3.45455423256143
7.92093568543202
7.97387167580954
6.44373405613861
2.75050374804013
5.32655617844664
6.58763883068939
4.0812616738714
2.24254924590534
4.32149594300723
5.1925986835112
4.30679639695849
3.3384547988525
6.98596517571154
4.61583204358368
5.18614567423994
3.40357926533181
2.91164932825448
5.61821493092526
3.98385357174961
3.54381679314516
7.66086323208326
2.28668962378336
6.12001468950339
2.71521156614408
4.06236873239368
4.76070821007553
4.24771931583073
3.40421780517884
2.90884970766907
1.74731600495825
1.99911734947485
4.88567696263679
3.06552584140806
2.40528373876413
6.53601603052639
7.13493370831883
6.00894145746024
3.96808588917501
2.98136649237838
1.61191584847601
3.76067134384243
2.57506257149731
3.66035381283019
4.46836282322573
2.88148903177203
4.02165197407982
4.55253246123868
1.85686922393036
4.96804077050592
3.51866952115172
4.13365235945176
5.5743557372298
4.37954181991382
2.88264908282914
3.24140064016593
2.42842542398121
3.21854203600874
4.3048763083135
2.02509903695515
5.99408755715986
4.06197278893085
6.1858469805814
4.03346335283732
2.99987522936049
3.53319996131396
5.79434682089765
6.15392442798545
5.82626769847349
6.44926110838722
3.14684502407064
2.62578398684888
4.88399607634659
7.20304632150485
3.90325022718914
2.48308937717303
3.6279911209239
2.45409638859499
3.54923621373014
5.77260211975977
2.11128088449152
6.4710730697955
4.60406067902731
5.27480840134953
6.72509483937955
8.938183667323
4.68402931368102
4.33865545410917
5.31659752614083
3.71588669402103
3.85218208425519
3.05121466485525
3.12792281835216
4.35809898215441
5.92035566750365
4.68993170862554
2.63176607092521
4.50363236120155
1.60856603961867
4.21235186634096
3.80491772994511
3.90632564200562
3.34722979348216
4.9843857110814
3.66812327910911
3.97026155565425
5.52698766618497
5.14525031071894
4.16433952496501
4.48555347070801
4.81214833805152
3.74593434396492
2.29127905408648
3.09939654522497
3.01270132323068
5.73496137491885
4.72466889305905
2.86165344987335
3.35009478436542
3.51518698097812
3.25211017290354
3.52712721348084
5.68349182620673
4.66845942819745
4.40709154213846
6.0800622230864
3.11952536318523
4.33616457887045
5.2782851467418
4.57698552993896
2.72495134524219
5.06271378558307
2.00983801892893
4.05005392019878
3.67813038782734
4.12012998875639
2.58312577449823
4.13723102800987
3.41697814950723
2.96659854497417
1.12733794323996
3.65507266412944
4.21943253436521
2.82782431945281
1.43739792812287
5.06717433875746
2.66408695641244
3.03676260322273
2.25998290364498
4.16768060154608
3.89103783834611
6.68594314199083
4.05133453900886
4.13686877585506
2.73794374494738
1.98381344199574
3.54185918375248
2.21672209757033
4.39648760903288
3.86246335865299
9.69866031754447
2.59024730922761
2.62561759618642
3.34027860899157
3.4211909865003
5.86748506890101
0.783933739270579
4.77601974691964
4.65212610729922
4.67193332638059
4.86850963794832
0.0218403405880146
3.34123916805068
3.92592342805
4.02995220393527
2.5017943149956
3.7924756559451
5.31063621342942
5.9098896151765
1.76616734415739
3.99503226896586
0.921198055535044
2.00761347337668
5.16510650649005
5.57453001144938
2.69130712856613
3.63406091841331
5.31952233341878
5.39640099747752
5.68968095029221
2.61378858179939
1.99983584925552
3.67777497051665
3.5127321258571
3.40308772847252
2.60215635072136
3.93509238937908
2.26363812955267
0.974089317654932
3.74237823821537
3.84736300186936
4.29833271320171
4.48960435852633
7.75959273117821
3.88291872149578
7.26909774997766
2.25055022862816
4.45337102128301
8.24059830529064
4.02632615158627
7.66876817128526
5.17605446462876
2.63019952262815
4.07640959558663
6.71209858156923
3.50892319496336
5.26088179873362
4.21345968043324
2.04901809307128
4.48278620545817
4.73981575775252
3.80065987852728
5.1281464083013
2.54432533259314
2.85751486277919
3.23251437607684
4.60814855553455
4.04303621774985
6.46645336384072
5.04913018886869
4.85500233644901
8.57790392350219
5.11449367549978
6.46282030879571
4.97188214826162
1.26037078048449
2.06419795904805
4.01580205131808
4.91232252058936
2.53567754398007
3.15549605446123
5.00347873375376
5.33986399864853
2.96745695806458
3.74603981873997
3.48415608009949
4.57634379212474
5.26446828291617
3.17286614253406
2.04329405050846
7.01864506481354
3.52549216998969
1.59580275707149
2.32825369407145
3.7911105059406
6.13379803466928
1.83913293430347
4.77692371165568
0.956474843081046
4.84491829088782
2.53195588632756
2.24215672643681
4.15070052974212
3.81501801975628
6.20347472644946
2.72644479758486
3.13307708572747
2.2632328714878
5.30400722687616
3.36853486298835
5.79935576886411
4.48843845286572
4.20936682911692
5.91091101281344
4.4461976016447
3.20599799753101
2.05338937510075
4.12660696832534
3.84548282180798
4.15812684991089
4.72908853605334
2.63195792702917
3.85065630712496
5.81241412800104
6.20074207400711
4.91898006999844
5.94019857050936
4.32710464677425
4.72701893326448
6.75369731353144
6.16695315380403
8.23370254262803
6.43522520965679
3.73702852081953
2.81774730106206
4.69314625511717
5.68111664526246
3.26458776138394
4.86841876017878
9.20303921532931
5.27090035970205
2.64438920208991
4.26258358588651
2.8397445911594
7.21487084274076
3.99561993380419
5.13007139821091
7.35978738598411
4.9084014068012
6.89988538945576
3.21466817352558
9.46869564404931
1.36681621849403
6.54537259910636
6.53149147264739
3.70724622876783
4.39248052475312
4.40889567015439
3.83682145934034
1.9897326262365
5.47707135395516
3.00727490178917
5.01954878373889
2.24321294151553
3.64290090116122
3.75418902222925
3.91918789281389
7.97933478076119
4.17165087245032
3.56816598303969
3.71650599307302
6.19765759937478
2.51708709310144
3.37506697342593
5.63880144762618
4.58329791003485
5.00662019150531
1.49717635271367
4.58098031351655
4.8872841798175
4.56495296849359
5.03227046960181
6.38364198627399
4.00934589916952
4.6513552492871
6.57336121048951
6.22967983139273
4.44866649676227
1.81536631838975
0.0218403405880146
3.70358846001919
3.98763494956906
2.93115888526441
7.28933686314055
3.40120033224214
2.53301235123426
2.67031187874669
3.87879815441597
1.16671108625279
10.6046361443912
4.40794686464444
2.66455642169209
8.93917700873876
3.1522544348708
4.39792776732993
3.8111368278028
4.22947694492075
8.14057948807357
7.83194364255423
4.69924837349135
4.47292261634757
1.88130043393994
2.64234988721433
3.35263552164138
5.510412320232
4.63676502875426
7.42403830080221
4.8427275064849
6.43989575068232
5.91597461328781
4.9162669946934
3.46552663953139
4.62418643669535
3.313328917991
7.27550428808563
1.82360417911055
1.5272599557422
7.91902493603136
5.14045972041535
3.54590779867423
4.2883260792584
5.02799365649061
5.51581541077468
8.05246042345843
1.5849476139881
8.61487516933068
8.10131795062858
9.3547608590787
6.50488627051101
4.31842641536
7.67976504226396
4.74723946599834
3.7674025709739
0.925027531794214
3.52408414044256
1.18974122976548
3.14401806492601
2.5759266637644
5.57365691185091
2.49988991953502
4.72159024502638
4.72807741147943
2.80965875300841
4.58921451477726
4.921040300481
3.52143731483609
2.08045373889357
2.40113930681798
6.3326698344166
4.34498034832271
8.38601506987358
3.35840719114963
1.68265579435449
4.67748107805064
4.00097867460498
5.36094693623083
3.26701975220192
4.52065925147049
1.64844258729351
6.24780791427098
2.45679058619396
2.68151831233592
6.23749666598713
3.36223333248132
4.11241712100056
5.37791522018102
3.59759556559549
1.83491805491928
6.78057642155166
4.84457364716908
3.23787221805541
4.45923803686773
7.26607476196647
6.87803656875207
2.2575730766474
4.09519904187193
2.72607795483648
3.02157930683202
3.33097725887196
6.31002552553275
3.18548271190251
4.77614272290095
4.6896481850222
1.38822357742191
2.46660014198885
4.08430416363983
1.60867928504514
2.10513543846142
3.27945625625205
2.38002462165005
3.87249734903538
5.0844451150753
0.913278096920916
1.08618582872615
4.18737183619984
3.51956797726841
5.11860656994744
4.12708058093916
3.6618489680536
4.79113681693822
4.50871860334031
4.56594464450528
3.80937926797587
5.82676152219866
4.31864334941089
3.70503796739977
2.36116041799679
3.88783206873333
1.69546304512567
5.36394259980959
2.91580852684467
6.90649003916262
4.38065379671339
1.45246172644249
6.30350556760968
4.32713387506956
3.01836410065529
3.6217326329085
1.69192547438831
5.81983726707613
3.48473962526473
3.80640901552253
9.91116458140917
4.08368345182521
5.35704090273098
3.25455564548326
2.45046670191545
5.27193252958068
3.14283568819249
3.09010860911532
2.25440022064177
4.01078227440569
2.95961077172912
3.25194986545281
3.95138819181783
3.37799709653257
3.62974281272427
2.2801040181036
5.84363229676514
2.7630710226505
3.31971545771736
3.78681790496959
2.12707309858279
4.1052980653201
5.58460154926695
4.82806449022743
6.06455662435297
7.2182232444656
2.80554912962127
3.83396225682447
1.70721891129245
5.38552611307599
4.56181291717784
7.20898795404191
4.09024690854864
2.21751168993214
2.26813817100689
2.71821944032683
4.16086940505768
5.55070277184598
2.78807179966673
2.29113141450367
3.5888112175191
4.77736996854706
4.76276759630005
3.31361990082014
3.91600494810801
2.20263617096821
4.37989238347773
0.187918974994567
3.74092046338558
3.35232391541335
2.00272434908314
3.58853332007237
4.51570101310785
5.27719225234674
3.63643865199696
5.23010770757805
3.91433508716748
5.51545790550739
3.42244583006273
0.91617941434504
1.49333015615184
1.74456038794254
4.73564237117021
3.59860674624409
2.89150743666045
2.63668514386498
3.8411732654745
2.68828759265833
3.89060142940998
3.65858490072453
4.79685358251898
4.25858360263888
5.37491509608095
3.64994850715661
3.49874799352989
2.79862308281648
6.02917014868753
6.86643695900565
6.17929706877226
2.0332218828111
3.48357406132171
3.59771501603047
4.88490222750439
4.58440704968652
5.46711153770652
3.11370635328372
3.04412844850047
4.73775883173592
2.46312935936053
2.04237099281875
3.4608823637681
4.55818143132597
2.2254713865684
3.86781790896048
3.53504123852402
1.05057401530888
1.66943636078267
4.60272891298941
4.01278822612438
0.777168423363799
2.00422744575214
1.80672069716012
4.0952143606554
3.81620713063572
3.93868982972121
4.03191733292634
5.89380250621781
4.88866145815675
3.03918591664124
3.05790354162807
1.72358024947026
3.77624468128355
3.16668153917242
4.08798741142112
2.58329400024629
2.63945672325054
2.29377983664258
3.82793699652722
5.36362278098448
2.98096941337894
7.08330020749415
0.866535591473708
2.71174164189987
2.72707457317974
2.02059498894263
2.98309388114898
5.87859702941733
2.8814940431034
6.0466326083744
3.795664082581
3.62330698567799
4.74570620224733
2.5582326051444
5.39186777811443
4.08220269436539
3.46666453791894
1.71170873289778
4.10183985371908
3.46414469944489
5.09879663745107
4.19388391123412
5.56535541529593
2.56308864493544
3.39712841729585
1.72977141360984
0.990070955636109
1.45957116405645
3.36029713403303
2.7595213962505
4.59929612203469
3.32143972897702
3.86641103807419
3.31706887713065
5.14312480154484
3.53026097570944
4.8868358812362
2.74853894184847
3.2485535917322
2.95979609657916
3.33971157963971
4.20388697835403
6.55978379235651
3.50953811651321
4.17640659613202
3.18022402311927
4.67798826761037
5.29500386298611
6.12648490967534
3.02264257949965
7.46514621752352
6.32903267186099
4.57258527197419
2.52435387125903
2.51887466896233
2.6042792417248
2.8757674993259
5.14915545983059
5.2714377232639
4.62511621466725
4.32882661444742
2.05680724489455
3.85073257246865
6.5317755341324
2.88637504953478
5.72921587233258
2.76629823861211
2.78980798721782
4.36273026314642
4.16043201587733
2.37254173839142
5.69045394704431
5.32637650727642
2.26342264130875
8.48253450357444
3.81411562735211
7.22762721347926
4.04546832498447
3.59435264259792
2.02408117826861
4.00358543118871
4.44205429704869
3.65235208217204
3.74756904018619
2.27164551640666
1.8148918334962
1.35810683803229
3.6758899679525
7.28708096863151
5.39241231826546
3.69645305734964
1.60559255012174
3.41652851876696
1.47756688991733
1.66030302504334
3.98222168764819
4.44329664870832
3.13633602791077
5.04865077938108
4.67505810055487
3.84539362358718
2.56021979078986
4.18951236707927
2.87442937714317
5.65294793261963
2.33442427545607
2.66039198423831
3.00866276697743
4.42653055673562
2.79382622754839
5.61756921652768
3.46201311721003
3.40132733385259
4.97136254781939
5.30136757452465
3.85722368699922
4.90435799042983
4.3996101340964
5.92778494942294
2.30552957608127
2.66225463494447
4.63396761314017
4.01082923660713
