longitude_z
-0.977965
3.088615
3.719115
-6.82961
4.25325
4.444805
0.15317915
0.700304
2.207115
8.910755
-2.535915
-1.574275
-1.59748
3.509945
0.0457735
9.393195
9.397015
2.67686
3.256875
1.2586345
0.96293
1.780845
-8.17153
0.810054
1.662135
1.2242085
-9.308865
2.079305
-1.164185
2.424995
1.0415425
1.70324
-1.044737
2.974615
-2.2140785
-5.641965
1.512255
-12.7447
1.59167
1.4993795
8.01657
1.604515
-12.5789
1.0102545
1.783585
2.777185
0.737016
0.146334
-8.964715
2.252365
1.84389
-1.8401985
-1.25902905
1.0200025
1.14584
1.71348125
0.334271
1.749625
-5.76415
0.0602145
1.568576
0.6459775
0.0448985
-8.302755
5.638285
1.48868
1.201869
-3.44205
2.168235
0.929718
7.12944
3.578755
0.3854536
-0.2717755
2.341645
-7.558
3.643065
0.823081
2.77853
2.73839
2.30791
-0.13438153
-0.1797229
2.41054
0.8661525
2.577715
1.28608
-8.726815
-8.482225
2.73761
2.40084
-1.52569
-2.169435
2.855135
1.250868
1.90033
0.861096
0.2095235
1.862765
1.371815
-1.0937389
1.1890785
1.617807
4.419565
0.9551525
7.567525
1.76271
-0.422557
0.4742015
2.51441
1.81421
0.333656
5.246695
-1.29062
-1.2321734
-2.248705
-1.821905
-2.41794
-3.026075
0.8102275
0.290685
2.480695
1.3214275
1.246863
1.2581175
1.1645905
1.127753
1.3562825
1.54549
0.580965
-1.15692
-6.915195
-4.944645
-1.782495
1.61281
-3.571535
-0.735107
2.69607
-2.88911
-3.040355
-2.59702
3.495425
3.23792
-5.058885
5.16113
0.5917005
-0.4777726
0.59578645
-8.135155
-0.081461
-0.18177135
3.487625
3.333535
3.990315
-9.14045
2.4087255
-13.2665
-15.5088
-0.2535645
-3.48575
0.733701
3.52547
0.4611805
1.524455
3.356115
-9.748275
-6.815135
3.410025
3.40112
0.8202255
-6.364325
2.35564
1.409815
1.4454485
-1.330135
1.32683
0.4306755
0.0365309
1.349426
0.3361215
-2.934485
-2.11479
-3.514595
-3.604255
1.51956
1.575762
-0.699514
-2.99568
4.005695
1.467405
2.186415
1.687773
14.97135
5.5292
-2.072485
1.48994
3.779625
-9.486475
2.715045
3.927175
-0.70293425
2.36384
8.18056
-4.582075
-3.487895
-2.533425
-0.4278986
2.306365
3.87924
4.15925
1.525845
-0.2820395
-1.2018295
4.647465
0.4031165
0.912747
-4.617025
1.047907
2.36798
-0.7536765
4.22817
0.864175
-9.549935
-14.27495
3.1483
-3.52749
0.667801
0.3901265
1.772424
1.279375
8.464655
-7.55075
6.20643
0.104293
-0.5892265
0.270289
-0.4560415
0.6643305
2.39501
0.734687
3.480235
-1.0256635
-1.595745
-1.626395
-2.294715
2.976455
4.40392
-0.4356565
1.8641545
-3.536145
3.737845
-1.61922
2.78637
-1.68039
-4.220375
1.226072
-2.22106
3.70859
8.572895
11.6223
0.7780195
7.515115
8.293005
6.25394
6.700275
3.2191
-7.56939
0.783495
0.9013665
-3.005005
-2.88449
0.8852095
4.37798
0.3474865
6.37955
6.707375
1.30991
2.572715
2.119695
1.117519
-0.156117
0.2323335
-3.93374
2.145815
2.80684
2.84505
1.4714
-2.14611
4.96394
2.767855
2.284785
4.10727
0.7392895
1.3861265
2.96915
1.433155
-3.974465
-1.314605
1.8280495
-2.256995
1.3314715
-2.248535
-1.1823045
-2.406711
0.586989
5.45536
6.112875
-2.711185
-3.603245
-1.525225
1.772076
2.61777
-2.95288
2.49653
0.5326955
1.167917
4.82154
1.324395
3.85966
3.213155
-1.62779
1.259075
-0.3897885
1.63383
3.010065
2.144075
-0.778228
8.495655
-1.642725
0.05710725
-0.3750452
-1.7719
0.837042
-1.4133195
3.70306
1.0730445
1.0537145
0.8147935
0.10978
0.3695575
-0.27758575
4.57138
6.81496
-0.8658175
-0.2747985
-1.89332
-0.0439415
2.282795
0.05611
-0.212266
-0.6248215
-1.320645
5.90648
8.62266
9.724415
-3.87878
-7.4485
0.1094095
1.37686
3.204945
0.1786395
-3.078165
9.370445
1.6086445
-4.571805
-10.56015
0.812181
-0.6022965
-3.36197
-0.42311195
5.52439
1.6846405
1.5377005
3.06516
3.78797
3.36808
-1.55824
1.93313
1.376435
5.58632
1.426341
2.294855
1.983415
1.511515
0.984226
0.9101635
3.781605
-4.786135
0.9178955
4.417605
1.019219
1.66322
7.09793
2.42274
2.14318
4.459295
-1.5440815
4.196935
1.79853
0.812579
3.24282
-12.4895
4.08623
4.61856
-0.2441475
7.161115
-1.548445
0.12999419
-2.26033
-8.774435
0.6382445
0.606496
0.69957445
-10.196135
3.59332
-10.154215
0.405434
-5.845575
1.4761039
-7.83141
-1.2510065
0.927001
-1.1603975
11.28385
-0.88164537
0.5662125
-0.332724
-0.7824125
-0.634538
0.9559085
-8.76612
1.785095
-1.2856685
-1.76417
-0.304654
4.2877
8.65247
2.90627
3.709535
1.689345
-4.338375
-1.2281515
1.363845
-1.8591165
1.585145
3.53997
1.50853
12.3801
-4.88609
4.759805
-2.584845
-7.224785
-6.611955
0.695863
8.872315
7.073805
-0.701395
3.97611
1.4819505
-10.30805
-10.03681
3.039885
6.371595
-12.745
-0.6155035
3.642645
5.720045
1.945485
0.3077955
-0.1070965
5.38557
-0.948763
1.845675
1.548865
0.831402
3.39162
-0.2228186
-2.808795
5.22544
-5.69869
-2.854365
-0.264726
-4.350795
-4.127725
0.319348
-4.867445
-11.87195
0.4583185
0.4061815
-0.479172
0.8366225
0.7986815
0.647816765
-4.246295
3.999135
4.179505
-1.12657
-0.4102845
1.314691
0.6137545
1.997065
1.155146
7.27002
3.30763
-1.323575
0.28359545
-5.816805
4.06228
-2.133625
4.281025
11.939615
-1.509715
-0.32662745
-2.358545
2.423215
-0.5102403
-2.963265
0.4739175
-13.22955
2.69449
1.619675
0.911309
1.1126635
1.65775
-12.04195
-3.557885
4.41709
-3.421005
1.771585
3.284005
4.006815
1.057774
-4.832125
1.182161
1.848665
-14.61745
2.23331
4.08236
1.7562
1.26544
1.22131
0.1070735
-0.0324955
3.42492
-3.966395
-0.7940105
-3.113255
2.4151
3.025495
12.13295
0.53804755
-0.736541
0.2549255
-4.40808
2.003305
2.98003
-8.837715
0.427589
0.827299
-11.1866
-3.264175
5.330035
-2.258755
5.65285
-1.5731535
1.0239395
1.953975
3.786855
3.615355
4.03554
0.4007115
2.790835
-4.661495
2.361635
1.673955
0.5244655
1.03262
2.05285
2.42115
2.74891
5.497575
1.92366
-0.54952825
13.15435
13.37395
12.06955
4.88281
0.4588937
-5.12606
0.7382915
2.28333
-2.2298
2.561485
3.381285
0.691952
-10.090885
-0.2115018
0.63787
2.68683
2.387095
1.822055
1.80036
-0.43859205
0.7326545
2.238275
2.45752
7.85678
2.45002
-10.350115
1.4126585
0.946438
1.623715
0.2574345
-2.823865
-1.57554
-0.58625255
0.591176
1.99881
4.56806
0.8787655
1.096878
1.76174
-7.3778
2.80588
1.253072
0.4168925
0.826473
1.895205
-7.08442
1.880565
0.4522095
5.81382
1.881525
2.068185
2.3591
-0.191271
3.58661
4.86297
-0.26474
-5.4142
0.8721065
-8.480705
0.820977
3.46823
6.8932
-4.126895
-4.347885
2.38257
3.38046
3.34472
8.668675
-1.706155
7.699785
10.056275
5.8215
1.319575
5.870035
2.59107
1.37098
2.035025
2.821085
4.04324
4.863555
5.97963
-13.88255
-7.972885
1.1339895
-0.1305226
-0.097592
2.93066
1.9418755
-6.077975
1.5378035
1.211533
-0.0313464
-0.92075045
-0.861637
1.512215
2.37194
-10.11775
0.8839195
0.6081205
0.2001775
-0.5175395
0.4713565
-2.601645
-3.50759
2.039845
11.6263
5.03104
0.381666
7.56312
1.60222
2.38002
-5.889535
-5.817455
2.600865
0.16204
-1.274265
-0.094569
7.06284
10.5761
3.17639
4.59771
1.571405
1.64356
-3.16133
0.6039095
-0.173297
1.535255
-5.27249
-0.9540295
3.284975
0.0635555
0.670045
1.22164
1.045135
3.019135
-1.127969
-7.634145
2.018255
1.46225
0.7645075
-1.567631
10.13825
-9.28096
-8.08848
6.144765
3.49884
0.543657
-4.222975
-9.54059
0.47947065
1.099524
6.69697
3.26444
-5.320015
5.326215
-3.88385
7.378865
1.453475
-1.28479
-3.0869685
5.14953
8.96222
1.69256
-0.456725
-1.746285
-5.578975
0.29101
-0.510673
-0.2774095
0.696466
-4.32183
-3.01142
-0.7081175
8.19761
2.186145
-1.691695
3.082385
1.5016565
-0.2942355
-0.07027425
-4.128355
4.799835
-14.53675
6.62807
-0.127697
3.1609065
0.5719405
0.8408925
-0.00037100000000001
3.96232
0.7643925
1.61878
3.14915
0.843397
7.264595
9.752065
-1.9679
5.416605
-11.369115
1.892125
2.66154
3.75111
2.11758
-4.232695
-0.153943
1.56947
-0.234027
0.2604507
1.0004405
0.9940655
0.9421085
0.01551355
-10.031315
4.12259
1.34916755
-2.344725
3.802605
1.900575
3.83333
4.339545
-2.556895
0.720741
1.549665
2.172755
-9.683765
-8.69123
-8.61771
0.765938
-7.16686
-2.911345
1.571986
2.234725
-0.4142049
1.061223
-3.04407
1.213402
1.45303
-1.4943165
2.840145
-2.079895
-0.8178925
6.289575
-10.3134
2.032545
4.43922
4.355125
3.0226
3.808355
3.86074
4.260825
1.229531
1.48653
0.711444
7.290475
-0.25164195
0.0276444
7.89425
5.33269
6.22977
4.734845
1.70084
5.662055
-0.520912
-8.160925
2.397245
2.96908
1.988205
-1.614905
-0.947933
1.724062
1.7677145
1.2983
1.240955
6.7871
-1.340797
-1.88997
2.989075
-0.8138325
-0.804406
0.8937005
3.24904
-0.7538635
0.2302959
2.765325
2.66736
0.5317475
0.5301427
2.93174
-3.45245
0.399455
1.530905
0.6772615
4.36976
1.417205
7.757925
8.115605
0.82187265
3.120695
8.584975
1.41653
-7.903405
1.778645
-0.1454
0.18875
-0.108717
2.801225
1.810805
1.124906
-2.34604
1.63323
2.164115
0.3774215
0.08859045
-0.0499795
2.546465
5.138135
4.148735
-5.659925
-3.631425
2.97612
4.40117
0.61012
1.176499
3.693605
-1.3373645
1.52165
-5.581495
-7.853965
2.060135
0.934171
-2.171235
2.14758
3.407725
-0.4809885
-1.699435
0.5707465
2.226935
4.072495
1.4105425
1.1610345
4.507195
0.4682195
2.203
0.7065771
4.672655
4.45063
2.984555
-0.9528295
-4.4813
2.602815
-15.2089
-0.529879
5.09981
-10.34235
1.595012
-3.433335
1.973695
1.0459725
-3.565235
3.80828
-0.6254265
-1.993415
1.302645
2.99031
1.23631
4.903315
2.05804
1.493725
0.614148
1.448461
4.08404
4.05247
2.460805
1.564315
1.76981
1.116875
-4.82861
-1.577075
-5.736175
2.1454725
-3.60582
0.9481595
-0.043259
0.308651
-0.874691
6.46554
-3.30183
2.19286
4.781635
1.3175945
-0.91417
-2.638305
0.69255335
0.6569545
-5.05399
3.32548
-8.91409
0.7026755
1.0578475
0.4887785
4.987465
-0.3161712
-9.452405
1.674885
3.20683
0.3429892
0.886769
1.49525
-1.080847
-5.83458
0.04722502
0.2270185
-5.304945
-3.24572
3.606255
0.021448
0.1205975
-2.05309
5.032865
1.31226
0.2006745
2.387905
-0.1664195
-3.593445
-2.48195
-14.51125
-8.02675
4.03127
1.7331135
3.405975
0.9365335
0.5387445
-2.85583
2.439995
-1.98348
-2.83734
2.182995
2.12364
2.849305
2.24727
-8.194175
-1.17361
2.258805
1.502265
-0.800378
-1.398085
2.136921
-0.412191
2.73938
3.40262
2.048325
2.13754
-5.79288
2.729095
-0.78107
-1.60082
-3.151085
1.506477
2.857795
-1.520713
-1.0706255
4.163795
-0.9622465
-2.084695
1.47977
-1.31262
3.426485
3.798545
6.76455
2.255425
-3.94613
1.76525
0.43292295
3.84158
-4.94065
-0.0758085
2.237255
-2.11509
0.942002
1.8895775
2.666535
0.209946
2.6671
2.743495
2.14572
-3.229095
2.84009
1.148107
2.582655
1.543645
1.74773
2.06426
1.833906
0.2820185
0.8827825
1.479385
2.1207
2.863365
2.221095
3.94045
2.4581
3.267285
0.18491175
7.441985
1.253975
3.141015
1.084965
-9.1041
0.373774
2.06349
1.397455
7.80052
6.168385
1.8444
3.16926
1.425465
1.507515
-3.413535
2.51796
2.317045
-4.317855
-4.249765
-3.86874
7.154795
2.57031
-2.45924
5.92367
0.4157927
-4.283835
3.355285
-5.202195
7.670395
2.2903
1.674665
4.811985
3.677255
1.9229015
-6.08796
-2.23036
0.6878225
1.60345
-16.53455
-15.89965
-0.2765785
-7.845925
0.628224
0.2638
1.868905
0.6741475
-2.177065
-0.318072
2.466295
3.736245
-7.201645
0.001245
0.226305
-2.64841
6.07699
-7.21373
-2.66669
-0.0103455
0.494299
8.93231
1.145331
3.13722
1.72827
5.002955
0.7971335
-6.245
1.253445
0.489832
-2.35383
-3.1253
1.1917135
4.328455
2.726
0.1132
0.972793
1.410335
2.15924
0.317042
-4.418075
-0.9111905
-0.7012353
3.57215
-4.154035
2.228785
-6.648335
-7.396095
-3.755545
4.066125
2.71803
-7.69999
4.63666
4.802385
0.0691755
-0.0509025
0.089074
-0.2435825
0.191682
2.61512
0.02082005
1.185205
-1.0682033
0.8394925
0.7278705
0.7750005
1.39942
3.36615
-2.471215
2.43941
-2.762535
-1.478275
8.885975
6.72397
3.15689
-11.80835
0.7471485
-3.61598
3.35429
-7.036555
-4.43312
3.89087
-0.208113
-0.5389741
0.0396805
3.41986
-3.717665
1.401631
3.48742
1.4463585
-1.2706875
3.46547
5.26752
4.777935
5.307085
0.822205
-0.3323995
-1.95207
-1.88853
5.613555
2.9172
0.02286
-0.00336000000000003
0.60027
-1.4299415
-7.832205
-0.988279
-5.49095
2.49098
-6.85125
3.617575
3.13468
4.59854
2.256275
2.5800785
1.89162
-5.91862
-6.03854
1.83194
2.57575
-4.073125
-4.377095
0.4601395
8.650185
7.658835
1.284345
1.749613
1.802795
-9.259445
0.9320915
-6.579985
1.705603
-6.700475
1.826695
3.815155
1.971695
-4.189205
1.124633
2.10778
3.818775
2.91599
7.31487
7.183065
-5.38795
-2.261285
-1.950515
-1.48188
1.1238755
-8.533415
3.67595
1.65122
-1.9290385
-1.51722
-2.654275
0.7883865
0.38715325
1.17798
-0.1110485
2.4214
3.092875
4.7898
-6.1965
8.48282
-3.430115
1.78138
0.9091415
-3.46475
-5.74158
4.57836
-11.543305
-1.6763205
2.83012
0.5367325
1.0854085
-2.10463
-2.253175
2.926875
2.4966
3.83412
2.12967
1.89868
-3.403205
0.117376
3.271935
0.176998
3.28627
5.232155
-1.69661
-0.629725
1.282605
-0.6423845
-0.7730105
-0.708622
-4.351225
4.244665
0.878969
1.80843
0.952331
3.279545
-7.991045
1.648615
-1.559142
-4.95582
0.250952
1.37017
0.5845985
0.794746
-12.68
1.591565
-1.59636
4.62253
-3.886365
-3.744035
-2.14666
3.63362
-2.480847
-8.436795
1.051303
9.298135
2.69181
2.60226
-2.00191
-4.50028
1.091194
0.749588
11.38375
-1.551365
-0.0716
0.0281825
-12.24365
-11.51825
9.168355
-4.675025
1.164565
-3.42095
4.47414
2.031355
4.092705
0.035864
4.64133
4.474915
3.987775
4.40712
4.70839
8.26066
6.32177
-2.97648
2.838075
2.171075
3.059325
-0.25663285
-0.6356475
0.5059615
7.916225
6.953725
1.18346
1.0757765
2.49873
2.211675
-6.01355
1.850915
1.739965
2.143385
3.659265
2.26198
2.48393
0.6731265
2.99984
-0.12408535
1.47214715
5.219415
1.178143
5.744245
-1.342263
-2.542085
4.85639
-0.0568145
5.71839
1.66616
1.0304185
3.29982
2.904855
-0.530831
2.99346
10.267615
0.842882
4.963975
1.97284
-2.58587
0.7329715
-0.384027
-1.9395615
-5.069495
-1.711305
-4.431625
0.956318
3.14083
-0.9645945
1.982265
-0.4705715
2.288505
-10.458165
1.758918
3.260935
0.330668
3.603535
-0.1376795
1.017125
1.228565
1.1093155
1.412215
-12.04617
-11.68505
3.64324
-1.673085
1.4757355
-8.234725
-0.6670005
2.005875
1.60449
2.28149
1.510558
-2.78718
-7.61244
-2.579
3.751655
2.117025
-6.153265
0.8533765
0.21958385
1.063921
-2.09176
-1.073395
-2.24757
1.36794
2.21353
2.70445
-0.232222
-2.018655
4.300055
-3.16986
0.9831465
-9.66092
-10.11186
1.835225
6.35078
5.528235
0.4533055
1.080975
0.628606
7.332085
-5.29239
7.07427
-2.16418
1.85271
3.895765
-6.80815
2.699165
-4.221305
2.559665
-10.8592
0.9999865
6.406565
6.085015
1.637875
2.892905
-3.02323
-1.618505
-2.123305
1.1730625
-2.154375
1.603125
1.92381
-1.0662875
-3.30351
-5.85493
0.899852
1.1667695
-5.308335
2.86355
0.6943565
2.31936
0.779237
5.221345
-2.89643
8.305285
0.4214325
-4.619565
-0.5007365
-4.75905
-4.58947
-3.360955
-2.45912
-0.1848275
-1.0466985
-1.41705
-0.526519
-3.800735
-5.044645
0.824544
13.58935
2.628975
-3.60967
2.676355
-1.864405
1.567065
-3.57115
0.78676955
2.55961
2.19579
-0.051035
-3.80509
-2.01985
-1.83628
0.6117895
-1.2487045
5.175415
1.828745
-2.84585
1.129932
3.61995
-3.73453
0.727004
-2.16566
-1.583693
5.822265
-4.40083
5.89512
6.73364
7.158025
7.932445
4.92289
6.64801
3.277265
1.963305
3.68878
1.594735
3.4794
2.4012
1.4727895
-4.000565
-0.046986
-3.447455
0.9088325
-2.112625
-7.58643
-2.024315
2.290205
2.334875
-6.16622
4.01193
4.13463
-10.03007
-0.106135
-5.144605
1.45185
-9.377225
8.170405
-3.743405
7.49783
8.387795
4.381675
0.9560325
-2.215835
-1.5316925
1.732055
1.492645
-0.3442717
-2.463165
-8.67277
5.017725
1.0071055
7.35044
-7.7187
-8.26078
4.23233
5.10496
6.20499
0.2608055
-9.010335
-3.55506
0.8549555
1.1256965
3.26656
-5.70217
7.52674
-3.546035
-2.9376
7.119015
2.412505
0.7275645
7.082245
-4.631225
1.973595
-12.49095
5.46721
2.227175
1.43386
1.214055
-0.744019
-4.206965
-2.76976
1.850345
-0.058405
-3.77404
-3.63981
-1.770025
-2.22987
-2.31572
-1.959525
-4.58147
5.35791
2.164645
4.24703
-1.96443
0.0530315
0.210543
1.733765
-0.738626
-2.5446
-5.433135
-13.55935
-12.79205
3.90159
-5.08488
-5.05752
4.85635
2.61623
3.331705
3.25828
3.09153
3.62069
8.69991
1.125979
2.61693
1.23652
-1.161651
2.44582
-4.511615
-4.11436
-4.28209
-4.09123
-1.08427
5.37547
1.7206365
-4.942095
-4.58525
2.29272
0.504971
0.744865
9.807075
-0.872051
1.466285
-8.167075
-7.63288
3.279455
1.113666
-3.907495
4.58004
-2.49002
-1.6707245
-0.0128205
1.007265
1.669685
-0.24275135
1.492725
0.1475911
1.107415
1.0032395
-2.151995
5.706595
2.632985
5.48229
0.4131535
0.119029
-4.038055
-3.55672
3.5393
-1.0087705
1.605305
2.05868
5.88016
0.119308
1.182765
4.94672
0.0301815
1.559535
0.11926725
0.334761
0.880675
1.1654035
1.697055
0.567232685
0.276752
0.6335245
0.526791
1.166236
1.145908
0.5998575
3.036975
-8.312245
1.041236
-2.9455
1.55067
-5.15747
1.8051845
-2.6449
-3.20994
-1.063805
-0.325229
0.4291045
0.4365059
1.805615
2.419365
-7.005875
-5.606825
0.6862485
1.3417835
5.639665
-4.47046
2.57162
2.599425
1.147172
7.68847
3.680035
0.5217585
1.94658
2.734725
4.060595
-6.57874
0.6668395
1.676168
2.82415
-2.98443
-0.76811
3.89097
-2.70289
3.252325
-5.29865
-10.46575
-3.81431
-2.28913
-2.85889
2.855255
0.60893305
-4.430405
-10.93045
2.12917
3.25999
-3.375715
3.48429
1.52805
1.78279
-1.1731595
6.601195
6.70831
2.542455
-4.32728
2.95425
0.5246825
-1.1115155
0.2539457
-0.7821283
1.477
-1.56136
-0.3016945
3.792825
1.347717
1.1311735
0.5883335
-2.196305
5.65445
1.688655
0.0651282
0.197675
0.904173
-2.630535
3.120335
-0.7854065
0.6886598
-5.692115
-0.7099725
-2.999245
4.55698
2.57729
2.166985
-8.83613
2.03243
-5.684945
-3.86894
12.5459
12.62265
5.02215
-2.825875
0.54966
2.331045
3.95922
1.282865
0.8235235
2.36297
0.899408
6.685805
-0.4998401
2.71426
0.9230735
6.64673
6.925055
-2.07872
1.455585
1.140949
3.7851
-3.690265
2.916495
2.060375
3.45047
3.67908
7.70333
0.9798885
-0.15733
0.47078825
-0.3774985
-4.107395
4.92911
-4.16283
-3.969395
2.743565
-7.160885
3.087555
5.916255
6.264875
2.937605
1.971655
1.0997225
4.627385
4.502095
-9.22003
1.339855
2.26161
1.59099
-2.49517
0.348449
2.00157
0.9843625
2.348335
5.5338
0.8655865
2.49765
2.31187
-4.2078
1.520085
3.13684
1.78123
-0.6890405
0.011747
0.600245
-0.5035466
-0.08485
-0.9004885
5.10017
-1.724395
3.86933
1.3974625
-6.64021
-8.18873
1.682995
3.308425
3.64605
-1.657
4.05325
-0.280166
0.193619
2.353965
-1.546219
-2.932985
-1.840985
2.487885
7.407335
1.74263
2.05861
0.328962
0.2648855
5.15154
0.825556
1.427125
2.15005
-5.2021
-2.594875
4.059215
0.751297
3.434185
1.4366435
0.2988619
0.6942575
2.421965
-6.16862
3.09757
1.3705755
-3.16438
4.5367
0.644746
0.9592
1.1119005
1.4011
3.941575
0.2578255
2.052935
2.66771
1.61724
4.648765
-2.43854
1.752925
0.3259555
0.371835
0.157816
0.29730535
-0.4270436
-0.1215745
2.33639
-6.31114
3.228945
2.15109
1.40016
0.501773
1.184925
1.42022
-4.309695
-0.25530715
1.713395
2.047135
1.512405
6.17301
2.48587
5.427885
0.80959905
-0.0745515
0.919524
2.39279
4.23102
3.32152
6.219215
6.37293
0.8733455
3.47858
5.225145
4.782385
0.7318325
3.55888
4.164475
6.03759
-7.69499
7.996165
10.007215
1.39596
1.1640565
2.105855
-2.3648405
1.7280563
6.4268
7.5356
-4.181635
8.049395
7.342335
-6.056545
-0.0608285
9.26992
1.812306
1.526245
-1.1800225
3.92568
1.303585
0.627042
6.074655
2.581455
2.009355
2.284915
0.0870835
2.903115
-1.484105
-1.7530185
-1.46709
-2.43541
-1.9614
-2.365385
4.385765
1.27004415
3.03691
2.10752
0.919849
-5.171785
-4.500225
2.21087
0.3647975
1.1513265
-0.1571885
-0.2723125
1.679885
-0.03066
4.41554
-2.53416
1.97
3.41369
0.790039
2.651425
-1.0949435
4.99472
1.151485
1.85584
8.14666
-1.803345
1.773225
-1.2036035
-2.20344
3.73287
1.29764
1.394635
1.9552925
1.1291655
-4.13542
-6.41018
-4.4477
9.6123
-8.095205
4.20454
6.52322
-0.2973399
1.0363065
-9.206255
1.207615
2.13914
0.471795
-6.49964
2.85436
4.46849
-5.31132
-4.571045
1.858645
0.431104
-1.974205
5.229555
-0.01434415
3.133425
1.422245
-5.14894
1.300695
-1.523126
1.8298825
-6.93903
4.599725
1.96875
-0.267736
-6.43423
-1.7586845
-3.714125
-8.757425
4.44504
-1.7208
2.40131
2.633945
1.339285
-3.627605
-3.714675
-7.116975
-6.777005
1.7814
1.2000215
0.2862375
1.1230975
-2.1465
5.17647
-2.161205
2.942495
-1.271685
-4.4594
4.542715
5.880505
3.317035
4.44886
1.928685
6.71331
6.29167
5.93914
2.382905
-0.1174834
-0.416724
1.57594
2.553413
1.121802
2.470915
6.613825
2.0071
0.726049
0.8418075
-9.009475
1.523215
1.380245
0.903693
-1.817555
-2.04052
0.442266
-9.512615
-9.131125
5.25827
6.253315
0.818101
0.805691
0.31713145
-4.30558
2.402565
1.716442
0.9874435
4.876015
-0.0119885
4.088555
-6.30673
0.881179
1.253271
1.32852
4.70093
4.27726
0.0808774
3.8065
3.43668
3.96492
1.591945
1.43333
1.159107
-3.905685
-2.2085
2.01959
1.23341
3.646055
4.359755
3.470995
-1.410686
0.28095
-6.69492
4.86672
2.97006
2.95514
-3.251165
3.289425
-4.276465
-5.24182
1.242312
0.1120245
4.4678
-3.607155
2.02445
-1.237162
0.0859525
-7.043225
-3.045415
-4.27418
1.451036
-0.2491502
-1.7678
4.6266
3.23868
1.00000345
5.94449
5.83154
4.98567
3.16323
0.8815365
3.56297
0.9496775
-4.13703
-4.115895
4.543075
6.139275
6.810905
-5.43271
3.66796
1.028719
1.1739145
-1.3461405
-7.9391
1.20504185
10.7576
2.819655
-0.6539915
-0.7002245
1.63207
3.129365
1.130362
3.634095
2.442535
-0.419022
3.48732
1.401985
0.799705
0.9743985
3.204355
4.147185
-2.054115
4.080325
3.466825
1.75131
1.731555
6.025415
-6.668035
10.488535
1.003736
-1.259757
-0.710054
1.486875
1.764937
-0.7287685
-3.978225
-3.768895
-2.39933
2.063525
2.75904
-2.800655
0.02685
3.639195
4.02187
0.0651165
-1.99071
-0.09482415
2.6746
1.997675
3.819885
2.80592
3.782415
-2.4147
0.193834
1.6958
-7.43593
0.3704045
3.44916
2.35547
-4.531015
-5.25736
-4.6953
-10.571075
-9.693845
5.143355
0.428273
3.92779
-3.549235
1.5429965
0.657296
9.111365
-9.871395
1.28871
0.2663221
-0.646988
1.1974125
2.20894
2.30488
3.19517
4.2509
-2.3359
8.592925
-4.45719
0.911944
8.955175
3.188815
0.152731
4.578495
-1.46904
-1.0612675
2.164485
-1.5985508
2.52191
3.323805
3.98797
-7.96464
-0.2453397
6.91279
0.3060712
2.546705
-4.38763
-0.454433
-6.72938
0.44086755
-7.3414
1.844935
1.897585
1.7607395
1.674697
1.489563
-1.430443
0.732483
1.379
-6.53137
2.51604
1.544245
0.66729065
1.010188
0.891472
8.965455
1.83722
1.435274
1.48207
0.775535
1.5755745
1.1179078
5.582335
-2.06327
2.013375
-4.00087
8.12891
3.242545
-2.457735
0.0126466
4.33176
2.02996
10.91914
3.404485
5.515385
1.801625
-5.026975
0.37511
0.651152
-1.4054245
0.135199
0.06636985
2.495085
-10.37892
1.765955
3.20466
2.97912
0.26928435
4.410225
-0.6341715
-5.28663
-0.611274
2.455485
0.6034735
1.26673
0.972518
2.43769
-4.11894
-0.922393
3.18309
0.54346773
0.342101
-6.92696
6.39057
3.95494
6.89225
1.760755
2.30305
1.66107
2.26545
1.528335
8.0274
-0.6193275
0.2099695
1.950325
1.821555
1.370115
4.960795
2.679355
4.20171
-3.27536
4.853275
-3.39854
-3.42044
-2.141225
-8.341985
2.356705
-0.20469255
1.719995
4.885325
2.242255
-4.056985
1.908205
-3.691015
-4.65677
2.550645
-2.315455
-1.6131145
0.5016285
0.57740655
6.782445
3.388595
7.184175
6.4384
-7.349965
1.53547125
0.615706
-1.61835
-0.4847215
2.09223
-1.765195
-1.352075
-9.176135
-8.82816
7.58819
-15.5019
9.023905
3.73561
3.617795
-7.943545
3.54637
-0.657318
2.34306
0.61724
0.972688
2.5351
-4.147575
6.580275
3.74849
3.05421
1.3935985
0.8760795
-3.79877
5.372815
0.475985
0.68079435
3.082795
-11.6475
-11.23035
-9.660155
1.17542
3.99247
6.32172
7.346625
-7.532345
2.61583
2.51446
-1.7966785
6.25683
3.197645
0.38501285
1.4791035
5.91416
5.39756
-3.28477
-2.824205
-2.087885
0.9244555
7.686775
1.249755
1.009101
1.092644
1.13913
-0.1596985
-1.51264
3.974925
1.1197045
1.80224
-3.34361
-8.172455
-2.84577
4.055
0.6775815
3.41802
1.681745
-0.1804
3.4046
1.19288
-3.627065
2.95426
2.82323
-0.518048
3.847465
-7.91193
1.460413
1.63081
-1.356374
1.123481
1.93128
3.849435
-2.835355
-1.0924775
1.762865
-4.370455
-8.54871
1.77501
-1.600745
1.81268
3.80523
10.72448
2.705015
-6.70046
-4.698235
-4.244355
-1.038092
0.3453475
-3.0926
3.626235
3.28507
0.749084
-0.50675125
0.637719
1.2070615
2.46576
-13.17325
-5.372925
-4.797655
-5.29771
0.4333175
0.871492
4.90434
4.64881
3.867845
-3.08815
3.118115
5.98843
1.880855
0.7615315
-1.303409
3.471545
2.858775
-0.471037515
-1.38771
0.8230575
1.903835
-2.788605
1.0838925
3.880545
2.756055
0.915824
-6.54887
1.782175
-7.692025
3.195685
5.615465
-10.43185
1.91538
-1.30157
2.23277
7.498225
1.624815
-1.426796
1.85435
-6.720085
-7.154585
1.408986
-2.85664
-5.12004
1.924195
-2.46586
-0.3581965
0.2650697
6.73754
4.52332
8.1952
0.792564
0.542819
1.77013
5.554805
0.8727695
3.81639
1.1944705
-5.72861
2.754945
1.688985
2.52992
-6.724335
-2.75061
1.4327
4.296205
-0.961506
1.563375
1.50272
-6.44129
4.356465
-6.187635
2.12586
3.586945
4.797125
0.3570838
-1.580542
-5.50864
-0.6275745
-6.19265
-1.112825
2.183865
0.1175515
0.49640795
0.5253285
0.7936735
0.2023405
0.6894175
-11.1484
-2.1661715
1.75241
4.15395
-1.121515
1.6592895
4.86019
3.287115
3.391605
2.407985
-3.14802
-6.6156
1.459215
-4.565675
-7.295305
5.21633
0.7768025
1.9441
2.15608
2.59795
1.6457
1.235242
4.24193
-2.014837
2.524375
0.3071985
0.62928595
3.711655
5.2498
6.0661
-0.125475
0.0867255
-0.162391
-0.214429
7.013495
-0.33591
3.186545
-0.6454455
1.20756
2.14826
2.75276
2.491095
2.324945
0.1023995
-5.04336
-5.43834
-6.382665
1.3901045
-4.075165
1.073546
2.818765
8.63175
1.9101635
4.26371
4.216735
1.13912
-6.79449
0.8969195
3.08091
-9.358555
1.1900605
-5.827765
-5.218515
-7.95239
2.3752
-3.023335
-1.17261
-2.68945
2.69599
2.86593
0.879739
1.1852935
2.271035
2.08176
0.8602371
1.450295
1.7202605
1.369105
-6.051855
1.341032
2.341385
3.517005
-0.25997515
-1.888295
-2.568585
2.79939
0.722027
2.837545
6.091585
8.581075
-0.156222
-7.11322
2.45612
-0.4443135
-1.0030435
0.348175
7.79691
-1.7214425
1.18348
-0.6535955
2.08669
2.28422
0.6064498
1.55902
1.4998
0.903469
2.374185
5.046885
0.6432985
-3.885945
-2.9202
3.008365
6.496505
1.890085
2.064675
2.135905
4.195795
2.321083065
2.421035
1.954523
-0.202615
4.586895
0.6648635
-7.334965
0.8786375
1.7487
6.26694
-2.545355
-1.3869655
-10.368735
1.36185
-1.444785
2.17116
1.41571
1.0969825
0.7765925
1.112077
-2.379405
-4.01065
2.63261
-3.83376
-1.819055
1.70768
1.99592
-3.77846
1.47907
4.00464
-4.983995
2.44027
2.85847
3.491845
2.59884
2.71981
3.145235
-3.301905
3.076385
2.65428
0.66083825
2.8208
3.688195
3.461845
6.536205
1.4596455
5.837055
-1.398455
0.937357
-5.40457
6.26239
5.4682
3.20008
-0.0289755
-6.165245
0.4836191
-0.593114
1.0741815
1.27062
-0.6000495
2.168255
-1.496365
-0.8796485
0.6812166
0.525264
2.61552
0.30911
-2.32753
-2.611225
-4.231295
-2.933005
-6.33125
-4.24742
4.25655
2.05605
2.82854
3.83811
6.06597
6.78376
8.2913
4.43949
5.72799
-2.954135
1.025884
-8.503915
-1.406782
-0.8515085
-0.7319605
2.392235
2.325845
0.546202
7.168045
3.16345
0.3508255
0.348155
-4.462845
-7.82466
-8.88263
6.735815
0.6676275
-1.979002
3.57431
2.890915
1.475195
1.71796
3.452095
-5.59868
0.3003545
2.5293
2.32842
3.497855
1.558135
2.000315
-5.18662
-3.72254
-2.397995
-4.509765
1.3323455
-8.669655
-6.85652
9.21761
-11.218
-3.792605
8.06181
-0.154757
4.328365
-5.460505
-3.387495
-2.59084
-1.191216
-2.73096
-2.45162
0.580019
1.131121
2.560395
1.587015
3.15398
2.020065
1.772815
-2.08058
-1.977255
6.23501
-12.84585
1.556075
3.640055
3.51819
0.44632073
-4.455015
5.720135
-7.55192
-5.970845
2.2078675
1.00689
3.09624
-3.841725
-4.21022
-2.58905
1.2613365
0.331225
0.840262895
1.4000345
0.893518
0.7824265
0.7019305
-1.53208
-3.27257
0.8608105
4.431825
0.7101025
2.733085
-7.172915
-1.48122
0.53807345
-6.61276
6.070205
0.7792335
0.8856685
1.139705
0.672377
1.057289
-1.85674
1.1429045
2.016895
2.42502
2.31512
0.4519565
0.357661
0.095967
6.895825
3.77109
0.5466975
-0.128223
-4.959265
2.12341
-3.67777
8.075105
0.5582755
2.08809
4.675865
10.503655
0.579646
-3.13427
3.446965
1.202275
1.576415
1.1808415
-0.08317
4.75316
1.1435825
0.031945
-0.05546
-0.65498305
7.840455
6.154435
4.101465
2.164805
-4.32428
5.995495
2.670055
2.5374
2.306045
2.87518
2.40104
1.6491165
-6.36631
-0.6716305
1.0229365
7.06117
4.97106
1.75591
7.62933
1.0321495
2.160045
0.305089
6.448515
1.632795
0.892389
0.6741355
-0.9728585
-7.204695
2.346915
9.28878
-4.81402
0.6365505
-6.657415
-11.14603
0.7097465
1.4797685
1.4550715
2.8898
1.72779
1.3139
0.3880585
1.974495
0.747855
-10.4384
1.840685
1.533375
1.982165
10.002725
6.606645
-0.7499545
4.726065
2.038245
-5.32656
1.5799905
-4.82157
3.945635
0.2793635
-4.36546
-0.862294
1.041053
11.915095
-0.731151
0.1399085
1.54766
5.888165
1.336556
0.5115515
-2.19666625
2.78966
-0.3009855
4.28292
-1.1903535
-2.4869055
3.094295
3.55986
-1.60714
1.30852
-5.12263
0.6750855
-1.56601
-2.317465
0.129842
-14.6428
11.316695
13.3884
11.3314
1.38967
-17.24365
2.77373
6.4875
1.39196
-5.32353
-1.31747
-1.3299
-7.32284
-1.396063
-8.210395
-5.963205
-0.2199725
-8.42126
3.6008
3.732135
3.289755
3.681355
3.318265
1.75012
-5.68375
-0.81783295
-0.9764655
-2.482625
1.097305
1.441875
1.87167
8.05599
10.02832
6.81802
1.877435
7.23842
1.1611235
0.763768
1.2478785
2.594235
4.094555
2.733545
-4.22911
0.3323365
2.25903
2.804125
-3.22482
-3.007325
11.35865
6.907105
-0.1021055
1.571895
-0.4632
-0.1559205
-4.70997
12.10425
-8.841935
-6.66467
5.112035
-3.845225
2.05707
2.110495
-0.930919
-4.688665
-7.860305
9.387255
1.697905
-0.080435
4.0945
2.05938
2.117155
-1.690955
-4.500405
-4.679855
-1.416942
1.66549
-5.94514
-9.611455
3.345605
-0.994917
-0.28111035
-0.725224
0.224601
6.24718
-9.331195
-3.868765
-2.006705
2.26572
2.453615
4.67457
2.132175
2.1617
-0.623951
-2.029835
-1.584935
-0.1272535
1.73585
-1.1117945
3.831615
1.92194
4.22439
1.86823
1.1778965
-2.827935
4.35926
4.35949
5.957755
-0.1525105
2.976705
3.254635
3.905385
3.337995
0.5633665
2.47739
0.8139
-7.47176
-7.648915
-5.597265
-6.01613
-5.98153
-5.23764
9.591665
1.948485
-4.633675
1.896225
-3.416115
0.458941
-4.826925
1.412907
4.891855
-1.034326
3.867745
0.3294755
1.65754
3.81601
2.0697
3.53104
1.12852
-0.15304
0.395711
-4.50824
4.571015
4.277335
4.30265
-3.559655
0.163672
4.49864
-0.211862
-1.277345
4.752345
2.107485
-4.121495
3.62032
5.972455
0.8660745
2.278505
1.821655
-0.3846875
1.464605
5.504695
2.345345
-7.05675
-3.78421
-1.518197
-1.487855
0.289012
1.599985
2.25138
2.444975
0.0466255
-0.4104445
-0.809042
1.29002
1.56525
1.61829
0.9528
1.660156
1.63029
4.34335
-1.671674
2.029475
-7.841845
0.3201335
1.32552
-4.56799
-4.675675
2.113065
-0.03938565
4.37897
3.74311
-11.52045
5.03828
-4.55287
-2.78135
1.43718
2.11945
-0.63297325
-1.517015
2.334315
-1.026349
-4.279245
5.36153
1.2190755
0.8245745
0.409235
0.530625
-2.373325
-3.32699
3.109085
0.909791
0.636426
1.17914
2.64171
-6.49548
3.029035
1.610455
1.456705
4.439575
4.43126
-8.58804
4.96355
1.508862
1.92749
1.674105
0.497336
-0.116322
-6.161395
-7.18475
-3.799105
-6.171285
1.411222
1.3587635
6.984345
-4.61761
0.7630335
-2.93521
-6.103625
-7.97578
0.1277665
-0.38053755
-1.189895
4.49043
0.15553145
-2.823315
-1.4446735
6.22788
-3.54808
-5.707425
1.41478
5.46102
2.080135
0.4075715
-2.20366
-1.485755
8.81968
4.86007
2.703825
-0.175153
1.89269
-0.9249845
1.702585
0.7701495
1.0759965
1.20923
-7.28978
3.438075
3.783105
2.627295
6.36586
5.120645
2.589625
2.15318
4.74498
2.0307
2.168815
4.708755
5.58156
-1.858795
1.18604
-7.37124
-4.136165
2.523665
0.32954195
-0.9833015
2.14668
-1.4981675
-1.508805
1.7286
0.290464
5.815685
1.155756
-1.009808
-0.666945
-1.2400665
-0.956085
3.363555
-2.4004
2.15649
-0.9576815
2.0191295
0.904238
0.5618045
0.9579995
-10.293145
6.07705
1.6564505
-17.1361
-15.823
1.426565
1.493183
0.5516555
2.39555
11.0552
1.286988
3.766205
4.86577
4.60486
5.926635
5.106795
1.0237725
-1.74687
0.6849615
0.465633
1.2448295
-0.163691
-6.715375
-0.297237
-0.090463
0.6381065
0.623598
4.56836
0.7412585
1.007912
1.14487
-3.615636
-5.52033
1.973535
1.64566
0.265911
1.802425
1.548895
2.259925
-1.0679535
-5.763215
7.491465
6.27662
3.773245
0.889237
1.75894
3.652575
0.5498145
0.46147905
1.119295
1.057935
0.1370605
2.292225
2.19417
7.39135
1.50534
0.9322085
-2.296115
0.593501
2.32111
-0.4258635
-10.33017
-4.40541
3.61125
2.82271
7.22208
-0.14892
-0.020823
-0.3334855
2.91077
8.4723
-5.459145
6.561995
4.21846
1.2570735
-8.135455
-7.77483
0.297562
2.403445
-2.98493
2.80474
0.5681875
0.243885
5.013975
3.288255
1.248254
2.99413
2.241095
1.5269435
0.9888355
-3.138285
1.31589
2.34205
0.1093198
1.089755
10.8533
12.24065
11.6984
-2.03928
0.1290575
-12.85795
-10.55157
-3.605995
0.657892
4.810265
0.4638265
4.35653
4.82648
1.3897
1.91057
3.75071
4.51395
6.09969
1.51072
3.218745
-3.569085
-5.26111
1.53368
-3.269185
-6.406765
0.3445385
0.380703
2.140139
-4.95554
-0.9582365
3.979915
-6.17825
-2.918075
-3.28579
1.020956
-1.31708
-0.1923655
1.329709
7.40864
-8.030245
0.936957
0.1038095
-8.2855
-12.7262
6.43911
-8.38538
1.04321715
-6.39651
-1.685372
5.259245
5.359475
2.741455
5.331765
2.233285
2.638255
-5.47531
1.764916
-0.202399
0.527723
2.47217
12.88575
2.244495
4.751785
0.073826
0.832372
0.6226152
-4.446405
2.82771
2.09458
0.072707
0.9544155
1.0057555
0.9272425
2.870865
-5.48075
-2.211265
0.18043715
2.150035
-3.613305
0.757543
1.85158
0.506096
1.63982
0.95753375
1.8174
-2.110865
-0.17678
6.608215
8.74996
-4.281245
-5.71788
0.5274385
1.49469
-0.5470505
2.0574305
2.270415
-0.6883675
1.711065
1.831675
-2.617735
4.396785
1.095911
-10.363275
2.507095
7.20253
5.65311
5.287755
-1.728705
2.99687
2.798045
-8.716845
-0.048486
3.725925
1.70434
-1.29089
2.6058
2.38098
1.404045
1.2636495
0.1166015
2.36115
3.36724
2.080645
1.8553765
-2.11538
-2.738755
-0.32128695
0.2114045
0.750014
-0.9326485
-0.2476785
-1.3421305
-0.7753225
-0.5590995
-0.3146665
-1.410829
-0.3563645
-0.498973
1.595905
-1.54784
-3.195275
-1.94485
0.4350622
-7.39367
-0.4152565
0.5196555
-0.2947285
2.39763
2.179327
0.5903085
2.729185
1.68357
4.36409
4.34299
-1.555455
-0.4490425
0.118634
1.508305
-2.19111
-6.86957
-3.087155
2.24588
-5.65226
2.461875
3.614725
2.80222
-4.486035
-6.714675
-0.21728
-2.662255
-3.57906
0.7637645
3.97682
3.886965
3.540835
-2.691355
1.0785675
0.584031
1.343725
-2.24082
-1.0557885
-0.833569
-0.979345
1.2284345
2.04658
0.404022
5.532645
1.017655
0.6031085
0.7166605
0.72739
-7.240125
0.1909755
0.861679
9.975205
3.450665
1.045353
0.26437985
1.029675
1.079944
-5.52522
3.37151
1.152029
-2.030865
1.177402
0.9477105
-0.621081
0.68686
2.86714
3.978385
0.969969
2.666785
-4.07621
2.57066
3.314525
2.42005
1.176322
2.72698
-2.883075
-2.67807
1.37452
-3.124805
1.6046065
-0.5672035
-2.113705
-5.00081
0.464915
-4.51173
-4.902215
-5.88087
-5.69151
-3.626915
-0.9645165
-2.631805
0.6111005
-0.217946
-0.335002
2.23253
3.54873
2.77349
2.59971
2.350245
0.690749
0.632367
-1.1344635
-3.137885
2.296979
3.87868
2.96128
2.697925
7.288935
-0.182472
2.43166
0.890824
0.6582095
5.58835
0.6663475
1.2176995
0.2372645
3.921755
-6.596555
1.572797
-3.69103
4.82547
-3.56321
-3.377745
-1.317875
-3.40474
-1.4016665
0.903983
1.163676
1.478725
-1.877705
-2.27829
7.681105
2.4228
2.429015
2.883595
3.044535
3.143365
1.86191
-5.3465
-4.205115
3.66317
2.10304
2.1443
-1.19061
-3.81407
-4.70904
1.642875
2.063345
1.1017525
-3.355605
1.704315
0.5231875
0.8372095
1.941744
6.558345
-2.41295
-2.16399
5.233515
4.823365
4.04082
2.61639
-3.395125
-0.1936345
0.240591
0.189075
2.423875
2.002595
-0.1032365
0.717427
1.191201
0.9925095
-2.895515
-3.83444
-0.247089
-2.95882
0.6858425
0.9119355
0.5889
-3.618025
-1.36554
-5.314825
2.604625
0.981311
-3.092975
-0.7493745
-9.94173
2.19661
0.29262
-0.2614354
0.329148
-0.1519115
-7.67926
-0.6322045
-1.933905
-1.751525
3.06007
5.087805
-0.729081
-0.9436005
0.7612655
-0.23521558
7.54838
-1.69146
4.756175
1.0393265
0.935395
1.8882245
1.45759
2.286365
-8.252715
-7.946965
-2.572465
-15.9206
2.15353
0.6563465
-2.66108
2.86581
0.195381
-0.0466595
4.86701
2.626865
1.107858
3.00418
1.61998
0.997386
1.3533275
-3.23764
0.148783
-1.880685
-2.24535
-6.810995
-8.27514
2.1703055
1.96899
0.739367
2.913775
4.301485
0.86511695
2.87111
4.8775
-7.12005
2.9688
-0.445955
-2.2282535
-3.566325
0.5299988
-2.93085
1.3309275
4.184245
-3.180415
0.585532
2.83293
2.53096
4.449665
3.569485
-2.54888
-0.3329155
-1.728005
-5.55371
5.209345
2.441865
1.402155
-3.648685
4.276355
2.133745
-2.7036
2.28138
1.505415
-0.093627
-4.173235
1.473065
3.91331
4.022965
3.772725
2.38869
0.564579
0.411192
-14.60735
2.098125
5.074625
0.4202894
4.51489
0.0467649999999999
1.998865
-10.164425
7.259975
1.72442
7.79452
0.4046225
3.425495
0.381795731
0.302261
0.4255255
2.979995
-7.759695
2.45509
0.564497
2.317525
0.3033325
3.780915
-10.290465
5.892215
-4.511095
-1.1112105
-4.24185
-0.2136815
-2.076385
0.356958
6.799785
0.807833
5.66688
3.854755
1.63057
0.8958265
-0.160804
3.13457
3.389405
6.00515
3.341795
4.007845
2.44619
1.272045
1.3332315
6.725205
0.8512225
1.502065
5.08447
6.237965
6.20381
-4.480575
4.62622
2.609145
0.7109871
1.339705
-0.15894665
-8.934065
-2.79904
3.06815
-9.410255
3.19013
-2.137625
4.731795
4.520185
0.5268765
2.103645
2.38898
3.481185
-7.639125
-1.98364
-1.0993
6.355375
1.153957
3.56118
-3.026085
4.84554
0.993186
-4.946625
1.2257975
1.762287
-3.974885
0.63781
1.5352
0.1536675
8.38672
-3.14575
-0.3318974
-3.78517
-0.593062
2.8529665
3.002145
4.258085
4.675635
-3.948565
0.641566
0.9515025
11.72215
0.7543055
0.092563
3.971745
1.466411
2.988025
-3.472205
-3.046605
-3.459185
8.86074
8.69706
1.305881
-10.923935
2.84029
2.862565
0.9275855
-2.844115
-2.36315
-2.105425
-1.8259355
-2.2123055
1.701015
7.994475
-0.713617
1.080586
4.12373
3.33924
-0.83468725
1.83372
9.413385
0.8678185
-3.534315
0.19163
-0.330573
0.418999
-0.926044
4.932725
5.631235
-0.8064285
-1.073305
3.45382
-0.610732
3.112945
-6.108755
1.795805
1.400305
-12.3573
-3.37421
2.02368
2.63808
2.89754
1.961435
1.84316
-1.93167
0.5486225
-9.13263
5.84487
5.16196
4.353735
3.850405
-0.23743865
1.72896
5.640095
0.409269
4.02165
-8.30416
-6.183715
-4.74481
-4.893445
-4.209745
1.1731855
1.950958
0.435596
-3.220915
-4.57166
-3.097585
1.986475
-4.08512
3.97984
-7.91915
-1.1590425
-4.355305
-1.2748955
-1.369563
4.864075
-14.58355
13.4057
6.21441
-1.15247
0.33495
-5.424505
0.735488
2.0695
4.23993
-4.554825
1.0855865
4.532095
-1.87822
1.94832
3.060615
3.54941
3.169015
0.7627455
-4.613935
-5.960315
-4.355215
-3.72689
1.991755
-1.330145
1.349685
0.0952388
-0.4459585
-0.0716505
2.152315
-0.844109
0.5183245
1.0599305
-0.582795
2.07464
5.93752
1.75604
-0.67282
-2.110647
-2.795989
3.141735
-0.15806
6.235825
3.06453
0.99064655
2.128355
5.031735
6.50003
-0.095399
1.23218
-1.607669
1.2654295
-9.436355
1.582825
0.400769
0.275412
-9.282375
0.94555155
0.9681227
3.520365
8.177915
-3.424285
3.42103
1.108246
-1.075123
0.961113
2.067845
3.07229
6.11104
-3.711835
-5.59605
6.639095
5.047455
-2.75487
-4.94024
-5.56027
-4.76043
-1.463471
-0.204105
1.3128105
2.630745
1.2780265
1.669191
1.51939
3.475685
6.68459
5.659545
5.653
6.28642
6.23539
-4.961
2.271865
-5.849655
-1.081696
2.04108
-7.48625
-0.0177381
-0.169807
-3.027365
-0.768877
-0.765624
0.545773
-20.23995
-1.087525
-2.460095
9.50387
-4.812625
4.337155
1.512725
1.424104
0.9989345
1.552705
-1.118932
2.196205
-3.1004
-0.446115
2.57145
1.858335
2.17014
3.06788
-0.7137975
0.1101265
-5.18783
1.83738
0.54416
2.341775
-1.68864
6.012995
1.061986
1.101527
-7.80995
1.20087
5.434585
2.6581885
2.412925
2.03499
1.82941
0.6102135
-2.71123
5.16751
0.3143005
-5.962485
0.0761915
-1.85953
1.23069
0.7653795
0.7219916
0.5586215
-8.40532
2.27469
-9.49775
1.1440065
-4.09056
-4.337585
-11.7895
-5.498425
4.511825
-1.089742
1.372272
7.185375
0.7210195
-9.980585
-10.36734
-11.41435
-11.7014
2.909975
-4.54007
-11.00505
1.820695
0.6211845
0.7766395
2.632225
2.00617
1.41945
3.24536
1.3173525
1.2873085
1.28428
6.376875
2.214245
3.581955
-0.4315985
0.4655505
2.633705
0.56098795
0.6524505
0.4038567
0.301986
1.93212
1.546915
1.53355
1.719145
2.30177
0.780333
0.950782
9.808855
-1.217815
-0.5871905
0.761451
2.47012
1.50663
5.65237
5.132485
2.703905
-2.52347
1.599645
-2.199695
0.0951965
0.554033
2.567505
1.458105
3.849505
4.860105
-0.590727
0.1814835
-1.23152
2.99138
2.672735
2.83907
0.304743
4.349135
-3.98042
-10.323895
1.512605
2.267445
1.137378
4.269015
1.2545645
2.18486
2.652625
3.82288
-0.0727935
1.566505
0.7587875
2.27196
3.624415
-3.19154
6.0961
1.941105
-1.1303935
-14.7038
-14.39685
0.841528
6.193585
5.861415
6.663335
3.175925
-7.38269
6.46982
-1.188213
-1.46758
1.01361385
-5.8547
-4.38736
1.604335
0.6370382
-9.734815
-10.91425
-1.31721
1.1744205
1.16086
2.31381
3.42987
-4.766245
8.456815
-0.5343315
-0.7095305
1.069325
-1.60215
4.57688
3.454085
-0.2621915
-3.437945
-2.26541
-3.176205
0.836252
-1.49361
9.93458
1.4075265
3.978335
1.834065
-1.414485
4.076855
3.50965
2.32194
-5.838895
2.264315
2.99698
2.153465
-3.587735
1.5575265
-2.788645
0.065724
-9.85424
-4.90024
6.66928
-7.75123
-1.1557865
1.84252
0.221692
-3.62162
-1.3154122
-11.74435
-3.998005
2.453675
2.72848
4.206565
1.80637
0.0516395
2.13557
-4.875255
3.681585
-0.2458235
0.1479245
8.004895
2.934605
0.6955121
11.71045
-0.632986
-1.204832
-0.0137795
-2.94722
6.604605
0.4073095
-0.45859365
1.0070235
1.789735
1.993555
0.0592251
1.379606
2.932905
0.200079
2.124655
2.62112
3.80527
-9.90837
4.18958
4.08634
-1.079105
4.5387
-10.51725
-8.824285
-9.645385
-9.90198
7.52086
-7.275425
2.22864
2.44096
3.33403
4.66453
2.016845
0.352078
-5.671915
-5.113035
1.641855
-4.5732
4.02359
-0.32405
0.5768616
9.427645
0.574022
-1.110392
7.105885
-13.43465
-1.447965
-7.362135
-0.05218
-1.492245
0.5076557
0.340893
-1.1034645
-1.779998
-3.30996
-1.172983
-1.335769
-0.5185975
-0.720271
1.68866
3.19785
3.46075
0.3552565
3.22056
-10.42729
-8.58477
4.26899
3.16988
1.9710495
2.77554
7.719305
0.542443
-2.819995
2.98659
1.5291365
1.235405
1.19805
0.580005
1.158926
-2.602755
2.29533
2.666575
-2.1761105
0.573449
1.685625
3.062365
1.1386135
-1.89816
3.52131
2.23373
1.4302945
4.49851
9.878225
1.049782
3.67706
-1.86632
6.73733
-0.8647405
8.04457
1.79067
0.582172
1.72866
0.5664191
2.39762
1.009643
-8.33326
-4.671645
1.68021
-2.40319
-2.188655
-0.1708845
-3.83402
-4.6877
-4.471595
-4.12325
-4.312435
9.832405
1.191648
-5.48464
2.280125
0.452565445
4.56072
5.63452
2.3742
5.0234
9.145495
-9.244375
5.524425
4.36269
-0.2269325
2.19976
0.6000755
1.89971
-0.1769935
0.37235165
3.548725
-5.62672
-5.59256
-4.2317
-4.36466
-4.302995
-0.419002
1.57638
-1.25205
0.288569
0.53667
-1.660165
-1.01188
1.5896
2.34324
3.66121
3.08314
-1.349059
-0.884891
5.702735
0.8644305
-4.520915
1.268783
-7.059585
2.22199
1.456515
-5.06884
-6.333135
2.569735
1.777445
1.813275
-8.751195
3.18116
-1.1285085
-9.052485
-8.08912
-8.6336
1.66772
-0.704246
1.1511975
2.095676
-1.0883725
2.074955
4.16423
5.37793
2.547895
-0.113042
1.3694835
-0.1619535
-0.7609585
3.368065
2.22496
3.06348
3.368075
-1.81761
6.61281
2.415685
6.89764
-2.767095
-2.215265
9.546645
0.490272
2.39085
2.53648
1.73391
-2.168065
3.650465
-4.667515
3.521565
1.337793
-0.1917395
-1.079214
0.165665
-7.24115
-5.53412
0.9769
1.72535
-6.19298
-1.1750345
2.11439
4.98175
-8.058175
-0.223406
0.290862
3.34672
6.241795
-0.9666815
2.53791
-7.494985
3.90239
3.491965
1.654715
0.17105425
-4.8629
-1.86078
-1.79764
-3.49873
2.54179
2.492015
1.0834025
1.52507
1.062815
1.0112595
-3.83764
2.221955
0.556276
0.394297
1.008799
2.480575
2.193279
-5.20959
-2.54475
1.24445
-9.01682
-10.19232
-9.902145
-6.18247
-7.28076
-1.983165
0.566307
-0.8485555
2.05994
-3.31156
13.2868
-8.931195
5.075345
4.70509
-5.769125
-4.96966
0.6940865
1.377805
5.89857
-10.367895
5.2647
4.593165
-2.22018
4.694965
1.51408
-5.047875
-5.014325
-5.805355
1.1618355
7.477065
1.4564915
0.94026
0.49171
5.461525
7.518525
-5.612755
7.190055
6.16103
1.45526885
0.718875
2.647685
-5.43305
0.45551
1.1004475
-0.972581
2.604225
0.7103015
3.101175
3.02392
3.32908
3.360525
2.710605
1.64797
-0.20283
0.08158
3.6931
1.243686
6.403545
-2.674695
-2.45227
2.08735
0.671809
-2.27735
2.28514
4.406525
1.868792
1.51081
0.816057
1.333399
-1.50563
-0.6430285
1.4527305
2.91238
-6.844335
-0.326444
1.14304
-7.207195
2.971325
2.966955
3.19466
5.60421
1.339435
7.206485
7.67095
7.630145
1.50184
6.72685
3.09492
-3.81792
1.70784
6.424885
2.0888
1.2139555
-7.263435
-6.50656
0.240984
1.62946
-2.78719
2.994095
-1.22035295
-6.651515
2.61
1.1637055
6.099205
1.54361
4.150075
2.70116
-2.099745
1.619965
-0.349527
-5.43444
4.70189
2.76826
3.47249
-8.77608
1.98634
0.7201885
1.40497
0.8621635
5.233705
0.948627
2.15492
3.69743
-3.75122
2.96117
1.201625
6.344575
3.369925
2.6605
7.15616
1.438779
1.562505
3.52748
-4.010535
1.73944
-2.358085
1.386636
3.143315
1.35386
-4.598875
-0.876804
-8.160865
-4.256735
0.6304415
4.798515
3.642265
3.456625
3.94746
4.06918
-7.149215
3.06944
9.4552
-16.6954
5.98891
8.82931
2.02191
5.812995
-1.8037715
5.51207
-14.09235
0.389207
2.13673
2.00039
1.942135
1.277155
3.33891
-4.8548
2.566415
2.600985
-0.997662
2.620455
-4.083045
2.99574
-2.44557
5.353565
5.88382
9.96065
9.663995
6.82135
4.16286
-2.53042
0.4123805
-3.15741
-0.8233775
-0.7085207
2.367185
2.85393
2.47451
0.6822385
-5.870045
-3.016625
-2.362805
-4.811925
-4.03498
-3.400305
6.75222
1.641565
-0.225074
-1.256717
-3.278495
0.419858
0.8114565
4.48259
3.215645
-1.270565
-5.697875
2.84418
1.765505
4.69293
0.032415
-7.90371
-0.3427789
3.067885
3.03523
2.534585
3.28527
2.996235
3.802495
4.76404
3.636405
5.464695
4.79858
-0.63124125
-1.99114
0.7192015
1.765475
6.95727
1.395595
-2.02611
5.613865
1.489324
3.138975
2.07767
1.01763305
2.07801
3.50937
1.37901025
2.218355
-6.575675
-1.356716
-4.40864
6.60372
-10.0564
0.773149
1.65212
6.15165
-7.96342
1.5753195
3.5385385
-7.574395
3.64309
-15.697
-4.4198
-2.90294
0.7583405
2.826885
6.535305
0.947685
-1.3839205
-2.7341
-2.69071
-3.639185
1.749355
-1.2675905
-2.355345
-5.974055
-2.505595
3.820475
-3.99461
2.4915
1.72542
-3.47107
-0.4273995
1.231275
6.64553
-1.0876855
7.562355
-7.69477
0.130653
0.4148985
0.5135987
1.116034
4.01297
4.01777
11.50067
-1.0813975
0.064557
-4.13647
0.8720245
0.340505
3.126695
0.5364805
1.206247
1.91878
-5.47913
-3.19691
4.126135
3.245325
-4.806395
-1.06576
-4.88089
-1.203702
-6.5794
5.106555
3.75259
1.0699385
0.862205
1.261091
-1.919545
-2.257795
0.127175
1.242415
-7.521565
1.210805
1.2480205
-3.07409
-5.109635
-3.119215
-5.88658
1.57393
0.965609
-1.2407275
-1.409728
-1.15262
2.85816
2.387815
-3.06465
2.89836
1.9187155
0.454343
7.768675
0.891557
2.89062
-0.8232305
0.55432545
-1.643508
7.21157
-0.448518
2.97498
1.896105
2.078545
-1.849918
0.57899
2.290735
4.88385
0.2855995
-0.8662335
1.80966
2.189975
5.74128
2.546145
0.7494365
1.74153
0.931435
2.71008
5.35383
-9.80941
6.33685
-5.912635
2.850235
5.94118
-5.56111
-6.58548
2.7527
0.7160695
1.242707
-3.41078
-0.411054
-2.058345
-1.587755
-1.8599865
2.19721
-5.36157
-1.645645
-7.78459
-4.061275
-1.4892735
-5.86301
2.056815
5.98735
5.376825
2.20796
11.68715
2.439065
4.01542
2.967025
3.58748
2.03239
1.92173
2.4585
6.38308
4.606075
2.47764
3.170995
-5.655545
-4.7415
3.323355
-0.006958735
-1.943805
1.91578
-0.300186
-1.322197
1.72626
0.4056293
1.35346
0.7061221
1.33455
-7.400365
-1.36117
-1.4584215
3.280225
2.08797
1.7187
3.8702
-6.9926
1.2300295
-9.292605
-0.7218163
1.94744
-0.1227065
4.61141
1.2081465
-4.01466
2.691265
0.7148585
-4.114695
2.81304
2.39805
2.26001
1.55159
2.42604
-2.55521
3.416395
1.6623435
3.12033
-0.1084564
-0.6768595
-7.464185
-4.49334
0.8011664
3.34372
4.88235
-6.308825
0.9743027
0.9595225
3.77085
1.829705
-13.0298
1.1366625
-10.26874
3.26219
-1.920755
-1.3000125
0.7265135
-0.97677
0.0275885
-1.561521
0.390955
-0.888237
0.652602
1.0066875
0.8126525
1.2818625
0.5954495
3.33036
-4.48523
1.3307865
1.572805
-0.459031
0.7504525
0.6564205
-0.6802635
-7.7458
-3.519675
0.611511
-9.807205
6.96357
-6.38915
-6.98926
0.7349635
1.361165
1.475635
0.639208
-3.57521
-0.472185075
0.2711535
3.37753
0.7483935
2.02797
2.067474
-3.05873
-0.0280765
1.086888
0.38270395
5.695075
0.317897
0.4725707
6.54451
2.061955
0.9368755
2.184015
0.641229
3.05323
2.15852
1.5929225
7.48569
3.701665
1.285105
1.8111625
2.74738
3.953385
4.195405
-5.310435
3.42145
3.680015
4.517845
3.695105
4.7254
6.224475
4.144345
8.23532
1.536295
-3.911345
-9.6877
-0.236078
7.28586
1.5152825
3.35234
0.974264
-1.608735
4.277905
2.793035
1.955215
-0.0739555
-1.52397
-2.004241
2.032255
2.350135
0.891848
-9.056765
2.886345
-0.614345
0.575277
-4.284385
3.389465
0.706673
3.334865
1.091971
-8.24261
-5.862575
1.280945
-6.96318
3.794145
-4.568445
-1.0986717
2.20331
0.1452255
2.390705
3.02606
4.86824
-3.282705
-5.99079
-1.497191
0.7857995
-6.11334
2.029391
2.22673
4.68759
1.523957
-2.582445
1.147252
-1.083359
-0.3909812
3.449765
-0.34595
-0.447023
-1.809765
-12.44735
0.6722805
-7.461775
-12.58755
3.735915
1.94193
1.56927
-5.18977
-5.319595
0.03807925
-2.040935
6.87925
7.1174
-8.417705
-6.08621
0.9617935
-5.36818
-6.724245
2.93783
8.840645
9.75724
7.0496
2.24105
-1.0102085
0.070578
4.75112
-14.94285
-2.852285
-3.417835
-3.20466
-2.16887
-0.1917831
2.89429
-3.201035
6.17146
-7.62424
2.591825
-7.98558
2.28881
-6.07385
-3.922275
2.501185
4.663015
-1.452025
0.8833795
1.72228
3.20921
5.60398
2.05096
1.025435
2.887985
1.126434
1.655365
0.914945
1.1030675
1.8734735
-4.13061
-16.19315
-15.0036
0.4860365
-0.583887
-0.107942
1.41266
1.3014055
1.79106
-16.1945
-2.701825
0.8996705
8.730365
-1.515422
-3.5662
7.20333
1.76611
1.2365
2.856685
0.016201825
8.57223
-8.131245
0.621159
-5.434675
-13.9586
-0.2110565
0.069437
-0.7868335
2.293755
-0.09793605
4.199415
4.7582
8.28345
2.796085
-2.845428
4.809275
-2.621975
0.4564995
0.5744295
0.28258
5.06408
0.738545
1.81165
1.5998445
-7.35419
0.6342705
8.914345
9.85691
-2.29043
-12.9713
0.99559845
-6.337875
-10.549225
11.32885
9.40763
3.198235
-5.683685
-5.70499
1.2879755
-3.5815
0.514665
-0.4944275
-0.52928
1.69528
-0.8226245
4.1382
-1.306225
1.0064755
0.000307500000000016
1.785665
-0.7328185
3.316825
-2.24608
1.57657
1.204805
1.1927635
1.45765
-0.5709115
2.730915
2.97761
0.75561
1.1846355
0.5876735
4.43768
0.07538025
-5.86715
-5.865825
-1.28751
4.172065
3.79314
4.52732
4.05196
2.74356
2.051275
0.1569185
1.39366
1.34098
1.523805
-5.60202
0.9732765
-1.031339
5.020815
0.8042965
3.55322
-0.0473725
3.062305
-5.54489
3.91222
-3.53761
-6.49907
-3.24535
-1.689985
2.698385
6.191815
-7.00867
-7.794245
-6.714255
-7.461635
1.105162
-2.64952
0.8439335
4.37005
4.75349
3.62113
4.059375
4.591185
5.68014
5.82274
3.85878
-0.68988
6.614315
-0.0343595
0.613006
1.4697835
0.5099059
0.428837
2.480205
2.1758
2.693875
3.697335
3.052095
3.96028
-5.919345
2.22004
-0.51226
1.064562
-0.549747
-0.8386175
3.62058
1.199849
1.83159
-4.39739
6.54987
6.19936
-0.11440215
-3.93716
2.826565
7.4958
-3.97794
-2.10048
0.462858
0.0814494
-6.131015
3.51544
1.197118
1.68966
1.924705
1.069274
-0.424878
0.7938015
3.19441
-4.852905
-8.63094
1.582875
2.779505
-4.164995
-2.1014455
-0.1728185
-0.85923435
3.64177
0.0893499999999999
-0.06088491
2.97623
4.67605
4.210435
3.6349
1.877685
1.6762
-2.13102
2.846155
-1.0413555
0.9864485
7.600805
5.817795
6.552975
0.268595
-0.652223
-0.0110435
-0.8151745
-0.282723
0.421222
2.36877
-2.77438
1.170556
3.30299
-6.535065
3.63271
-0.375181
4.12123
-4.62535
4.17154
0.7021765
1.600115
-0.534998
-0.241717
0.2780925
-2.630065
-2.45801
2.17576
7.8697
6.07899
5.19634
1.1617165
4.143715
4.897325
1.997345
-4.009345
2.05875
0.9339855
3.073295
4.127665
3.364235
2.209915
2.826785
0.13770085
2.58973
2.58416
2.07276
0.5699302
8.68673
1.020039
2.895375
-4.363195
-7.62938
2.30077
-4.80184
1.480135
0.8580365
0.171128
-3.566985
-0.723098
-0.359372
-0.2400871
0.02428
2.49506
2.07594
1.369385
2.33518
1.683065
1.488165
0.6549845
0.9426975
1.802475
1.22814355
1.1684335
1.5028925
2.630325
-0.280494
-1.2387695
-0.8009075
-1.334279
0.7277935
-0.817188
1.497265
7.370165
1.1467255
2.860635
1.64218
0.7336155
-6.434205
0.896989
-1.375899
1.160756
-2.90879
-0.4074369
4.49833
-1.1411385
4.054295
2.273195
1.86659
0.6061805
1.422235
0.7892795
1.1465155
1.473715
1.897385
1.848205
4.3405
1.46914
1.70966
2.340985
2.612355
1.58855
-3.62831
0.7454895
1.667735
-1.359645
-5.27208
9.405065
-0.5062273
2.22026
-4.03455
0.2711025
5.843645
1.3491365
8.756375
3.258815
-0.742906
-4.052655
-0.9021235
-2.047925
-0.8780395
0.5621315
2.51391
-4.87959
-1.0307955
-0.8400685
0.3971985
-1.95292
0.7837235
-1.962365
-4.72567
-0.787452
1.0870535
-0.6766255
0.600208
-4.15505
-7.63777
-6.298305
-6.51364
0.1966065
11.89792
-8.599095
-2.482105
2.458385
1.143655
0.975275
-13.7624
-4.07975
-3.85136
0.032252
-0.347379
-0.4329935
-0.04688775
1.8068
5.173505
4.563005
3.408665
1.7329105
1.4172575
0.9190299
-2.468735
1.963694
1.655473
1.542983
1.907931
1.636675
6.903205
2.075435
-4.36304
-1.0077455
0.234226
-0.497076
1.27706
2.19956
3.829995
3.46941
2.74344
3.62352
2.92723
-2.28971
3.10561
-1.18147
4.10291
-1.011489
-1.881411
4.122145
1.607595
2.94066
1.0839345
