longitude_z
2.45776639814867
6.98178734924242
9.11634719655091
4.14018910492304
6.67071102004981
5.5541340257857
2.90885237356274
5.3001738362347
5.49576947000614
6.68576543929516
3.44070900990609
1.94980672267843
2.24764436341976
3.44246144105376
5.02058862118455
8.79199029813571
4.33397903958334
3.77309951566585
3.29809084452425
3.13887656550887
2.62862835905022
3.91293900384839
5.83274633012295
1.06474141229187
5.99163882987144
4.03469558090673
11.0215436219937
3.60366363610981
4.09838245895833
1.21676662937357
5.37705941207439
3.39126349742899
2.15108007364342
4.76460844130275
4.84074725608795
2.85658117263251
5.00830572153551
7.24985650903932
4.88793410371889
7.75674742343594
4.89877132109035
3.62788611254519
3.5329246139088
4.12799494133184
3.2233373133286
3.80133465050693
5.41575639220757
5.08455417580764
5.76702252195738
3.24722771522368
4.4821982348582
4.39060261336437
2.33766521870256
1.55434122752729
3.81905243776644
4.15752510185772
2.54262178789669
2.37039324637086
10.2319159654627
0.59156770184852
7.61452680343118
2.55273866207713
3.49289582199588
5.63899169984194
3.93243022355648
4.05658124621792
4.02893735587741
2.55622462057961
2.50757513163643
8.20190972005141
7.15481850959803
7.15270749011863
3.68363440990705
3.51356950907547
3.53802849072775
2.55200619628042
7.13638870243766
3.48732065130907
2.74456736172082
3.96447340117135
4.29539850018841
1.96568054182463
4.34078280337697
2.44410763891817
0.340782638599978
8.26849242437385
3.20059824138867
7.75334116380377
5.06209558554095
4.81047462960526
5.27550043377243
3.00684647204502
6.55198869558511
7.05898612188468
4.77794700827433
1.49266341237836
2.03541245217983
2.34141127644459
3.84648405410935
3.88106011460525
3.26061633776783
3.38055541988331
3.38524109491698
3.52830105814854
2.463575605327
6.73131245894116
3.70240329429467
2.14312464533963
3.83476668085709
2.65108803481423
2.15476134543978
2.64257386714745
4.31845401114175
4.35036458570023
7.13849190045618
3.82393348163518
3.34088638422685
3.83852581430169
4.28480540853036
6.10135634023717
7.65453863245809
2.32341109414525
3.08796742159898
2.38414507831649
3.01867024067583
1.65254289321341
1.55780665947441
2.76955236326734
1.96055529222362
3.36333433766091
4.88337695386871
3.0069873747273
6.04852919782074
3.1238660973737
3.33873513956685
6.32809323251265
4.14100240976988
6.1408114944122
2.80409719694521
0.995728632520415
4.76754187793393
7.05275667626113
3.75799434080575
6.44824735517233
4.77911429236483
3.60084191667389
3.07525820070565
3.08384141941199
6.43515810639775
2.51731532108922
0.00240999837966206
1.89853311081003
3.01077456679526
4.47976543194849
3.81938513325574
6.20627160207132
4.08967290435802
7.96910939077181
3.08459633338838
7.21296889951354
5.93385571572748
6.55123386865451
3.3419600510874
4.8016519807585
3.53720893435447
6.11166554325279
4.52248761269383
5.64999903968695
5.35364948209938
2.78705895744081
7.15603485843192
3.59550139153264
1.58361090560801
4.40943902225728
2.36049907105575
2.46610763994843
1.34658278841224
2.46963306702191
2.42904606249878
4.45532499076823
4.9222108344939
10.8871751627951
9.10924843117661
3.10931405405557
3.5144894926903
3.75015435020821
3.8225706318154
4.75227187826412
4.57950431446786
4.91334724885904
2.1080921502884
3.26218089539406
8.15591891685842
4.01638853867922
4.97684142083741
4.93906896367878
5.23198082028618
7.81541012991718
6.50297587541094
4.34497776854121
4.26441521417712
4.85193388647522
6.49639891117902
2.44868697150209
2.42414505450241
5.82984083445994
2.05532662097815
2.21843209005418
3.94926934940578
5.02414522271561
5.14929176323048
1.23475997815503
5.32249519758586
7.9364952564995
1.93095066712521
4.98214669700997
3.18135481599743
4.18447543394985
5.25077987055905
3.24804879669708
7.31467692018429
2.92129541207538
4.53509099032458
8.08811054763479
6.29785455116469
5.81138575461922
4.49446229370813
3.35108858791165
4.46777466312215
3.96614316551018
6.32130959055057
3.51706869656537
4.255880137172
2.83375942893959
3.3976482245854
3.15506220319795
3.05303952424986
6.43640238007229
4.08983231010078
2.64818318324515
3.84200413396394
2.05044189047584
1.73408052484093
3.16771066589217
6.12171457798258
6.26815868852972
4.85055708912887
2.94008348641146
6.36594019432433
3.4222305958495
3.83573483819613
3.09501500152618
4.44624487059599
2.96420074680289
5.84122871554562
3.48067044618487
5.93864981069621
2.62456904719753
5.51937187778236
8.63069770594655
2.00383112105055
6.11481828752573
5.42939421071914
4.22330619725295
5.51796259024364
1.4055872576366
5.22499173982789
0.878559408908928
2.13433223009035
2.42741650642877
6.6865245489641
1.45821782172122
5.12127745898997
5.25212710730222
6.23931176005098
4.62324035404438
3.0975974744022
3.03551131033165
3.31896107953593
5.02014708917391
2.12533051524505
3.31829166776418
6.61746863901157
4.09860152107757
1.34627868224325
3.39301067851351
4.24863756124515
1.31674930320752
7.78351426829459
3.90554952262686
5.81322873949984
4.19672111913104
6.36157594660287
2.98170543702425
4.43102323201732
2.98000995678211
4.06548489145409
3.75900132238522
3.93139824589852
3.19788527741749
2.41772653865606
4.76442129376711
1.41019235183096
4.3650006635598
3.91861650258285
3.84469723476585
6.47167333870529
6.06850556767615
2.38875882900642
4.72854495363603
3.2242313259315
5.32178398965899
4.32216940582242
3.44466896979601
4.23108756008814
1.41027967048703
3.24421861350576
2.57205107169411
3.4576867320901
4.27548856029969
4.0705399848715
3.88256811606644
3.24446481259045
1.59117977499843
8.96185562586464
2.52115270179567
1.19968133718015
4.17777285604809
2.12205613120145
2.28935178854617
2.44492250486002
3.70551600175467
2.56803727979849
3.82176640473
2.41576680965473
4.58533609757327
2.76704981534111
3.65587993375951
5.56639206031074
3.26740710281069
3.63948887044477
4.24845698967167
7.95629905929744
4.73126292620926
2.24562479262654
4.61364639606626
4.58950716949773
2.54294957621593
2.15899332056156
3.29301326662317
4.54708738926026
1.93684057594004
6.30415080183249
10.3253172046104
6.61530787157934
4.29542308249468
3.92147826069318
2.09908730103129
5.74903560563539
2.53711155105382
4.22895492006384
4.93710185798329
5.89788956620193
3.0265530255607
1.91381685193552
7.80892308649079
3.08588880241896
3.85851350817505
5.95020696347701
3.1804261548298
5.46288392239597
4.34716351923466
2.64440954360186
5.53797374574475
4.64043606530276
3.07527883358671
2.11609541171357
3.77064009414487
4.67718752691072
5.06393865664745
0.331534421876031
0.979009900327981
0.372649283449444
0.928382582377036
0.572068624169606
0.863637402149792
3.95177615398733
5.39141417580659
4.45150697707482
3.23011050354119
2.03045895992368
3.69867437663439
3.3516775142366
4.04885904745772
2.13190871793131
4.35686411233416
2.28660089515847
3.18673141989887
2.65890395845833
2.36041981913487
6.0188265856022
6.50954091907499
3.78880620073192
4.31610390887923
10.073451912056
5.42348510408057
2.93987879146661
3.02120231870619
4.42281520706594
4.26673973155359
2.8151624286946
4.23604330480536
2.87781286358479
9.28197264228038
4.71043300914357
3.8461254055919
3.27756467524754
3.09580356144953
2.74296236884705
8.11705516155262
4.21030251147442
2.60042048610095
3.53811628481134
9.15573969916296
4.61679209890688
4.10962765071011
3.32698088703347
3.13645527077025
3.76056712684159
4.65584337609431
7.6209689492253
2.29901418906293
5.68003607734373
3.25258648240766
1.89490914546028
6.52192735291574
5.36793375393597
3.94666909954653
4.69245647698327
3.48887517251671
4.70201170445745
5.50794421982833
3.85096981202142
4.23854328952947
3.32322451996241
5.16229213345528
2.07654865467262
6.14701555071026
4.60124250480118
4.67352630811304
4.76037976027099
7.16542868804458
9.29278147186512
3.0052103271513
4.25493846589429
5.26399951335691
3.04132075033412
5.10097214589763
3.38389278274703
3.89892730072836
7.70856303358505
5.26763943545247
8.36079259678966
8.55565775334461
5.58196385253245
5.02439881414587
3.55779827171727
5.55417398628217
0.539945600978191
0.00240999837966206
3.96367617165338
3.82906405616565
1.29074029004994
0.699676910640487
4.72658893480456
1.83989289253648
2.78140548719141
5.04822598206164
6.19216528813175
4.57495985146939
4.65048926566988
3.146330465659
4.71065112497129
6.65534402439198
3.28939186865182
5.87973262152872
4.42002854317185
2.91862740930968
0.284808083227405
0.603665297109017
0.103493765929477
0.417637178611794
0.234632666906056
5.33505177609127
6.28813894735539
2.26888142285058
3.81742920400305
3.52478713389676
3.19866396452223
2.14046883374511
2.30125537665868
3.36378592488485
5.5205859427585
3.87353046332126
2.29099779999993
4.69815857334418
5.80455277692689
3.96310430406958
1.84933895290964
5.42361521256852
8.2585971052506
3.90843690373613
5.09769118281944
4.96438276990345
5.26391797936827
1.72864529608054
5.64157356788254
6.7824430554756
6.97647040752559
4.34509029971754
6.40371340843013
1.98988668808452
3.14529733433232
3.24168357640578
5.8569229847805
2.93596246876385
6.90155558305212
7.15755862552667
4.54744554535436
4.37592783674995
5.80191036917597
4.70611902619771
4.91365031900077
5.23431699329259
1.41882878240833
9.13441630582868
2.55534335575385
3.40333929463767
2.77967628525577
1.99053216429516
3.08791480256673
4.91356454788032
5.91511860051212
5.70019844454804
3.42253734367165
4.73299499553806
6.19577642307542
3.32175476408306
3.37381565271148
7.44430223387959
2.79042404624586
3.25569288268315
2.40544019563737
2.8108156647004
5.0031452772219
4.52357289226617
3.49430094728681
2.09136904498798
4.65607867879288
5.44347469805326
3.01129540332763
3.30996243416749
4.47507198887172
2.59343178107839
2.07788000241336
4.7090524965647
5.2102229204289
6.53663077916492
2.98771519335319
6.39173310800109
3.04276083825062
4.41184929449621
7.12321846839656
5.23808193069769
4.13934322696949
2.60513283966041
1.6403322611916
2.38563388820022
5.19426017192615
3.96275457882129
4.447821151055
2.82118743225427
3.74723122191185
6.44988994377033
4.1875921127268
8.84807523929355
6.63371150496268
2.22395454256471
6.19588174844492
4.44990196413431
4.1464081282452
3.63561131554202
3.73264496754764
7.42285015878136
3.99686832722094
6.39479755840737
3.50931947428791
3.82237106122561
2.48254386084693
2.30809423918094
5.26048257127167
2.11483267235283
2.58607864445815
5.25536391233517
1.05880505167873
4.21770102227107
5.20610861823635
4.52238452863224
8.226190769297
3.0218505097706
2.02002690409227
5.8486629403554
7.05618731884943
3.85653954045398
2.62728698275698
7.67946921863703
4.02566665132734
2.44708685578427
4.65957150163398
4.2007619034251
4.44645380921328
2.97995613752735
3.40870239272024
4.1967224822008
5.87747252929273
2.66671090470917
4.15645442931011
2.95205080763509
7.69191269842022
2.63873458974632
5.22088778770363
3.67890483986626
3.67337681211007
5.47797533390533
3.5326497650099
4.2516910857439
4.69388091287275
6.37978815910384
3.48914907511876
1.55819209277215
3.4344279257198
3.07043522113375
4.56622222786159
2.0765367992692
5.83150078518423
2.66291071265784
4.61720917099487
5.06598864445026
2.77738424780909
4.5296305510922
9.85900416753475
4.26509290841297
4.98863962172175
5.23148592821358
3.21318680134275
2.72990697836544
4.10051566378469
5.00066082940015
4.45495766437594
2.84994513013023
3.74850768416089
4.29768017367531
8.7335125496138
4.65874410778154
8.38529020271102
8.23247517312168
2.9804622563499
3.46003841180615
2.31206677758423
6.38951405433248
4.64087838367613
3.51002918291917
3.91116251188389
6.13158407118433
2.945127453342
1.84616966196802
3.52796877531997
2.55796628996662
2.11866787133382
7.66577611659499
1.74497700006714
5.32051217879303
3.67056614969894
5.74413974753028
6.53239265338155
3.71743574458231
1.92656080024604
6.14575207221642
7.87623628684536
3.4761027847368
5.47855791120394
9.2651583642855
6.62670800930877
3.83428372261568
1.02805560982927
6.21659591864646
3.75834698256358
3.46285549384888
2.84221452904497
4.49730131181739
6.39472980072365
6.01137837145466
2.85655355849263
3.81829609605712
5.45368287978
2.72921178646658
3.63910251979422
6.93176235867649
6.96375559383605
4.70374756736219
4.50112101643444
3.02374741225153
4.21174835221612
8.83918605705828
9.87726868519437
3.58258418549005
4.42304350062311
2.67994318649689
4.6378758530726
4.06035110721891
5.36769796189686
3.53354532090568
3.87140958914533
4.69042904713276
6.16459977555439
6.96556329144453
12.3634057689533
4.51809784582856
4.51546551533891
3.79330679457004
4.62174519118776
7.06307579553562
4.6411849563165
3.33520952087574
9.04625876604627
4.64625162852865
8.62218348209321
2.29133844717726
5.33489400559515
7.30454349882312
4.54723123629374
3.16333075322822
6.29997134243432
7.97723938642469
7.96112742772565
3.01212963414217
2.18409334561413
2.32581671697863
3.11936001950333
6.69310374724763
4.86921403882173
5.29061506650889
3.10955499883689
4.4924533098523
5.33682897011189
3.21277672731661
10.4669206169808
2.52551673065434
4.0322156757711
1.60055963987782
3.29778820888518
2.73624971696812
3.45032903212738
7.1185692159982
3.15827268709337
9.13121750300997
2.45017636963738
3.49815181090571
7.2648888861732
3.750887509768
4.12591361642595
2.85726217143941
7.0397435415658
2.3978122250912
4.03732568549246
5.50971397891501
3.84439928807516
6.20781990800863
8.92746984010117
4.41155299441509
6.21570888857975
5.11745332845719
2.88568282701805
5.27566530970043
3.89663034585575
2.31372256801799
6.84486557129185
0.892072405127371
4.73550806530765
0.747583220632617
1.05997898383654
4.35187587365927
3.41319403834893
3.34979540013879
4.33863392899494
4.52705847561038
2.86049724735147
2.07407493284561
4.58106579018752
6.60960960848611
5.00625173460019
2.56758860033879
3.14375311592609
5.14619811700824
1.20616013214785
2.22681863158865
5.61388393241799
8.11044453246277
8.6250456828682
8.31354822822501
2.8542339240774
8.74435395166388
5.91432889100783
3.33200902819028
4.13879522989808
4.61836910700886
4.33437138401049
6.24833577676151
2.66192725716241
3.73142893023121
4.34583725296755
1.67017615683626
3.7264302386266
1.37140845690937
5.14112284597118
8.33307664344016
3.50008821756944
3.60346591745652
4.44910081876235
3.01776081445671
5.16921543905199
6.14747301118046
2.86105083095036
1.70997296446344
3.47862814188924
3.0502741053723
7.10415325307781
5.57876417217075
2.83829837161267
8.18114362485404
9.13070773598818
6.31562456622052
5.15080461377159
4.77275597289995
3.51607357097012
3.98994393133489
6.08241989144768
4.53235836692534
5.57073156613437
3.50568064688143
2.51361537884063
3.55471578634195
2.75697086164511
5.11845163168438
3.2458547250908
4.35140916778641
5.65194441778055
3.51900139305889
3.01898546726596
3.1304405404866
3.71848027082415
2.42314250795127
4.63357671684531
4.3153220518642
5.06292813745333
2.74593970568865
4.97177347309977
2.43532675200388
1.90850733680039
3.6878377847937
2.67952054295384
3.33819777362888
1.63968108059264
4.17997303541758
3.71700902886986
7.03402114842516
4.31243521927029
4.95329384750823
6.13197255200324
2.48243665823222
1.97224736411201
10.6908317073907
4.21597231441349
5.14940943076521
3.86307139891661
3.39555047577277
6.67660999111294
3.68847951336715
3.10385643822995
4.95252134063831
4.08584600079552
3.82425860819768
4.30282421695632
3.71435780568688
3.94275578512757
4.43581724702964
6.79875175314501
3.20845659236597
3.7438046056699
5.2074115769147
5.10512448740871
3.11853055825867
4.00541093086106
3.51835365442218
1.40211210928379
2.08391050510918
3.04358330943346
3.0867636185816
6.22898575719061
2.7777155055836
5.19662726748082
4.53249391961068
4.42685057246575
2.66725687293556
2.62809324952687
7.49391502432372
2.40183006805342
2.69080837876679
0.916748821531614
5.20448770566585
5.91472545612725
2.57360290664143
2.68525664796736
6.20037916404082
1.62990625470209
6.17245067093705
2.80678349050654
8.15234154238625
3.3112050634668
9.8048157959607
5.78176425792472
4.923535716991
5.71162504267204
10.9418259455792
3.88505035866793
8.14389045416987
10.6058839686467
4.68408837968399
5.33310336296398
1.69610442862137
6.03408707708504
3.86134296394812
3.09031088670969
2.97468865517747
2.51055000191518
2.38457079515961
6.78410075403179
2.82026423038252
5.06265515324085
3.70502086577078
3.53375335378873
5.08086006150356
5.33094290574547
3.20449354503928
5.53733698587061
2.95222259557824
2.54977073380711
2.9998128405637
3.50460789201751
2.71650104276367
3.76176815235736
4.03178059538945
6.97409253521033
5.1066914760205
3.54139037942229
4.91392725334478
2.80251336602358
2.90282943302021
4.54731282947014
6.05487531988093
4.6500333412803
4.54139433819641
6.14577682269182
3.01846220817219
3.67001499730841
2.0899775100223
2.27569078712297
4.11756778491687
5.93374697788136
3.98964607727318
1.41678283190161
2.96741255951637
6.02783773103003
7.65368538034555
4.01798793023207
2.72413889232027
4.93482845009633
4.20675572585117
2.01103142205056
2.74867092407017
4.17026162381213
3.38214640129288
7.28062157206784
3.30345717774027
2.90853361081422
5.02481878370348
6.39331076154442
6.30876808858138
2.4639967528276
5.72844546902269
2.03098091709762
9.12695828241961
4.40572791723847
1.94384018190179
3.93518406957316
1.5932357618959
5.36345507200085
5.78492297606714
6.95519655701717
9.54255646306709
6.94776820490794
5.97945861937606
4.81727757904753
2.72950617911087
3.52247886316324
3.437658397005
3.68773669189075
5.73182702353931
7.36519196159628
0.340782638599978
2.53396808140101
0.615258364646313
6.00330742505934
4.89548094052591
8.24688403963711
6.74810568820917
2.56035724968539
4.23125306804225
2.43017463158762
7.10390559418886
2.39538644408911
3.92365357778741
6.59419107268767
3.89952468656733
2.02171684499899
3.21556888240326
4.39518777607281
4.16215316697737
1.89569583801779
4.80974806177952
3.6184262358451
7.51030737778684
1.61047033637944
2.8576785931996
3.42069749243683
2.24311507179197
2.79688384183357
3.70885949733488
1.85503101043038
2.63115776793697
9.34708540152061
8.45174815585109
2.91548425261723
6.10848044477026
3.87270438671674
2.30334521820758
5.7756076904385
4.09388336222222
8.69385550082879
3.09281196812294
4.67894835211626
1.69873453837313
5.30327905718862
5.2849427637892
2.642796239121
4.67812935289356
5.0800627400925
3.0091801328296
2.82114336180615
6.4159300590975
2.67713173702264
5.07046700823446
4.21771451134811
5.36949543690805
3.18137248642855
3.14797748217599
3.45839251973197
3.9962867465988
5.83465901361024
6.20532812054319
6.7557899948504
3.00064895057911
6.85293890400448
3.18487301723274
1.23758984723615
2.22144925050266
7.26023657096063
4.59548492926589
1.37945731410423
1.77387577239852
7.1463259893145
2.05057619408123
2.36478397718477
2.65952413791265
7.03408527945964
6.95354730591352
5.46109674139351
4.13314209540771
3.18092983739982
3.77545087880959
3.81267786835644
4.76538166454479
5.21097968637498
3.25401324413856
4.54588023425221
3.81742688799353
5.65681793628903
2.9193211779524
3.78995066805152
8.15735416312725
2.17196132168807
7.86773980147312
4.28490108625057
4.66105408670744
3.57600273079588
4.07032815912428
4.976610596552
9.10710427896084
3.08557530609736
3.51053972145765
2.18514614720043
2.90299149925191
3.72604139014787
4.28047680190187
4.97274214413537
8.0578317966593
4.8927698282814
5.18318178876861
3.28444860272997
2.38015243952099
2.84895026731595
2.46352698683984
3.51441668565773
4.68608900637244
3.50768873222568
3.65391357603296
8.01795454201659
3.70612307563166
3.38925296163064
3.47246260245258
6.26489359161597
5.74823539402393
3.8050572428124
3.58978320552597
5.56889481517317
6.35461937122115
7.77619722904395
4.16355023026029
2.33480452067966
6.79081790371039
2.04538883929377
3.40692222455533
1.93304256613366
3.76702445635667
7.28191355676446
5.48422160496384
2.92180313097132
4.35409814993312
2.27703158005446
1.79487700357054
1.31913200710995
1.11464180743041
3.34726883238854
1.66877296973943
4.09856401378826
5.4333027922844
2.98019649206799
2.88477040634481
5.17640353304377
4.76752567945505
7.2787271978702
6.07187958029349
3.9143031554383
5.77093574316677
4.74654855812736
6.95560897485746
6.75491531855002
3.03276143630244
3.22957525750421
3.4451373091367
5.73392966195494
2.34107312727009
2.92769739642539
7.98322133160246
3.60657677108813
4.7051135263721
7.6419912817071
3.42879072107818
3.16585279233112
3.04153420838114
2.78362671073038
3.43161973619346
6.71291229797173
6.49979426292541
4.87127059748883
3.52995951296993
7.54905698117394
5.12281912463103
7.24910191423319
3.40129970070763
3.51775871516671
3.82273773659002
3.55294546094597
6.06371276664578
5.43166986911705
4.27439880533521
4.06505038894313
2.92101893719461
3.61249718447736
2.19301659678703
2.3342046985788
5.41415192627237
1.15667300258908
5.79594690892076
3.20220827658007
3.1971759398708
5.06937309933391
4.38163681266305
3.35621779612456
2.5795358629378
2.30761007342801
4.17569634520829
2.58761321639793
2.25226521546087
2.06816700477725
5.51875529273397
6.88972586098303
6.54082813166072
3.77606816138749
4.85304630906153
2.51615057594408
6.20841746809496
2.14847872979421
7.39907764992586
3.77463152710975
4.702639585244
7.35924694380613
2.40749813145574
5.8007011685484
2.84903305915803
3.22250980766913
7.4934977424826
5.73660880912522
3.70675013334414
3.96203325735495
5.36790479188567
2.90656225474043
4.97708257996969
6.34108287556332
3.58017547630992
1.46408928992369
2.17797169042263
4.06141466216507
5.3166826124634
8.03919470084243
1.15611632618691
5.99260356291148
5.56871922968714
7.4867012556025
4.20599210892252
3.84863758446059
4.75743767346308
3.30714928473987
5.83319278623061
5.0421316195625
3.1771423516581
5.88080811016919
6.31752291331543
3.63381001148701
3.01360694958353
1.81018196257056
5.33075212011818
6.14628046233826
5.22831657914907
1.97262784138449
9.07898505512858
5.23079902388837
7.0722217730825
3.53750122723629
1.61977123429299
4.02635485625466
1.16084469086877
2.81635385336678
2.81230069980651
5.76752967883138
3.8857534781376
5.15765762662705
4.64142943135418
1.95855964683551
1.54664033221851
3.82533626336209
10.054291129808
7.63101499251289
8.25839470407105
1.91614324792116
4.39550715361422
3.49004437197971
3.82949995603626
2.54574019498711
5.40949153139255
5.35389148262511
8.85442304835892
3.96263830854078
4.91966641818491
3.13168602309907
3.14168681314375
2.34703175445093
4.04675196775036
1.71239073904488
4.98627950344221
6.47129459554236
4.51514641831595
6.74785646661222
3.10105562719607
3.36083423724846
2.45405729600279
4.18465678888752
7.32991184706897
4.47063588938074
5.79818089880771
3.12035984253954
4.12548633580037
2.99441555695726
8.15074788235725
2.96580491960618
3.8602639331868
3.29115753941655
4.0572664937609
1.63477433805903
0.548364419619807
4.13454291246411
6.6841877730472
2.8686707620254
5.73269806728508
4.66916311285662
5.77888999696293
3.89623491544049
3.75179980524394
3.32760709576113
5.0211178479825
8.36738645565439
3.18396506300424
6.17443562441613
3.11996197369395
3.38946877960028
6.90250783026374
5.02859514845573
2.27542056774241
2.86251321469228
10.4893724831654
4.54771675511036
2.38633490481795
5.29143879017936
6.68483619238394
4.29263357821159
5.56240018434079
4.61989658741343
4.16245370457924
5.76537815650391
4.095024108588
0.340782638599978
2.07894029331302
1.05594085289144
3.99744411681408
4.92966566682109
4.53212979129324
2.08177857734502
6.12309270769878
6.02104242370042
5.03370543299316
1.68248283337982
5.12407518625638
3.59577532655815
3.49563170092245
3.93606834940981
1.86526979296963
2.90609262808399
6.55432105985848
4.84616061789062
5.56315925680288
3.78463882056549
5.33089227270274
4.93276497443381
6.38112709644308
3.69087520549501
3.17520210844681
5.25649020535628
4.20889575645828
3.31195731451865
3.55269803327939
3.29286719115377
3.45994151414351
2.86898618348114
6.32915515805399
6.24657244540755
5.31827155717477
9.70667098423359
1.68895793353908
3.73664449014173
2.83071291971906
5.05441822167948
6.01314277207703
3.7615016394502
2.22178114454492
2.64498544679096
3.67435576269157
3.29640243448384
6.47897788795164
3.37030258473581
7.545186149167
4.21656874370451
1.78424541452112
4.22078592602899
0.340782638599978
3.18877244499223
2.96319158997441
3.2362829253608
1.45083602431293
4.81040116834847
2.96617223339728
5.84851526126898
5.10406552667197
4.14178880444209
2.85830476366034
4.34964417199658
9.04257251590867
2.06202117923397
4.35389472411278
4.05704983961557
3.30844392743763
4.6634740779281
3.59434641006153
4.18930012040989
4.37554010409577
4.08219475868339
4.33718432049337
9.07386196546986
3.0072470023236
1.52888978163966
4.62211897375263
8.09727253655707
6.26998701848745
3.1496130082126
3.59235247579188
4.57720563815926
4.90533817535885
4.02046179606325
6.94980333631082
3.69876733550833
4.25045475036059
4.34711550108886
3.03315325484094
2.07207579702662
2.67467994087889
3.75807438426437
2.58797179003559
2.9436290681073
2.79064671806509
2.80455502064538
5.85576151835937
5.58179994863175
3.91833542068562
4.77572856532696
5.42020444892675
3.25340237465658
1.93883547387284
7.65488046555739
1.54057097568067
4.38547592816167
6.51835105279323
8.22912846613003
4.40724243229777
2.44092849305638
1.76283500127897
2.48147303440863
3.33462467231087
6.11254561661748
4.65636817372495
5.88796861831766
4.69840988926364
6.97534900591685
3.24380427867808
4.74791524599277
3.06630618612401
4.20604542456635
3.16342582166418
6.81126256669443
7.08026484450602
3.47857616618884
3.37587008135282
5.15597908222514
3.58189632849899
3.58682833209411
5.36450663298153
4.91090761750554
3.15731483440855
4.99382149660326
2.36302939981954
3.83040001607478
4.95331144261456
4.91102687526474
4.42991146487477
6.92594286541106
4.12776442151026
3.81068298921573
3.20435190650661
2.09754581836086
4.79397563275079
4.25481848936144
8.08572144468699
2.37452170744145
4.47900034661827
5.29529448988375
6.17157847890811
4.78428047043235
3.25881247071012
2.16208593576665
3.2323234758546
2.73619874313395
5.01424121332482
3.04036832451339
2.5996106187854
3.41931991357363
1.98812848417559
10.2510696001481
4.4461390499508
2.83520351854346
4.05727615381037
3.36406265429079
3.93903463266581
6.6271889013075
5.81367507212663
2.8234999858711
3.55189986353814
4.59685255609062
4.14340773731801
3.99736187949521
4.03199346440449
3.80393253690232
7.47301769007258
5.1266819040766
7.24239261077934
5.78598446430279
4.3884292191571
1.84421186934767
5.02143405850294
2.57583593273613
3.70787554614231
2.46389768127022
4.554362586023
3.67596913819836
6.7779146532746
4.38167448259237
6.26700061406327
4.81194794373464
3.63426531089232
4.73031693681955
2.82671083055087
4.260848391266
2.74175442451474
4.34509936968317
3.5139518516166
3.38099042190385
4.24237462776921
2.2935682124173
3.49076361108097
4.40976321549538
3.26185247620926
4.27869290797373
7.60396769357079
4.00697248501199
3.88637131656457
2.76431985652437
5.9457086669441
3.29041387605379
6.90643422329385
4.83706123603474
10.6382038171224
2.06682628935995
1.96442503848441
7.61180171135769
7.23882640975728
8.3023873493163
5.62984335410992
8.84471901480911
5.30778554704267
4.60417114594471
2.31526095918478
5.90422895224012
3.79297965824101
3.51490696268566
6.09692288539285
2.45046578876927
2.57093018470163
2.26426452692027
6.7574854182765
1.57550981334766
7.61646597600196
6.6603181290145
4.46004502586773
5.06873387791897
7.2972177002449
5.6694647694216
2.5702016143
3.35553600149422
1.99830328814874
4.07710565040799
2.88604486620898
5.15634633210959
2.87885906865339
3.65499201829752
3.28271254048466
2.85515427439352
3.20040742412027
2.91691784942869
8.10705394270346
3.92933259697712
5.81536947654226
5.03060569125272
4.03130670760949
2.83442232306873
3.86920424778003
3.02058158826112
2.12237326506162
4.80943033503725
2.21087585496526
4.7169856321726
1.83066399341068
2.28407903850198
5.43192298868826
2.82413327815412
2.35143920524553
6.21764909382582
3.44308392905835
2.89833131454366
5.6685343592214
3.64186445839468
6.85520550068066
7.71017483137553
2.79199631972736
3.07954711172418
6.48054816978248
6.91399997594847
5.56950644181868
6.11655867867861
5.90967065948313
10.0303057127247
4.94096886592511
3.59495740163067
3.48061869487621
4.37898721699197
3.33107190530379
4.9466671288937
7.39626556411369
3.75323544108659
1.84305729210403
5.79315294856978
0.936484440271364
4.89876794068419
4.58436058946584
4.3452597872911
3.40189547431199
3.73427354867064
4.61747156307574
4.53687035469508
5.11282667921374
3.05194577382113
1.73313526421173
5.19511506519761
7.00549934369319
3.84433437352402
3.05530513012107
4.54488028475304
3.50445209676062
3.89439310280261
3.50427591097166
5.94309320020497
5.93404418230907
4.09140828737222
5.50805909557358
2.26161127476126
5.2318911963387
3.5163153326566
2.83766063816228
4.1238235053699
2.72863246989365
6.44577473584673
4.57106455209952
2.65186146679162
4.33161385185475
1.08787153286784
1.769554060078
3.25282833239334
4.89546949390825
3.57166846024181
4.25147155248075
5.91197907318028
2.38836528718575
4.95285167790897
2.74425554850813
8.71451296838766
2.56985266350219
3.60458654925071
2.29724853726038
2.83475856761046
5.48958089351246
5.7257038761481
2.70021983206269
4.82888620938794
5.08675031823961
3.20414206682617
8.03108684580253
3.14581706063012
3.02768409898031
3.83381522772966
1.85996088964944
2.66937567809447
1.81413897651968
2.54095730754607
2.26507276069126
1.80949770485992
1.70877075547359
3.4834143054997
5.08697552900348
5.40611079044207
3.99905159371533
5.45278244981018
5.4853734500867
5.99858974415018
4.83884669943724
5.42650632725432
5.83633759601891
3.02647477098299
3.30650736046643
2.51501475487856
1.79680335633967
3.97139058620591
5.14906145873747
6.55603096182052
6.03020742925997
2.15266572597893
3.14543288433227
3.76021321968527
5.68890425198255
5.91152873886515
8.11024911878397
4.88732717764414
8.51493534260404
3.21156757461547
4.10124683909705
2.25739447538019
2.71499615259852
1.73072942052853
5.59227334684828
3.33038191461778
2.0083260842717
3.78821587219689
4.63965310585203
6.65611440774846
5.86631843555078
3.36261899477677
1.59017279227778
5.26808778591106
9.59008324987909
4.60557753533976
4.60690882635682
4.94281688647559
3.02457642238117
3.46840110580705
4.67200110342148
3.95948746390426
3.47469257154036
5.90958522877898
3.49066437209704
5.39266658972757
1.50134124681682
5.51422500364171
4.70294256556294
4.0590270888436
7.09532147800121
3.51388328634106
4.84898635622433
4.59523037219462
2.22554608671181
3.79114567296188
2.02823341871024
4.51384163867056
4.73927869933934
3.09271264264096
0.742492335816694
1.91245348266254
1.13777257088709
4.73965859482159
3.17479322515422
3.04163185838422
6.87797083866319
1.54914131126075
3.52395367255233
3.72658764503764
6.15100413252967
2.96185952844698
5.69524698734098
3.84990789411056
3.44383051121499
7.73232561692672
1.55825157034741
4.69202167328162
3.25736964061224
3.90185727045473
7.39401141470879
10.0928166699877
5.15620744825445
6.19997833464083
5.8359018353702
5.959857078845
4.30665252462889
6.80749426587104
2.98866719859542
2.50599306635838
5.48186654630207
3.69388292712361
2.92659292902356
1.5000677961667
3.0276428903257
7.22339303871798
3.59656856562001
1.85124930424098
3.99792717351552
2.95961526566505
3.11015851081524
4.27926934329823
6.4001452901924
5.61176276407642
6.76463497650227
8.86513764204052
5.48056725235406
2.10407197159525
2.60367307929654
6.25144832473342
7.23748798386613
6.21002448714695
3.22996267868576
3.99223354137795
0.340782638599978
4.48628414734629
5.40115976229478
2.60894312365355
2.71274523051206
2.85081161099951
2.28644881344912
4.7337820908737
4.75780533798833
4.15489235185535
1.92299635609205
5.33369121711697
4.13913374679906
3.77013789908022
5.36700797385835
6.69758564479597
4.59253817541643
4.79159348334548
2.29741508891782
3.92980505003247
3.66014998264505
3.39828518171413
4.05713187070893
3.68859088230808
8.03552445964385
3.83003845501122
2.58618810674136
3.47095529467808
4.07440089635352
2.96918084279524
4.16191137745004
4.4584205776357
1.92794249003716
5.14041465676825
3.54076372419607
3.1790812002566
3.54254770516473
0.838454246127003
3.47335635784844
4.70670337476248
4.00471271573467
5.86693243610153
2.59294345804964
5.40556925941969
6.01955692615363
2.98949809765658
4.42724823457154
4.91504749051392
2.65475304384971
3.96232934864253
2.10294258902349
3.8144027685587
3.68209369152127
5.91541830087968
2.74052801136163
2.54002448519352
3.69033402817519
6.61981024118309
4.08462636589617
0.999802231451754
2.15503051381666
1.79047402470598
3.7187219638813
1.95095343537727
4.31500056769992
3.47549212887158
5.5231590837914
5.91836685720929
3.41717478566113
1.88658826499904
5.87633551660206
4.03701238475614
3.49762375164565
2.30863947258575
2.60392697715015
3.45133233985461
3.74893099026997
3.3788380504585
4.66617973338363
6.0588834870479
4.14108120621403
2.246104672593
5.53055032197604
4.49522957522973
3.2498165423561
3.48742582357353
3.14009675922699
2.99190802625924
1.28210526116825
5.1448805169688
3.11795447183329
5.04802575226477
1.73900695506807
2.79828286530935
2.22833994571377
2.11425571904328
5.28230144359691
2.76319784775508
6.20850750370156
6.23234889985517
3.22932583531533
3.49909999780293
2.4383761136855
1.6498844738553
4.18112636006758
2.99506465116243
7.4625056152522
2.65596627818232
6.25313604591934
4.84559165856007
3.29426863051919
3.62329026821818
3.40215004719213
3.73344133739189
4.8013476388589
5.39503154717228
1.93616314246657
3.11072635580492
3.44719486177371
3.21876968545654
3.17526642504822
5.01927278580658
9.29278600072636
5.20930091943991
3.68387478242154
4.82367302913393
2.88523920222964
3.45563371713743
6.4577390322172
5.90703809012118
4.45985777887479
6.81737001309552
8.04631315521351
3.49874521326037
2.26644507909236
2.79381306001809
4.12052971237629
5.89710036494912
7.04432777143317
6.7997162567981
6.76732607866883
6.64115733623295
7.88182546450515
3.42984518518818
3.2899075940068
6.82460402229997
2.17080665974337
2.64361879586794
3.58852085584254
5.61214999960005
5.35809039779708
3.86790878669534
8.85611228072537
4.06954248883516
7.13834826932383
6.44802222184419
2.11751195705459
4.01332464071781
0.909480835139422
4.44912763011954
3.89236988639032
3.98115242820131
4.01152801209267
2.54225898243684
3.09249288901617
3.25604659360808
3.95224783731061
3.28049778069891
2.12388619154915
5.79634737857536
5.06496745325684
3.99822459617074
2.03162593172143
4.83609732766223
5.30036112777706
4.0162327198693
2.94924445121682
5.59698346383166
6.21522264721865
4.51936681432232
0.340782638599978
5.47698287559298
2.4979961079111
2.32500504186391
3.28878216098718
2.6791229970672
2.98697011054251
2.77104437382838
4.29694276097431
4.44743015636936
5.33765050622032
3.84517003351164
2.65498313380018
3.05545787290661
2.2867489678375
3.96814415736918
4.00445600568083
4.20294011065761
6.89633307901653
2.57920281997955
1.68354407706274
6.7724956693923
3.52462039025382
3.8412871564556
2.18860262904774
2.37341469211324
1.83253406107462
5.16268979711082
1.69134980276031
4.43356270456549
2.73174943463219
3.7850111044597
3.93231718940053
5.52004955355502
2.73491816390128
5.32215958992476
3.06866711593564
4.47659456424076
3.67532121946282
8.42232488100437
4.85989555420551
4.80964514918959
2.54808915684282
4.25912674723769
3.28824439957803
5.29350164249666
6.711704556471
5.14742331716774
4.90094688607677
4.13247658023413
1.6472595614951
5.00749918594225
2.86493471954596
2.89220117092508
3.51906843919855
3.05812931182279
2.70142807866132
2.36797878486533
3.26066138959136
1.6497648130124
4.14234177933337
4.827873299556
2.4850235678182
4.97714426741191
1.30654705606769
5.01466007606693
4.3239462859812
2.63729970255784
1.39821211928828
3.85252837779872
3.6045832111889
4.04511867201155
1.41759284445588
2.83339648688481
6.15457207116101
3.6214162406146
2.64674852069377
4.39296304378006
5.89313830598552
5.91025763403403
8.84289039042993
3.67776595574742
3.82660957290979
5.18161666150042
3.79117725502003
4.36229692451299
3.47318715343449
3.81953533173577
1.18326114988109
3.16716930674108
3.19562703991598
6.22035879797592
2.90110919347005
5.4981419098358
2.60259853963665
5.27293529785363
6.14692092611066
4.17452800442431
3.04971806374506
3.72943860200564
6.71302799097574
6.26778425157331
3.15701260261952
8.17508667793274
4.30708406829986
2.29067381175852
2.67694637351303
4.72544227362894
5.91364831520347
3.3491949977381
5.48590134860503
6.53310946545737
4.20250257191854
7.46534829621555
3.27956775379121
5.52724172348498
3.24517010049698
3.70061541650002
5.00850641372022
4.38627490677841
3.10891553901643
4.48822283322816
4.1228164665494
7.16955582658492
2.53257996555945
2.15071312584598
2.79418690983874
5.48506597178672
2.85389055832065
5.24899223787507
4.68626212747201
5.74797026152364
6.97504940637462
5.45881226002128
3.75462320049833
4.36663425128541
4.48647852538926
3.9351365792135
0.600232094550056
3.13778088643704
1.48242329744759
3.25067669073764
4.99769067584841
1.86574166228096
2.9268001083561
11.9849427981264
4.52505832332017
3.71579144352325
4.73858146795469
3.03660548928413
1.4574611478026
1.67370547898351
4.61676279575089
6.30876569437301
2.08767052622405
2.44228758824832
3.66176193709124
5.11006836467027
4.37254068986806
3.15257185307244
7.82790167506794
5.02486642455324
6.31205595650633
4.71309498879586
2.85522673027132
8.58971574789119
5.12528425609006
4.76258124212166
4.8124413812424
6.11269452215074
6.30816925285222
6.71913172807383
5.70381646922885
4.5983986808722
3.85634365528287
4.98776373607432
5.91235747953979
4.82317578681006
2.98782135581044
6.08436871361726
4.20551467710234
3.60950072214719
5.05966550974989
4.07970909239529
6.22833939188217
3.99539405999885
4.02498565537215
6.05933745267041
4.00547047602415
6.62828866830772
0.340782638599978
4.61755203481779
1.81554222157275
5.63755310374225
5.8272989216029
1.76395850908509
4.2149644366378
4.42391215176561
8.04951217064607
3.92326841140445
10.0505898839766
5.22024327635066
7.69982488399609
2.17154865748399
3.23920626245838
3.34109170448414
2.3123837607873
3.69652576237824
5.09627740825029
3.18189346291163
5.43019421115692
1.43784152507194
3.40757262579858
3.35552247181464
4.53996728014274
3.02453146817717
2.62220623740724
5.87302857302052
2.25807178905081
4.60954621261378
6.43049547351504
4.78023253153309
2.1438174496099
5.43599208290173
2.87173716185209
4.02349174537469
4.88975529709259
0.340782638599978
6.23875233476677
5.94153963555973
3.92207094530407
5.28853270367156
2.74088040607972
3.95395002922499
4.62390038398503
6.09171538944383
4.88954533621511
5.68708030195045
5.6496802213624
3.03014509422602
4.50885351734999
3.50231321789728
4.12966173849609
6.49107486000213
3.75171145343552
2.95884258016991
4.56630308114782
4.82314408018218
2.07703532323426
4.52503040406113
4.28209474860408
3.28424886559645
3.3893959372236
4.22608954714266
4.2969607707361
6.23829756790943
4.78942436684385
1.90691983177379
4.94152333797351
3.52432682858948
6.3146126986463
6.17372224359053
2.34315048508005
4.48603319757059
3.16092696548658
4.28406484399072
4.95803213023628
4.43956220212132
3.89884711797532
3.35668934169453
1.34545986085148
5.66434155659666
3.00722159695019
4.85102045677602
5.08115200259804
5.28424460765185
6.09568621494494
4.03788105627283
7.47041605954237
3.42848914260482
4.20895610470615
4.56914529617594
3.73777266836414
4.26982156571209
4.11391749941932
6.36604965771408
3.09070398386357
7.36589502279307
3.70924678459287
7.25050169774252
2.73883653815077
2.48835253942897
3.65324191699703
5.20618314856299
3.84320307545559
1.35631653889075
0.327835590045869
1.86289621930573
1.26630042881034
2.29904084408181
2.7991092137566
3.6910575188292
3.60135406702942
2.96651985281375
3.28429273065943
2.46570869281996
2.03080561684582
4.19049592531007
3.47545707773912
2.34080219738183
8.54274800345513
4.47869076917804
4.81763553374082
4.24685362415258
4.4697481071288
2.07424888297129
1.35993571330565
2.59941489032097
1.1279266312321
1.89209455059338
4.85045656209343
14.6652581934381
4.63406044840947
4.02294386099096
8.51908753539609
1.45093468459303
7.8073769865277
3.15802597492123
4.72421255916617
3.95284848182014
2.21312419018125
2.16670173139031
4.22444357103788
3.03936627416102
6.71002857271847
5.30327866552536
2.60973175544308
4.98787349587773
3.84595426079861
4.37669577796343
8.17101462681639
5.97910508181212
3.50071198875018
4.46948632972924
4.35841591979001
1.85595574920294
3.88288194591523
4.41669304436238
4.38129515676418
5.32811558703279
2.54729101164212
3.80386209040366
1.75781396911496
2.04012325222197
3.25979635056455
2.09091393721938
1.65656915624044
4.42252173500912
2.64519187493088
4.9783727806963
0.64441052583438
0.640215954478445
3.23421471499598
5.26771672389796
2.44786806972929
2.32611968284879
1.38870958963282
4.83278113780436
4.31184659686578
2.54460446002755
4.65975222909878
5.83835134402774
3.81831091253511
6.79724624758425
2.89471706137651
4.09819456072216
1.91804459115553
2.53395884703792
2.71732998732058
6.63710589509019
2.85775277677279
6.77794709972459
3.97654387458706
7.28232872085155
3.71794231293129
3.1836436012674
5.29805444218234
4.15312985072179
3.53234530052449
2.50525038058493
4.7045619220084
7.48409108890377
5.00611494863894
5.38623369496564
8.45495297323517
9.72523151464262
3.78993152624375
5.30349956492684
4.68991404356663
1.74727458094551
2.412725619789
7.59801515976789
3.34278875971659
2.52786609818689
7.78218204634215
9.73439017955266
6.76323081478469
6.85601584378085
2.60693985482996
4.11838973857312
6.12262631964308
3.71882254395714
4.26824830520365
3.10369924653718
3.45618374774783
7.90654992152588
3.2816020841016
5.16798534012911
5.47087595248154
3.67007713852713
7.48552347518942
3.67038130472967
2.76016213139974
4.35623261239985
2.50098236595525
3.61606562254691
5.20702429424031
6.83253675644767
3.87370325724991
5.84134225251687
4.33936901592207
2.80695653259135
3.18420455051279
7.53288477038769
7.66763864238263
1.98097398978892
6.94467798899778
4.57395517003742
4.48607761453931
9.5174985530558
5.31345453525378
0.340782638599978
4.16969805404944
3.07591744721155
4.67753022049937
6.75696948795025
2.70332292696911
3.85216230972429
4.78953393257793
4.39952154232779
3.84410960554954
5.07903740720531
2.77206630028631
6.95498066964986
5.69567669089578
2.1504245404944
4.01836134306071
2.9309507167445
5.75612523886321
4.88111212980363
4.28799139573118
6.44870960251049
5.44131120287538
3.9622227370786
5.7860694208415
1.96615556503574
2.5050492893076
4.5129956328
5.67690647946397
4.3746237047938
3.69639268170541
4.72517878639077
7.54357917349251
2.83369609826789
3.20528274478991
4.5430248057781
4.96482459095908
5.17869422529019
4.93300976967725
2.93183814633487
5.86030864871268
2.53159214264461
5.57906798905018
4.22528966543856
2.99048744556428
4.59849222782569
3.81402206692455
4.93788747889855
4.30658177566279
3.7241396721798
4.42644357245662
8.2845532458639
8.11703649903802
3.95366266632879
4.41062552005591
3.96333151772481
4.63248727974111
1.79147407967844
2.59522348890752
6.17505416707509
3.91522923986242
4.69365626606694
3.70392841757454
3.59192945932821
3.73346713552137
3.99302610563638
2.68859396071044
4.49870211254889
4.32046720802343
1.75346799873195
2.27487575653286
4.64703131438224
3.30422398496973
2.59645811343857
1.60958974014825
6.4592074750103
3.96020151286737
2.39580156840089
5.68080836583816
3.93820487972597
4.88532310729239
6.99226682901402
6.28164762636055
4.10507446953773
3.17986363164124
5.11386988841227
3.88705910211399
3.42397487951842
3.06699538339629
3.17029914513778
3.47275563329976
8.44212029198507
4.55705575973028
2.97371943692722
6.01356371020835
2.32610224978743
1.6363797936244
3.09935895948476
3.71343607966109
5.44978616387682
3.31306620451765
2.80025768188819
5.22408591961112
2.98894958992208
4.32375864738039
4.22438492840163
4.16170802902342
7.69821111019909
4.82500608474752
4.82514935598877
4.77577316920038
6.24541111467898
3.77970944343275
2.51501311404188
5.8595546250371
4.57523412573681
2.31333744283412
4.22690022910052
5.54736942262551
3.28524475861891
3.79674677986711
6.32748198028199
6.32834929144532
4.28941327841158
1.9430436787447
3.0107587488394
5.33417572014186
1.80976437198599
1.78126950297137
2.20198651920561
2.78398194538799
5.72711578536153
4.89758155973827
7.91122992818767
1.97448226302829
1.91654125229421
2.76207352786681
2.86419106974991
5.38869670213005
2.34078563016426
5.97828961695262
5.37859932455624
3.3297864586255
6.30657198000296
2.54622017684879
2.49905317987805
7.94931304188382
5.35890811000466
4.65425285139985
6.5270884706141
4.29585470787071
7.84006331535687
4.07748956169661
4.14300459807518
5.53068774104867
3.09004449589479
3.36439574834593
5.56364215226989
3.91885964316503
2.2878739162983
2.03721391355267
5.61880777872973
5.57678892622966
3.28354546434165
5.00731241721482
4.64991722239021
4.95551686320237
5.27162417789339
3.69959581788374
3.42889295090018
2.95797874974308
0.80203031851639
2.92878099276499
2.80706461442783
4.85845895461532
7.09003514946042
4.62252295327779
4.83522365065092
3.5238901867665
3.56042444999755
3.73561409912009
3.07225127496498
6.56179457431177
2.18022048618152
5.28197464061446
4.93808117662012
7.13242437076545
2.99600811317498
3.18381832184653
2.86244386195142
2.74308501558871
5.9364524974858
6.44004463912356
2.94387142412881
3.10336645443163
1.60360142206917
5.6418922253724
2.57144193996475
5.97927550819198
8.53491810562294
5.06820168556006
8.91841766262571
6.47109721627288
2.72531505849677
2.69688833744413
4.24162975536795
3.58800191332753
6.57217259683477
5.17380729289367
3.83209168448591
2.77473618601805
2.61297621340133
6.37790626927234
4.56437918044498
3.43537912601201
3.61283162666245
2.34964164212017
5.48744697046779
4.65935508221939
3.03633464915898
10.8333278503906
3.09217076061694
2.68166957871723
4.1722860970363
3.11381568340212
3.31499879712267
4.33700402532208
8.00197503603742
5.92035688410117
5.83849064596148
5.12404338051942
7.28081361080086
5.08237627152115
5.58506625752716
2.26454079014625
2.09478989634946
7.58806911683665
2.23819386995691
3.62725947037161
5.08193927139337
4.56374619047826
3.3120458857821
4.28326260200426
2.06219704117195
3.65076497334906
1.2164039673379
3.5655278808256
4.34818930234499
3.14636592736489
3.92158056513222
7.53620985649778
4.92377233831545
6.52400883198167
4.18533453114448
4.58113885220778
3.68582469272506
3.00350461828379
4.88857184166703
4.97518125206688
6.43977050335086
6.43441263945127
4.39409793436984
3.99385211674566
1.57998262989895
2.98400891877255
3.88257612300148
6.67898613905185
3.30127555518039
3.83116590918918
6.74986307904579
3.39266641246267
4.36420258217886
2.50380892932731
3.95143782624042
1.70114198121782
0.876318472740087
2.94854444930272
3.61441400770553
3.342668858907
2.76701533797435
3.56325781176183
3.63245840512725
4.64487166288714
1.45508070039479
4.24954605923413
3.24839880142853
5.65772282104089
4.33553941199925
3.07063628394315
3.13827977657831
2.32646593310736
5.67565467633379
3.9612098043988
4.45018578880874
3.25858713541472
2.94926932358679
3.38144432313519
4.40022188649828
6.27354869369497
4.90256675326145
5.74734761926129
6.24352807355159
6.95828738523166
4.82498182736316
2.9947157625979
2.53027355091133
6.3190430994916
2.33165133151724
4.75492862739971
2.33337458642802
0.888265322532563
5.23629706238811
4.1558002464384
4.58839888351608
4.56968195714903
3.42725730141441
2.2640098616925
4.26813098477651
3.85178980730715
5.88747597897496
1.6961388497403
2.35683385660146
3.90884409608278
4.8819490184142
2.21981773310589
1.90987420587491
5.69461021255961
4.75444526331262
3.83366375753532
2.49978786846571
4.36413310048688
5.31721430148929
3.20578571615057
6.10995142008847
6.53851816577168
4.84880797137016
4.56015469050601
5.10903067823732
3.64864203807149
3.43243730088706
6.22755888443301
3.65638028082643
3.31787404592102
3.71224195638903
0.680286862494129
5.91324225269833
4.49549155585695
0.451887695126
1.6000764423124
4.16450282556328
2.78573196974075
2.8506828769057
3.74995385015082
6.22859851277506
4.64802559594465
4.23217806521504
3.41843652968105
5.47691881379901
4.98019258738542
4.78468605112753
3.43386157063136
2.80590704244128
2.9798439948818
1.25842242622702
3.59482468167024
4.96116871210723
2.75955259432359
3.28000188660789
5.28306441287456
0.4504074416718
5.53335032649663
4.85809813011033
0.00240999837966206
3.50019470551786
2.57664362683841
4.07424463655692
4.06006082428209
5.93066823031648
6.16189563847241
5.23057514092962
6.36121701262457
2.5259475104421
5.1401629451208
1.34182131849007
2.9757932183196
3.56121832921119
3.14334842600802
2.785344708809
1.93940294602801
6.22922705823556
1.24089208762494
4.5021561119077
1.29119720002671
3.71072807930667
5.12265909680396
4.56999985614135
5.14970533062583
3.98977638170794
5.71808247432853
3.58032931877864
2.99056399474461
3.24219844110604
2.82710681661983
2.68492199848107
5.34092016834755
6.273927672446
5.79607201136744
4.00693703567907
3.95913648293126
3.43917189637311
2.89052892208156
3.56138591045817
3.2442198868935
5.22373737194453
3.15439455632585
2.60811076712508
4.69719916922786
0.359806455558526
0.665437211688082
0.971160341996605
4.25238684056549
2.5448880041814
4.91628645703536
2.53987642639409
2.72647510783784
3.07226250798257
2.2511580190953
6.3757057213471
3.29576712298687
4.33104538299153
5.20665910753369
2.48082345182759
3.74567832648116
4.20298722635361
3.26790420153166
4.22181714115169
2.77421853456129
4.34488579987264
2.26548966465368
2.31953916028551
2.27528577805587
3.32782055191421
1.92146005295287
2.77655737915597
3.44607831613638
4.50614868996542
5.31939865812738
4.34457209452729
3.24134166247107
8.03232641483211
3.1850798021431
3.96565136260211
4.38755930329707
3.65145123823721
3.90859700049636
6.39606305472252
5.24697349279442
2.39786177178688
3.46060139961893
5.46428615103905
3.07873146921231
4.0237232646076
1.15995065621946
1.24023205886177
9.62292442376499
3.60123129317107
2.24006660766394
3.46558658238791
2.6570216597545
6.44921714732979
4.53118702138285
1.9754035997005
6.70066583426872
2.18530580211948
6.66910001552415
1.32722308360299
0.898167985349584
1.99128470714766
1.55557690280457
0.870970276546154
5.09052352303584
7.75219784980156
1.75587822543749
3.32183277182253
5.79696413980257
2.04871714423268
4.26837606506276
10.7162598848697
1.68472757862638
4.54205095204343
3.503696384515
5.87710846227931
2.8359611773335
2.68730166062067
1.66561217451056
9.18796211333712
1.35542374231847
2.05848896945951
4.78306715405649
6.77312658218742
2.9421178991245
7.67385374779374
9.49754184527204
4.31631118924212
4.22882136512734
2.77988125298829
6.90071935818081
4.53453176940675
2.50906025619621
3.0659206616267
3.84947554039322
4.96284172529374
6.77307693758369
2.91211097063164
3.43549663415634
3.16094423554231
6.23741032677051
5.24643007810786
4.57444795275867
0.98838840112364
1.30499450304715
3.00143716782715
2.47155420079377
6.8038274705057
5.00985126225192
4.82392772272591
3.90977164302165
2.76592822532882
2.35778799458666
7.44767745047444
3.2811807548982
2.10283700141748
2.1131840694973
2.18480957431201
5.05872187800886
5.52574478041671
4.58206490422996
4.25189489675497
4.99822698655227
3.49578480253698
0.00240999837966206
10.9655053311337
2.03407905640297
6.99149442297797
3.4940392737631
4.83130152452817
4.81799004112472
5.71034141759168
1.26377058568346
3.42873067882287
4.36804986996682
9.58440885150914
7.47720009287231
6.27972353866072
6.1086443455024
1.9473354018869
7.06259318505308
3.15433138303662
7.74717747476084
3.86926970678481
3.29915129471229
1.74852292531388
1.99473667719169
9.84629107812467
2.62989467316167
7.86702134678931
5.62760184398257
4.99891411393858
6.19979995609798
3.4326152544716
5.2404466519088
6.03604085492162
5.63140161916921
4.46675858044029
2.770851663181
5.71387795661533
2.72464760110031
4.71601742418718
4.82456896631419
3.21411269556574
3.61075231590354
4.76733566099744
4.03691226498072
6.53994552561072
1.59178647333908
5.67781617547004
6.9591671993318
3.96783206051479
3.82064148127948
3.26658040844508
2.70381225605509
1.31939435786655
2.9736738202358
4.01554141658053
1.68684831237561
3.320383879714
1.97897952255755
4.08916156367666
6.0699037133967
10.5489567576929
3.01483599275014
3.43004462620514
3.65653966841341
4.48154543281926
1.75373379843472
3.81110100228127
8.09524068781968
8.79354236804294
5.27557112764898
5.91651088963716
3.30108458498932
5.14183461477182
2.508799237199
7.35382544936435
3.93327057432008
8.31238770898646
6.66433043961992
3.93798259769705
7.18624783772189
4.98377740237504
1.85139308862974
3.54352857244414
2.67742894854823
3.74817769596762
5.95233038643843
4.98479291240895
1.32956326984163
4.17186824565493
5.99291152966845
6.22699326369257
3.1993064263808
3.84312665100872
5.30911442910996
2.04847598405507
5.27937456452962
3.74278753851942
5.37361973109599
4.58236086358718
4.73295124425547
3.35123841669347
6.81912806240666
3.19432809056754
6.15680419703726
2.39903900102018
3.47510824395845
3.15453544390308
2.8706742231651
2.92473555531954
4.57693492608797
8.19498299096722
1.96307952276834
2.35898154919991
2.30916905076616
2.35179580652511
3.329662336709
3.11195467259626
2.68811521598597
4.99430894303493
4.0501397896563
2.14514656105737
5.07857411362283
4.16052281055046
4.97107698626727
3.87530561256842
2.6768563623467
2.4914568964838
2.72744175948882
2.1483452905589
3.45541075057972
3.24595943210942
3.15361381766676
3.18083151174671
5.16019765837052
5.28000375001773
2.63273471093948
3.09542735599803
0.829794170010838
4.49295635600156
3.19053860519802
4.48470038471517
5.00382747319302
4.18403373185876
6.39362073975337
4.33913120430642
3.07232900472405
4.57143841604739
3.71369849721206
3.95566487260786
5.08825870102274
4.39438960123993
7.97378030476294
5.9824108342536
5.7676400940955
6.25032559289201
3.88022108101562
2.6761109429583
3.1989335864351
4.38238993038374
3.3119348769809
5.08579177035426
3.73744545081597
3.94002951086865
2.95404200152118
4.7235694932846
6.93325776429024
1.90626832174728
4.03785370214671
4.84900340268392
5.69676558986653
0.349135192407115
3.55307972160118
3.25257002402357
6.21974833768507
5.23518667828611
2.32290105009036
3.90505145443353
0.00240999837966206
2.03422275511686
1.6504452225427
4.80221055640362
2.70646561709412
3.60339262329179
6.18861785687595
5.63399982510098
4.08977518241624
3.09540740500821
1.54485383686746
6.71314756647407
4.56128025704979
6.21451942779732
1.95101709641032
4.84390282506196
5.53945181913169
3.62129340776212
1.94221446186546
3.63256378758044
6.00103342013375
1.14571518895871
1.66640097783835
4.74954828186483
4.08943194461466
5.96894301137102
3.25963972652783
3.21720112049316
5.85285206064245
2.02913383870109
4.48846740372868
3.31832853346492
3.83662356626995
3.75652289347293
2.60722754512411
4.22991014082894
5.26281999905027
1.95583023384392
1.96385694094405
1.15935832827428
0.00240999837966206
4.67640569784334
4.48195683901958
3.12658591166356
6.13465633270079
0.132665219463283
2.66319685427617
4.07755480097544
9.27624356034346
3.03851182610037
2.58768364977381
2.60646224176406
6.76008095855928
4.02970004787766
6.01252471106863
7.2887293142823
2.61707140016535
7.39002814520739
8.17061689523156
1.55953875518541
6.10162701959933
4.64952219632499
3.36486348235571
3.45811467998085
4.77332292243997
1.98704200949058
5.77414155777067
6.15817236716259
0.858243436874436
3.36638298355595
3.25188243695548
4.44438490445435
7.41032091877444
3.31894631832087
2.44213863263196
2.78032429847159
3.49543959343867
3.2982995458502
3.11924625192727
1.77684181469169
3.64452159986673
2.88582824196629
5.36300702956652
3.19041139134496
7.02330953988073
2.40668405656631
1.482745489606
3.75082401238545
5.19749208312966
8.28159208459579
6.28504826938273
3.72304305353289
3.90250235393386
4.03175265776852
3.00509874544431
1.81871097087385
1.16239852968683
0.757590151971247
1.27123948590192
8.30286902074647
1.86916828929158
3.62309788867446
4.12134317526359
6.24098764413916
3.84046692824227
3.36337165936389
2.56218236350805
3.88132773928078
3.88545050798659
3.90303721984032
3.7786939933305
2.42936137886313
4.14205311711643
3.06566245142671
6.31619060599807
4.44457994114944
4.2683294315412
2.92200614731299
2.59329549060311
2.43609277206331
2.28002876038906
1.61422690487058
3.91896918010209
2.92359350190413
7.72485173452461
1.47340581434826
0.657696853051621
1.33180177964169
1.67448091025381
2.14542196897416
8.54788863804369
9.71113430482243
2.06688777156962
2.25963265485592
6.73933752714881
2.94109322885345
3.56016070884724
3.38125291874381
5.39901983868968
7.04250109527511
8.31924676410554
6.74639019340719
6.04045807224884
2.91227570881399
5.52169906208184
2.46646490249688
2.81746698806914
6.24272085953115
3.92113282889416
8.36146774645918
2.42557272756491
5.16192310258407
2.92545173872978
6.52216523618861
4.67864434434679
5.65085189731851
0.108759599509984
0.19565030031794
0.527810221320596
0.17011772453279
3.02185213026816
3.35608543074595
0.37592101109098
0.67320904293892
1.04584802330924
3.73351397785452
0.818395674688554
1.69910284761298
0.829098202395883
4.10114232829054
3.73344736578817
3.28546604770967
2.57245964451515
3.05874042215689
1.62953262978464
5.22034020038982
4.00872186591408
3.2703097504096
5.00306092459043
4.06714590781576
4.77955610760321
3.2828265745659
3.26893458778189
4.14932407157259
9.06734366494423
0.644124915302518
0.809502960131659
1.84736152894016
1.21402932776999
1.14543690344551
2.67323934095298
1.78980951754083
9.03461560759045
2.27088224877868
2.22847452589316
8.19937832202522
4.52230564071269
2.70063819185728
2.76591193473278
9.9469080557515
7.08767317756066
5.2664271810708
6.07135818723452
5.75880772262228
4.51960550957455
2.13342515435316
7.91651258106145
4.05282409821493
8.04316914683105
5.62821690957066
3.4602049052457
2.78361037434721
3.07871391301356
5.3755320586736
5.72838751873367
2.66151692539323
3.16522267810156
3.24766135434471
4.33527249511288
5.16279017395304
2.50851570294618
4.38056624592369
6.21454335013481
2.7218516916774
2.39801079670313
3.77024097158408
4.47340436175887
3.99015666412837
1.83313732906826
3.41308749745813
3.40006897722376
1.85672270405771
6.60867125048615
6.31142263574551
6.26611995415126
7.89987666939688
2.32467710089085
3.22278834213338
7.10938414488933
5.66834379031372
5.59084248993205
3.16578608916475
4.9867749286486
3.97163284045401
5.95106898322574
6.42184517690099
3.44217295777934
4.89026855652261
2.84218529034545
4.19695374382618
5.0556546358322
4.3126556115527
4.06374639667358
2.12325147934286
0.814232476882414
1.70775761393806
6.82330780810706
3.33320577688394
1.23789598229967
3.97008042621057
7.10877437481382
4.071550195533
3.55210271087278
4.62993870899968
11.0287895775268
2.2378896590145
2.019291195764
3.50119748869397
3.63985994504709
5.19022302760844
3.21432729722388
2.83003819698792
7.46601526555674
2.18606198787712
2.75788955716032
8.33481149705331
7.17240277915076
4.26044440476916
8.69515906565844
2.19894726487603
5.44702860314655
7.76714076033877
4.74671146911505
1.44937240787366
5.21826559576222
5.57251144239317
4.21893973210984
2.87860259265434
3.69187915894296
3.84301897625847
5.92383204829101
1.89629819020609
5.91657433047767
7.79168029803226
5.57206380517561
8.18372440504593
2.42821873424388
3.44990088044948
1.76950941152583
4.91319893013633
2.31722498854184
4.78124727288245
3.2229778721747
2.5849902237555
4.90688911647578
0.355841601147478
4.24521627746579
5.13956702576161
5.2395360689113
3.66153889829794
5.20834976933605
3.26981491403203
3.91336159134394
3.20257009194174
3.29630444726984
3.21424744157923
3.94624288753082
6.23882642417291
4.79511406687952
1.79817083112821
5.50464686994838
4.98965149668042
2.75445774826928
3.38907969943645
3.15195624426768
4.23113181799093
3.13326584009376
4.5663832262516
1.89584237006376
1.7284975737686
1.46715702023876
1.24464863923361
1.61946110865338
3.76521893483392
3.62653491589565
3.0063129347377
3.01675222466389
6.92042081390873
4.37829062338421
3.71754470082687
5.33577659023644
4.28117188601044
3.11109242386267
5.95990596684694
2.84646791819778
4.17803102962497
7.84649576369261
1.59147681766609
2.04184043083568
3.22653426260681
4.94933196051407
2.80390168445716
3.02986399176241
4.32980823066834
4.2688106905844
3.43561541605189
1.93919400808172
5.10539721189861
1.88965309237831
3.15358665402151
4.2364804759072
4.3914581148868
3.8043146878126
3.76306095519055
3.83376133599237
4.32044239223326
3.47832615317426
4.86495192086509
2.11135536938934
3.44827854467925
4.63461067640198
1.96293223768216
5.63957947029386
3.14032067894819
3.58534024982999
3.53768128824473
6.09591242268089
4.90143636106975
2.34409895771582
2.54702869654303
5.99466852209045
4.91688600079935
4.60319347206522
3.02351134894061
4.18102987683235
6.35948377359484
5.61088267413039
3.56030326174832
4.55500121033937
2.68997368612387
4.12616858857126
3.96980205407567
4.95856448177554
6.33459154855552
2.17134563825131
5.99135666070907
1.42945320028904
3.43229540576294
5.35912729378076
4.68326867438081
5.34223205178369
4.71926878775839
3.46299834883224
3.48254527039039
3.05661265199798
4.94587867226491
3.64083181722596
4.57743666252783
4.07877782363996
5.20232576892695
5.49602622990042
3.33347808210717
3.92093628979397
1.10143035001355
3.29641090479137
2.94830644192341
2.57895544140042
2.21630088001122
2.60181989489462
3.88179845852628
0.340782638599978
3.11213822809021
1.45784855248821
3.95924309670836
5.78975477926583
5.5688814300008
4.58918459487417
5.45456000554424
2.41929134656592
2.47963238340433
2.10511458323477
3.66431871040403
2.00480878072872
8.44129695819806
5.98650878622021
2.28284043537249
3.10478728692805
3.4341234007291
3.43465642627144
5.28162104386201
6.02517917561715
3.2337402405504
5.04671993003914
1.38861628766831
3.39935522803686
3.41238555738717
1.60936504183439
2.37998089076945
3.23114051760273
4.12207185392643
5.59175863403841
4.35531489554376
5.66908580677003
2.81263434737066
5.63436773231883
3.22118462410397
2.72913620747312
4.50310428628243
4.79877202793859
3.66424525075655
3.03047790001974
1.67856754469531
3.96850885500168
3.7481002898712
1.93969479700243
3.20372170986398
4.27978238358495
4.23684676076056
5.36850386764461
6.15047471426804
3.50986576606106
4.23090327270114
0.68581595685818
7.91839110324963
3.31574084516685
1.99595294518944
1.40638760819123
1.92653467037078
3.44155868779625
3.40785278869844
4.17352397059894
4.17242401912855
2.75955912524943
3.133129832572
2.59343710902829
3.13276295968182
2.77862001716416
1.31792441295545
6.3612641945525
6.20938605853826
3.09781511236888
1.88385379268535
1.57583233595972
3.8783688727254
0.618290158547931
3.98754882183784
4.18261298926343
6.24947681400233
4.99513623503652
2.57451702008493
4.50839786747525
3.91167246361925
1.88659274911296
4.32056358352406
6.72900435622953
5.85083893624059
3.29834827789341
6.23201566444008
1.9106509186447
3.84500736241083
3.93688314179575
3.11317058319327
4.27140524164132
1.6099083365376
2.06410544615226
2.15598171531785
3.43770122037514
5.67343145651217
4.04121163516839
3.32315054401324
2.32682955523144
3.72902702250578
1.69948132628664
1.97632955851792
4.18381081356567
3.11144955152527
6.05779183918895
4.04032023669052
2.89794842595725
3.08578037793302
4.22033346514893
3.53114804236862
6.1750662115038
2.67903751491675
4.23721551458461
4.85167762531661
5.94734174745604
2.99358814131096
3.04012057298726
3.79432831344165
3.38911492683486
4.13288898756138
3.93810951470249
3.85853553658716
4.32169517488938
3.54469945075202
2.88131168064654
3.34005036276832
6.85109774495973
1.37362435709258
4.52739191132316
3.17426496339885
2.03595292702163
2.89310189306474
3.21833217912659
2.43816818878963
5.48256373517804
6.33039975588733
1.47433618861916
2.32436033597091
3.36220505054853
7.13570787323171
4.98800188164828
3.29926551623009
4.84651735106676
2.82226105919772
4.08173739010865
4.43367253103715
4.63876027465013
5.94857590188531
5.76641189088565
3.04106675294977
5.65301939749604
2.34097398262744
5.06246360249499
3.19984496150025
2.89877816118193
4.38443545642443
1.45881291204174
6.18841633608132
1.78146480631144
0.2727213840027
4.10886831661508
4.32558526636412
2.69072504697753
8.1110633848203
5.65340438158471
5.59600321826717
5.79840959507584
7.66804210816208
3.29375341356798
4.85217625130256
11.1814191750272
5.71102429269336
2.8450019434789
8.39960169533199
5.71702651242915
2.77664891336171
5.19993069007772
4.25229690456683
2.75290150425373
1.41959524582739
4.44409790336624
4.25209454542327
4.59768166226272
5.26244935212948
6.52346565243064
7.89858698417794
2.88126901741396
1.61358352417143
3.44214785281522
2.98496544895399
5.83040142175966
8.01118993059205
3.39792289634096
3.52577854766537
6.88831250282515
4.34865335250818
7.60660378571749
0.00240999837966206
0.00240999837966206
3.74434308055987
1.78566596552977
4.6008560334369
7.01368315979666
2.11797070180052
4.26415324856167
3.70735870080613
2.17297085001499
4.38084008217033
6.26889152242522
1.04264187302593
3.07722570310873
2.89071687007625
7.73139103388618
6.62022839179398
1.09043767716873
1.00626283061105
1.52952577615592
4.21588148751328
6.01063309192175
3.50332409322092
4.04826433226447
3.39082100181098
2.4970892898168
2.68944415321499
2.36665131046315
3.16196650915218
3.63409597466164
2.23492151912936
2.85233801868974
1.36786267379448
3.51845343174707
3.52666711889437
3.22390289366008
5.67326757873615
3.97990386530262
10.0491881860224
5.16350190460351
3.02326429439948
3.87735605457102
4.34500049356223
2.3582250897885
2.08575296082562
3.92598338840714
4.37817694927489
2.27568028077369
4.67831486188321
2.34215166410585
8.09680417408074
5.21840277371553
5.11223768802559
5.4924736510979
4.95906266455602
2.01833221648133
6.4970615232866
7.58563460198803
5.59261596772716
6.95874396318717
3.08007167639014
4.05707432195575
3.44176068118877
3.41592717352347
0.340782638599978
4.61062322937339
3.83153842288285
5.85432871500537
6.87038816193881
4.72606360931668
3.21928935470196
3.7317762192595
4.17187223266422
3.37907813529364
4.38912877071993
3.0753158166511
3.97907681815368
5.00034670583367
5.42278942392157
2.03524857033397
5.73668312112869
1.22487356503994
1.24086246390338
7.38831867646806
4.8793047322219
4.97520456620844
3.05896603432454
3.36167231564987
3.43331811771771
2.26530726810832
2.76603783432153
0.340782638599978
9.10971189246745
1.67021541682989
3.61551713186324
5.15057239247413
5.54012337102909
2.7273574938
2.14975648884896
6.09031879467422
4.48189977741325
4.64086722552885
2.24119161252036
4.0525206364176
2.93395143261036
3.3997284360548
4.27565209763015
4.29014695800831
1.48284818627784
7.36229194881448
7.04513562839434
5.60907222242078
4.24078057995229
4.39080523691591
5.67313532429836
1.47084014778132
4.71002080604837
1.65738714052774
2.03988846547588
7.4437416663764
4.24856864079026
2.39429797732566
1.80946232507888
2.3052791151601
3.60198073082569
5.23394378384352
3.02466222699257
4.73545087120581
5.3910271764296
1.49830274235949
4.11969391038549
3.69976989900427
3.99171689216343
4.18919092753281
3.89436702974167
4.15854406058073
2.066685472536
3.59419294499114
7.77728194073604
4.39196394230644
4.89665549395587
7.36333695042284
6.28725571145717
2.9970152847689
6.90126404547121
1.68231405161867
1.69074765155328
3.04915950968001
2.4514585696277
2.14932219134968
3.88277675142907
5.65153505493075
6.2026225493631
3.55252875305446
6.68374558523298
2.22121988085777
4.04066682445663
6.30698112685342
3.18505739968981
4.4246782902003
4.12285550789367
8.48495288705305
4.44360749617694
5.34839896581984
0.267737642664824
0.00240999837966206
0.00240999837966206
0.294444864976291
4.81527415036524
4.98693675944095
1.55151692663342
2.31133953287666
9.15608358857283
2.23136066323309
3.85396794739684
4.09326578636287
2.60901500077625
3.66248014453538
9.34797007690939
0.694145099470701
3.13164735862338
5.51998932046273
2.05973924592395
2.41371903071078
2.28402046337646
2.55981357647976
6.33983187862633
4.3265180462579
3.95138958666901
4.74537818527139
2.37454903320701
3.04795084475593
1.64836218565236
4.82390597579468
6.62660834583691
6.6999818747854
7.06373858920307
5.75974222401407
4.49363059327499
5.50804694805624
4.61980234819819
5.77579933922907
4.36258838594724
3.38825459878687
3.59313005561649
3.30783758035606
7.31900841398226
4.69866109362272
5.32681147218015
5.9508534169068
3.19098701432873
2.9017431078133
3.27930251770734
3.94121304085403
5.87864589050383
2.40205029743909
2.88961228336395
7.12173327487476
9.08472294797995
2.8085165431054
3.61469423712731
4.36415237356641
8.56770936258635
3.76902297850888
3.98697798482156
4.52780753153944
8.50205431991864
3.62363132030521
2.27763996875089
3.60595282970867
4.83956208516861
3.44596728428036
5.11750609060367
5.48171636242244
2.11180703066522
4.98499975676428
3.78349815723262
4.12405191930519
4.01738942827996
4.91707828710553
1.71106671914698
2.48331294810361
3.78407638367278
3.40196061856757
5.43861056659356
5.10387552295389
1.76543056108689
4.90305967281841
8.20552477320599
3.52493752266868
4.7429885885634
8.09825291880076
3.36600187949324
3.60287290587041
4.53393123412254
5.98398185395957
2.85919770592978
5.09925084540979
5.29946957975443
4.53474045574845
5.75199449840175
5.78258526971456
7.51426059788466
2.94205050243094
3.66112278622527
2.33032521623532
3.87167778098131
2.3843261378952
5.15239249456357
4.27335599060577
3.23375739568288
3.61638389838888
7.25179217790938
4.51914900236647
3.95324995460536
3.70953450760081
5.88236679536561
9.2598141340163
3.84887563575206
3.71190646386847
2.45887531740075
2.54888984065971
2.14391757556497
6.73871085835218
4.19922532591632
3.86342609530876
5.16648037223213
7.72816092084011
3.01069251167679
3.10302508911236
5.43059015731229
4.675585801677
3.46911073504491
3.54396450223242
4.50505214864688
2.21336296709481
6.88522864274362
2.85747441215775
4.82899207447787
3.05732982801099
6.99976667662033
10.5962753737335
5.02503254373078
3.26722043543194
10.1599318316213
5.34300262326139
4.3721523810276
4.00345043102195
2.82151842716355
6.4652052730405
3.18244705901098
6.82928759995226
1.83784720103465
1.56897284311111
4.8812316768657
3.6180894782029
4.73375868272362
2.43106875903625
6.61920029905731
2.65473171602446
2.32012844159755
4.45041083933281
7.34184065857886
5.47022009351021
3.37595727010348
3.71245121389179
1.79831223386048
3.70428835819129
1.99755855390977
3.11099136672557
4.92049712505653
2.62530341046293
2.95914384797936
2.48048271255274
5.53350181938238
3.76743244714909
2.86484295774735
1.82212841814871
6.79375652654999
4.86520579847381
4.4436269942079
6.88110364156013
3.56360752157647
6.99893815853838
3.31919802747182
4.31247058003562
6.97632574094796
3.02551273821398
4.4359244321699
4.29674500665225
3.79917197159769
2.92030836752287
3.65576083705474
4.10271955153162
3.60300799751747
3.99094341177952
7.96745868365427
4.69583818268246
2.16878116331506
3.29688726308314
3.33465940953376
2.65973580205474
3.46134089671252
4.45089983763797
10.7559137982252
3.28998048935473
8.04332512040014
3.39828046558092
3.99387091862261
4.20684126622114
4.50031489968457
5.43979098108086
4.23811843958128
2.13775477483991
3.7389523071121
7.52699899458024
1.01663508758854
3.13038822241701
4.94972292387908
5.46363628493006
6.82887755154627
1.89025803224861
5.37858884797482
5.03264840569645
2.70071434350595
3.81101681745125
6.61536397910189
3.80924734711645
5.64168020783875
3.65439104986633
1.9368203640303
2.20772921209869
2.98890057068758
1.30715920547486
4.4611714621644
5.85950573460343
3.64621633822777
6.3762738985581
2.05727904163858
1.92144147492508
4.71742712337673
3.47123562265495
3.55807553054949
3.76191250945397
3.36882030499842
3.44809992716231
3.7206350314173
3.04823580592142
3.69439534856131
1.98384114506315
3.07661431513491
1.90429126605511
4.1290473369327
4.32472348824308
2.17169032141013
3.78456875273231
5.71018590104085
3.01751837954433
6.41027922433233
4.6975143726619
5.49111721978468
3.25740762666017
2.43921591689888
1.73018582959098
3.30166139824207
3.86440393593007
4.91304312295561
3.48000520265283
3.09178316455869
6.07481167649226
5.88767267295506
3.65300005338084
1.60418836060124
2.81698784140348
6.59479157349571
3.11386997290285
2.41703484719434
3.03294521727176
6.75044327029593
1.12622584656234
2.73814704749896
3.07957038410838
2.45501792014128
6.75730022416292
4.95446022614904
5.7698918355436
4.17901556954039
3.15968702995046
4.08358423370514
5.50099537000002
5.29857410018894
4.65596633949
4.20094118083423
4.19788377443794
1.76518265343278
1.37425458240107
7.85945414550814
8.14511575132324
2.87194904954619
5.47232264632419
10.134923410237
5.24591904349887
2.45008384510406
7.02656410710501
4.26381872224113
2.45420974262206
4.06726027262203
4.99767040550902
4.78737171341744
6.1744997120317
4.36354417150457
1.81572119497908
6.92617350176684
5.36744250758529
2.22718517981393
4.68794171304165
2.11887366314224
4.68177293382088
4.59916215614776
7.4729872737943
8.41340559158126
5.52490039735935
2.93890548201527
5.50971976166348
1.22070915434197
3.61020607051939
3.90252961333199
2.93503206252731
2.89468902259195
4.77603091256969
3.85463329861295
3.13304624758424
4.94358049151487
8.4918116890749
3.55561332671219
6.33054814861117
3.33947544963779
2.82270237024274
3.72489082976519
5.25657070397515
2.96128470125606
6.3049867617982
4.71527501648407
3.48551500070174
5.38131511584163
3.62727022991439
3.77221656124573
5.24210075862075
5.32131294050534
9.49152248587205
6.20114155104573
1.82785820564459
7.16375493781717
6.37577535374453
3.57172382311048
5.87092743183054
4.51045897720651
1.68021427931471
5.71819857992047
3.35207930077492
1.9515558789397
4.1337970250258
4.61037701582927
2.77639412276383
5.15726662712479
5.07579897633257
5.59050049904225
6.88740630374283
1.81612374724004
2.53711482771488
8.03468458375801
1.50200142231109
4.57479844438884
7.43592970603113
5.06018261215923
2.75348690439343
2.28762263577757
4.67776133918023
8.24915541863614
3.71987461639887
6.37175153284382
5.6907698485986
2.78833211812877
2.04045927562828
3.71493409752972
3.05699145753526
1.97775747234688
3.23076473474837
3.81569705909176
3.62410226784178
3.71379367192987
4.70282786043535
4.5656758309539
3.77760327708268
2.82418335935026
2.82080320018544
10.8356784463139
8.99101781266947
6.70473704186762
6.91327066185809
7.31662883260016
2.82504033696738
2.07799306504041
4.47247550442427
3.51037413605316
6.02898910719492
2.77857238468923
3.15400072786187
6.37890905978373
6.13532512697335
3.55629766400883
5.45823278048191
2.40738280460307
7.01825086468473
3.75144278721178
3.2655003495938
0.340782638599978
3.51743066613654
3.65349592379981
8.64978341250065
3.44331733890388
9.50523726825507
4.55001464231723
4.5818496216062
2.28364629261086
2.01975771577097
3.56527296161026
0.751730930428138
3.75789262877102
4.59977528511436
5.56733233230833
5.10950734960541
4.83755219902839
3.11210296226862
1.52255856249046
2.06618807162854
2.20660179136451
5.74305092598564
3.5788395354035
6.11412316403004
2.23769912066975
5.12191193030304
1.57160021491331
3.15330649879101
6.75895981863481
1.94963378194292
7.33855209110508
2.46060355705105
5.71103839565619
3.51530642172161
1.96104625311455
2.69200274369446
4.75183047554563
7.53260281468952
4.19894998525385
4.73791357065862
5.94792972060362
2.35017768335993
4.78588570487388
6.11603128664689
2.975182864752
2.47303738863665
1.63493214469172
2.58513063607245
4.05546682300865
3.7493844504958
8.08874914916943
4.46155963584977
9.75120335332683
2.2197489455463
5.8645422242026
1.06810339992408
4.20363437537695
3.81785351239304
3.4271227872041
5.77875672101504
2.70138408205387
3.50281815863449
4.7659041248629
6.22836315864428
3.41360556707992
2.66584327233616
9.48178502256287
2.73706089881446
2.63148758030886
3.64271792438278
4.33471671667432
3.68363611460526
6.95120029599025
4.5143461649171
3.71606225543182
3.76158791440944
7.00756594907228
3.51138149254632
2.57119275595967
3.72171790969167
1.71016073556559
4.97064257534464
4.7129640041006
4.35478883545331
4.66470239770054
4.94661311638064
4.03415335242762
3.22266200271487
2.21324592965459
2.64376037607679
2.64610467824194
6.01837305581499
7.92613453332972
5.48911360389005
5.85258529358452
6.5629197693904
6.35183729507143
2.91438624870436
2.85511330165412
2.39424245437541
3.60489452193692
3.34001331810799
4.89870522620118
6.53604110932185
4.57405517756411
6.39322321017197
2.10470639127767
3.83998854838006
2.61433005152542
4.87768284470052
3.41812646446678
1.72532742478271
4.3885107098992
4.21160429332014
5.46242534820442
2.93060329212998
5.10563576574217
5.74513471665571
2.21230627093231
4.08872575737212
4.7863605933012
7.84459298857741
4.38639621537863
5.00047834434445
8.99563691774909
4.49881704216391
3.44905385925995
3.47140045541332
6.80592320582402
4.92424968781233
2.92753841527883
4.64207249341931
3.55041584016617
2.00829365114193
6.77792795959662
3.91674375103868
4.43796558810873
5.51889126372891
4.85471422542005
4.78856955027595
5.1424059651672
5.03250391789788
4.11406608077962
3.51529819043232
3.84167944268105
1.39100346967267
2.90505007962264
5.53465960670695
6.64932757511841
4.05766283261298
6.33329363883622
5.40641437067758
4.48254216416129
6.51413205268926
1.79676224554046
4.66287706578543
3.64850570911489
1.34119658814058
3.61236652416002
5.96832916452021
1.93373380376535
1.99436173515487
1.24881508802688
4.12139519629805
3.12360696979662
4.04419133706306
5.10487483631089
4.73718896187872
4.5877552065636
2.90905653924444
5.56397461591536
1.89902008777018
2.65963205343538
6.08135377854605
6.43287801010233
3.9005868397018
8.1368836960767
7.64069070226932
3.36765076642351
7.66722332129209
1.87689699837922
4.59394376357117
4.60196867148826
4.0028436948889
2.80198294704684
4.25716306947772
1.67413282372657
3.78010608417855
7.37891829531095
3.9694831296888
4.49271262819383
7.42385740641783
2.58997028016139
3.23820073406648
4.31325498899522
3.2488837088823
4.76536471349776
2.41167062879266
2.20897919081979
4.61177274652226
2.37284490102927
4.07289123161078
2.72830982318684
3.67909406842777
2.57256944672712
3.70479526030858
5.78078484681202
3.02689827631376
3.42739775459958
5.21914398747927
3.0968884598325
3.5487199658702
3.571831182502
5.1694655653799
6.01768875062623
8.88021720554604
7.33525000894317
1.78442825679658
5.27406884783286
1.46791244257316
6.74093984191098
5.41775128798442
3.03875176249788
3.62705079908041
6.28636281047979
7.31441299744949
4.39931273912359
3.53939995137709
5.15526269658833
4.65582365874971
3.42532500969298
6.69022246536944
4.68353728656563
6.32256452216829
3.45582901209219
5.42158866737575
3.16309011523312
3.18347992521395
4.2178647342012
9.27504800300218
5.50499528859056
4.77885577795916
6.90342923043393
2.3570333715334
6.12501090029623
2.65725883244879
5.42539355207354
4.05011279329114
5.54707347818598
2.66039340118983
6.10111041207139
4.57225809040586
4.45690971737838
6.84498293401891
4.32362257942128
2.09701122618036
3.30337205742658
4.64028425089585
2.81553769779479
5.70103952782097
2.93678163328082
5.71179624028682
2.72023275856133
7.68454240854687
4.20251142882484
2.61806923513877
5.51911787251682
3.31710047260913
5.42105911699661
3.22352196537639
3.2715762726899
3.28031428735918
1.64851866885708
2.05005855626032
3.7417105458301
2.43781772810637
1.29589172786336
2.38509699109576
4.02579682849259
7.13872933184347
2.87095325919482
3.936248019825
4.76241825352285
6.83809743947589
3.35251722982935
4.82762560701771
6.85891865547692
4.23259867324602
2.80618443381426
6.05567171485476
7.30963959784941
3.45318725697251
4.16398662579886
3.99137521167915
2.79388297483591
5.79592267758759
5.92822063431448
3.56775366745722
0.624940777745952
3.20245848521313
3.74000066823923
2.98985218669324
1.95551638809395
2.23117436803407
2.27783426276428
2.88048051072822
6.95511447636117
3.00470151556631
2.83399696977877
4.26848518390582
3.04155742901339
5.64316339819544
3.34097693457942
1.90983302615284
5.36304147597408
3.75447419492124
4.13116519810748
3.25409078228171
3.46212617197648
8.48337511872191
2.71210273741596
4.51002698250257
4.07613317121826
3.15298514799837
4.37772597694352
3.76481425228964
2.23655662721046
5.61957302998236
3.66658266215983
5.04431583684973
5.25340163021178
2.26014338963692
4.23012666079601
3.84603606982387
4.90017033743908
5.25224577984957
4.66285452958528
3.74707792056335
1.15006536441727
4.01902193899437
3.89520597375037
3.40009497258426
6.5237889431982
2.01227613010539
3.61888895221309
4.95265906084679
0.160726990105421
8.92354698312781
5.75646484474005
2.74335736563011
5.10966898260104
3.16264240118031
6.36267410745058
3.32142107968053
4.61541104819487
2.38879146627326
6.37235680901323
6.76033188434086
6.60780872232139
9.89838842866326
8.00055449832538
5.69764696887671
4.97236256370523
3.46247840632572
3.44879056682613
6.91591834634089
6.95745138578928
2.40090879251683
3.26825861103835
1.48148046777695
4.24986681408964
5.12107956016707
2.54684038479212
4.13743912255439
4.6984876807932
3.60922759261809
4.56871149056567
6.92832398901689
5.30904662604089
3.38277518823396
3.78531601492337
3.98687424794077
5.26045042264653
2.94673764362541
5.37723968307543
3.07429538883609
4.67619473547147
6.80447046307238
2.93868815808224
2.85299974201
1.83815958535889
2.27118814998304
3.22380254431709
2.54724214100256
0.340782638599978
5.54618276035709
4.73117240030946
5.08741312060455
3.60332503041945
7.60347996583306
6.85495332800734
4.23643024280953
2.07921515313986
1.76817300322707
2.86605613203558
6.37937827888982
2.71106318754665
3.80201586462275
5.3048959419286
8.13530530321399
3.42739443931547
8.47371554550448
4.83362921708683
4.32830453540496
2.98998072160504
4.13004745652495
7.69239616463872
4.71043161393098
2.76823522630031
6.3253846600671
4.90777799538886
4.50772795431898
3.48527264775537
7.89542745219059
4.43378119237025
5.27536698692882
7.00214130926843
3.92036626874821
5.44454230541703
7.43010782339095
2.55242440322402
3.1590728224911
6.92353568307937
3.72547017046335
3.87731871132785
4.88473049337063
3.40394077508836
2.67981366638599
2.04343557119425
8.29242630039696
3.42755321853643
5.5706458487212
3.26831698536689
4.5347932878107
6.44776434700605
1.9049839915349
5.55199731996471
3.8093765152214
8.76331430089246
2.34061706529694
7.34902126575886
6.50457316814934
4.12378474981051
2.5955956574938
9.40463482707034
4.61619604771603
2.14983617408338
9.05878972039373
5.81531162961166
3.13611238385358
4.51883547351515
5.37891171400934
5.00985336611278
2.97497320623604
3.50027575459839
7.95393319427568
4.10634471236167
3.2860782863562
3.36474451273489
1.36601160070271
2.66633275175838
2.43613048275013
3.49084900714473
5.38757185071748
4.03808552128057
3.44842155025196
4.18773988751532
5.66119414746853
2.52572477325584
3.08688212243382
2.35134459567023
2.90567483984668
4.46661128718499
9.25999647168978
1.36852443058658
4.27973868927671
4.33472254089411
3.58797249145924
4.53758379540685
2.78055011892148
8.96748477460954
5.50092321869615
4.95510633687483
2.90768036678742
4.51209772445392
2.03334576694898
1.5873993621344
5.49259499334808
3.45481518266045
5.42031597655526
8.47877152059574
3.50014005252067
2.36653861832786
2.15204968875234
5.58604428197321
5.08217767072787
4.60636452759407
3.74939162901699
6.98986342056365
7.03931291530155
5.37037276884975
3.76443278084684
7.55151469840054
0.340782638599978
5.23908405946537
4.38161333083234
3.68487239310764
2.78533731451529
4.97542336439743
1.98090572144698
1.76259309614258
2.98280469022283
3.59703498970578
3.89744787918097
1.96924229125253
5.4183768107259
3.36543775436924
5.39867468473371
5.8584106081484
2.87438214337269
10.5327382061037
5.47290857735554
5.06117303797284
4.59231030200892
5.34652610035397
1.88791299212186
2.55449946724163
2.63111552005429
3.7819779614694
3.16853317377641
4.00163157259766
6.26907626992278
4.28680008245036
1.79200413139406
1.22324851109636
3.72244361782284
2.72765865100948
4.0930517366582
3.40191078245114
3.8650430961815
3.12790118844011
3.94776753875531
4.42149047058522
3.82852534587282
1.24302587204387
6.77773972554334
5.86937018348995
4.40193743552512
2.27793547351948
5.2671009697073
3.52866508457784
1.92954623189814
9.32925302639446
6.38535840471228
3.1191502571626
4.30172205496937
5.89078441137818
4.86978308974761
5.41712485434481
2.99660092131953
2.18346773974279
1.30463325450034
2.23394556332544
4.87895102728033
2.3041458668815
4.72288794340868
3.1577939708577
3.92034919005
5.89258510766716
3.01058533037281
4.50205617439556
3.71767980544099
4.748127029797
4.31304014671183
3.56511466223337
4.76543584586454
4.44634285266614
1.7174126604161
5.71775035480108
5.24212452456588
7.44954593936941
2.90359213505351
6.30390234993926
4.81110624128641
1.96758823779661
4.80020395618826
6.63189455368373
3.55931062485969
3.39570349984987
6.76108460917184
4.1875329834383
5.59561769295254
4.61424940408244
3.61226119056027
4.29782644169952
5.23382418105561
3.42744698903817
4.47982053786832
4.09059034295559
3.48123937168808
5.15195828692661
4.16243270041128
4.48178169840564
6.32553169660532
4.057409511954
3.62305146642782
5.11271023104888
4.79130878436804
3.21760097995262
3.21326722866232
4.68117386428135
1.04572707822855
4.47891359966673
5.97743041475343
2.93509177280444
0.340782638599978
5.82094757148093
1.11802561070889
1.99695121496618
6.59675092628591
6.62984778209947
3.73186493115265
4.68403503031874
4.93268418071185
3.98195540681897
3.02834148590321
2.47524127684345
3.21647495775794
4.04908292825567
4.6915692388322
2.24313690942576
2.81457767084017
3.53025911207048
4.11715644699118
8.44386262061012
4.85805927962031
5.68049736970234
4.46171492195455
4.73375387563354
1.11470886025288
3.55733052839584
2.6257468046862
0.340782638599978
6.34760401397084
5.05683469066009
5.80842346611876
7.09534071387748
4.80742774719876
1.88983721425422
2.12101390132047
7.37261921351213
2.81272286809276
4.3569610942616
5.13592100102524
4.57203818359905
1.25693790173556
2.03890886468044
2.09751559936653
2.91030856965454
5.01483585563822
3.23139064965935
2.28939693666104
4.72405773302152
6.22398263019839
5.06370783272577
2.88028373116229
0.275737529942316
1.96141446885411
3.89209734798736
2.72004301699903
6.23493480935512
1.64367158211862
5.99660142136821
1.77360585337076
5.73932364145465
2.07816217487823
1.87936795272387
3.09351535507122
3.64470972698606
4.66359516816127
2.73101797370686
4.58016924859445
3.31142744014669
1.22376186048398
3.47960935054624
4.28416134284606
4.78887960417499
4.2378773013363
1.48160812372525
3.13449893934964
5.49735776374524
3.36928016818939
3.92694717386358
4.98281063096231
3.52515477762192
3.61342718219814
2.15655742592626
2.65721217002631
4.81415943905328
2.22149550399091
5.25848037555319
6.64869301429977
4.6204423568696
4.43906981496396
3.11130898876425
2.3694877095609
6.26907615082265
2.0453085107479
3.11537063525364
2.53583848560657
3.35184593551802
4.92970213514252
4.64196707053771
4.35838959076977
4.94063051344283
3.26027068040926
11.1563379952377
5.16093133206753
3.74163326392788
7.66286136716322
5.68057899083518
2.538932814287
5.39256034369764
5.8148566722504
3.59404068294029
1.82559697237268
2.43857362034673
4.11574767605328
4.60408017993646
4.97733644438261
4.03589578469592
3.23039572744033
3.23317649858017
3.79798409986747
3.38164271699723
8.09189622431939
1.25605750554195
6.22284363452058
1.75132798381164
2.61323026504887
4.49311615377063
2.42577746799637
3.91406851675971
3.37529928488104
4.95792603267532
3.759107081505
3.49225308069866
2.81923815935075
6.51755528520912
6.20631897441213
2.20563131212976
4.20024830856133
2.37991092307675
5.80096361477474
3.61715957168751
3.98528903157609
5.19646646832371
6.47302556594775
6.21150399495691
3.41875170029583
3.47460597613144
2.73917757730972
3.12627995433457
6.15887894932078
1.49226880076457
1.83044580672584
3.50679490131542
3.71098973882139
2.85827216816308
5.66003733473938
5.23355834786716
6.49694696107913
4.10461511809946
8.39287772441234
1.99048038143096
7.77931376892614
6.24436190103041
5.93794395357425
2.59630726690098
4.07113177586976
3.67974399229359
3.44697578668721
2.23554393480505
2.08939922355008
3.06549914643522
7.06386148217023
10.0446422829463
4.19393962458715
4.27501888200691
3.15834477516259
2.19245414804958
4.22620534089176
5.498112641809
5.74135515816728
5.77627889667291
1.29621418287197
1.42579943084124
1.40352731087633
6.02073066617978
4.66871524127043
2.26094597864761
2.14437807098119
5.54860641157406
8.57425110438065
2.63340180327799
4.33931735360366
4.46972532090618
4.8602605906013
3.56504230245631
2.14582467895897
3.38732034427245
3.36308468049787
4.15825984725523
5.64477866593461
3.01684939266189
3.05399217176308
2.47839365723563
4.0860686409033
3.55016001592069
4.61291960246665
6.38861958687228
6.30127021529337
2.28318469183127
6.16013645929764
1.46098887596029
2.30222677264903
3.76108104886667
4.0875176657965
5.80840628525735
4.78553089298467
7.80710271930518
5.49429597532059
1.67156770831647
2.11327482952476
1.44410725310674
3.05559569854407
5.48420004368039
2.08251295444498
10.176838635537
1.09898009669875
2.62056834618022
5.7576186017256
2.07946536729103
2.89616757281143
6.91427175829114
5.54245814279963
4.52718948231128
3.32686272484719
1.9214122673122
6.53330698914048
7.60350320344804
4.00759972854437
1.01280105678948
6.74727269362375
1.13332331081165
3.80055351666358
3.05182185983629
1.70147198841991
3.89279841707483
3.67115969880404
8.45630208811785
5.20840869281336
4.14534871238205
5.39854077436301
6.17484001865147
6.45373751318645
3.650127358046
3.54671349565179
3.28836845462678
6.93367811602332
1.94292627650674
3.16829396175243
5.19857541463636
5.81515391632997
2.385636111975
3.52793425717036
7.73671075004591
3.34433738015881
6.4153786899663
3.07724857467952
5.75631088731969
6.75044405716007
8.25554280955303
7.74639003541695
5.81516468225673
5.56598552831845
4.40840643339076
2.45437508319791
4.56430883699969
2.96885593247969
4.0484081938483
1.60433021716939
3.92580366193448
5.01097718773086
5.83293501276051
3.95778798774227
4.77676107562418
3.84486745876982
4.42340528277246
3.22483487443697
4.16142742272353
6.81564293612806
2.32028576404953
5.70824406174738
3.14555651570596
4.71422545660215
3.39009901809035
0.905733636738968
5.04334633821248
0.940021646364791
3.44076292172036
2.42050558466485
4.74880726522861
0.638099153428078
2.87892475808885
2.09261906998901
3.72208758501725
3.00710407976794
8.62246859631281
2.94694403380397
3.05612835463372
3.77811814190051
2.12672263313288
4.7018216793413
3.45527752887025
2.27618432057182
2.978852817524
5.2157846925594
4.15512808935846
7.15409262597894
5.93474652997685
0.340782638599978
3.90546296926742
1.54417563287665
4.83513436829651
4.44090080573656
5.57373248359767
3.97610180230935
4.57277951466405
5.76180223414493
5.56771932675139
2.91660196585982
2.42557158373114
5.81323815023165
3.74939034858753
2.25603681316109
3.2544389555398
1.94009380850409
1.12274631896285
4.83629451572161
6.62222820505355
3.34670877309321
4.97427197892041
3.16803486077657
5.20358898389065
5.38141156224772
3.76823518914967
4.9558611719685
2.83785131350384
4.78358818684568
3.21042848633634
0.340782638599978
3.38729581052792
2.30488147393199
2.28768922731681
4.89367148680455
5.06722235252908
3.91829773174069
6.89452759978596
3.62889376158593
4.40902459795732
3.25121520046917
2.99262723560279
3.12389204521037
3.87588281576005
3.83760619629492
3.69131849408635
5.86175406796488
5.43887791701553
2.60344843182238
2.93484115091228
5.32352551874256
5.87573151551459
3.29160029700663
4.85724893925938
3.4042670142217
5.25428458161888
5.70437852066214
5.22595208592606
4.09463127035985
2.43506647306911
4.17458275653139
6.57119711045593
4.84955695399097
4.44659522873129
3.85591222969728
5.87004528611021
3.72336617661055
2.26638179859146
3.67712647728472
4.03209093349596
4.61319980692899
3.14739143533925
2.40966597261556
4.31996459987193
2.98580311961455
3.01572051645372
2.91323140523242
2.73112012058274
4.85489924172208
3.64686804672195
3.93088185885421
2.97485283294357
5.93878844861317
1.85195007492394
4.21715955859482
5.25261156528537
3.37450708455785
3.49084224035306
4.96477476094894
1.66824217501058
2.66050956192736
4.21127807984326
3.38615133275313
0.409144159351147
4.14087082066297
3.86361494669779
1.92057734548562
3.20814009190549
3.80316018345019
6.27137932729582
5.75307360757545
5.07997782447874
3.96964384688375
4.9707952526474
3.08959793410409
2.93966793682556
2.91429698965929
4.29777273064137
3.89385569508901
3.60245916162923
2.18999249383956
5.88673852195501
5.0009204327576
4.442821270011
3.78868146577857
5.91430822398845
6.59665912599431
5.22778132336345
5.94362907735451
5.07595812176857
6.48054737509396
2.93769553454373
3.59389444802329
2.12067810546952
3.29251717541277
2.75602134431084
5.1640293710793
2.61526351682802
3.60908869668919
5.43253387745363
6.77734132029852
3.17169599482739
4.55906703425995
4.73721289895933
3.55100293675352
4.80393711143905
2.95271878305778
3.32724468389358
4.47600502989551
1.84384589314522
4.44995360411916
1.89616290054175
3.22932644377174
6.49316092030387
4.21065470208086
1.67149788310696
1.54921633540009
3.62293468689801
2.13627613165365
4.10144886499475
1.80634408065299
3.90153400184241
5.63168064070018
1.52958907559032
2.49387986555203
6.17538817288466
2.83172872190617
5.49154710708183
3.44667209446643
4.61815325366513
4.30756444201981
1.6099051669104
1.93773430439123
1.51324677197042
2.68716039122612
2.01612585887906
3.72495440343815
1.11808666590868
2.7678873975952
5.58866003158936
5.07923959198151
3.85731793321599
2.10457702260051
3.06986500165294
3.78101197006779
4.21628940871156
2.32697305432374
5.31609815403689
4.08485921118984
7.66891859506213
2.91371743754442
3.37468537995077
1.86976451010154
5.15315508054744
5.33469970451404
5.66830224916559
4.2561565415456
4.54145520141098
3.17167680222416
2.69871523571269
1.54199555757219
2.07673574939357
1.41799660623808
2.70319601878633
4.61507264619305
6.51549349432888
2.76137685182135
2.27248755266516
1.41321441472634
4.58896797169436
2.15576068043281
5.05912536442458
3.27300869699975
2.87177648706998
5.34386939829684
3.76089589853703
3.65103246933326
3.04188166517728
1.60116279295178
1.22937671765844
5.39952215846486
4.54974651348806
3.04190783627352
7.49475837371025
5.21583305470686
4.19473854946235
5.26895943268788
3.27620842665835
3.48313738480366
2.71438887177103
3.16546301041663
2.92842853306254
2.1764017749056
1.45199736002953
4.25972217282568
5.26738891479648
3.31116097804859
3.00790393991558
3.25191308926284
2.16196532373218
5.1766233995946
1.54757276361876
2.73293634770695
2.45209432359757
4.82127465378702
5.24050161015854
4.77415459904792
5.89795710136432
3.64794683684
6.54208992887382
4.14014881069282
4.4406616544918
4.39716444426688
2.21399563415221
1.03511358278152
5.02784671136558
4.01868491667022
6.56757752304562
4.37649137278094
3.82608284307403
2.84612121795827
1.68660053576157
2.7914992202298
4.25020120372831
3.26327063750967
4.99206279720216
1.3889396560924
2.08941033850102
1.49789321861035
3.06068077230464
3.74317503308899
4.20055907425592
3.45532326487676
2.82134631108106
2.68187961481136
3.99875693321452
1.42128983904564
6.17365471812468
4.29300117594611
2.26865772953804
2.7767684878105
3.14427321952067
2.17952545235088
2.238159738919
3.84044800484609
4.85951968119767
5.23448162557381
2.80113347697906
5.26752302368588
4.03494576924122
6.98391351681134
6.3812509537344
4.72492359752193
4.93000652474649
3.13173454731458
3.34263595310984
1.9760648241335
3.2382262855787
