longitude_z
2.96846981503766
5.96745236971599
8.94504962380759
4.32103122437144
5.80714681045217
2.49431413697556
3.28762085310314
2.34286614966629
4.34305048768897
2.91982769248589
4.76067752595658
3.36004652244368
3.52534545598403
5.78757865628397
3.98318084990959
5.06622044416992
3.8120186531338
2.64394078192121
3.65263299727626
4.28937540799837
2.11953690555236
4.03273698475405
1.80988746705786
7.64164642296096
1.86217242469165
2.79104915259376
10.8070475689031
3.64250416970422
2.71570505828972
5.23389639596866
2.82935950840656
3.71646153500364
3.11607143037759
5.56698921973805
4.63431141154849
6.95312868603997
5.76313661573791
3.38871113303494
5.81073640811985
3.54195650197761
4.9546389504487
2.61410857890872
6.0586374875114
4.58798188534371
4.36782869369065
3.33168028853945
5.16758658652434
7.59164995103636
6.01898061578206
3.36516532435892
2.88573560380248
4.37575942071668
3.43849085580199
2.2355252207029
3.67842121051143
6.58387298289754
4.14406906502474
2.48128098587182
7.42736867228213
3.04716501162694
5.03587532131308
2.18636730894996
3.87823136577757
5.87207357191273
4.74160404668149
4.55438903016668
2.35675605515257
6.29512875923348
2.85156368184184
5.21883560899889
7.50665743809545
4.2060489742231
5.37373740749318
4.04356933953554
2.06337498846708
8.87847849703419
5.94298552259278
3.99565395580213
2.38817638344634
3.6481832892456
4.86649930143568
3.34130938700596
4.52974083509449
3.24108796413129
0.16121492514812
5.17253166491836
4.61084517151545
3.19886712415515
4.72509592888638
4.77698987611732
2.35058145812168
3.94905161027862
2.43959914872001
3.35762878878567
2.79162812526312
2.09595033480187
3.6592625448652
3.07342664839174
2.44309532122552
4.67949457358649
4.93504718526531
6.93357991381188
3.9669934456424
4.49452704001405
3.36516152719306
5.17519064431906
5.84163963137032
3.68723030702927
2.52778330231383
3.41982069671131
4.13757710687626
2.0202012442086
7.65805859324547
2.91241233624578
2.46055945128813
2.13969469437675
4.04734456723929
4.87000633031253
2.21042022067581
1.78534158671515
8.11574560508591
1.40184174413624
2.03935623380251
4.2657653503429
3.03405625012962
3.66774365562418
1.63814117388332
3.94217513633954
3.33844958779157
2.82200113804569
4.52705636416816
3.54394035816264
4.14776798269693
4.23955222257683
2.12944869429153
3.3494634713493
2.33218478212465
5.06898672131183
1.96471489426746
3.7665673469038
6.14402951196696
4.86934552155185
2.75494074612988
4.82062294842555
7.33454767354246
3.47161524559584
4.64749567012205
1.98051251597432
3.38437455599636
3.85554257880586
0.00114010416330152
5.18280139732182
2.88080814156848
6.21351607161642
4.42704697255233
8.04581812329346
8.04607577979722
7.15911171662645
4.25958506385055
6.76890451820093
5.56732204702358
7.67369732147909
3.81183725073007
4.51466388644258
2.93393234544566
9.19265321869216
5.49872564452642
3.59393265096219
3.62854440754812
5.07115288459413
7.13321924352786
2.79600541923778
3.11145045819425
2.05446916627911
3.00993450704464
2.22534554924696
3.26359572355655
2.14324970406788
3.97858729851124
6.01157072333752
3.7675051707942
6.41762292969876
5.01623472348275
2.57976350480223
4.69387543352947
2.50339005808003
2.94250374971885
2.24521046534916
4.30346540639043
4.02749962359287
2.50694934280308
5.28582837823058
8.9914478620224
6.8991645277824
4.21297522579563
3.04500536186827
3.30954464152052
4.97729308633794
4.66430940738344
6.41416952524214
5.3295194121482
7.27103553278459
6.41091567865834
3.31958706310713
6.76216620499717
5.98789888802759
2.60232109721479
3.93842818197599
5.24383097718675
4.93394898246861
2.3647664015633
4.97527261248471
3.16095927823834
6.73109701630653
4.70519838182219
4.63175890165014
4.46090269540867
2.11727111277611
5.87725243084132
4.25187368853216
6.20731483014099
1.68633000648418
3.4102916923454
5.03039851894779
2.21152731137783
2.54551777610385
2.92547505851251
3.6002551365673
6.94994738836546
4.91589725833284
6.21081838707523
6.56099516293301
2.93050051945095
3.87312189430248
2.72753632405924
1.81192143354067
3.88074109408828
2.41859102728417
3.19457140011264
3.79173627307093
6.56759463064235
4.76217948743178
4.44366078655241
4.81517225742973
2.15791333542977
3.45066427980992
6.23077239168544
2.02648518884719
1.32037832466283
6.70991092491191
3.345856265969
5.58231561775053
1.85112142147779
2.475971139851
6.43742140790666
3.01891163756229
2.22185420144534
3.31690952097032
8.64692633350582
8.24822519684784
3.55321448840361
6.47639357322238
4.32385458221421
5.56541321501586
4.57434132774791
4.56993871018975
3.52870959775066
1.36087178350627
2.01868168825069
2.20843187847857
3.90215905611854
2.14273615426355
3.11481560091182
5.62569980511982
4.55566811981647
2.6396289347607
2.47254902979575
3.01596014013748
4.70682793247798
3.06118561302387
3.1701222829523
4.49054437959096
6.1624905868845
3.14226063868351
5.25752953148974
2.38070198870986
2.44778774518227
2.07541530913486
4.96091605591983
5.2008720466771
4.86366880543101
2.76215617981908
2.70428588764195
3.52939493101832
4.85535233118175
5.47683199448455
3.72746338494309
4.31626864687523
4.97676846336672
4.99726467498951
2.86259387716877
4.56116748044379
2.57057923162043
4.83844457686696
3.55170277832598
6.33033166708151
5.84126003465953
2.35267006639472
4.84225042898048
3.10847404561864
2.29224490950119
4.53156041780023
4.62726357146125
3.16405692343211
4.80693119937319
3.52425856079514
4.17578449571112
4.0282333724983
2.51215609171577
1.25677167889353
4.15635119908837
4.09332585002442
0.932067569952089
4.20188373866915
6.50629268678119
2.36684983947189
2.33213388781033
8.00237359920765
3.42881393065345
2.20128880099121
3.97397019128908
4.32524102896549
2.67432378816737
5.23132761704491
2.93983442035849
4.22032207236156
2.99206308839709
3.68236502696968
4.50404810058197
7.16106141185271
2.27936112862704
4.70374316879946
5.61632432659807
4.48293261074145
5.03754213845723
3.46730656420739
1.91225677593518
5.49525017675264
6.06845292831224
1.78342502475017
2.91487747919082
3.79914250678008
2.23658161450335
9.85154666546717
8.10494784827047
3.36512131034926
7.43840230158827
1.70463394242752
4.30896676709432
1.70897723854851
2.42456800302445
4.5937932677483
7.32774235888786
4.16059676147335
1.169357284323
2.76524048000856
3.20658266346004
3.96485281186935
4.38305525295908
5.36855943047564
5.90808485985837
4.94171273647858
2.51658828218324
3.4509128047569
1.88676096803179
5.88740904081378
4.57847591236848
6.00055849227193
2.6495380062099
5.59987201825816
0.850609508208597
1.22596049405085
0.810545303271295
0.783391314301743
0.407882608646482
0.695227084734629
2.57906401488915
5.84310201472466
3.02589661975131
7.05295390378594
2.93707328083242
3.57641887443716
7.57528026346777
3.34755674573919
2.45697897073279
2.79889924685054
2.28893680756679
4.81085239476868
3.16765961366896
2.59138809571921
4.71823179000867
6.06130908944511
6.39108958688958
3.37172205405537
2.16921404873299
6.06877036469565
2.56257919797274
2.20528120768427
3.28859772173815
5.84171911293194
3.14188802654936
4.01632378168923
4.22432394849091
6.66062056907946
4.71987901786933
4.16954066603029
2.26413068553503
3.54429209580973
1.79084884691131
4.92901801772582
2.84849298793386
2.93373139446606
4.63499759948253
3.75427754755472
4.56220726788497
3.41476338064327
2.9189496011642
3.30675969483401
5.7303180039246
2.33247349216108
8.81135099065164
5.04203312412745
4.7867064651042
3.62552540134429
3.27495714692106
4.00691230716601
5.52878180223744
3.1792875367489
4.26103861096991
3.48712183930352
7.28541782227812
5.46378436147817
2.4199365827347
2.8177147100507
3.44181267463892
5.10937751743461
2.39814420074517
5.0587833017138
6.56544802923144
5.38750163836638
4.02807585668392
7.24264925850113
9.71127018305474
2.02876067153794
5.17130194797603
4.8852812819919
5.66539965676106
6.43515756590324
4.81667398629213
7.00259303746319
8.45956076798913
5.45643408584443
5.83450224626795
11.6929344705744
4.77362854629009
2.36012219430282
4.33100012779112
5.37355454530489
0.455727312895762
0.238918499691453
2.88158401387223
2.69655790374333
1.03912622140125
0.97873467745847
5.44968729033535
1.51613645446299
2.79919405048634
4.83302752997377
7.4572524286546
4.85107242896246
4.66467279026001
3.68717546273229
5.01896380493106
5.10362666131828
4.60509011732457
2.59525760154132
6.54114785956261
3.33735753665096
0.490219518074993
0.00114010416330152
0.00114010416330152
0.259402953174487
0.379890280043948
6.30013312916711
1.46839055575772
3.77536575065392
3.85741535001029
3.68834915152168
3.04495798586781
2.63024790326406
3.01889354217091
2.57913043475897
4.30748426491826
5.58985255831051
2.22515781635057
5.33907550468743
5.55017127584813
2.0880417655616
3.58016256333556
3.23597121553452
6.47108055139339
3.28581775507388
1.39506508780457
5.9913984917197
1.52981238747158
2.9184150102752
5.86185785281617
1.16210098290249
7.689842047201
3.38104449513063
5.85010673909824
2.34430633482854
2.7485431336739
4.76691494216567
6.17531320506208
4.71358314852983
6.52181256517802
5.33555474459747
3.40719637245136
1.80743800665156
3.66965551059359
3.0245845390859
6.71530238565892
5.55175944685835
2.5181059049298
7.34054521133679
2.2985431259737
1.3615025073712
4.1324896703467
1.92715633123744
5.52713391063547
6.45326219762388
5.89138373911855
5.32791997169084
2.73616885564308
4.77111980100592
3.83004870662711
2.87712881125486
6.67928579377415
6.62992563877224
3.15692371957435
2.93959784625285
2.28785902171626
5.21656549111982
2.46534718120397
3.79521405967763
6.48324952917039
4.00827573780028
3.19913304655539
5.87898480338256
3.0790407191136
6.69143046818238
6.62669763050846
8.12260942074805
2.46119891151795
3.50371916160606
4.3869911949438
5.64228430011223
5.2469546161089
7.21663875991069
5.28161601395819
5.73772543388152
4.32785526534799
5.34828023473854
3.59839063559649
1.70866787662196
1.90590478528128
3.5679535608413
4.02028093373692
5.76474627986271
10.7217653199459
3.23133871106056
6.03473597401305
6.39665737002255
10.1792533895504
9.20539294019473
6.79634239198793
3.00276438565343
4.49720014946013
2.76195873798574
2.08895959194901
1.45279382697673
5.70527043673447
7.02833701953849
3.39973403581113
9.31739809983253
5.62691197028644
1.14694479750635
6.87668997181085
4.56417846716447
4.24203267245182
2.50162568432514
2.77572159679552
2.92526028929834
2.37513340804593
4.54966564909138
6.54423552087879
3.9072470334826
7.92981107087099
3.31587535587937
1.90014819150667
2.34451915467348
8.53340538151794
5.51059997161512
3.72031299403168
4.07125970509512
6.02397705173215
3.85571116960581
6.08668564671219
4.22293722312568
2.71573939009633
5.77325189013953
2.81352073786501
6.14595679389832
3.35993709425034
2.1999602910845
3.16566715418622
3.61654604357102
3.03786850792129
3.98255745503405
3.35545383773894
4.53540825670107
4.0233623549598
1.99250770873523
1.54626652249613
2.37637183875243
4.76316388165223
2.66200758571267
4.15532746190074
5.01784698052647
1.95482580435356
3.79898171769353
6.26885617967784
3.38470882038631
5.83393787400131
6.6544906274397
8.89697817963069
4.756771102654
1.73782807236383
2.31611647280017
2.1185846114828
3.31292312970108
6.89708116995701
7.92674377417706
3.71339523322207
4.47994112270105
4.33221716843937
5.03888576966822
2.1527987382765
2.89879851624756
5.66052675425204
4.06518860637135
2.33344205164096
4.21805683753256
4.92170760836704
9.04880778002238
6.73312593274985
4.34438433963523
2.64270116291096
6.20133286715223
4.01517005691137
4.24615858292547
4.40505055196118
4.14795871795729
0.16121492514812
10.7802556300402
5.38751313673403
3.96716918414591
4.0667985455885
5.49151654578403
2.11463600198001
2.5666300100403
3.81021542703068
4.4810270002812
4.61088697185531
4.13443887997667
6.35131118792916
4.92467123884292
6.61509810775717
5.43789639785846
2.53371855197702
8.34750426059421
3.86315869087386
2.52232937761573
2.38236002769357
2.32203468991133
3.33219368346401
6.50008537136379
2.43033996095169
2.6578182810243
5.56095600924321
6.57000048277238
5.27654604502342
4.15504827136012
2.20292754352096
3.05289912105928
4.51638490221395
6.76010970828932
4.86983501797897
2.01050377609043
3.5739903736589
4.2458616189051
2.86816102253994
4.66189602934103
8.02294085364865
5.62485893840966
3.1822030600205
5.16637129934998
2.82020179514324
5.27021894953717
3.84238337817273
2.90591901286045
1.60770019193105
5.49059303897796
8.86101667311309
4.66454765550418
5.19211898951007
5.5442427564678
4.36922512919309
3.32088980525915
5.65002750429705
7.0416956527419
4.56959367145848
3.0612135748563
9.60081639336587
3.26504462422377
6.67891054094733
4.78478464388285
7.15718529722899
6.53320545876608
3.51706191149483
2.49411723374794
5.1599109328482
6.81972509225474
5.37526806884151
3.67175066200584
2.5068349331889
4.30415996915182
6.42694512464093
2.5057246272862
5.38608160424552
1.6477772571424
4.67614442037966
4.61114075690188
3.25840628917061
5.2076247646536
7.1052262286063
3.51658636394426
4.23044547224937
2.54579576944316
2.58401199489861
1.81386069731852
1.57446928671725
4.10121981613472
5.81490729176812
8.35970853192526
8.17211171624271
3.74171518451616
3.16598587046391
8.6094308383052
3.36144621468909
3.11559242048669
3.83832750786744
2.14403531281924
3.04809618594077
1.7470354619095
4.32260525023568
5.55715993730897
6.15097476164136
3.85402693206923
6.83931228195518
6.18186949134987
3.79760363888067
4.18430637328259
3.26604990263396
1.9727336702904
5.27110726598509
1.10262845104404
2.64122316699872
0.678574925178359
1.86860527374035
3.29453861378749
4.81144745328792
1.72484409110364
2.28476980474735
7.89052824561626
3.594810080287
4.06180294578255
3.55345696296394
4.29342884750532
6.26010864007799
4.71259372093004
3.66031291377084
2.86496604791772
0.16121492514812
3.25196088669958
2.39219255721854
9.68831826079175
5.05460608246636
4.52052865450004
3.25400764000302
4.49708127344127
6.60766301657636
4.55354469718467
3.97308449976966
3.70495340271659
5.88071143448574
5.27359015239354
3.2798373167277
4.0238515377583
5.11189806674124
3.83211750139871
6.00382813295203
5.58003576702117
8.56126789709374
7.55879405599892
2.64946221729223
4.53763887293172
5.89352525071238
6.41677124860322
1.24015722119395
4.00001186720037
5.75618235803848
3.31288848464708
2.47520513147257
3.17435572341016
5.93189256893641
2.75126801495274
1.8901302613141
7.53211161414739
5.23253912575965
8.56750906943358
4.31789782880335
2.82345526811703
7.23235810137227
7.45195305802836
6.38164783900936
7.61552306124981
3.34133299002739
4.05934139188197
2.32158014393649
2.13086845820107
3.92462772852015
5.28985122777937
5.06335065570134
4.79862645878274
6.11085827807487
3.37451708288828
1.3909431544373
2.57205421782936
2.0260669936228
2.05380846063415
3.93043130149048
4.29191892227828
5.75582265685091
1.98976298152654
3.25087997401888
1.65278102950884
6.04466363578634
4.11328932094124
4.34855927667475
6.14495539657762
2.65763061221337
1.65673286183713
3.5905292481405
4.48948051388591
2.52400821818424
5.87752074000168
5.3006330481847
4.50466661115927
5.24505141981311
3.11723204912993
4.25188766334322
10.4237913361699
3.40291221370063
4.27854827912562
6.43074536160201
3.19504894380365
4.19769596149169
2.47552161211414
2.22431175503819
4.56553132405348
3.72267269440803
3.33976556959222
3.40333030557142
1.21797277751188
4.9207442391906
3.32249854743469
4.04466951714159
8.39289316532303
9.29560613861028
5.97814612998924
5.47839398620149
5.28593927681108
7.8765634512763
1.77059587195325
7.33321895558509
2.61807579177857
8.74583004205964
4.70527322126008
5.39321003768455
3.50191910267865
3.20532549646995
6.78514262602027
4.16943483549283
6.40752836330024
3.1397011950619
3.93125919073325
3.600779109238
8.8064579097699
3.04773568373868
2.11830865984902
5.19278322993053
6.90403716491961
2.20183220632354
3.79521802241038
4.74008264606652
7.31976375083385
4.51383987721163
6.68126764051966
6.03413263962312
7.12224668544985
3.83936624716553
6.00811157649427
3.46843265090167
2.67909419495134
5.25988229351467
3.66612058479278
4.75741290695515
3.23342613928625
1.96994732965864
4.04104904929936
8.52027835975045
2.77274542391408
3.70140097910046
3.39543919137129
1.58035094068298
3.38768348764502
3.44664469677779
5.5104644604214
4.54909526935491
1.68388779482123
2.20968522207831
5.1940225443945
4.07385582819844
1.99953882124124
4.59397521309921
3.78042012567415
4.18642254545072
3.95851478973519
2.24176200751809
6.33910812511459
6.62784483788292
5.60121685027272
3.30288767002077
7.5616224854053
2.85296940050916
3.06142431827772
8.31900918442094
3.97359433021921
4.88276686885915
5.79870904007012
5.87606829768117
1.54222395749655
2.27315659393555
1.38561439629066
3.03327095939181
4.70684124781882
8.2648205986421
2.52867307557581
2.24377218913653
3.04762621513614
0.745614231490641
7.34576192237041
0.16121492514812
4.35259871867976
3.88162647471417
5.01932167187727
1.79497010144524
4.57797722199187
3.81786507923811
4.38146442646207
3.97382158109025
4.03097087012396
1.57281348236
6.81311556169993
4.56178876461215
6.37870382044905
6.02780101309773
3.67951108558875
4.06671178615904
3.92887526803058
5.08794171103961
3.62233739763855
4.12686570134129
2.19509568143258
6.28410491445691
3.78018949061595
8.27643633211725
9.69756693214363
3.54760902042208
1.07861909871753
4.0855265726716
3.38282547158353
2.95811233897214
5.17965631850773
3.36856275898798
2.16868095553562
4.19745576665724
1.25877129754029
4.20011107787431
4.29757328956368
3.87367137744228
7.3542890200615
3.72379132247621
4.27655699377845
3.09473924177924
3.15218399482345
2.12724061802196
6.29666223722381
3.47931509275276
5.30001514253791
5.12877071858077
2.610169110195
4.21213455270722
3.08377886384045
2.85124376838598
5.92707397176153
2.10503304636035
4.20483793351918
3.56402579347652
3.27318775876558
3.16746617115473
5.98390282474445
4.15378363191871
2.20479396409167
5.27057943877913
3.76962636706414
3.52047150108425
5.54395048958501
8.45777127839507
4.8539649471489
8.47990100113162
4.48034284047043
2.16088729115281
3.22853889560659
4.89634539779982
5.94626930251678
7.78794194412491
6.29429114791084
4.83809985404117
3.83688397081471
5.81033591579333
5.38694829237661
3.89052111662366
4.66326397703376
3.9548603799837
4.45841024414105
2.8401957694966
6.36149899686054
3.67879923532996
3.97901974423229
3.98125491555732
5.13479976651258
4.81520335402036
3.94546492076439
4.37156908988105
5.23820165969975
4.21806795975067
6.3388098106141
5.14311919031288
4.24833736795734
5.96259730105544
4.77252184058808
2.83129714773905
1.56204539282403
7.92226128134196
3.78895040756347
4.87397237955651
4.49091989491694
8.5880511041968
2.35343440151125
2.98457098247318
3.82295149701426
4.93553564452058
6.34080248416253
2.9908544318311
3.90669672341065
2.43237591261684
3.23649595753028
5.43549713625913
4.13911600751268
2.65205772754262
2.88457770159092
2.92238669823106
3.29228808374865
2.29288716352751
4.08438502522205
4.63406544049462
4.03600491524751
5.1147933126023
1.39019533829911
6.30859994371267
3.36500575319666
4.27758811106537
4.2380777387308
5.26426848086334
2.67525245177233
2.64610565338653
5.08737024029182
1.10243516593285
5.74078800087352
3.94008939155774
4.93284331614115
7.04432084516734
13.0202282656539
6.40152652366788
3.6364768517233
2.94514020982002
4.46007404123631
3.53468959579369
5.67891037206753
2.68466119584184
6.5595822882904
4.9683226089418
4.89264669018128
5.19888529434418
6.31387607806186
5.63869911620247
4.72837137236257
4.7382265957601
6.91518739225181
4.62453963023705
6.18818321031925
7.1069591532305
4.17344134847008
2.40578784827582
4.56366225943417
4.12900981451535
6.16566965682992
8.29434904006404
6.72297378180045
1.63267388263771
3.87732899164112
2.13743019194603
4.29119560120827
3.53411553956631
4.07631110240556
2.60586803831863
1.78659991627143
2.8104056980003
4.70496994356541
2.75936402302938
0.16121492514812
4.81575791979066
0.978617552509883
1.87220976564248
2.22692941152166
3.82432145975514
5.17466980719449
8.4287638307257
7.04566308057876
4.76391548885426
3.85197851313254
3.91703635350376
5.2136455887864
4.96055887953235
6.40277601445669
6.73756965593223
3.0900155354662
2.91555327164401
3.67114552676679
2.94585464538933
3.38773338072248
4.09330810178657
3.57788558588949
1.55852094047079
2.22745681715042
6.15605790696718
1.65860659121784
2.1692121214228
3.32825764550926
6.4834048170164
3.54680657747572
3.23425214636995
3.93946976350793
4.33968666541905
4.02163322756485
5.48102002109066
4.62875821711183
4.94403898018004
3.80581287325198
4.24484538172696
3.10083992930362
4.88079231934562
2.39507764381789
4.20754983352892
4.40365962714943
4.69012812238523
4.0340775779528
3.16262571589301
4.2698643767409
8.98045731537274
3.98317992134852
3.48060374951285
3.79058657964974
5.39819342688379
7.65422758201821
4.45804967878416
3.82652250319066
3.14965401398787
4.18100705140246
2.42981221284164
3.091842828983
4.71852746011198
5.20098310066574
4.34319470750711
9.15725000419139
4.29926682729458
6.79767013738074
2.4847373698038
2.97014512280004
2.65785503213742
4.19212031792746
8.16219086862168
5.17026517938551
4.57024044256455
3.62544263043569
6.5079097721678
3.38835994646796
4.57174055465685
6.43366216971591
4.26525571423057
3.2897394210281
3.80780152600822
4.86424757561552
3.19680869208315
4.77164249701341
6.348551023677
3.19003915490751
2.66599303630855
1.93077449471731
8.95078523100394
3.14855095118104
6.36359461413348
3.04960278312473
6.01228290866198
5.77410419241742
2.75528552538885
0.89024583091148
1.59616440368271
3.03778731782274
3.09724034251335
6.11942599732088
4.14179629549562
10.1227371621186
3.9558919012595
9.74011000259381
4.28832756782095
1.53617938589321
1.95870477681204
4.85227826377336
8.068234763277
4.54005369263225
1.91921060415076
3.94976543529902
5.96741794905302
4.20758634253297
4.47721827744985
2.54157129482377
2.43327779758695
3.22316762343372
3.85766929849924
3.66604945488094
6.65907606269921
2.44222689185168
7.56452240577113
3.81040226815627
3.37187882189184
1.38575849494352
6.07913008328939
2.16422830891396
7.16522390857381
5.51565781756525
4.52989325150412
1.93244805027526
2.92129471831067
1.61631679197218
3.84801309086924
3.27198878629746
4.46964719901246
3.88661255392294
4.90604251202191
6.50501039385038
2.80830102690829
4.04257903696757
4.15226398479444
4.03360233999773
2.44437599296177
6.27120037345585
3.19683437056325
2.18443764450928
4.73776766745461
4.42740218110551
4.44465438921093
1.89163583397932
3.50839516084785
3.36780226363975
2.64467039022968
5.41497313254425
5.12018305728699
2.58038844383647
2.8812069500294
8.23613926084397
1.41508655480367
6.4874476194563
4.43296078694949
3.67226809637712
6.03776146857986
7.61735879726694
5.67003003955233
4.26437743927585
2.49791242195565
3.64476669640447
3.17545950307045
6.20147097406371
4.37004329281991
4.13006194241502
1.73781153677965
5.74882873222754
4.5301418234341
4.3496708577779
7.1666111331116
2.75250260169565
2.92715358246005
4.35308955025869
4.47190294545859
5.0297559160655
1.14999056002387
10.6557126443388
3.96813315544666
2.88097933296062
3.74816014914886
5.34728849694832
3.66029500945557
5.26091975164722
1.99142809565756
3.32069094857142
4.14236729069586
5.1504125939069
2.87634810441126
3.94471194775785
2.99110383178143
5.65144712585986
3.81642313609325
7.10393382112493
4.53579897118356
4.85596742323682
6.11129706359749
6.15426370027707
4.07619716293967
4.10537102211062
3.11124168938558
2.17306532947901
4.83349715612169
3.12772092253343
1.20591999358277
4.91022339497833
5.44788007729632
1.55060363169135
4.63773865482048
3.73235646125275
5.6866071062051
4.35748090066481
4.67330691425281
5.7471746616675
4.24593839253113
5.05617535253588
3.73939266548635
3.23781490216522
2.46710640618635
3.98245148871172
2.38983387574371
7.04953003295612
4.21822139784949
4.01149361861005
13.1471805931924
2.46266344579867
4.41331923374876
5.18168960307715
3.86399037252694
8.46697467026751
4.02549951073675
3.92937574565373
1.17253918667929
3.92731654302758
7.46754750220531
5.12051217910826
4.35979853051396
4.85898002377464
4.3529190080184
1.97427248653551
3.61793307107753
0.16121492514812
2.16685738688147
6.1828315825495
6.17616432338194
3.49540890573891
4.23957146356594
2.72816222024907
5.38376485598801
2.78592344787899
2.89014242890822
3.05100146731212
4.10234280665709
8.30317649968665
2.50440743866824
2.88612881750586
7.54094282817348
2.30199808547486
4.83021078042584
2.31609362721411
3.25487102085444
3.85722097769575
2.480390827071
3.74328563581151
8.77821261024071
4.47116922206774
2.12121826561629
4.8939198473151
4.49238484925031
3.45032793338759
4.86150693648379
4.05801141788337
6.26799602023851
3.73352744570353
6.40264972026554
3.74375137881977
3.4038206243219
3.28790450089205
3.04037556952723
5.11440994751766
3.72349898822815
3.09177303096404
4.0795115875156
3.8001752597602
4.72566910317639
6.36444506120935
3.16354620987636
3.00703527654104
4.69153222424189
5.7358026696438
5.35482967273935
4.50386126188402
4.02915847692618
3.51240809524126
6.977741012201
7.03389428965409
4.88041693427409
4.2954799589999
3.51609979342533
2.96048087678369
5.89029414511214
2.56832139602286
4.80632175851326
3.16212017243753
5.47988487362364
3.03554036233005
5.81123439842369
4.136541663128
5.89849228766237
3.49158777483978
3.81212536221489
4.76520775392667
2.9188389528331
3.02193809273795
3.38207883414641
4.75110912988835
4.67562303208147
3.90664298990564
2.8200278151396
2.23630813900042
4.86866897668904
2.28456891652175
3.47831501868753
2.51859450343498
5.56627801227478
6.25851116428234
5.38008298906934
6.08506280810642
4.00288533160195
6.20790538386654
4.01514920703495
2.87623094253536
1.98468592543545
5.43657741538097
3.54236904420068
6.20846026505577
6.04627849088383
5.43809957442857
2.3172870728516
5.0440289714091
8.01636243201969
5.33260463582731
0.830799809635539
3.46133533438728
2.39508889709471
4.14592829762571
3.92939304902888
3.51751869042928
1.92791894193885
6.69701870137571
4.06721539444283
2.068204668037
7.6229376705192
4.82745875526924
2.3154516813122
5.18646999748331
6.56655941883783
2.0503551879995
4.52107472841188
2.61825307909525
3.75801866492071
4.45264108423165
2.65535804672007
8.32215376623905
4.08204857398885
2.91063672640071
3.15963626722907
5.14028313626192
6.28321730022018
2.5672448406535
3.78881947804985
1.68495627320015
4.23601120999596
3.55313240755269
0.989035263318897
4.09335708702743
5.55083241139938
3.54630934784123
4.49078431756186
3.05787689226768
4.05336351055314
4.97671521965929
3.78380457011797
7.85442511698398
3.73279196344225
4.79531493948412
5.20450050445236
2.56073625797718
4.66538970103309
4.57852513427856
3.96815413870981
4.49539834295248
3.99596251597423
4.49878142086696
6.08229910685064
2.29423060358519
2.79810613802347
6.16242140457303
5.53799380526981
3.01801354212351
3.91044347893773
3.15396916592066
5.43836289431801
5.55381303807394
9.17324654000346
7.27661201830477
5.29768114359753
1.12828198024837
2.7354211636893
3.85200531829441
7.37904743987747
6.241041617312
7.7683125141228
4.5454373617842
5.27858214924941
3.00068142443497
6.06104907806248
2.66022078747446
3.55486071231758
3.57128790675151
2.97168893233812
8.67190110814098
3.2518984440827
6.39648771726415
2.87145763253257
4.44434854707326
6.57942762024938
3.49667393887765
3.7738955216659
5.51530271539393
6.33492457373598
2.73995848154001
6.36990225834717
3.0537665221869
2.56816638026117
3.65913631114863
3.92605716836235
4.63832003477019
6.25266225482053
7.95459966189812
6.27600511112056
2.91647127404145
5.27917050840728
6.40882224480017
6.06026541891751
1.86535523192694
6.46127786914519
6.33535290991757
3.05235980116997
4.23860042888915
2.61237890989105
5.24252095165948
2.97493074006318
2.65546597981888
5.04139346470957
2.49213559047365
5.48431137990288
4.02427010693575
3.7091219562657
6.66195458975233
5.46728784464484
1.23462545779025
6.59931457410601
4.65650713781652
2.62976463718196
7.30507262097612
2.92782785082876
2.04148235660379
4.44541015458442
3.73589627040118
2.14027986678453
0.675318251007276
3.18565181411714
10.3063475170965
7.51145795592043
2.80567853037159
5.88248668751824
2.22026457495684
3.81999589251121
3.359506998505
7.73473124934453
6.32455514045782
4.69448071524964
4.73094426264913
3.93482396260567
3.80249625339445
5.21397217404736
2.68317438018533
5.43658792541701
3.35774420731744
2.43831503593638
4.97050213574305
3.89527171573076
3.56212781699698
3.68675959771575
4.8169226648361
6.01716174210107
5.41926177242198
5.13438726531213
5.66772674026303
2.72777311613858
3.22499138943189
5.81050662936293
2.47404348178037
4.26210728772383
7.06445283326732
6.04711901855303
5.09328686425809
3.70974653347409
4.42312792412272
4.36292575448564
4.24084490612767
8.49363409336526
4.06973267725935
3.20738523662107
2.44655380081278
2.6796970453338
2.65420888432496
3.88660453303716
3.52291958302925
7.31912357224123
3.76960244804658
6.18105127322114
3.17673565248429
4.04219233308417
4.60211466672404
1.8382426422749
5.19337773135143
8.01017078986292
3.23133345694606
7.1245622850157
3.2778297750118
4.29103259951061
2.67013647533298
7.56353346996463
2.56481970763155
3.30044279613241
3.75471709054607
3.521591582875
4.31857193284004
1.11642228887209
1.31706961826916
3.06208556514859
1.88975038671551
3.63930407526944
3.06501916181213
2.65144254870072
2.8442128923447
1.55447645336151
2.65923485782846
2.45721626607013
1.2731748919526
5.77290393605897
2.16111678794442
2.96874499555314
4.69325301862512
4.07264081992772
3.38711544399066
0.989317050574292
0.902739975854558
3.25189946552073
3.74009579676091
5.31497089772152
5.40610468703673
3.97018330602934
4.54772824193422
11.077175238416
6.08497970116341
1.81417739856682
6.38840012522442
5.68675299323345
6.88815748853093
6.01888572443389
8.50774624436983
3.95681524635321
4.47172019895881
3.34919054081766
3.42728002720328
3.10529385261985
5.72451778786563
4.14175354903476
5.20177086095608
2.45421300023119
6.93892610805058
2.91372541754642
6.09307908713327
6.91754969194598
3.71024200063822
2.21511594804259
5.46586521498512
4.33274643826356
9.36239999259992
4.39904567736619
1.58772447307508
1.75427080848484
3.41318019320232
4.73978917940136
2.31693610251856
9.57335803529234
3.72499440810121
3.35988544503271
3.5698101047001
3.26645465669076
3.18253754621705
4.75437788528019
4.95455841282003
4.3570341007372
6.17218996947192
5.18379268344773
2.73530925348977
4.54698036818451
3.08793032235661
3.17094716502073
1.9136466967483
2.60525501055402
2.74304655975932
4.4562841834206
2.4548121242978
4.31173558937002
2.89692674500999
4.02010421983108
8.09068932336617
1.73735647703251
11.3054297818649
4.25415514548663
4.2628733404723
3.49467641700153
4.02604188207495
3.54046673723223
6.09963750799696
6.9806165572233
3.66807718774605
7.030908381393
3.49850191305079
3.01040344538234
5.30445417756048
5.15388108978516
4.17375303326711
5.63987578217452
5.84754206885116
5.75466560412521
7.79859475133188
5.59715028158974
4.19264095278665
3.48292744093919
2.40252299338832
2.40453969605748
5.43062478104567
5.09596614119453
2.92173358992975
4.98988151092259
3.83874676222416
5.90249785176998
5.85231309422274
2.26962200602563
3.45531108268042
2.38033759483478
4.64934207573062
5.02687707446918
3.82405178531783
6.60191091825706
2.95103635994595
3.53655242167791
2.68051036238162
3.99242632138148
4.3229471015883
5.06573763352491
5.74494880295999
5.51258143468572
1.7063057387791
1.82172976716121
2.15643551350267
3.51081583213785
6.9624092534346
5.04174006261516
7.30752784927731
3.38537159222471
2.58175539049901
5.06476729033727
5.18590532359347
4.87554426277655
3.91457802108845
4.28740987600713
1.76973438362334
2.78907877487023
4.02219706964895
6.47186194569941
4.51455152864105
4.09205709336873
2.65316984029393
3.96424700263072
6.49726079840258
5.72331312405761
5.18483444821169
4.39410864662517
8.33874080545765
2.9204781701441
5.74663087738636
2.70845953615602
2.26124762454381
3.18934989039462
4.69921425865068
4.78607908990408
3.88724805947587
5.14492109012271
2.98189400736733
2.91008723881317
1.78780072426058
3.19268286766991
2.99882545122445
2.10452176052151
2.1156426648991
6.93054060804386
2.90801413902748
4.25452389282732
4.07061947759443
4.7858607618867
4.74056276558021
5.25389780277845
1.90862996630042
2.83889887777296
2.56963401169312
2.86440659849986
3.32056790883774
5.62581416281204
4.04400697972399
6.03817113455518
3.47120339328413
5.8531266344525
4.0109833416989
3.29982955016057
3.63888497468063
2.65355865901243
3.40571534002357
2.86154299756819
4.66547544643011
5.21557759041491
7.13453534265162
8.63109007788876
4.83755875818867
2.05876799288456
4.93465920121238
3.3416223750956
3.53513311617907
3.35327839064821
3.89770291084266
3.12505575744071
0.546124776976581
2.43889866155784
5.77647702994403
4.32138759455816
2.71701326703803
4.54468310950198
3.97443057006428
3.28058937292622
4.4381177587879
2.36376397177485
2.67223035986466
3.46751823127582
4.25566323135672
5.14262244323328
4.96112341176102
3.28450045614101
1.90590568091473
1.55846289908448
3.92566632320002
2.52425805608238
2.6657788522342
1.81004957517898
4.38748845277436
6.59615527275155
7.75093536224285
2.98061073447367
2.82946771121905
4.65011736349743
3.1140725010556
3.35573161324857
5.58017325212446
3.28415492558295
3.75676243949937
3.05517939808077
4.48516259564199
8.83899025089316
3.2806248822824
2.16743893693671
2.5922438484437
3.67324299517401
2.73767873958927
3.4914312345415
4.57487735583226
2.96384695887468
2.5769542393353
5.3820770237212
5.46447937820223
3.21959274518658
3.84335125592361
2.71433167094578
2.92813744890877
4.53225359757799
4.06249361176316
4.47689989466309
5.34188731817358
5.33555814314291
6.35161548592486
4.64529275123986
2.54223890397538
2.75903090554827
4.79096548412882
5.99605097665985
7.03910469900205
7.38899647281849
7.51723745840537
7.70861803209956
8.48108847082155
6.4675604753113
4.29481307822341
6.21972810686731
4.74420228155052
3.45305017594075
2.52512841525113
3.9542837548667
5.64610978468446
3.61188302118876
8.54629639232669
3.56232831047711
3.08867273390745
5.4845233175915
1.73778316464719
4.30352262432654
2.1768380842515
2.72029510953739
4.91929448035055
3.68834051916109
2.6737027812945
3.59336352689228
4.05123164423259
7.01415855028543
2.45078822309015
2.9316425844166
1.82484712841872
5.88498142056362
4.32253153701142
1.15505977917277
5.20498129331817
4.40876253293628
4.0671009478468
5.55023020887225
2.29456415292661
3.99128100240937
4.11567016841465
3.59721206891508
5.31117816368946
2.68977405410751
3.72894354262898
0.998673914404443
2.3640852344563
5.78963676287064
4.5290243850636
3.66051125226414
5.54321663601878
3.60718507551987
6.09050916515091
2.85077953763329
2.80717422759596
2.87451569770314
2.50080300570062
3.9691009541377
3.74751701492042
5.8977140857255
4.50636363379004
6.24975678647598
6.55053712222817
6.75279601518322
7.08642001644503
7.66675337286752
3.43485335460691
2.66634524958021
2.47694628690344
9.63249428638065
3.4386750067357
3.69025596699013
3.00290413396847
7.61870432889759
5.9321447063178
6.56315321418699
4.83135177556509
5.02193698341313
3.66407672631158
3.23604818724808
5.32086745680488
6.59600432302159
3.83067762816637
4.71932557102609
2.55088236701334
4.95141592831911
2.79416747076985
8.6502051690044
6.49097459727037
7.27224931519123
3.05728767867581
4.75770286274488
1.72441081373723
5.45294169379136
6.12328740117863
4.6317604179817
7.03743330097883
4.41116979353862
1.70911172533466
3.93006634214836
4.27975614463325
7.42357503950627
3.62038979366865
1.65911005274168
5.6946989416469
3.09940821340196
1.02217796882778
5.62733919151782
4.15285343363267
3.51953946516877
3.46405410816529
3.85995634565075
0.437439746915579
2.88418371163968
3.13898121388734
3.13470098091684
4.19705055029333
6.79484861850233
2.72746070235283
3.35046532435672
3.63132192486121
8.68632272607545
5.93427347883625
4.04682232188578
3.88919531723142
3.65258233539406
3.37514825309409
3.05274541935766
7.87183520897672
4.07100533599552
5.80547762300304
3.84847407687947
3.62659690504129
2.61991251800463
3.16603747592824
8.63650832636425
3.35634763505297
4.97601259336447
5.24100636795145
4.35850162683344
6.40398853159435
2.58398161306391
4.50255562628776
3.45220359059876
3.79243095705738
4.78104596667314
6.65831147232534
5.01956228303983
2.22753440446408
4.17267851642677
4.01800485733327
1.4157390531566
4.78204904315142
6.20503734732427
3.43820729629004
3.81787180206985
9.46569222764391
2.12032004275854
3.26594421643684
2.79147355612129
4.81780938466421
2.00177422678831
2.14713182787406
6.52833636217628
4.17630068685479
2.34217925578374
2.56503226026613
2.53848086290709
2.36379788043533
2.61996861072782
2.23224227291399
5.60554791721041
3.89877050904288
2.79649181940933
3.74763104002051
2.95885156315307
4.40826132050317
5.23079857473034
5.19483548157326
4.18299473658508
2.93738785902612
4.29820926403036
4.28977787235621
3.40842137889647
4.50848435173845
4.59981121386789
2.87940108955236
6.32266343282853
2.31658146746154
7.73361252405753
3.34121202482008
2.81336650104397
2.57932604427064
4.72985031166
5.94552100851343
8.63763977777782
4.95719102077537
2.41333497653357
4.93295982705092
5.21709924777157
3.78944021625174
3.01207190212013
4.67925217546398
7.97795646763511
3.36978224103797
3.68494949151693
3.52431650297841
4.10604273054829
4.58942784183393
5.58754646847364
4.03446434103715
8.08801806592301
5.84345953168017
4.57924523588439
5.42511925913368
6.63502527379079
3.04748653451617
2.59744709531381
4.669176689211
7.91100266877035
3.10771253653069
6.1660073428057
6.20724163213347
2.55038536393247
4.13151542458854
3.85557966890276
8.02874025698914
4.34611257051034
2.37070794877627
5.06294194630151
1.98302862379128
4.02866135679462
0.16121492514812
1.67542374129127
1.36686224839171
3.1680214953269
5.54324607677395
4.33415648912492
3.82882047209001
2.69472182825435
6.83739419883498
2.69308213119456
6.51526709009774
4.3778798892704
7.39102789246691
3.0187726894398
3.44915623375195
5.04857523404622
2.71690380837788
2.58652481092731
4.48925985653784
4.35837477959711
2.67631102859452
5.77332498112363
3.19485158196829
5.14245398950847
4.65209524558848
3.43098078014506
1.527028572131
5.35359850380381
1.99852383778636
4.80335243922757
2.62430630229175
5.71168042644377
5.76445718389539
4.52418385928737
3.11844978488664
5.00215962856236
5.61367004405275
1.65379527771546
4.0484916765282
6.596536863411
5.97891876652672
5.96399804395487
3.19764294596893
4.0718000209735
3.2643072787184
6.77941832778285
7.69784673540808
7.1832615294595
1.38214035567432
4.56755117442476
2.95985096452563
5.87349915200118
3.97143145527358
2.86677132476605
3.31877381116344
6.84704305591763
2.58778381122132
4.16677344373345
3.96933499776505
4.31975710851224
2.91908890613552
4.76068077518666
2.88071342966583
5.23425880897193
5.92784825730912
2.18484403977172
7.32990645976555
3.42761584381808
7.17097196915348
4.95656732649467
1.57349560454411
2.23814087173473
2.25204821237996
3.45150885810249
3.06423017878728
6.37038672375646
5.21152847418759
3.42918194198178
2.95463822792737
4.08764346723234
5.62302055756572
6.26211294880052
2.17078770456841
6.31554969898973
3.64598795639277
7.59847328311853
12.1659248044582
4.64217518302848
3.20560197153954
2.45351053375175
4.50414425285877
4.58280880259869
3.18188625541055
6.16459647253963
3.22727720269331
6.41494331247016
1.50981027350436
3.23974147147949
2.39700084292044
2.71480032577206
2.54561354008518
1.04443962442888
5.53728164995167
3.86107592394576
5.00325933647389
0.777581462599705
1.1240350184552
2.02234009122876
1.25414620513978
1.9227339831186
4.4856820693965
3.04357591260821
4.7071602285688
3.90169025351501
5.92176982358626
1.30477225406797
6.6005150434193
5.04654576044142
4.9423609251141
3.91023505806179
10.1068548034206
3.85314826546208
5.73200999737938
1.96831974724565
2.52309023068113
2.74888017980588
0.16121492514812
3.99465336599009
2.20759198815358
1.80270771228013
6.56706263736926
6.17312500566528
3.93166950331329
3.65373925184511
4.56262609642372
2.81865685690793
6.30855560533785
4.02657929323315
5.46817751890489
2.40419656883074
2.39866077946249
5.47481874153517
2.60420616010313
2.15364399845712
5.61157265249793
3.11243931353082
2.33341584781213
6.40950342583876
1.87444029282683
5.03459383762875
5.74821807411969
5.88033238805289
1.31687705802146
4.01147548581895
1.70394799742192
3.96570214050684
6.34918558147322
4.03975420907557
4.35838524331868
6.47329129048373
2.83905116290803
1.40703309351828
0.938405926728316
2.28553608149156
3.25136010516198
1.10672392095789
3.63663913969642
3.43784472498716
3.15554156770097
4.19038336594655
0.00114010416330152
0.24914281755693
1.61351957387776
4.35708586175165
2.26719302002911
3.47769664540327
4.01872510496318
3.84730832697745
2.94990527308584
7.83818532636514
7.55656808667547
4.48246544024983
6.99505561446052
8.30279831047675
5.70918940453539
4.33829494297891
3.59445170505374
4.4918257418472
3.14127933559419
3.33749087325976
7.39986338930015
4.31189459004932
3.17709043224025
9.89954401640862
3.09236300283692
4.37583151857732
1.55682913424723
3.23034600954719
2.05531542018713
3.10750019944209
4.13551923123279
8.19193338401045
2.29643931558257
8.70116483717943
7.59122825413766
7.36425683213985
3.90056057600709
6.1039471759173
3.27534105955985
1.69987739012952
2.35036743738473
4.09464516186078
5.69390680815087
3.0203312803166
5.70502121620238
6.60977411827611
3.81907362615168
3.92480387099605
2.17950444551582
3.74553227315056
3.21940817228395
4.42137336354956
2.51215518489683
4.46614659872057
4.19883055687502
6.80686384438198
11.2861713004307
5.24096025520215
2.53057888168504
5.62543793432549
6.17562772959476
6.61675969105759
7.32978202653304
2.99595394253109
4.6019785049971
5.4939630909526
6.2758905086253
3.58966060913079
3.76159757162006
4.15457521287258
2.56715168437078
4.75891219841227
4.2758044795665
10.6510226880733
5.3377133875987
2.01602931924393
8.0913891088467
5.25661715373002
2.70807139012379
4.85576921975587
4.37076162430963
3.0507416019939
3.56236179285708
4.01818192655383
4.18035692029951
5.41006185325591
4.12275283597033
6.49496259220133
3.79287201963626
5.24500799610671
2.80119150012125
3.92665462295373
3.30179501235863
4.03688577895578
6.2949461422609
2.68056700777622
3.69019712084265
3.12079101052304
4.07901315092233
4.45980989215333
2.59517429870659
8.15350126516507
5.40375778594136
3.12588995912264
4.82657517448364
2.40332937280516
4.84838829226581
3.61906801669367
2.10838120954794
2.59547891770125
2.90948796385388
6.84675578126548
10.4466587369898
2.33450053078417
4.04190255272941
1.67649577114282
7.96779140338049
6.69280618715143
3.68303034826069
6.49225363159091
3.01398897234716
8.24286902360427
2.99242131298069
1.94882194923012
3.70525012482156
5.54609960552034
6.30178936929362
2.83750564988097
1.88789339752478
3.87009393395725
4.24518720708633
0.945543282560574
6.41245510355183
5.04668857710671
8.10031763228547
5.99653487895608
3.53737257984583
4.75271120260459
3.09005683361205
3.72080531956254
6.92630364608386
3.34581734880938
2.76425103750582
5.26601060634478
2.35253141772445
6.07955013752945
6.12494770006492
2.42883115915667
3.37241922485809
1.90324983478428
5.73937370492204
1.80303563529184
1.97860565905191
3.44178181396041
2.99971429943228
5.1335206775286
3.92714540251204
3.78532213197883
4.83455070729267
3.99150229674092
5.6678740415074
6.5824257152482
8.92186831043655
4.00012042714251
5.9592721862849
5.70524370659192
2.36059857185269
9.64728288950579
3.7032541556337
2.87346292115597
4.19653088030248
6.72815249313566
7.86114311494254
4.05609950289413
4.88322306195347
5.29105452541785
4.96361977484417
4.70151945000035
2.71897613754288
3.03299062173226
6.79402515953977
6.06450695319538
6.7094287101312
4.65780785129489
2.34412506672041
3.47548509115506
4.55739989364486
6.06457436330108
4.93930839023569
4.66824711024128
5.38445628940246
4.31736614717078
2.8292317094127
1.22731822394449
9.77301562520122
2.13853179349877
3.92024383791584
2.82642340767989
2.96005845523081
2.40494134525382
3.15803524322589
7.50457238196085
4.24601510673585
5.11738777967533
2.88511650653985
3.4450393384353
8.7384343365314
4.03676401277946
3.70290372750935
3.24669005420258
3.55089501039149
5.1934721991565
4.29164839156776
5.32165664820554
3.03142602898794
3.58051237617153
4.61977775563389
2.66340877823389
4.4498011520246
1.75183145562372
6.7428222895546
5.07431049331054
2.50500035702818
5.99981149016674
2.00551706008748
3.57286433265824
7.86624080411412
3.19405556123896
3.34102119283454
4.33287358859399
3.87717138756961
2.49200120382856
3.21146066153774
5.21059767458006
3.93671460740986
6.21215400599032
4.94070194517442
1.51679655158569
6.53167609676005
7.32189682417705
3.1786342448612
2.9773863557733
6.43431703193575
4.50502909626159
5.07034770633524
6.04899299302758
3.40345437496573
5.4103837093729
4.65252569680624
3.19671446439675
4.03147832338619
3.18145307397182
2.80077676923872
1.40729797305874
4.77581623138131
2.88415388383306
4.16825456777753
10.4229448287535
2.03226036982256
3.26023444887054
3.07818512512196
3.25160809160961
5.05514314676274
1.91001256045163
5.71697400996
5.10240094632163
5.46053179105326
2.03200106024502
2.64948772362117
3.06864065873526
4.61379218520523
5.72859858111514
4.62119165119122
3.60438561783422
4.03658256701391
3.34929413774834
6.48452826813213
6.55249346949995
5.52135552232657
4.27148800808167
8.20137782173473
7.12261900077556
5.79592097259084
8.15501822840954
2.95431909017329
4.13280971989777
2.73806885535772
6.45781299339573
6.62941144329249
6.24153272750167
5.44315200273177
2.16909858339246
3.06711653604815
6.06685774596391
4.50316655487292
2.05645542425558
6.305841281225
0.779109278673408
3.83569772212745
2.89281325647825
2.89925623342365
1.13175713899014
3.05466871220601
4.93269231759334
1.98857845102753
6.53164524383115
3.23265658814733
6.5909430123337
6.58566491737962
8.64823735663388
7.14087446080781
5.25969870501128
2.40999934145042
4.53767425048713
2.96589451957106
2.58986682985975
6.36526676111716
4.13013934122772
3.73032096232435
3.76632903728034
3.76146791340176
4.12845838710009
3.50032046192681
3.14447033573325
2.51881771808289
3.96492686829835
5.63144486657388
2.61446700880653
4.45326109737595
5.73173789447266
6.02858009043818
2.8248289435734
4.93061265185933
3.2055389702391
3.51833914574087
1.93630217328398
5.76107433187672
2.6159064700491
4.14065651024916
6.41226374380482
2.52038458970766
7.51410010212658
3.71626106376901
3.17623875147743
1.37119083840758
2.67038017240882
4.68414765609036
3.41935353960028
4.49741123211643
9.20214279949377
1.41876485364676
4.61600338843065
4.47647314678356
4.07341521371346
1.95759660002061
3.62148847560094
2.30839635800935
4.39264110369452
5.53112901953465
3.21275076962237
3.54466797754075
3.75892046518796
3.61089896401812
2.78861323286805
3.40776316328831
2.32045298183518
4.03754067557417
5.21373143320732
4.03898524186771
5.26805841130487
5.30338210267193
3.47073937097647
4.83349259588634
3.00970679753805
6.51281562187965
2.64700796336681
2.46947369828579
3.2558601073215
2.65297763060299
4.69341114624381
5.67992426520652
5.50261990936215
2.24685172179977
6.61441898590556
4.07680692536437
3.31351319636404
5.88413082464505
2.67406670401906
5.21485453323023
4.39938872697387
1.469135076992
8.06838191983067
4.11176620336705
6.89120360783126
5.47351592875233
6.29392217551306
2.06537338303928
4.9627510921094
5.55933899696532
3.56100394895539
2.45072361977518
2.29571960529352
7.95997291160682
3.15772333975066
4.73745490160304
3.50356376051194
3.26737389492734
8.29774911282622
3.23180947661479
4.98524752795064
3.28143638256482
3.38251773187727
2.55323513243419
5.56545922004286
3.67429922456312
5.45792770768808
7.15482762451628
7.16572348701829
3.16556486710994
4.9222541555702
2.91646371245852
5.57469557400235
3.35911884943792
3.95238567159491
0.991900171751672
2.22538647560189
3.42271741390415
0.265401855730918
6.32965089481014
1.52876323622176
4.03273206047696
3.01099744270127
5.22478965962405
6.30366889434705
8.19981796286949
7.40311370865647
2.38422600648645
2.8108656623299
2.64056064818393
6.16409244127973
3.62039379814725
2.79631401212705
4.99837221189683
5.39318378261941
2.07223124801757
3.89129296476099
4.58109412726128
4.23701144597065
3.00511564496031
2.19886446842325
7.2814563235242
5.42961563466134
0.00114010416330152
5.4212639929685
1.36895713113776
5.83247425983149
10.3301806244114
10.0453704913777
8.6263386384822
6.66433067783283
4.31970242116921
4.65254670595874
5.34081675846046
7.73200490796285
3.37388742717899
2.59252314642589
5.93081633416432
3.85182062863529
2.63955367819414
2.03325395831443
4.07208157118275
4.13157821175904
4.90656164916408
1.42083167775448
6.84517000023262
4.09137757838226
4.63060182131199
5.49113095930393
5.57024119568807
6.18591874402052
2.03326886599847
5.01441042080976
0.990022300199024
2.44709183828526
4.40249390235514
10.2719710430182
3.74896355927846
3.54141014258009
2.85010903551461
3.93863786327243
3.86560683288377
4.22883024021457
7.3662027211395
3.75323846774001
2.77385186724679
3.07026364724391
8.28378947996805
0.240543244571363
0.344827970040226
0.482524318728464
3.68361779159922
3.70991117131593
2.78111693034708
1.66520603265698
5.52008445257674
0.660474630143039
4.78126529271007
0.928067463194988
2.93141772102811
2.94871547220042
3.16996103263666
5.68944659540718
2.85070937179824
2.62965167271482
3.95643761983336
1.60877507603593
5.43050291188488
2.47850716063956
4.63350597929699
2.6899909870767
3.259406431277
5.31334895455387
3.10923475549466
3.27604363981604
3.28477975324603
1.69868744244253
4.67362202993817
5.00583485869019
4.10799265933022
7.95828031133641
3.03272850654158
8.77502008548744
6.77672614321095
4.37573291251771
5.48965638456015
4.91508016320896
2.53954138289757
4.9953113166199
4.59576927563634
4.39965746002605
1.76844917530453
7.98515570370755
1.49678994882885
1.86214453611014
2.52001499314591
5.21560234980181
4.30517602831618
4.96582277537923
2.80124570110828
5.46630840229985
3.64869780958413
5.17316082206847
6.18233425940136
4.47117108973998
9.55866479980937
1.06592020519198
1.02999788058741
1.88668645470828
0.716572943854973
1.938332990912
3.47701603230509
7.03510572849563
2.71931851243625
2.59038880568498
7.57701316251536
4.68660547435562
5.9152608402656
4.80702090076784
4.53609932295572
3.6456902865325
5.02153964640131
3.97928771900547
3.52008348281726
2.19148584827081
2.43483275251762
4.64233137266392
2.49841914491351
3.21458078026326
5.48184031932294
8.42881505981008
1.92868039700246
9.69661694939559
4.80419230514439
3.12743936662051
2.90412453781114
3.50222678600923
6.21120770086872
4.43969946693538
3.46360734557209
3.68877239552377
4.06859480154452
4.32038198986404
6.03032646992346
1.87943336811009
4.78154101515881
2.22787482473123
9.87170434283985
5.17956197519779
1.84595740014925
6.87017422346752
3.58075664363041
8.04666621334727
3.97502035778667
7.36414451289454
4.4123413436935
5.62204683551374
3.21965020863112
4.63565975276488
4.92367854420677
7.35514158618337
4.02418852725762
2.22544083042687
3.33227574928856
5.3457239229132
1.32707997777273
8.27347478946488
2.8547750195171
6.27571680195147
1.41469579604739
3.20280335034767
0.00114010416330152
5.3543132983349
4.44208511006009
2.83434541691959
5.61853771955707
3.30523887886564
7.5449550503592
3.84800419554936
1.66576527272705
4.1546332174102
2.49967304398998
7.01859192813695
7.70912403305637
8.2292134490095
10.6240805262389
3.82249086142055
8.79354741188719
2.90852809878639
5.63938943970493
2.0399130395767
4.32610741230807
3.74332005135253
3.95534426974835
10.0602902985366
5.72071955390426
8.01334293719208
5.33612145651476
6.58272774096157
5.35571822946748
4.25264960904064
3.5958104477781
4.34605987897398
4.73752896744986
3.24937038947329
4.46794517687548
4.65381338432425
6.62514560807822
2.14372184465434
3.23267655150369
2.56014642905971
5.42447846465574
5.10310517571329
3.75545529836638
5.77715682276191
8.66502708723852
2.44439339805866
5.74299179150338
3.77773840681653
2.63035907193161
3.18169961202044
3.9896463875799
5.19928560509162
7.06708290604743
5.06316174787632
3.35903503135497
4.06106950753861
3.76032946835099
5.23616116786392
5.8029658547105
11.2413943776207
4.43321578103956
2.52473836808579
3.89670363650382
4.32137542855235
3.36571745829344
4.61781025360858
5.51280280414589
6.10163472339393
8.69468010654051
4.40718043606577
6.12926160401249
5.15256997833285
3.63405825805925
6.1243070480161
3.65031136423752
8.31113522221106
4.95695158079021
3.69606062907946
5.85872758551881
5.75429419681096
4.54633104602916
5.32824559047108
4.92508161002097
3.34764884642859
5.25684923212961
2.63418645983258
2.9636887512249
4.13922387442449
7.17635517323665
6.82323481776698
2.70590932213779
2.65893806298018
4.77224168444314
1.43085565967523
4.67200100520965
6.3331504987058
3.684663181634
4.55704667930678
5.46701564363243
3.27026309513829
6.21074024872661
4.16966334489772
3.16400177159449
1.91649963446161
2.25023101236918
4.01138017899426
3.90332291935654
4.02817528484117
2.94698665825673
4.33447957394096
2.20648715362072
5.36184201634417
4.07675127649306
3.30401834619423
3.48132138122925
1.78048544622142
3.61614531648889
3.38337269512575
3.213821291203
3.17912447431324
4.72388743253217
3.40849614942261
2.84397249341397
3.30825542999413
3.12371682648898
2.74917785076816
3.24168995836355
5.46619407411863
3.3246029803024
3.87513956206506
6.25593224443108
2.52590403584407
5.79661880402815
2.60169215321481
2.84814170247471
2.44863980701108
1.8581525373132
1.89653907560854
3.37958892474828
5.12508815476697
3.46972829769134
2.78734505429542
5.9945997960474
4.44943930272201
1.84741173322684
5.56223718982642
4.76355705617271
3.95562684965471
4.27169889028596
3.68288061515793
2.52434673123828
5.25793520397386
3.10299585823967
4.21754559176388
7.22594884908853
3.80601284683458
3.65681774782516
4.22606234026799
2.63671980355204
3.50173318181958
3.29627605160611
3.39301032044338
2.6393863196383
3.28541231097912
5.39664283125541
3.02058551004524
5.9641768974291
4.40596494701228
4.52887421041299
1.94892248196
2.35189711908439
3.12004989727417
5.32247668996249
7.95436135277762
2.0470655669668
2.62133837057179
0.00114010416330152
2.66630512174146
1.86796621422943
4.25459005887455
1.93479386679757
4.85330790026067
3.15257867393027
4.16515744201213
5.73364503375257
3.5580711080201
2.70241329156771
2.09087736899216
5.05465884790502
3.38843782658707
6.40013348475766
5.66375745248022
6.52830417659908
2.64303728905484
2.88053654011297
2.45060066213
7.60185711821131
2.42634492685849
6.06960192784671
7.01651167545675
4.44490025860661
4.13447458057254
5.23730881891086
5.43171102082727
6.15786662721508
5.20521749940405
1.78957157420649
3.4656662962478
4.71160194505843
6.11217597441437
2.95779605838506
5.5337182469067
3.6624067315603
2.36117306342231
2.63415092007263
0.971327912823279
0.426015024136051
4.57355545626946
7.64819139162737
7.96061805971811
6.29320728246218
0.0872826731360318
3.57635702103342
6.32571598000446
5.50514028867888
2.19658704468956
5.23288885833861
2.94104321325901
5.07314337376102
4.2288211206608
4.32753412223866
9.41691795401048
1.73535019511229
3.86207104426792
4.25626153248293
4.34489284977842
4.75423613355661
8.14832837510805
2.67082709799321
4.81432733972782
3.53084858869701
2.58339790443567
2.7037632652381
7.31857502737399
2.38418595154336
0.16121492514812
2.87857237401736
4.75565406114051
4.95424643072725
2.31376454028259
3.61205979968756
4.2030491568498
3.80235005534318
2.42287251321234
5.63530596595094
8.90023578887816
5.97166665676218
6.15131863344649
5.41878626558139
1.67381331320214
4.60634619008617
1.58842126604134
1.57182251365712
4.10488031190435
2.74845302179879
3.28816145001813
5.2377311025233
4.2916356581076
4.27624734702897
3.19257700506196
2.5034426837669
2.82729293076989
0.883009765031243
1.57977760388994
1.07964446157622
8.12612817467432
3.50562010764345
5.47252942667272
3.32856623927204
7.29390719957805
2.59596292145257
3.17697694855541
2.69496210365438
5.09232910959772
4.47780663746931
2.58653575706372
5.10415277471048
3.55765316343633
3.20348165362189
5.19980043462669
6.61065898222902
4.66617693586139
3.95159711541455
2.86345135021736
2.9104627900644
2.98108366369815
1.50869297951834
5.08042702085177
2.75886702386313
5.42354422966561
11.0700083859773
2.52123737303235
0.736374600825879
0.539343970713298
0.836929573209758
0.731690922252293
2.65992636073303
7.42461328017885
2.93190356978914
2.5308138276577
3.54250780600778
3.52246110252896
0.16121492514812
2.15752780141312
1.68810019267262
3.0494250590774
4.61111711564573
7.04937597058577
8.54266760003386
1.90226445367466
5.93231994390906
1.26089508998339
4.2581800164973
6.88198355280172
6.02501286030082
6.04121533928443
5.84493511009699
3.58747808346987
4.86679608133743
2.72742427936582
2.38169764361894
5.73220219007079
0.439579476684075
0.577882749893126
0.310172509528741
0.18488581351451
4.20968179284336
2.67887163803854
0.371942882851973
0.934802617757142
0.91871781130963
3.52087112935679
1.23531370256223
1.52942966872855
1.08696645314394
2.83403011954393
3.40134995678225
5.11439023973622
4.44370211189884
0.946820792576913
5.7913569037332
4.077612226724
4.21505672521401
5.27110329206633
8.44052642501824
10.7202460603634
2.96276438786284
2.63943796994934
4.51232931682298
2.8820279990433
4.55367540728309
1.1630860683518
1.85958500395801
0.469787475425952
1.53430915768819
1.2739584862881
3.47135597877145
1.12345412674765
6.89917014092517
1.85892820686477
4.62017188124147
4.41628007811841
2.63612938326573
5.53453189966651
2.21876687302208
7.33422858359517
4.12206399831907
5.90756116185636
5.2697664562212
8.01109382075498
5.98168085896171
2.82915163088887
3.1650434152559
4.4154630301187
11.6179024781115
5.3621875424929
6.09051947829016
3.94500130323876
2.39771241516846
7.43607557716968
8.57337952860573
3.80894465761127
2.9209794781031
2.77107859629278
2.24195002217744
3.51538685414772
4.84524942880449
2.24248018525241
1.91877118432462
0.16121492514812
3.17162469030364
6.05202550594681
3.32812336969734
4.52839617667219
4.96852126707094
2.19008307955975
4.58188283798832
2.45300199871982
6.453669474244
7.85520408098829
7.19218823479325
8.12658556947656
3.48633381265187
4.78374241178479
6.78505699753551
7.51781241065452
5.68942711107318
2.68472974950562
5.97851778411053
3.59483834626457
5.39261364907657
4.12079953593536
2.00378287321208
5.9842969896231
4.41747351654135
2.26534692566129
6.61886731794746
2.96863136709552
7.16239357990618
6.98797699989333
0.526219174488909
4.17108340276903
3.15187487433691
2.81635805077211
1.23658391581237
3.95315306259798
4.11632760885908
3.19390603345987
6.24312565989927
2.7613512766812
6.66456227647511
3.49263218106698
5.21402624571862
3.24306699196557
2.41832987727012
2.90385849746638
2.85668056599525
2.47086897451838
8.09002506891384
2.14904616530532
3.00376903279843
11.690731495039
7.02409298581944
5.8375210534332
5.85562589692312
1.29987649496721
5.1083689325073
3.73574857603588
6.2884966105505
4.03628957807314
3.04114874530398
4.08752362671922
4.24475586503572
3.37660862754914
3.59144659252401
1.93427679580795
2.8173888167714
4.33319298835532
4.58937545714249
7.01700858057135
3.87698361983569
8.04405620494692
2.55624393751495
4.81800356582032
5.34805570626328
3.82534381561926
6.97820192690551
2.60409242326112
3.97174596404911
2.63790205218726
2.53729233364498
3.45878837108676
7.93011342303122
2.72147753100511
4.37956270086308
2.29244163647028
6.06936821870444
4.09639150759756
2.79014054060347
5.05305425219121
2.50623561538018
5.29337475390225
4.82346891498766
2.73432212310661
5.23653306127204
2.97617271022387
4.72272139241931
6.83308070544192
3.58686208810348
3.93301616960708
4.05069284682268
2.26663907638575
3.57764584628423
4.43449929273194
3.309138991091
2.16927474754686
2.17048185585094
0.871709957084603
2.94430956937765
5.0280550364022
2.44096822540206
4.2011215066713
3.82848590391637
6.08256991359611
5.18871941704336
4.47036721880757
5.56782115328712
3.55940888911024
6.89558117498703
8.63207557491626
2.58567293125066
3.89100566172366
6.91290677840183
3.89122228431221
3.73943816244395
2.9422515869454
2.50864986073677
2.99916983684577
4.72350650889122
3.42396900987321
4.47422128266267
1.25406519525456
2.42907700168858
3.57300095324431
2.92825722595027
5.31756928298739
3.33838767842919
5.60731131139951
3.31333105562398
2.05450047603739
1.84009925099148
4.1384640194533
2.62625113603682
4.75102803416381
3.6847550146052
6.29988977934434
3.6245876243502
5.08410462347755
6.29767844130256
2.11181644307784
6.12933334615623
4.89567768203072
4.62772030368138
3.57106418057386
5.3121281838657
3.16963292662624
5.60155145120825
1.97481408884572
2.3940943889358
7.90981019108466
5.80459253746721
7.06718386543512
4.18467390459126
6.03505594310376
5.06972818345519
4.14111240847721
3.03351324370639
1.32437221081418
6.54025798373879
6.58353419087211
4.08436498847577
3.9417535760563
2.40070820920965
4.7805444615189
4.35207113015241
5.99162775094719
7.04800061492521
3.96691728247915
1.7966036459066
5.32283863576924
5.21614643075981
3.85020788907511
3.76501137401565
2.32892762163441
2.81363538509647
2.85730625021623
5.59378002404854
4.31378928435124
2.74560097818475
4.15563250593592
1.06357036379357
3.39472542238468
4.89537657175417
2.9642356956192
4.36075192246885
5.47989610132182
1.87068600169743
3.11264690152953
4.74408694105446
1.74426691281856
3.57423455493512
2.93682237693901
3.30125967609102
5.39758160189502
3.85704519815806
0.16121492514812
2.66194895387663
0.16121492514812
3.95674786311308
2.29563879733777
2.27681465411602
1.90417565138162
4.55347152523477
5.67627399441889
3.71666535027245
3.58592827156185
4.57640810542013
5.09969934628658
4.1778991771963
4.70640568103453
4.24466105940324
3.52621169700626
6.74722749537723
4.43582561578067
2.66675050751695
4.26656158037495
2.62110943522032
3.80575431347214
3.93415015131648
5.64853784143772
6.51745433987008
4.67795535220771
3.24011839023188
1.30370838238689
3.15455568907542
6.27999127198824
2.24822403296776
4.28320616379071
6.13379464595037
4.31544482179164
4.13884216615065
2.78169725434317
5.78182627325334
1.84741611404232
6.77356279022636
3.32018677825089
6.97008477535616
4.11581338953571
3.12517195891101
5.22978511239664
5.80502514613591
1.06773127180513
3.60425177326651
3.03752967387948
3.1789814107928
3.52170913752984
4.29162296601776
4.39572972484762
4.40950622726121
7.5255942985133
2.37224798817178
2.76228120066885
3.18019502993804
2.52845756938639
4.55658109349582
2.61311660991238
2.22189503039456
2.65381787937015
3.69328027132339
3.63257519760125
4.26176202581428
4.99263333987977
3.53353856061452
4.4023046160974
4.666021126973
2.29988599900577
4.62057083612962
5.95295237760594
1.88359461941981
3.5566790088909
3.59028986107156
2.19942373849269
3.81819903627205
3.70504473077493
5.9863225410354
3.71883056827217
4.16078944333164
4.33280227059035
3.58288031372082
2.67241730732899
2.78431032615896
3.41166216565364
5.53096970436268
4.0094176821036
4.3686876745817
3.92395334400907
4.00379724050953
2.74729891393318
3.12061570828688
2.85307833108071
2.79729076429923
3.57151447215647
7.40945362171246
2.84340906592459
1.86703636172466
3.06681440722788
3.24019820168692
5.61576128231847
0.906627855602607
4.06393315342316
3.12974830529769
1.9735788597875
4.85840483695375
3.8984740135877
4.956861003737
4.08935071456624
3.6811440514153
4.46740916875345
7.33228298652626
4.05112625860038
3.34109005927566
5.65309665971956
5.41721652887336
2.1944800043561
3.96571562087865
1.90781753237871
5.25571923705388
2.31523458690134
4.15038591210741
2.26612712790628
4.45122353706281
2.22975940344319
5.38466188535526
4.78734851058835
1.59771924602305
1.97049063727583
2.56601833172487
4.75752545040127
4.44701810066876
4.16935839145317
4.5689215063406
3.89062146478868
2.41445116807826
4.84278892929657
3.57307569939552
4.07505777714371
5.39284855969112
3.95520393676841
5.65758014395611
2.70556978970628
3.33725419175784
3.59531488777632
2.71919252741981
3.97545718473491
4.85921054463423
5.83834539357699
1.29064520409144
1.69935538698609
2.81676871042284
3.43933423484248
2.22249402915057
7.01606422256309
9.70087477348366
3.15514384140441
4.59741129337378
5.45659188398557
7.57083744366827
1.25553002098619
3.31732471702881
3.322762858657
1.92647705422096
5.29100911116666
2.38572453524286
5.50092167350299
10.2111175987287
4.24401506911166
2.38837012204301
2.88468394574139
4.75925541653894
3.3190492497058
3.96212398073709
1.12251148254622
5.30996024431257
8.51589485720997
7.17451599501494
1.38737167649511
3.01088321264651
3.63568443414316
6.55571575665264
4.02573347974158
3.92561054432205
3.16220847927403
6.62212699500223
5.13112501964932
7.09455676633985
0.00114010416330152
0.00114010416330152
2.28452332329786
4.97154400068577
3.7550759849515
3.40798473143034
2.62765674724303
1.72310417803377
3.69962751974321
5.23365105037943
3.50363602441432
4.12353534185262
2.83478915948346
3.89454905125691
4.28385042821107
5.25592557403636
5.22478181060381
1.0506071145327
1.09130040166893
4.44346236091662
4.24110845085197
1.94954367674162
5.06157590399145
2.44773962908924
4.68449874123174
1.40177105424916
3.01018072800426
4.64478450899263
3.55465431567681
5.90196404302313
6.38625485423816
2.23763011372497
1.55354364391158
3.31108336408889
6.16400616707161
2.55717694629594
8.63126227311262
2.51829035955085
10.405127216718
6.97723947901148
4.01048228081241
8.14257728961367
3.32005346362751
6.15097288321139
5.47432254491142
3.25731953570386
2.62891928532263
4.79723179078823
4.01929955569608
3.36916096385502
6.60400741116429
4.66510008645729
4.87863959846041
7.50627695558352
7.55246537613277
4.23222705886827
4.8447944391922
7.0043341226167
4.76902117503128
6.94100918750497
4.50393452382255
2.78435548363924
3.57397918374503
3.80401514012489
3.18211591308882
9.37685960576016
1.65880841382378
5.40409362789549
4.19006878586896
3.148462535369
3.084665086873
2.35615497531639
2.21492131576593
3.55061780599922
4.72933457113586
4.72939030090858
4.60850493759024
5.91860973150222
7.3626728196308
4.6183157230733
2.45786662682475
3.17873290057996
2.98375532111294
2.80033987921159
3.19180660407769
5.26132973106759
2.87273302774034
4.12556712450931
4.22246560031125
0.809639740678762
4.45811277886099
1.83034467376542
4.53647607077796
3.94714676118917
2.78693738850357
8.7537158000701
2.76084311734611
2.04756069585538
3.6309605808969
4.02980572005331
4.20273175348585
0.774085611553839
1.69660275431702
4.35408030823073
1.40773203890153
3.73539756780972
5.03974226300838
2.61652776689311
3.24751310723737
5.2591275275242
8.37507834757412
5.89593197455248
2.95716370042429
2.94101739833317
8.02186741483137
3.82243500837378
3.09390974814849
2.78956573433705
1.75435424835518
4.14082773929222
5.36035823944221
2.92613234063342
2.44427203350763
3.98952467800473
1.8736782796962
8.48633481972671
4.90477140933325
4.48005832960682
5.08028656365966
4.04250088757237
4.42982458584578
1.98271223597418
8.54456614661549
3.74412520406141
4.20269016542505
6.59480309287613
2.3971536278755
2.80051024312612
3.41105095623331
5.75800349982241
4.17089605795894
8.69104509657922
4.77232366610021
1.447052482234
3.14733837830636
4.78739284242276
3.39859256626391
2.51559953302459
3.71355367235086
1.2329455299874
4.70405951212033
2.83896868504074
3.28606377003955
3.56407970636975
7.26743136767625
2.04703803747269
3.87315665403229
6.25175955569908
3.40261290746203
0.844660135084817
2.0057689467761
4.51503863347903
3.29797000452349
3.17570542739965
0.299903568832915
0.00114010416330152
0.231209365711485
0.00114010416330152
3.64393705417623
6.93169031769176
3.51484492048823
1.82075522919996
6.84575608803741
3.0315761026173
4.89611933033663
5.4028363147462
4.17288726150518
3.2261552035182
8.1300202363299
4.37587068604726
2.49030788623536
7.61329170794625
3.63724460389243
2.8137730695641
4.23844351027291
4.21289774506226
2.53887802957082
6.6330757417074
5.88849875636706
5.75504988208712
2.34885001461811
3.14409392995936
3.41761208600033
4.57737496717699
6.24604547173547
5.56758149175254
5.36317414154132
6.38500325506169
5.96568211227072
4.2751240915756
7.37156545652092
5.87925057014067
1.84652692741923
3.19638988457417
2.13144656348889
7.13841457054355
4.97963795445625
5.59191592977428
4.04240852921927
5.08462170222191
4.12497662168946
1.51006262238188
4.10818158842246
1.83396206531458
6.08046191310169
2.88492966468228
2.34487527717053
8.04399087435626
12.2419562220764
3.22181897394999
3.32388367444491
3.45756608570169
3.45303509729502
4.82807518417642
3.86322499600183
4.2442363575381
5.38157964113192
3.87095416636116
4.08961455404553
3.09893169284165
2.19958958122736
6.65912021197767
5.18261387417174
3.32267232151424
1.65851757753431
6.04068297082344
6.0539225517582
5.91557946431485
3.8865199911954
3.33169913894525
2.81650172013121
5.0776834856007
4.00092342111585
5.20165584631148
4.15779792039167
3.32975413723402
5.28754672761601
3.3722143698833
3.05917713249389
1.73270247506306
7.84447449500214
4.97954376695821
2.51516560698991
1.69993837569016
5.10248063645173
2.9142806175587
1.98673997116597
5.57744851020777
4.77627621160961
4.1677963428008
2.13032683618302
1.61403784750494
9.80159624356275
6.16964254220288
4.49600432337603
3.62171123237865
2.29309324526704
3.46473786188065
10.3708566456452
3.57388308090492
1.40901587256362
3.27174264705348
3.51743918897807
2.90584515384063
4.1536125901089
5.8219213185336
7.07046647727052
3.75663839316349
6.7532308542548
4.48529583503508
5.08075160418798
4.21331651781651
3.94543608287713
3.92067644479271
6.44297137783205
4.21703777279308
5.79083989845228
5.914849316895
5.35793320705054
2.07531838096709
4.52493200384004
5.5492029604424
5.09376356858378
2.07962441467814
6.78169844565006
4.91078841199981
2.42902641299307
6.66897599600777
4.16563232938502
6.37082508064565
4.22788725835093
6.07749498874028
2.67724629674723
5.21068264530909
9.09300896200359
4.88290287215201
6.14262497493075
1.88420170477903
3.35183843480795
6.09246537249291
2.35100319917503
4.3480459828949
2.4696401847755
2.58014983092013
5.74901046096598
3.75949284791754
3.36740464142696
1.81283544587919
10.5771425597166
3.51316756125431
3.23069047406414
5.86303973703371
9.01996294418948
2.40118502630606
3.23408425519863
3.10736116361215
2.24295083214711
3.13898762872134
4.71821396102267
4.41047675774063
4.22901762898212
0.16121492514812
3.35954767890715
3.49812478217738
5.76714885738369
3.19494536694755
0.950147480780488
2.30989163863669
4.59475824350366
5.40997381204363
3.29051111402415
2.78495380876095
3.89359799714443
5.0830770462556
3.2009286239674
8.31296182533537
6.12843471693339
3.5072978551509
8.36355446855765
3.89311900324644
3.4292490423762
2.77435343993686
3.2277736191659
4.05166809396301
4.70531441393016
5.96885962408813
3.12026824546291
4.87721600633219
0.16121492514812
5.94883274593607
2.1616692597472
3.77435930521087
3.58738499079296
1.01015284552015
6.91898037768682
2.73323702673137
6.86479210734702
4.41361246641205
4.88938213351321
3.51945786164764
5.96401480106189
5.77423913420373
6.35709185762147
2.33168672046083
5.37563705730547
3.47665732633183
2.01461847599368
3.86100723349674
4.32228062836287
5.64827637706615
3.21599485743964
3.39301037199644
4.60248042709561
5.52585793587448
2.2919742564385
3.61827391592013
1.76437261785217
3.08158722932216
3.53460762847934
3.72506422930687
3.12578260546854
2.17548138340324
1.74369947596148
5.58230863262938
1.61077768819618
3.97169408441673
4.50780272652637
4.14452328775575
2.28971686371691
4.06828789251311
4.8822055693259
6.07646392650682
2.95024080898294
3.82101107409816
5.90519197543355
5.82524975662551
3.54549303667559
2.34787932963326
4.03060717627491
2.99543679368674
4.78298626825836
4.70897331499455
2.69336974873526
4.80847515657132
3.01539471975926
5.16495265718497
3.17225372532627
3.65628269432198
5.82888948985053
4.85572336174392
1.2090889543337
2.86706252740079
6.05875977900677
3.66421257955055
3.53246112140188
3.03542382844395
5.29825137386869
4.22652602771296
3.81369425883067
2.99008302139304
5.39706995677169
4.46177082871226
3.5443691324569
4.29174312299622
5.46265912286821
3.59917648648674
3.5471504677856
3.60304187177596
3.10246427458846
3.14081343374208
6.24358102378762
2.36669167932861
4.35464406601049
2.79506266313909
3.53981604930402
1.85963679744231
4.67846397152847
2.04625018413402
3.38360114866297
5.57230752788403
1.46810810822244
6.27995911269859
3.29640577802397
2.90768114922813
3.14802264347322
2.52883747296927
6.91099247987945
9.0820648982342
3.8075370721544
9.3042036813619
8.69313346188675
7.32784119488869
5.22725015216663
4.88281991463848
4.77923491673907
5.06640779098079
4.11108736042065
3.28002404103863
6.63191862361012
4.32948324065531
3.45575808793766
1.79274368569795
6.33963987205382
5.31717871194638
3.04203285050567
1.13033824450732
3.1021338071124
6.09744345520211
4.02212589547459
6.52282131400036
5.07473356724589
3.73059020120981
2.18931568058855
4.28135267631209
3.06213916211096
8.15335237285328
5.55762650426266
2.64154158634181
6.76884751206173
3.58123661205174
2.52666498937682
3.43635235284773
2.90837150939803
8.44255535569204
4.50903893481
6.17801597284201
4.26769758188488
2.46644630895965
4.78512274787603
6.00330239832582
1.54717386110056
6.12690480548799
3.91987976207314
2.01270723301202
6.01282636760919
3.31428782876364
3.46578513382971
7.63148657649548
4.21986028997508
5.87119501693991
3.50792971323113
2.52655294219582
2.37319855687891
5.79287082920484
4.65607440365582
9.82903213810914
4.38645503945845
2.61989810619447
6.00616298400992
4.11873984991019
2.78091414416729
1.89619148714991
2.94309017478544
4.19850669243628
5.28268625889459
2.72081713220463
2.13809106879742
3.02263659192285
1.94839875675046
2.08778513852745
10.6436512938049
1.27820115072007
4.63794396791603
10.3926659246628
3.25084115644366
1.86193117204464
0.94115572267237
5.1130273955127
7.34813250478672
4.34609137903281
5.11536198027497
3.77158124694895
4.41947378967291
4.23488135247743
6.31344885157433
3.88705662977706
2.24198612673627
3.92164613149574
5.52243946533908
3.03019013267681
4.59548668525984
5.99094292049883
4.41737899362524
4.86071797274663
4.35708727762537
4.71037736917026
6.96737613565111
11.710610185757
8.54795189022928
8.59553162319825
5.94911847046032
3.87849600204582
0.890442745769598
3.37029966971315
2.98380217379795
3.49617445889545
4.51894682638678
3.45023470149391
5.66532987119919
9.26279326290071
4.53724101942195
2.34987773950947
1.17279132450872
6.15960823407076
3.80481196004904
9.29574388496918
3.08137318462562
4.73676333774934
1.89566026538932
9.76253919167696
4.71807750576691
6.54157501407308
4.32242197465175
4.77076565696485
2.28884054195235
3.06167636866041
4.25483274218922
6.72990999068498
4.86355939164288
4.67529915450808
5.77404739607152
4.52313778757984
6.96674227102041
2.10191100027438
2.25949428853478
3.76390371752991
4.4706922878088
4.50543763461298
9.3526398164186
2.68154337004404
5.54751890176491
1.19950640544001
6.3747143866766
2.97426602719124
6.40085024841056
2.30296787424861
5.20849463540865
7.82648944848984
10.7842545726146
4.52732320569863
2.01843253419707
5.87011994077166
3.01530440371181
3.79929810942889
5.27767773903748
6.24320099667031
5.59745291582152
5.01514300797058
3.135820515716
3.57169107073867
3.85881204093691
3.25628692119744
6.35838261067024
4.22168316213293
2.18796314220159
3.24894899148418
8.39859867689881
8.78761107480297
2.00864514607013
2.72572424362825
10.5158404914896
5.42522496763686
4.61156139682975
3.1041279243797
1.86880005953354
1.59469052449003
1.47267905170918
4.40535043786359
3.04568803190426
6.92347541987918
4.721585080604
3.26428108654996
4.36598439830534
3.65384174481662
1.87989861451338
3.88099793322599
4.68449248251823
3.94660811321409
4.04542204066027
2.14879995842216
1.95633563622628
3.72624532115832
4.34132092028032
3.97624422374653
3.24677141765331
5.24525544323646
3.44434199172571
3.83922432909616
5.92522569137727
4.14191249320616
5.6036994967029
1.74318821154558
5.083050098912
7.07348100682329
4.13887096873299
2.07945608789147
2.42946514386782
6.78159001079047
1.66872847240224
5.33845542335547
3.8139600571176
3.52206993406126
5.03098572761071
4.45324978540396
3.4405201767215
4.11314648420662
3.08420718777373
3.54702637879029
4.115949064945
6.82493480304488
3.9033999836283
4.0429576861106
0.674871077307507
4.1213197714583
3.36004877521534
3.78911787761704
1.51123021992289
3.56633098188922
2.13265884632783
3.27294917656727
7.3691193614866
3.96060359912258
5.72947987101938
1.50547137652032
1.96112508545066
3.27699999866678
4.64958013223269
3.98885378279779
3.47055326339624
3.25733919925539
6.51687102004508
4.69579377792978
3.64868355749966
3.95742959631678
1.34328916695776
5.6534952624036
2.20202819253484
5.87831537172324
2.81780199345667
4.85442644715882
4.69501402211628
3.11026946147842
6.09512034932369
6.75420968371611
6.48393955779266
5.22334637674438
3.75815786051687
3.13508806643308
5.95986920619366
5.27297285851424
5.19128542830596
2.75032674457816
3.60318853119886
4.03688778318138
6.32510269994492
3.64836790308554
7.73226406207874
3.75164106445765
5.35601289956155
8.84393745281346
1.74412392848326
3.42810242311291
3.82966202661218
3.03516943273498
3.54714659691185
3.37239266156413
7.25146459347688
7.31297478457322
3.16638415447144
5.25574526044154
4.26328195120362
2.72263364918008
4.38627288859529
3.72551268407296
3.61040424820987
3.90455259440781
3.85068378641405
2.93343161630371
2.32226604716201
6.54118639348877
5.6320203639729
4.77855975854248
4.86012433834426
4.05473173450431
4.53900658762215
5.9552567424669
2.04711954519125
2.73678474876063
4.74158782658058
1.20831220432218
3.46241187399398
0.16121492514812
5.07216992954897
2.32801293457034
1.62473782884928
6.6680521338347
3.01940925626706
6.16467105427965
3.67208564197493
2.10735937734427
2.92123784145502
5.12694705537955
2.88224089285289
3.42074145435695
2.46780177835224
4.94674012515446
2.26590110849535
3.29315432922451
4.58822446731968
7.17327829144215
3.03851966444718
2.59641273825008
6.18894659117456
3.13670361911341
7.40191375837488
2.25033615703065
3.60293345343345
3.44769506092113
3.04460187817327
4.06311245641524
2.74840580959956
4.96045302056467
6.45770025102614
4.01378306178045
3.79289008006538
1.66038806546615
6.90540600119982
4.91585221216847
2.59475915052064
3.16455003221172
7.93032047602829
5.66987017106417
3.85239707684349
3.55743114567292
3.43762387409856
2.40174264465166
3.53458579645258
5.33832598734239
3.61716059794851
4.2984199162847
5.5414165803023
6.52891872533345
3.03893464151318
3.23499219336592
4.54372143906511
3.96083062717142
6.68297150811607
4.32068914248795
6.93550273303839
2.88734870921177
7.25274737298075
4.95897503055721
2.4941016297467
5.30843133593477
6.90115295733577
1.42089713384784
7.8772939729839
4.28585412321305
4.00982465181195
8.51463920373698
2.65613729693181
7.14965836726981
4.3177434994588
4.57599646116503
1.82694113229558
4.57770279381487
5.1175565023715
5.95614893635659
1.60388123906197
5.44852923103277
2.83473325357387
3.64337086401363
5.61990375451983
2.6393169899972
3.01829708023724
5.57678648789034
4.09225511557887
3.40732837038035
2.42124489229647
3.00387669491074
4.20152551670695
3.37919443465002
2.55014798304918
3.0043311244132
3.92614743692911
2.81821835019838
2.12145359290762
3.32407739176431
5.60358597049085
4.86466363839836
4.55520665954647
4.40793368809444
2.98243000183034
2.74837724484844
6.18972429850348
6.34915229356382
10.9531145180152
4.43959972031528
7.33558351282477
2.69358464657489
3.52711079284884
1.9118416706938
2.76681173153277
3.56019456892367
4.14764978228927
6.64791112356485
6.29567919194211
2.00237112805041
2.19430409395225
4.70620758506613
3.80330162285576
1.56192519948083
6.29067029177227
7.56490341301343
3.93680639581634
6.62162643492949
1.99353507003408
4.94768302614463
2.87137448671034
5.10654565998401
3.45932951868131
2.21909886261826
5.60047350861776
2.47156451210666
5.31945222882275
3.75433543003648
6.94265400402696
3.24480802854911
2.80731203097308
3.84145136348667
1.79565049057186
4.82639424043878
3.57545194805382
5.74565668300831
4.51222468457971
6.10484083921612
4.53975607099516
3.38888975402039
6.95092338747162
2.56709176391121
2.60686649670628
4.33247337707521
6.38991945759185
5.40973740243465
5.31182032247751
5.45415310073841
3.74396015195705
6.99030510080265
4.00633470437422
2.63640286277423
2.44836789502324
3.55295199232789
0.422917627416151
5.16438740853114
3.40200639648838
3.10778151389919
2.37528899621458
3.0628108882594
4.47219946089183
4.39347855000381
2.71145134053347
4.5186002247406
4.79298040813951
5.05014245270552
11.2346193112833
7.81265930576871
3.39069061310407
3.07720630508015
3.27074811585713
4.59544623322603
5.10743816382118
11.9405867115813
2.15636727168485
2.40560484579977
2.69549685683415
5.29082842651174
8.42612658759157
4.91663785707032
4.60273840214801
5.05550810000839
4.61626810162516
1.92978384719519
3.7740364792752
4.1766437262997
4.22413161864963
5.83091809922893
5.3620389062099
6.17224113991981
3.45741559576177
4.87451987670968
3.27432285567885
2.4715163292872
3.74632254266397
5.06859811669617
4.23932512638291
3.06042412805916
2.17051673427493
1.44348100214781
2.69155866622395
1.3253389649969
4.54342625885256
6.93832377477691
2.72502576516657
7.00031827820451
4.4054925147357
8.38528503635207
2.59505870068635
3.01199331517858
2.15886200062102
6.06901606989885
2.92883855608279
4.97898427836216
4.90863108703258
2.30162655072356
5.27373706560033
6.52100935720682
3.13665176178891
6.05458590977968
3.74558802322392
3.48780045718437
2.61354276173058
5.25768132135874
10.1387564949032
1.29570649312174
5.50107705899803
4.12317205707305
7.26121535635658
4.56968129424549
4.41459326664795
6.04808045786442
3.08742896849496
3.43594770796052
2.7803465957416
3.02803539873871
4.50161694995929
8.49780488967507
3.40376143077359
4.84644326207084
6.80408001561663
3.91051581122674
5.83067983253362
4.2528065465784
2.39674888369479
2.74967738853285
3.57378259144699
7.51995059660511
4.6515063485362
4.89382607192621
3.79973889875241
4.76894816291421
6.57764027027971
2.20524344406323
4.75308391769185
5.56824417456085
9.52898962031918
4.68773819218678
2.96601493871924
6.41949493156191
4.21645835740884
3.16549680249473
5.46232519084834
6.33078181103132
3.94197242653507
9.88558329443564
5.14526739624911
5.85338975388896
5.46292730314842
2.73242610752652
2.45345269734272
3.61407127893977
7.04382487315772
5.16076153108174
6.28303200025378
3.71080658240225
2.75973864216428
5.30328709109128
4.04691612006913
7.01008283345105
3.78872151850209
6.71754604166474
5.45097081261608
3.6460110652117
4.23012168039628
3.39300740596672
5.63355193728247
3.79111602861321
3.55816912415822
3.63143151536806
7.25104383056917
2.73229426682439
1.91002441865747
2.60746042736719
3.3890328039019
3.28258652375103
5.87119905927571
4.16110675489755
9.46083294376326
4.27380110975028
1.78731060717792
5.35655811976662
2.05777912162093
3.50742832653416
3.7073679006461
3.15824198683572
4.01684304339529
4.17495309308101
4.4555579186376
4.02373359663276
4.5781554064037
3.14703137940737
4.41251528218636
3.2082560218662
2.52873271911575
3.78872565422167
2.76091197315215
5.97762814652635
4.35672301598401
3.04046235166465
3.66529510434077
3.68051162393985
5.02799845512852
5.57039140628878
6.71014003843221
2.36139543827973
5.51720622746199
3.62570711304791
1.90648080250101
3.25804646167451
0.963460618892302
1.76810456180905
3.28873031886895
2.41859039166308
3.23287952565664
8.14872160941914
2.26768505972081
4.04864582315267
9.02988669822866
5.15661119098183
5.63010624984563
2.59544188051289
3.78788637490762
1.77125603666241
7.69321390960862
3.93301877161235
4.28848286833282
2.34336424317403
5.28388382682266
7.6840115943434
6.19000371324949
3.90698952685134
4.25611617467715
3.54431477671519
2.32171938641179
5.6990537198787
1.1648378190716
2.15595242726454
7.00872083965286
2.77944032248073
3.152707498416
5.03589619347207
2.49903584095138
4.59376108335636
3.62997212541583
4.28839731473832
4.14466564733574
5.03914445667833
3.7679685951537
2.36969466497536
7.73018428737236
4.95575814273308
2.42723951081277
3.00382083411949
5.85370595251782
5.63672787333935
5.53997758686965
2.91676791825608
2.82551080668704
2.73525561709152
6.50099896311
1.54830241052903
4.14787727898054
2.81122085984744
3.56745462824217
2.10372675427176
6.05322964946274
4.06747508469775
9.52137342691539
5.17761227203047
2.62346693696673
3.82123182548465
3.4554644651369
2.19957091928476
5.10478409270254
2.71928767691597
3.76071854042227
5.41950416093676
7.29942303498589
4.49593127918262
5.07736284041937
4.53278012718476
1.86750293018359
3.76527591466821
4.41095637884435
3.6632208036233
4.5495163888746
2.7743431700186
7.13264601317312
3.23251975689226
4.21974681886328
7.08052290367594
3.02346758559278
3.17115555036959
3.92282765188335
1.92882033180718
3.71655378248001
1.76096833775975
5.20835635721684
5.54764336546897
3.94090978723083
2.41723684279804
3.45842835759193
3.35333532463941
7.15537973885493
2.51751461432277
4.20113486468529
5.03964930635352
3.2270767478601
3.72754974452572
5.92178112638188
10.6493607376351
1.16681627149467
1.20145266036344
5.78200364919159
2.77624492063228
6.36395064420116
1.80598557519527
5.74748248723032
5.03330998703194
2.79597540824129
2.9778612175443
2.39733607704006
3.50710172833631
5.23582643847505
2.37658578462159
7.41662347947672
3.25410361955562
3.78548499414032
3.86333808659735
1.41919052840354
4.77302448834937
6.28809637972322
5.4673775402706
6.03434699023027
3.80199391207894
3.74852660810599
3.78638813578505
3.20080799134865
3.11655584352547
0.16121492514812
5.49232938410238
5.38343488723906
4.2574052695003
4.55264513221455
5.12344036779849
3.32394902225948
3.10593283989882
4.52839738720947
2.93498494370596
6.44784184157935
3.6683231799158
3.6407570483715
5.46959544924591
3.55859219587138
3.63833760535415
1.82045069071058
2.19027023941012
4.63785298767068
2.30480736985207
6.27449838828235
1.69264362541524
4.28889045321694
2.1806330029211
0.00114010416330152
2.05686354875361
6.26011245782019
3.24482066109571
4.25789547243427
5.47758159040158
3.41027895041406
3.72292402095686
6.45378885393233
1.81361655611699
2.71431311806044
3.18338833578682
4.27826749476998
4.45755504774001
2.72114654523547
4.8900755824524
2.76578537374102
4.44295644260858
1.9098831734071
2.86928688376717
4.54684844210606
3.38618120700166
4.43614335392473
3.46072246727735
4.26250245479079
3.5203132410215
3.53622348816362
3.58988559023854
4.35810313218798
3.78738438271418
4.61604861881602
3.76882849709976
4.8381680852384
4.36828626886294
3.60592725938496
3.62822647857833
4.5184388160019
2.76477131277104
2.73326006350093
4.38785415767073
2.93309164824821
4.37922734556791
7.04519647139146
1.767887168337
7.62911353080871
3.25413079204742
6.48095672113415
4.11013672029589
5.59540602583132
2.41870501242465
11.3296189054263
5.40382155555572
3.99358833460257
9.54916289290103
4.34093100042074
2.19581473979279
4.04500744396092
4.05614275130958
4.26076462932737
3.44830697815877
3.62925997534337
3.95184486449326
5.69691385300836
3.23872090545782
4.63260153224091
2.68510347913928
3.4355251653378
3.33101040017434
2.96208039838649
4.53374617680819
2.27193966687058
5.15440388463617
2.47893291033087
5.12437009903862
3.84222856570333
4.74527281170701
4.42638412995549
3.40696052386794
3.34969977818024
5.90911397468134
0.960550103114816
6.783000092623
6.68063125966267
2.1029072931097
3.40792260043548
5.08493055019502
2.13135976357686
4.03729427797913
3.21500803647168
3.30171986274797
4.96988208771242
6.35695505266236
5.36678041458306
4.37895415620669
3.19079247674143
2.13493397690787
2.46190585127961
3.02926535126575
4.19323845001293
4.64030130190878
3.05701178263946
3.94383713282325
2.4169212326272
3.7121761162277
7.96788808677264
5.15892762580472
2.51272689842454
6.15380771668968
5.79395771175034
2.20806643799763
8.11962145807133
9.27845623952246
4.46772609441434
3.94890950299854
4.49402245928119
3.67874146787098
3.00824576784076
5.80466078873675
4.50463936566949
8.47099543036927
5.74087225903172
6.244864710021
4.54952042447315
3.76040461006881
3.0553175196229
4.03564539224614
6.59138760363339
6.68127086386574
6.30751125501958
3.53275872209345
3.71955898761799
3.01270101309815
8.11933932719156
6.88663641611908
2.4534204730897
4.02336502661978
5.43507903584882
3.12567468216693
1.99932578158757
2.27895534985911
3.84727974076484
4.04975714535118
4.78283687571958
3.44093734460301
4.55731241105883
4.66324793418992
1.65822393779007
2.19915553444927
4.00500079489562
4.06600071242446
5.50505173598407
1.50659056852858
2.53537968394775
8.09116791878174
6.21831706262628
4.99775607118646
4.37279230890005
4.82741411854473
5.38489086885081
3.29074222145193
2.86219152502267
3.3801346700875
6.06561122156699
2.19648575526145
6.41416078848512
8.76769527938511
1.46542857367796
1.70343933068202
2.57728498607018
2.31458495379586
3.1906568771876
4.32106358327111
8.10562107032257
6.82377384328459
5.33279479695822
5.1377197557195
6.49831726713658
6.89079896827648
7.78588456437276
3.12433125365859
4.26390909785759
7.23692732032102
0.16121492514812
4.86405812285511
5.86543393008833
5.57524161153689
5.46026978192661
5.49511541158646
1.24962242011062
1.8429894700967
2.67316113826442
4.1236101845517
3.88498322779006
5.92503414295759
3.5371343606663
4.49876770052829
4.84786378699357
2.94003087440182
5.00809641428938
7.73186538830097
5.04573922305823
2.9358846686567
3.97692105884635
2.62955472608717
3.22552741538746
3.08482753920077
6.82264419156699
6.55451263505694
3.56979003940391
7.10800574976802
7.51006037334305
1.86425773904186
9.53807750391747
4.268400005883
2.32412103869252
6.26576905509803
6.81731679106774
8.49720732314328
2.45932466463914
9.19044702616793
1.52680225602291
2.62136919029408
5.72123795044007
4.02354385005179
4.76203231272655
2.53132062193391
2.85560500104169
2.02296708277996
1.48193091024281
6.77491881854915
3.89011038690716
2.40845446556261
4.33229366197817
5.44166722291656
3.88495923476374
2.44590386109582
4.09726978597187
5.408297816983
4.4920095967701
4.24925383149362
3.3996391740542
1.67025245235487
6.95957194294228
3.63643535811648
4.57263464690079
3.254285082731
6.83083057231494
2.84234785885029
2.52059625599736
1.92831157115016
5.24689552181969
3.74298748551995
4.62870516077388
3.01905928291524
3.12709649449322
3.55313098038291
1.15447226693217
4.25146192586536
3.05434564241426
3.09164309581566
3.69516428499073
6.38996203740529
4.09861144569728
4.57005027768222
4.25143846293344
1.8472358099164
4.60651344215853
3.39858872133521
5.33887363643375
3.40362355753512
4.62883567681326
5.73632023880304
3.35792832317577
3.25763761037742
4.3849247456912
2.47487150378213
2.95830942359215
4.64071429190485
5.37224770196002
2.77584346449169
3.04522890132303
2.61087229795824
1.81656502400196
3.86727436121977
3.74938664051418
2.85088307229872
6.50643713001352
4.94926390833366
5.85788856116933
6.21658391660797
5.56637540089578
2.02069800069561
1.77680500689587
4.75646305391915
1.57091111659756
3.0626602568182
2.293801394252
3.23437590910097
3.30936010239773
5.25007007111634
4.760470894143
3.93161921691646
2.12990059165969
5.69775834757842
3.7616329665194
4.03185359557469
2.45461626379478
2.29121289626582
4.03667881887447
2.13645913674265
1.72188407521948
4.76548359055392
4.83563337324523
0.966461821575812
2.96558243011341
3.08097077283008
4.71117768927604
2.4785479756762
2.33378164291431
2.69243227792445
4.04224740520751
4.03871726847129
2.46704261070287
2.52649692079668
5.1054279373893
4.00262751509662
5.73591179630395
3.69688166513079
3.45668010198926
3.14113167636564
2.38776786922284
3.5194855516746
6.79734429292213
3.15658599124657
4.24008431857149
5.79372263322202
6.65941839854767
3.08646032768087
3.79580556099561
3.22267633149627
2.44431260173343
3.54031134526087
4.85773187204695
5.75014618577186
1.91113344212137
3.50944917679333
2.70848313261414
5.21344098081805
4.00013920915868
1.77140546294831
4.60228959813971
2.25619965723136
4.51036213089694
6.34359260245239
4.82181310256435
2.86508432828426
2.08896968310431
4.06912650823954
1.18316692532864
5.05168889460763
3.66234717191735
2.59903462462469
2.06581412489327
2.57627361215259
2.63458647932418
3.82547677209173
3.28535720413873
5.91207894472569
5.72593801803073
4.55194133608119
3.39803858806448
2.48852647624235
3.96325040323409
3.18786360165519
3.31000004856082
5.09845419842926
6.69137582759292
1.55339284674351
3.05458233438264
4.5365100912621
4.77440788328122
4.95300167329704
7.69623810501526
4.74943464588222
3.45035719914439
4.51814530116008
2.84197643182631
2.83231395200737
1.66754874593788
5.23348065559257
3.35163329622097
4.38395431425757
2.81452302412918
4.7073115585952
4.97488393252629
4.7291150677595
1.63427545657679
0.16121492514812
5.24408848460959
6.32317166571604
4.9987718341826
2.51738267481212
4.51670941856447
3.58826454615357
2.83645837175047
5.82400852035712
2.34389065359168
5.38383605678596
3.36229976572353
4.21099000275414
2.88507104203205
1.3914613628298
3.18878981601501
1.52791659151192
5.17898181746459
3.30421380422665
2.11445013355427
4.80356972520839
4.66966710820394
2.97712901036604
2.75536682573438
0.907194854512284
4.95777282005479
3.56213547375737
2.32615008356241
2.19068479320249
0.871932517452565
2.28865877363057
2.73187052978676
4.75472216210131
2.91509498848066
4.89646912623321
4.30039826777566
3.45058268959762
4.39655769689347
4.11116105528276
4.79243103636317
4.82112611462128
3.97426066546624
5.31225568726309
4.67758613896219
2.90162176534907
4.95891569129353
3.53500582304508
4.22893248928934
3.10354300158109
4.2396551118504
3.93518693004229
2.03703004466193
2.16945051836375
3.31874835886341
2.46493734671838
4.58618045475916
5.61342245147281
1.70194701483215
1.95258729862963
0.467132454452907
1.84105626812598
3.47298021731068
5.37623711739741
3.4596533083957
3.17857758521152
4.94472303220149
5.68020531390658
4.11841082061148
4.46432689436176
4.39219620578235
0.92647698399256
2.38745628550865
4.18958090532897
2.94052284218925
6.42627394199991
3.60826670804742
2.85202251588131
3.5011685788456
2.33786139403727
4.92450674710392
3.80744953339012
4.73205701404345
4.86005892020123
5.31603284921224
4.6480605157584
3.86143610809925
2.42643786371859
2.45048633992605
4.97149138408687
1.0101209730239
3.38583164319543
4.04975362200743
3.98731995768025
4.1684165062466
3.73631776058287
2.07147492551016
6.09712105920009
5.36106809553869
4.79224019967232
3.63259770655343
2.15513624533128
4.08168067403454
3.48598132787941
4.08147859996557
3.13461473766614
6.05474343003689
2.4805925167752
5.05642828156431
6.17887397717723
4.517693741553
3.49414724070274
6.14004558593006
0.581868516344509
9.59161918525144
8.02686147909422
3.39889476031394
2.98245691274099
4.29221243696837
2.53866330507035
3.19913974484806
1.97040528184461
6.01639342540444
3.86092122315854
3.72775476123683
1.68451770517331
1.23280599726778
0.748374413623883
1.57591580524296
3.01655825107889
3.06873329120741
2.84438532004476
3.8558198561335
4.62652337074515
4.50508050732863
3.55367009357818
4.31226651066434
4.3037577541089
6.09969434044548
2.91918545392347
4.49235618317398
1.6865146597354
6.20649459047608
6.11852401073765
4.08472471712186
3.81995681682047
4.72618636672667
2.2121759235001
2.93125046429578
6.83978363379755
6.72788011515439
5.12823628225549
2.45824876796759
6.48071858520176
1.28622551939275
6.31862225324048
2.97549289700384
