max_dist_z
0.0102469558894388
4.27021455827759
2.74685251872007
3.34035766503476
2.42368637569757
2.36171717946011
2.75716209394951
1.20683476498476
2.22397342769849
3.21108586151958
3.09390461344116
2.14168500298968
3.10051662793945
3.01844678075478
1.42795094334043
1.92804015136814
3.75158883339973
0.509267387486004
0.0102469558894388
2.00452129400223
1.21526828025528
2.07864200500675
2.72483363279051
2.50729052121452
0.0102469558894388
2.75902827598811
3.47298352218466
3.31237191721133
2.99249297425247
2.00269414170887
2.84157056345755
2.5377439720919
1.40273160409433
1.39401313100047
2.71504044305226
3.33625981624102
2.4505545317101
2.53341174405016
1.16874190000134
1.8052233981331
3.02323289163619
0.0102469558894388
1.13130412649631
2.47280590112735
3.2009666725065
2.65448715504526
2.94031183146484
4.63272315402911
3.07395720859556
2.62260507454356
2.87474728355348
1.61869386314111
1.93296527303262
2.83133131507397
1.48103724316131
1.52681868825401
2.52410677327018
1.83930965555347
3.59048130900564
2.86614462232346
2.72720337401909
1.7869916345465
0.0102469558894388
0.978786238235608
3.15603767176546
1.87643133602189
2.18493303782994
1.0100958170011
2.39707534374011
2.69487590426335
1.51971401178371
1.35249798425249
2.48446079038249
2.60879728193428
1.70889077351611
2.99350338075697
2.51181288354501
2.26458442558786
3.03974933819594
1.34921561329717
0.0102469558894388
0.0102469558894388
2.28361572363092
3.47470373261794
2.02292933288913
2.42006094279693
0.904001105116851
3.98228347895108
2.09639768469679
1.62515259828226
2.53632523254285
1.74742334352115
2.48954207668628
2.49688978730981
2.48826494085484
0.0102469558894388
1.66661866474844
1.78487340995551
2.63727629349388
2.98175547096959
1.50150726311789
2.28696709152496
2.54518498710388
2.416182098108
1.77225756251338
3.9589373611646
0.352839207814482
2.58862384930457
0.0102469558894388
1.38290877124051
2.05271415093855
1.98625396360292
2.27875637267184
2.92419946662332
2.31525914880763
2.95902722329714
2.77091217176922
2.85127624498749
2.23385752327217
1.29777848149289
4.99049456721159
1.37222903001362
1.56840849390431
1.3601886181621
0.912017811208286
2.31630233739499
1.79791906452927
1.06885180327519
1.10190438021823
0.0102469558894388
0.0102469558894388
2.88915988228865
3.84463821792507
2.22434775254499
1.19996201546702
2.80150431503646
0.0102469558894388
2.95338647251931
3.10654174746429
1.77054359945684
0.844703250947787
2.53031268688771
1.40626467161437
1.77218751997563
2.20107146886294
2.10245139004118
0.0102469558894388
0.0102469558894388
1.77784976311892
2.28621424118344
0.0102469558894388
4.17498442297194
1.89751200941468
2.60957310032411
2.17839422309992
1.81061688296689
0.0102469558894388
2.66179268013769
1.733050951021
3.86204808734783
2.1959867206734
3.77701898764494
2.2736766250074
4.01844063126843
0.0102469558894388
4.82358752257902
2.96120021704336
1.22585956802588
2.23904475985139
1.3359827480868
1.84807206062673
1.95358522977735
1.39858486074853
1.73354555822999
0.0102469558894388
1.65918975651926
3.06292095223339
0.943523430589825
1.02416210691527
3.93831021863198
3.50795789842507
3.9167977064647
4.09740688227089
1.92704782096959
1.71429164251186
0.0102469558894388
1.89804482432838
2.0551088106939
2.53513883894498
2.40024231840047
1.1392505950409
3.17413538647826
2.5527390170276
3.89524487945954
1.66920883215417
2.08926613931913
3.22263113607933
2.10648051890141
2.43173190745292
2.7870450365038
3.09201043575663
2.23055110571557
2.90335413425012
1.59600743603521
1.4969546388531
3.72024262169411
3.8611186846138
2.34076992517746
1.86253670514954
2.84273211686109
3.58392634275417
1.43347905146301
2.51357931647358
2.55091504754094
1.17207033896287
2.11537944393682
1.75367486774205
1.92496023801595
3.05116057822925
1.85028142014759
2.32794140303793
2.75698435669706
2.14451485955544
3.80238971378145
2.4603331419992
2.84565519764825
2.2313275214003
0.473675768423416
1.62010214627324
1.79008794455071
4.60350280826934
3.70238368781134
2.35583147208499
1.73777852233592
1.63202656563499
1.94466957286421
1.93373341985706
1.45913642584727
3.10703108502668
0.0102469558894388
1.96326101689263
3.92638593336962
1.78956981241927
3.46243314829118
1.73711803051513
1.11761907173914
1.68421619816795
1.57540270864294
0.0102469558894388
4.31985722128631
2.88809289025457
2.66341774282541
2.32846282540687
2.28639519649773
3.02372599789602
2.82430936654825
1.2553014182245
2.27102624741387
1.93055272978684
2.22663511121574
1.32909472926277
2.82607794581481
1.0583951548747
1.00200435940908
2.48060276432173
0.474302343603598
2.39731582211582
1.07151318566396
0.560321825113667
2.46639375793115
3.9410739480109
1.26348769325289
0.741983302024216
1.97095543101608
1.92043249448617
2.87623854639133
2.50344491104688
2.17479946840047
2.95677446285669
4.70328940246856
2.65529404983312
0.0102469558894388
4.9423859288039
1.7318163815431
2.87211083788348
1.92184703339824
2.03688734774349
3.25873734231204
2.46306281648036
0.773881918309459
2.81853014542685
1.19170724183824
2.2686872517537
2.17624891151797
2.49452605486812
2.04641138186434
1.4579322176147
0.0102469558894388
3.66389520005788
1.46415891032657
2.67502860990969
0.621183354955402
1.2822404153642
1.28210162522485
0.0102469558894388
3.3274869686813
1.54627529017419
0.0102469558894388
3.36360531870749
0.0102469558894388
3.08384240283841
1.52911048657063
0.0102469558894388
2.15345042870519
5.43911875447742
2.29159985750222
2.73791960343405
1.49315918986488
1.83089276506417
2.42458873531197
3.28788602602656
2.79063216541605
1.72574907268073
1.87725267651002
3.51494872926813
3.07448906426757
1.72224235983972
2.42516572206249
1.25449631914535
1.51299553850022
0.0102469558894388
4.32746633335042
2.47132561806618
2.20707788979041
3.12309221074366
1.54946725340472
3.95384484778557
1.83617555454906
1.94383444571673
2.53557337864227
1.72147779205905
2.09038995635909
0.852219790533857
3.4844663522532
1.68568154913684
0.0102469558894388
1.43886257546649
1.32879298882423
1.21916533819193
2.97685137143093
2.97058724561747
1.75248773462655
2.93534535291807
1.6198935190251
2.20308390456312
2.23754992673112
2.67925725135493
0.0102469558894388
1.09285850645503
1.89893888634374
3.08003628557764
2.54674639902762
1.61411573687991
1.60526416650424
2.50587895906038
7.85418662676021
1.50286999697102
2.77296047796538
2.59360985755189
2.33793337584855
2.25608545588284
2.05786068438536
0.0102469558894388
2.95667369321523
3.41496783566382
2.84982675173976
1.50708327932704
1.917310515777
0.0102469558894388
2.55784237940038
0.322188217343139
0.447811014913165
0.0102469558894388
0.0102469558894388
0.312689446533836
0.23641671992644
1.34815106746568
2.57511184731604
2.78223824849564
3.01471249458865
1.51360429831735
2.11830507942905
3.20796271520048
2.3699860555509
1.71413084231173
1.97946399462663
2.72658785668329
1.83571514127582
3.47561647722411
3.1963648348498
0.914420461433977
3.20353218118507
2.19640687155169
3.28078546674376
3.58771705530318
3.05809980416573
1.4333605999777
1.50013597555689
2.53439659323372
4.90006852078018
0.866499629475879
0.0102469558894388
1.75338660412166
1.46683719016432
2.36369670631202
3.16856008743048
1.39840270701371
2.79246783269304
0.868730493201637
2.23683322913172
2.20310692101902
0.0102469558894388
0.0102469558894388
4.38999546659144
2.83837018823396
3.93421376052418
2.62611373994316
2.36210976562606
1.85185880799411
2.05972984602656
1.969243675191
0.972370983797975
1.80481270998312
1.36955709054496
1.27842100628618
1.36225407848974
1.27616665976486
1.7069031428084
2.52179429393934
2.12053672495747
2.27689200552317
3.7402297680433
2.01536371650194
0.0102469558894388
1.73226903911552
3.54756416348119
0.0102469558894388
2.24172917169662
1.34874309889917
1.94546270057765
5.15450217218699
3.1290520611875
2.95292285984817
1.38586134500964
3.55921409713226
2.233394157636
2.65026912691768
1.72316067115774
2.50210809582779
1.47234374590519
2.621622089372
4.46415533714055
1.71864600691751
2.23225249088527
1.27825540046863
2.5602439346803
1.43165484701434
1.73348545547359
0.0102469558894388
0.0102469558894388
3.3806360157147
1.30208684439157
1.26108493664411
0.32991342233738
2.87783503263123
0.721541808996651
2.04361197364359
3.17894570142139
2.18707665776347
3.6987397766378
4.27697057088837
0.0102469558894388
1.06288432423992
1.2961709740351
0.0102469558894388
2.47185272072084
6.07105102251052
2.87627435627451
0.0102469558894388
0.0102469558894388
0.0102469558894388
0.0102469558894388
0.0102469558894388
3.936406965153
1.99108455622197
1.98460734622481
3.04592430275889
2.89817138370261
0.0102469558894388
1.8708406677871
1.19108420534421
1.75212421160358
1.82641160908773
2.74735962248196
0.0102469558894388
4.13634057989539
1.0879821357712
1.23558650982591
3.02958472991778
1.64150602880526
3.00479244756708
2.20338004039856
2.34189206880284
2.05212253223207
0.914547185842341
1.94393409008577
4.8196312704693
1.02515610274518
3.23535397789665
1.24571624053868
1.48460624994115
2.72740867476906
2.67075699210808
2.33638138545083
1.25082333562435
1.81365790771395
2.07665726931108
1.69033272775071
0.0102469558894388
2.27493086704953
1.4699290741958
1.84573780187574
1.53551256743709
1.69093206867629
1.15406097931923
1.11912160414686
0.0102469558894388
1.86710012915776
1.23918661303872
6.11289986824114
1.94596484500551
2.76925926831236
2.17202320315746
1.93208657776996
2.60910421618498
2.57834368850745
2.73605788824021
3.52702626898862
2.02015582620354
2.44351702152368
1.52395427839925
0.0102469558894388
1.54714664293585
1.89743611524202
1.95650800462849
3.09031125341042
1.60404825399931
4.76528788634888
3.15512200995833
2.30774819647612
1.48268562527245
2.23082872976368
2.56881705660115
1.69109631376767
2.07213329947778
2.1912745266659
1.05469930688268
3.07727655795989
1.94420268700685
3.42078422413996
1.67441644060951
2.88978940662509
4.05226864742955
4.00367085154945
1.93795834253639
0.900789176334961
2.76889416969631
1.81992041407119
2.39614073516469
5.0486021100561
1.92112964242682
1.35524746383584
2.34158069019999
3.47238887442105
1.87601587264973
2.47576570033367
3.76058678280816
1.47897384077107
3.53606020799476
2.16284581531317
6.08616790917332
0.0102469558894388
2.4616984137427
2.63474265028583
2.67307944061886
3.06633724070537
1.76564874026328
2.20617891897616
1.11712998127841
1.12749255020155
1.39164716767355
1.31425168797908
1.82434456540119
2.72570663531998
1.16895503016549
1.64640765731637
3.17708215091443
2.50230388921595
3.11471893520512
2.23711240743782
1.84018273766529
1.73754195056073
1.53533505293399
1.00395213953252
1.91018000847483
1.45818528126765
2.40034142162759
1.86374374164127
1.35341445368827
2.09587664256165
1.78363339319181
1.18152799320791
1.86599243629747
1.42238237222444
2.63830139636743
2.10117116212394
2.70668149730301
1.98168954610044
1.00116770393021
1.78451605407216
1.69595895706272
2.58484146157969
2.44754180143973
3.69796930821107
0.0102469558894388
1.97225460414268
2.61523366972753
3.15009934467399
3.24935863200521
1.2428510153899
0.696571215818606
1.86932120597904
2.17534304456635
2.37194013930715
3.44518482871811
1.79528730709258
2.68267093938199
2.4243975809648
2.3658876238598
2.29025266195154
3.06190564240994
1.78301922843956
3.78082688518552
1.7908127271008
1.42134130580414
2.34958340931526
2.79446942569086
1.87703836354977
1.21987843360877
1.70950430604392
1.9430662933448
1.18174222183913
2.56568255765579
3.33239023926291
2.23682599735002
2.22623252067934
2.7764089376266
1.01019623601465
2.7875585663828
2.50307966642686
1.38862316732171
1.2869777092352
2.48977809782285
1.80988334339883
1.69397939275489
2.02649291848916
1.7662788981271
1.7084023552191
1.73120881989982
3.00519558485921
2.06646997591407
2.95132763118774
2.31824308480193
5.67466075556674
2.45936759712105
1.97145806681239
3.14763940219615
2.91891542368124
1.87953316876392
3.4263455759931
4.56269784253499
4.47612934795286
2.26551975346787
3.45575561781379
2.07205271417536
2.51957843609617
1.66505149382595
1.99540409052528
2.51339997871471
0.712938453794199
3.40739492190054
2.50317690534393
0.982673029556765
1.85450864604514
0.926875380330409
2.27787472439294
4.60898226101083
1.47231450486441
4.17024258876144
1.47401177212886
3.49699266622565
0.0102469558894388
2.17707351364438
3.87619741669597
1.86133139823518
2.22934906389194
2.62256901459778
1.39711376039354
2.48746794292877
2.99675896097646
1.52991983302172
2.30835195102077
1.3081780611183
2.27457847400713
4.2266163260504
2.9231410580647
2.37602234431228
3.25244849713185
1.44650462545755
0.0102469558894388
2.77119848235504
4.57981852707881
1.46535718238495
2.29185347515255
3.45222810770392
2.12473353050336
1.5765260418841
3.94268007237398
2.3060362275681
3.16863082919115
0.876018403249294
1.40214193485812
3.05225348059691
2.23242607679486
2.79963897631647
3.18566566331038
0.0102469558894388
2.1297700623979
1.30574188542866
2.6169682424144
2.32260279190165
0.982159476965322
0.0102469558894388
1.96205443614246
2.09257917218256
0.762522432017059
2.97611221489034
2.14025327552536
1.70225752291031
1.49389392794654
1.69862936772239
2.11976128834242
1.8425557139154
3.80122974349284
1.70650469064335
3.63848328128921
1.66778059645228
2.41345645280066
3.56951353121324
0.940876826492149
5.02046310010451
3.15410626117002
1.83150504633911
1.19575420438121
3.12867369993668
4.39583997727403
1.35161733812906
2.42736622897305
1.93816313833461
2.28418908279923
3.25126259953207
3.86869018484004
1.45025024706322
0.804913675407038
3.18261864920041
0.0102469558894388
1.72905208188857
1.33472293536019
1.59519288504031
0.70364888396111
0.0102469558894388
1.92836890033176
1.84290862694783
2.32218358355339
0.0102469558894388
2.27081974912405
2.8102001250879
2.29757489078971
1.77740746691853
1.75902133176831
2.27924516133865
1.84338169393605
3.01183683762436
1.72212609741593
2.6860302435892
0.0102469558894388
2.58545138685882
3.79099235973895
3.02507427588174
3.90243271686699
2.62850996907436
2.50505802242768
2.54042738450951
2.24414339735464
3.46246722740529
1.97737143364387
1.66674309726594
1.77674665505414
1.27903459403722
3.64725587241507
1.42265984310692
3.0736171978912
1.81799247192784
3.71093558014481
5.81723494079123
1.66029898277223
0.0102469558894388
2.07411663589142
4.01848902610327
2.72957130533965
2.55455303009507
2.50431241674803
2.58985035286012
0.0102469558894388
0.0102469558894388
2.36206871638797
2.0634922524028
0.0102469558894388
0.0102469558894388
1.5359072537762
4.4920605107841
4.00689977489087
2.09750660301949
0.0102469558894388
4.03283044505808
4.58542118731347
2.92195596947105
3.44527013618266
1.79536938386461
0.0102469558894388
1.72512419773044
0.0102469558894388
1.8766138878806
3.14961182809008
0.12760084062219
2.58689103634981
2.13383494939137
2.07217806108773
2.40068029211232
1.43525635809914
0.0102469558894388
1.74140497914074
2.68986228479718
1.91576749091733
1.242769373964
2.78204283856551
3.85948879181947
1.72811682918298
2.31565531468762
3.74847035191751
2.69605471341293
3.28959973674188
0.0102469558894388
1.28717856149315
1.49793074609111
1.89907183627232
1.24544494785772
3.03100119422608
2.54831108871895
2.60149547456415
1.14583817262267
2.06101450688529
1.50699174388231
4.29064726078076
3.17919881716479
2.7732816106984
1.67899436357631
2.93650746708483
2.2266605692511
2.91548885934604
1.34692375771362
2.7409881878958
3.19597818238827
1.99716275932697
1.96095935092402
2.29476276662681
3.72185680264311
1.57003468635047
2.56946499330528
1.80074925003737
1.55455162952833
0.829923535686904
1.44466742800865
3.55976622018846
3.22618616982865
0.0102469558894388
2.74758258888328
1.43481557427524
2.923986145569
0.805326698278834
3.18118667236807
1.0266866445791
1.58072670666386
2.95339511203892
3.05126912041415
2.19423448138991
0.0102469558894388
0.0102469558894388
1.56709981942652
1.32570485652346
4.1851546647973
1.47059717802334
1.49808939527782
2.96231338467432
1.49282059373374
1.90630342949439
2.89840469947803
2.21877583047829
3.64714896197714
1.23592268911763
1.47263394697541
2.45007668132951
1.13158543063025
3.55997322245176
1.92197572174452
0.0102469558894388
1.64699023796831
1.96091767114693
1.54741857626628
1.81609305011736
2.02046019230459
0.0102469558894388
2.73569866171576
2.47968381538241
0.0102469558894388
0.0102469558894388
3.00274276114996
1.62002359368489
2.90816938630408
3.44175971371301
3.57958235871017
1.21660070475533
5.18464597526739
0.0102469558894388
2.37357378269077
0.0102469558894388
2.08220497127016
1.56269054983875
2.03455501953938
1.11020282484764
3.0720947303845
1.67309895425519
3.19300217969845
2.82287276668663
1.76022629346154
2.69072471185896
0.0102469558894388
1.69932189285693
1.35748119361778
2.00972145658375
4.21491436988599
3.34424831008896
2.90208672458008
1.92955029452148
3.21172511278222
1.11839467994959
2.06378125051082
1.55469473717182
2.23496970256177
4.39636857678984
2.53083211261667
1.78221585387678
2.44987234747932
2.28090929546245
0.0102469558894388
1.33278392382762
2.78411199656845
1.73495223726092
0.0102469558894388
2.80072830519906
2.1794473868298
0.0102469558894388
1.63905158397348
2.74149613323011
1.04256308084196
2.03058756933134
0.0102469558894388
0.77998616389224
1.4498482767692
0.0102469558894388
1.43249139770238
2.22709716752523
3.01614895887435
2.36139326834678
1.90592592141092
0.0102469558894388
3.14735475296855
3.26065336412253
4.42130398200944
1.90350709015705
1.95781277418084
1.71592551590311
1.92243596902896
0.0102469558894388
2.3095341065455
1.87846245813109
0.861769687586944
1.89918339760042
2.71824685639008
1.34724740303944
3.68466569054173
1.13386982650227
2.50931940083013
2.50435967079637
1.90142375839753
2.18428560098212
1.0640408751563
2.41776442946034
0.0102469558894388
2.66559729865934
1.77928859553712
2.75693112594171
1.35151232821883
3.50704934674139
1.53382514175407
1.85698345632573
3.52705232214332
2.014501057302
0.0102469558894388
2.42373794712234
2.46446145394408
2.59019286593721
1.6970496272199
1.7089688048582
2.52459801873187
0.0102469558894388
2.1785688290248
1.67596169674624
2.67486638362168
2.83105650764654
4.94175786205819
4.51816693018813
2.60514906015072
2.53728059579984
2.68814036263824
2.3714500207451
3.55513605940358
4.2127710714466
3.41453258155202
3.77893203602426
3.13799731011172
1.61575169312475
1.98983694470919
1.11629520793156
1.01426860580301
1.47689268746676
1.07971611876004
1.65156960295644
1.33044662279597
2.05755111640841
2.05108159458051
1.65640173506037
0.0102469558894388
0.700378013997096
1.46789980090314
2.51990445670878
1.87016933812702
2.68330952689134
3.15162478919908
2.88022062038806
1.40937148646425
2.64359178722541
2.56985060027312
1.50306580241083
2.25816871989387
0.0102469558894388
3.57977874859544
1.23297443993141
1.75391081204119
1.41607170560354
2.61182028841212
3.53232223291497
2.39074449363793
1.98549544763923
2.92290350706956
1.1818788330704
1.99206229690439
2.37210409379325
2.91515188058764
2.53987049277034
3.25085984878991
1.90183047931575
2.85125199699217
1.21220771210855
1.26759854136682
2.47166942929247
0.827680742292683
1.78967219951895
1.69521696491112
1.92154430820754
1.66846905938571
1.44830498188826
2.26204571323418
1.76935043586528
4.42530902035168
2.16856205776454
1.13689279996757
2.31411489435312
0.750165485835853
2.4696992507397
1.85391800868561
0.880770462926725
2.37228049377095
3.22979744601528
1.49658342753019
0.975605877166283
2.65885535265766
4.06009592904183
1.46461971666906
1.79470104707898
3.07897448628304
2.03397516006039
3.43587744120071
4.09755820192913
1.18635580765959
2.390121292308
3.10211554550242
3.00856305298391
2.67556033185505
1.78595593096781
2.59193010439467
2.09650569648937
1.15349056770728
3.15121387844804
3.22760356422739
1.47398423478772
2.10568833119772
1.93804175161057
2.362686548673
4.00244538185009
1.22557662027508
3.8622169986815
2.71932073748363
1.60325717244251
2.84751107444665
1.86641792734011
1.35370191303109
2.22547272976876
3.31063064920726
1.18241100809025
2.71456295339339
3.19187521739753
2.17595359434965
1.80440732075337
4.47397950892509
2.24269423833645
2.6117345748874
1.18285178815775
2.45148743047223
2.9023150146045
3.16327821386761
2.7621995931974
3.30183609711806
3.15125959310956
2.73446599470602
2.39998599067296
1.8694975193653
1.26121044823851
0.970689366025943
2.43741386054211
2.06038853369897
1.93123743244417
1.44556172343389
1.22602204745046
1.69324966877527
2.60022668335851
2.03251300643809
2.08863943791807
3.90068485915923
0.0102469558894388
2.16310542439848
1.92879199888207
1.91623666490746
3.14773246245984
1.10053929900493
2.42023360431532
2.50029747759125
2.40256960905455
1.48410351340955
1.98170254156579
0.0102469558894388
0.0102469558894388
1.47385949651847
2.72964003387787
2.87019897518209
2.83330944767187
1.25104765318754
2.07645696554479
1.83094105188626
3.25654295868157
2.92547706694945
3.16108566608772
2.08932443130963
2.04279995634899
1.35870976317888
1.52638987818142
2.85549372360017
2.03959988969718
3.84357896414294
3.25469272344082
2.24715962340031
1.68506658542284
0.0102469558894388
2.91108267745257
1.15365560811234
3.60009777130076
2.58464755534821
1.71095826176539
1.67164314373238
1.53954393580157
1.83700421089719
1.15910311715971
2.13190770021266
3.05433512034817
4.6605118361761
2.25094081794527
3.08313400499745
2.97990826414624
2.75787508247268
3.23691655235592
2.16897580243995
1.65056073031227
2.38690030778189
2.51425749101301
3.56279686383721
1.30587569274579
2.17148139432147
1.88743898812879
2.9376821808608
1.78515619976912
0.0102469558894388
0.0102469558894388
2.59455497741852
1.71389384711884
1.6202524420005
0.0102469558894388
2.58565205615372
2.23226050937226
3.0235826202797
1.90133131796661
3.68181339410486
0.919836695268833
0.0102469558894388
1.81758856004157
2.03551679760085
3.06051951335647
2.39465718955454
2.90973394465841
2.17092538421391
0.0102469558894388
1.49633468117233
4.34292880685595
1.40034379142443
4.10535875503048
2.79386552378486
2.49586502859604
3.17290547964737
5.01049040341633
1.62192191894774
0.0102469558894388
2.03050794972068
1.69477520725371
2.46814479716803
2.07057209960405
2.9947781447829
3.89909344013052
1.71047462722599
1.70010073323177
2.20666527123774
2.20359351407952
3.09993747120852
3.8417861012164
2.8242843474395
2.58680879344382
2.31981753669944
3.1314649029286
1.87643248133373
2.03447749379069
1.07697630095991
1.86674324519472
2.12870272982747
1.47473380589636
2.60709985604434
1.90465462111684
2.19694336864833
0.0102469558894388
1.52181979974709
3.97211416374802
1.67513173748702
1.75607648994238
1.95071546674524
2.62747342666104
1.40674813603749
1.80229732501256
2.24624594660307
0.0102469558894388
1.07023546904561
3.64037840880627
2.27579213877647
1.1459343309903
2.49372991080929
1.53399858983605
5.31333630081132
2.30535559182374
2.18953969531892
2.00919383776344
2.08414623694416
2.16761273529758
1.65873689864065
1.66170074133794
0.930033230563332
1.38291139644329
2.19874351766671
2.99118597882739
1.72864956111502
2.59977322214201
2.67273044582996
2.64138830723171
1.21769968706082
2.44926454609734
0.0102469558894388
2.45266738094656
1.99293222589812
0.0102469558894388
2.45530799743178
1.70837646237591
2.51949591627487
1.66921325385828
0.0102469558894388
3.43955815681262
1.57592185883146
2.1843500222461
2.25244597337898
5.10754295749891
5.43178933845451
3.27127308293942
1.27866981194666
2.72942148880164
1.64351651098463
2.29278952946099
0.0102469558894388
2.71684593270573
3.62115603103538
1.73583571860482
2.34809380269655
2.98595362462711
2.87571843522738
2.33801271082329
3.26116603471824
1.07002413740591
3.50081662127627
2.03910571908684
2.82753984649518
2.80645869261711
0.0102469558894388
3.86143512006722
1.91319237423625
1.61887160467431
1.6285372113761
1.37079362151338
3.12929937168187
3.34155779707391
1.62352297316308
2.83140483603643
3.41194814122405
2.46336694441608
3.66221046884446
1.46428886401357
2.12806870284637
4.36739855513745
0.0102469558894388
2.47597438893438
3.26536994899517
2.56357799538867
2.44952609744757
2.10986725131135
4.33293212824394
0.0102469558894388
2.72117020028844
2.38089244337118
3.36495952976883
2.2695053046402
2.74717893624595
0.0102469558894388
1.95016095389522
1.88227148306621
1.39554154747473
1.64919044148481
2.44197941748661
6.1300402579054
1.96404722148197
2.4964697391416
1.7340534421522
4.17374375478312
0.916708865738485
2.43905371372288
3.82251659428573
1.38368848880863
1.99573716471803
1.76813220445738
4.03720489046086
2.28811864210407
2.6911483069388
0.0102469558894388
2.14908589270987
2.10290770767289
2.067970575802
2.81847956250667
0.0102469558894388
2.04485903989855
1.10922538897379
2.03276874373968
2.3856526891765
1.66218882732397
1.69136954885683
1.9617252810172
2.54708787399761
2.92023067012371
0.0102469558894388
2.95206791560998
1.77498819930342
2.33522102441439
1.64052837244934
2.16288597829682
2.16636111435755
1.49229729438331
2.18177652345179
3.77019752065796
0.959650070025402
1.57897753716083
1.62065934132824
1.35853566880417
3.9846709743468
1.27834710137944
0.939229782637996
1.18210056884502
2.57435705404599
2.66083354317276
0.0102469558894388
2.25864919605279
2.20848587819529
2.38981489383186
2.8247433417251
2.30819728421089
3.14925063220203
1.53096444398648
1.8390366212371
3.09216249636769
0.0102469558894388
3.56144751168748
0.942275533577139
0.0102469558894388
2.85427696332902
1.72734492297784
1.95643379593976
1.69908064993703
2.1496971772585
1.09279773086882
3.99359624446722
2.02681520323567
4.9315921959916
1.64456305987576
3.70002962538017
1.80720464249216
1.80317526411038
0.0102469558894388
2.2006846962781
1.55265168486328
1.04366669351388
2.49090243480891
1.07231247580058
2.28406282325831
0.0102469558894388
2.15011054187652
2.95913978185328
0.696307961972479
2.11806093415963
2.93491387481492
1.59442422712161
3.96181502983545
1.18997927486503
0.77022014290531
2.48230004005635
1.19679232793671
0.0102469558894388
3.16921136376432
1.59328548638392
2.68068358704159
2.74243654872538
4.46813110856868
1.48244340837902
4.02034924301179
2.52761823919777
2.2712663088527
0.0102469558894388
0.0102469558894388
0.0102469558894388
2.34908726377256
1.43960647243461
0.0102469558894388
0.0102469558894388
0.0102469558894388
1.35342585725495
0.0102469558894388
1.30162933766013
0.974262338925953
3.36480751318603
2.5494453710904
1.88631470077552
2.31261664553076
1.67397919890665
2.34011074271993
1.7744405833501
0.918698248057479
2.65631610633798
3.35926259763596
3.16794205852287
0.0102469558894388
1.48281709105763
2.77976655227998
2.24829511507628
1.46669395035804
2.26678229183452
2.09420552838018
2.51839280674153
3.14982450122329
0.659481337188764
1.72676346890768
1.46408528577718
2.94544143005851
2.93373752003126
1.82533723770677
2.02532499564011
2.42041364682245
2.12304927540876
3.54343664266713
3.0654964685825
0.726781963931263
2.33917689015339
2.00431676027842
1.48705599050267
0.817592141668121
2.31982686265417
2.01118802155646
1.47688010560683
2.85371974311006
2.42749341080369
1.49241011506391
2.15979969522356
1.36500612688975
3.873473322156
3.29146744005963
1.29123819405101
2.43993154373455
2.08342345391984
2.50359034165128
2.20420908054195
3.73173422710148
2.66329529909359
1.04869247057705
2.60585763815162
0.941984351831758
0.888354776129375
3.8426144855559
2.33322684746207
4.41518176695464
4.13157351280551
2.0874537970991
3.88244942156338
1.69178105856145
1.86534853193553
2.33380896303244
2.28666179976771
2.74276834130265
2.00378922196342
1.48155994134064
1.5750370472579
2.07603761525967
1.40431555430861
0.646766557538768
3.1516113697614
3.59881929010744
2.64473848328282
1.84452295629088
2.63713916174961
2.06036369042948
2.26938980952099
1.04750551212139
2.09415485733186
0.729503389274526
1.48449676408966
1.31839049457062
1.70617037828613
3.73005853167283
1.52425154878568
2.396776525054
2.66428589715651
2.20122928407723
2.39369986951998
3.33391846459938
2.61692644311618
2.11946253484711
1.83356315551473
1.83205527234558
2.66719003863681
1.69649527922786
2.63804287176813
4.60354773086401
1.92241995771429
1.26898059915114
1.20276268260485
1.48130005216068
2.38696429619782
1.6849245022837
1.64294355715452
1.34300519222454
1.6644160095285
3.67908776809052
2.0036397885758
0.0102469558894388
1.97806244963545
1.00031913229146
2.05713976900306
4.53905317782667
1.57000409328422
1.28335233355172
2.49369206177865
1.3696421450757
1.43931844312275
3.18974580206554
1.45305817807838
2.66372281841306
2.32505506039551
4.26737839570196
1.36043532209098
2.4676073078699
1.56833341385188
2.37983082836039
2.37919605484293
1.49306883371166
2.56974320796577
1.49014660042307
1.4829710264517
1.26841118540737
2.08087237548774
0.753936211775238
0.0102469558894388
1.55298821661208
1.85285318485111
3.43137505435776
2.89469940275454
2.8493298203527
3.55755267034004
3.60932166555788
2.14261039265613
0.0102469558894388
0.0102469558894388
2.88901147756195
2.02646966091302
2.34363574723073
1.61776029315968
3.97217165423313
2.17290060026142
2.9188381586791
2.97594963338455
1.74169408998556
1.63924029849619
2.52866120437547
1.53083741538189
1.50135034467517
1.97284590863107
2.5100136759203
2.69107181749816
1.848752510766
2.59824926630716
0.0102469558894388
1.67635646380365
0.0102469558894388
1.7854823843873
2.51529229080076
1.10171544201171
2.54985323655728
1.74049370332832
0.903050927638561
3.23839204594425
2.00627077012736
4.36363732008106
1.96720993333522
1.4204030405637
2.19281402909511
1.7373530069029
2.1710539483754
1.72973489178331
1.06488120226619
2.63522831488692
1.62600306328635
1.39393476193395
1.50672435204864
2.22659961028227
1.86891894389857
0.942228441920068
0.800974188149666
2.15236397944327
3.34056691016773
0.862517789262666
2.59701843977173
3.52374080057704
0.78682271704983
0.299851034218011
1.28225169424443
2.41002910827343
2.13913685465453
3.19751686464607
1.7965512128428
2.23082272892767
1.73050526993345
1.67381665026848
2.2677334801968
2.27773120533802
1.54653987472974
0.0102469558894388
2.37725908698959
3.88407638181271
2.14944532981842
1.12804217304163
0.524492200319996
1.71076083308534
2.41421199106805
2.02365200873313
4.64462141673421
1.45395012792139
1.99219052087479
2.0984753109176
1.27064639441533
2.50606459153124
2.71956014985004
0.632997682195558
2.07984767295593
4.10308422484247
1.13015248561086
2.0333744505874
2.41190093863306
2.02666105058302
0.0102469558894388
2.47216097861184
3.37379526370362
1.9288291922944
2.55461440998347
2.03538258533355
2.04276934289738
2.14422443244362
0.0102469558894388
2.81096774760913
1.97852491723599
2.33438958822944
2.59247153133033
1.53441991610782
0.0102469558894388
1.84992341377636
2.55877974980997
2.25691782451669
0.0102469558894388
2.78891023040237
0.0102469558894388
0.847165875084241
1.99772455590446
3.583006196761
1.40902206074582
2.13888509194112
2.46868955232862
2.17921183893224
2.2269256415865
2.16271427106653
2.39398347489031
2.02109870452259
2.27728932553927
0.0102469558894388
2.32987855666581
2.46616290192697
0.899985467800723
0.0102469558894388
2.21558407987501
2.12254983265427
1.64302725781717
3.818099447426
1.95707042175577
3.02782751412713
3.00532736080998
2.89624002247722
2.32096211670148
1.93708012983121
2.49261724328374
2.59325531736599
2.87115214002986
3.31109982498854
1.01325968276825
1.76289779192607
0.996877885310607
1.48221732471534
2.81150871820858
3.70764251795043
2.56614788929951
1.86900176492403
0.62401915694331
3.22413867628919
1.73009311707063
0.0102469558894388
1.45340181600739
2.52789745165753
2.22566136483103
1.83351633031736
2.43445916491093
1.77375704697021
1.77317172997609
2.35255706736652
2.43035395332858
1.10893225078467
2.10580691691101
2.00581114871026
2.95605731443331
2.79628379623194
0.0102469558894388
1.941478889186
1.78224792633167
1.6194752311356
3.45724756140797
2.19450056313281
4.37092921936979
3.5464342133907
1.40968828432034
1.4924553886078
3.34570826909863
2.16338544100049
2.02444649853383
3.41331172006858
1.93251389475077
0.0102469558894388
3.43212870795067
4.5161177613342
1.11174145634015
1.34785742618491
2.63813710324694
2.34700390533857
1.84858102826202
0.0102469558894388
2.03393050076693
1.42125659015115
2.58747533127598
2.385065941674
1.42461283372882
2.65567367874038
2.21230077898694
2.86730727991601
1.81831876893739
2.05142907921431
2.22003499733011
4.11930187429618
2.726513407607
1.61151375477333
0.0102469558894388
0.0102469558894388
1.90211507646964
2.30660125293749
2.48099191408956
4.98395454736904
1.40772852058864
2.67133265473127
3.25426748638206
2.05048849300544
2.4289046612087
1.68756660640546
0.0102469558894388
4.02623238460829
0.0102469558894388
1.89698267259271
2.14109033705105
2.98753255093167
1.98490588857574
4.32509137574248
2.90064903977194
6.50719588409133
3.23664079377777
2.81884604288228
0.0102469558894388
0.0102469558894388
2.840655413712
1.64826215562298
2.53612672764551
2.13512380422939
2.45895949700791
3.45229211273003
2.57817509087389
0.929055938222636
0.912608244700099
2.10740826277885
1.44779845877915
0.0102469558894388
2.23285007190169
1.37314410277036
1.74274184061129
1.40068182241222
3.20031502992914
1.99451909363659
2.83650433058432
0.0102469558894388
1.59892025308188
3.22530461245477
1.54329688811261
0.0102469558894388
0.0102469558894388
0.717362962156615
1.85115465576902
3.72792764921825
2.68131119010532
1.46429839980011
1.91596204711389
2.11483678251548
2.21417820239157
2.0128896410849
2.47286387797333
0.0102469558894388
1.1677973807828
2.27893372345152
2.34546744808651
1.00249619313484
2.58742284222443
1.67286252508442
1.60145316938621
1.64239083273873
2.43080237613624
3.36648690196754
4.05314117963704
0.0102469558894388
3.31319160071149
2.10109454277044
1.53548338477837
3.9680997531092
2.47538884328257
3.75323696645391
3.52215426048255
2.95459743399309
2.64177824753196
0.790366662351424
3.08741477838815
3.8064583570188
3.66719039550821
1.30656151626654
2.47302390280846
2.53718318508719
2.85670872218671
2.68699501895656
3.10221268856273
2.12135599748917
4.1675451192125
4.60843599432406
2.51829901002194
0.828945936526786
1.9122210773548
2.7761253775436
1.77241244890792
1.48670636612832
3.01964192053587
3.8665906296364
3.02289912957005
1.52760498276029
4.31667395098976
2.17289270119067
2.55378590943315
2.7165201050478
1.54071776254197
3.46119593488012
2.2529150741264
1.3665972236035
1.54960774693154
3.09930372834618
1.5609120007904
2.88793436230818
1.30561096103686
2.10610324613425
0.0102469558894388
2.63089196270407
0.0102469558894388
2.41282354159478
2.73523701565593
1.68552596060967
1.59789556222697
1.64264504073302
1.96546477834529
2.27553091646644
3.12239431795866
1.59792603661827
0.0102469558894388
2.36135190136793
2.27710253833458
1.55763717062378
2.03519223577157
2.03966279814498
3.37920494451358
1.27737498939891
2.56895835107938
1.41140950451476
1.21472571500211
2.73870563800973
1.50212174729755
2.77829422310452
0.829941721994818
0.541467575691049
1.84555188477219
1.75791106773964
1.95600182125845
1.05300489790617
2.11570838459248
2.99225185077584
2.57461268146027
0.0102469558894388
0.0102469558894388
2.35405306107153
1.18158006835205
1.69101160717449
2.24423031716125
2.83207308858339
1.66792129168073
2.73804570167043
1.40625211092116
2.9620623167445
1.72696776588958
3.63746368233278
4.63327318384524
3.67047326540732
1.73208866975371
2.06275860773153
0.0102469558894388
1.60014542354527
1.06882248680619
2.24581855186857
4.5183870223431
0.881471802783121
2.77192311387207
2.35310886605174
0.0102469558894388
1.49703492178909
1.96135328615095
2.97152694631651
1.06040340458182
2.29261683864833
2.58604646181901
1.69999244220175
2.55049044950031
0.749731987890889
1.38073509838814
1.73776161975432
2.65734817742644
1.41527959935106
0.0102469558894388
2.07257674422988
2.99658838622403
2.28069627500707
1.91687106948964
1.3677479348757
0.0102469558894388
1.48613564890894
1.20254287181213
1.65011175015786
2.8555904012793
3.93358636133825
1.08223948421385
5.64695773180689
1.79148907812881
1.46657298460622
1.78480107119036
3.38506381693153
1.22992097108961
1.39516789966718
3.41172407170827
1.56332734029656
0.0102469558894388
1.29716251545582
1.7004449524457
3.16954296206623
2.31243557388252
1.58133138562548
1.9184456026574
3.03258962581328
2.05682675490927
3.62716801479281
2.45194494906978
2.16602596403007
1.41360118871639
2.47741653317034
2.58266742807359
2.0433561992814
2.18109345238987
1.26974544605651
2.34313106730556
1.86653382602027
2.52006271767878
2.39805211604443
1.69027511072156
2.1521462083221
4.50720555354382
2.33740063998007
1.21857579271631
5.02018349267567
1.70376913182888
2.40751901743094
0.0102469558894388
2.33230888864435
2.10543728921839
0.638252986579882
2.0346087235369
2.32157240477028
3.89755231148268
0.0102469558894388
2.02984048255801
3.42894970123436
2.03301753350366
3.73238209765402
2.15191465411939
2.50684800251254
2.11884276510082
1.98930621164811
1.9591870266299
4.46884918094463
2.71800446464506
2.84727234945625
1.63311104861413
3.19910777976811
2.11592678348757
2.63783085787398
0.0102469558894388
3.19223489860403
1.38168882638415
2.60647178100493
1.88946917890446
1.62639524412033
4.56020805611406
1.91498480444196
0.657598014464515
3.22151357870947
1.79142117680281
2.65995398061394
2.50339587918841
2.07935678299204
1.81609937908442
1.07423232301909
1.81334821326933
3.00728237905981
2.99486361337578
1.30536538087939
2.43695857998577
2.43608556153662
2.35498870723836
3.00312252153054
0.864566162883894
2.55431648413427
2.13714402870745
2.0012438143229
1.33739685372903
3.38797040593406
0.0102469558894388
3.09268462449249
1.89693708968559
3.34703930599497
0.819981958800067
3.36114734284751
1.92609276530665
1.6548450339758
1.25738681149805
3.65885656051516
2.79691508220939
2.81978042862616
2.24580626980718
3.1251074661316
4.33738014925142
2.88554557412046
4.44576218278361
2.08843263392067
2.13616254346957
1.53522142555685
2.24891180740944
1.90673744010758
2.00959455022011
2.52868048764671
2.24061108223192
2.37004622943473
0.0102469558894388
2.77379005913283
2.25975081336483
2.18414961874362
1.95346432611017
2.35672133075397
1.56147147982178
0.933877055106516
1.27735797806923
2.49891552507306
2.28725127894847
2.23026240381993
1.62997055120643
3.02618681828336
2.46967474878519
2.20916653904067
2.96016131649994
2.1864421749151
2.97799665596436
3.10311576611701
3.12201389475365
0.896389619781286
2.09552614767258
1.47028782623449
0.0102469558894388
1.21070720863813
1.83110224163504
2.96895038539425
1.14040780467548
1.42273583675412
1.49766746219172
2.42095956761328
2.18869871317419
1.83876464614181
2.24292910006824
5.0343332795801
3.63943508937481
1.5090941911956
1.92342858803881
0.0102469558894388
1.28133275071892
0.980221838873451
2.24424340328696
1.88344938498673
1.62489182377402
0.0102469558894388
1.92673182880888
2.08745658292168
2.66522782962027
1.47964451971688
0.0102469558894388
3.90905245486346
1.85825098091814
3.33017601281384
1.94737555221833
5.19253736032216
0.0102469558894388
2.46640063700336
2.90893525859792
2.91624311057945
2.81454107234074
2.17448119323587
2.02222279795355
4.36142869798454
2.13826580251805
1.70055933465124
0.0102469558894388
2.81278663948643
2.36704390271568
1.93721893033617
3.85455587853791
1.81490954978929
2.07584433820321
1.48469683181031
0.785348386055475
1.92919033567588
3.38050955245893
1.84041164891032
2.29676495020503
4.03016170154393
0.0102469558894388
1.83159509767173
2.53139056745441
1.56188870028275
1.78966578803124
1.2873566758415
2.37005137320697
3.34963418225801
1.69937459955681
1.35194093558562
1.15583269026787
3.08618148499678
5.08981835467998
1.03099234817533
4.81900194983555
3.19003166300713
1.20320138554745
4.09220911477613
0.93622760382533
4.44517850025694
1.68339214259638
1.25364341755187
2.04306252521184
2.1594577281197
3.41952716215587
1.1306900330841
2.44510010442181
1.56902348487166
2.49025779232054
0.812047993780758
2.84801575821792
0.166117208992396
2.59383922864859
0.180349293838017
1.75867320526109
0.750952037963407
0.781553625958763
0.96066190186119
2.75314675346589
2.86134694303128
2.73648106594616
0.0102469558894388
2.28019911793211
1.71629958257627
1.24828700625627
3.43874114791065
3.1699924178889
3.59235183068501
2.00069913000189
1.60340520975536
2.77632200139454
1.8953516194281
1.61977006654526
0.0102469558894388
2.00916386470477
1.93717754870283
3.33283483455703
2.31210577052632
1.22987067717851
1.91598316121174
1.84000299167038
1.57649247943548
2.7739160580781
1.23378082890839
3.68147358658882
1.39786087486368
1.61608016104009
3.08552809020094
4.18071068438554
2.72786904552753
2.56125536298956
1.36944531856338
1.77874488546502
2.57466214637479
1.44312374110676
2.99856229242513
0.0102469558894388
1.83157527155096
2.59798403014985
1.67690117892228
3.67322659762751
1.64746323901004
1.91586459722354
2.29869247997925
1.99729714660313
2.77628736741075
3.08867504819052
2.73716424357758
1.605635969868
2.401267066792
0.0102469558894388
1.01774464760001
0.0102469558894388
1.36921731497504
1.2187483111426
1.54346188648394
0.0102469558894388
2.91872448495466
0.0102469558894388
0.0102469558894388
2.87303053593529
2.6853962246855
2.37599050396224
0.0102469558894388
1.47868879768937
2.18064089041285
1.22907260065473
2.13488589719847
1.89502769441726
2.27104164418958
3.49329134250779
3.56700208272723
2.08933712746928
1.72144064322928
1.96558294880795
0.0102469558894388
2.38288772871692
1.56681511774841
4.52822208310867
3.29684772463152
2.03231659211341
3.42402248828687
2.35474933878066
2.2936240573572
1.2274633373492
1.03185219804268
1.08778202919895
2.03062887856172
2.23738556057851
3.59343967462717
3.50174849824711
2.7186828042841
3.6221955654167
3.97080875138035
1.33262545329779
3.03245555486978
2.50637162101213
1.84773179931284
2.058104908433
2.82709709735965
2.49535803043132
2.40596706782692
2.40871000442165
3.05811156599982
3.77685862825724
3.70473118852769
0.0102469558894388
3.33129107352655
2.72472941260924
1.708535569491
1.14758848841365
2.35559061748082
0.93195153312798
1.76045558316479
2.38028041712251
2.99851141965896
1.69556529377193
2.67748007823476
1.34003477903238
2.66960621469154
2.8066055157864
2.51791885392633
1.70437876096224
2.3616297472202
3.66118093252066
0.981336687310683
1.73944742058671
0.423654171801265
2.6828207312767
1.62940998268526
1.82267917636498
2.12373947558322
2.28156740906888
1.28072742918659
2.94891030001017
2.45195816062943
4.63820961976245
2.3803717014137
0.731855716807631
0.0102469558894388
0.0102469558894388
1.93060699642809
2.02731299315427
2.20100355468993
0.53974526794998
1.48782485325813
0.830595625359208
1.45048039018277
1.16130247381354
3.60042431887546
2.74349522539515
1.27348479174544
3.92924054641884
2.17262193791723
0.0102469558894388
1.38053465178231
2.05051785203213
2.15321508789589
3.08326777950698
3.18258921889096
2.05178870583955
1.45849015653074
2.39148398287434
2.06329268286547
1.95760720586206
2.33958836663635
1.65168028811908
2.60448644637898
2.16185767098974
1.99994731053752
2.42133819371706
4.00554865002178
1.91186068614005
1.71092337867807
2.88013073071321
5.64636607959437
1.1588854677583
3.3140491017676
1.72390499349976
1.8493227336499
2.46150873819465
0.687499674333749
2.15318340126138
3.13116962413915
2.67415629930411
1.51742089257196
2.07705051976641
3.00934793073876
3.05646291082726
1.54892347315042
3.25075734029117
1.62737077167256
3.02203572086025
2.93934333167405
2.04088224587437
3.99333164130166
2.45864357776236
2.01419399231129
3.68818753271106
1.4687923039285
2.10114105049596
3.65541330886026
0.0102469558894388
1.38303624933965
3.2497695467877
2.00412502081506
1.87674390340972
3.19053497583326
3.24817949220819
0.0102469558894388
1.84713940255635
2.25459636831615
0.0102469558894388
3.05826205183351
1.75298653763748
1.49783821014997
1.30927977363357
2.08762088607228
1.99855764613906
3.42149359071483
2.84451912712129
1.74637201359313
1.5752066280445
2.383740359313
1.04733268416523
3.33937498724754
2.20596004985791
0.0102469558894388
2.14206763283627
1.89530802400297
2.02726581015445
3.53642687380176
2.30862664559232
1.79236211828035
2.19166633388391
0.0102469558894388
3.01486088952534
5.62380043689841
2.71435835303725
0.624722490994447
1.8805739832621
2.21342670170299
0.0102469558894388
1.24485454864516
2.57520390861646
2.51710936550909
2.49497586899298
2.53879325105579
3.30040063023341
1.59687457468625
1.9075520646823
1.8357424062907
1.96352602834456
2.26471360342994
2.75199644460568
2.05928874315073
1.58949267075829
1.68093906842114
3.06670002571212
4.0216929887039
5.29448645177493
2.25152187176513
1.78021545463212
1.06535861933238
1.94566900530646
3.56191193708793
2.71478335804203
4.91537657860373
1.86118237753002
2.19093560406689
1.1678203471628
2.33308564987543
1.74619210272883
1.28724255433967
3.3121582962224
2.80766031950077
2.86296664090637
1.78683031973218
3.13687827506659
2.1670166630303
2.26697426518779
1.07517827643833
1.06134248097231
2.67118209033193
2.42917314620586
1.88154739995216
2.69875510250169
2.14850560518285
1.35502443516237
3.25020296159427
2.09445536835426
2.06737223473272
0.0102469558894388
1.35617787397861
2.14081374637519
1.91645106484125
3.27956473815258
3.27335767426572
2.32753626848449
2.64446830856858
1.73775006138986
0.657449884159347
2.70163604499284
0.422783393880433
2.097027045295
1.41968396364766
2.09184134488044
0.188881433406682
1.60033445378894
2.59129894347991
0.0102469558894388
1.61314033917432
2.10652459114149
2.9183576379399
0.951813401296096
1.95657565823258
1.88383730398391
1.97406372741961
1.86429210216236
2.65388762541333
3.83273461130754
1.4213929714276
3.79689087649861
1.52524990376768
2.45597595684603
1.56651803595282
1.44429032370153
3.53512426536804
1.64392056386769
3.86818139244104
3.30159530534227
1.48857061296235
2.42727120646307
2.8186732690666
6.20406159589865
1.06982206116985
2.54287165906986
2.2190347012701
0.830241679197022
1.59864357605198
2.25593278656679
1.82151771291552
2.76892874115866
1.91868754544873
2.14803286138297
2.43704378309694
2.74215430107152
2.20934157847014
3.8384939468681
1.50087623569866
2.86656124103487
1.31450484144083
2.84410951531315
2.73143692457929
3.06362606374478
1.90979277302591
2.2984262827823
1.81358332033286
1.5527522650566
1.66959866352561
1.43356119048854
3.241036764246
2.00121683988194
1.43611308521297
2.63959081573891
3.52297278083996
2.80837669849006
4.08772629174792
0.0102469558894388
2.62502949233172
2.34430524370601
2.10703122710011
0.0102469558894388
1.18874208958776
1.22213894229836
1.19951196580353
2.57016283482488
2.29011768348603
3.06686493138709
0.0102469558894388
2.00153749391548
1.91719694523763
1.16597081996387
1.68952301603237
2.04956548440743
1.80019142595422
3.87062297139752
1.83924505019445
1.70035173449323
2.17958688115608
1.80142568078015
1.39639378645797
1.69959810689273
2.39113697426401
2.2702317285206
3.9509087287511
1.92904688706145
3.67187694970821
1.30431444380412
2.62349170359929
1.31864195848799
2.08053944034965
1.64100477385382
2.77420564566182
2.02895064133832
1.69520739790259
1.79694470381473
4.82571751318791
0.871480607776227
0.0102469558894388
3.98604107047225
1.71832956734384
2.75205698027482
0.0102469558894388
0.0102469558894388
2.43205292608469
1.69903947393764
3.12787035303168
1.5851832606361
2.68167567404191
0.815508045117138
1.78439612723035
1.25139468271184
1.13911110731957
1.42582974487259
1.13302753024694
1.67371613874243
3.22538316031663
2.80440410593616
1.39379609808171
2.05696263478442
3.09005202370411
2.16406840627921
0.0102469558894388
1.80506559360286
1.15776106853879
2.09216834966706
2.61702847034413
3.48866664758851
3.52211927269961
2.19216445390551
3.82623592360069
3.36280509407708
0.860074335740912
4.98152089020848
1.96824703100257
2.39841051004467
1.25011380957636
1.33161560504406
2.17795916037751
2.38657235840458
1.58041884755945
2.60712772939355
1.55330234517246
1.46230400544785
1.57338223072441
1.76759049834802
3.28849056711382
2.18098587483245
0.0102469558894388
2.67562731404065
1.98790160625407
1.69857013042823
0.0102469558894388
1.10760570146206
2.0273782819819
1.43268114323553
2.35676520454424
2.95103297049034
1.93369242902942
0.0102469558894388
0.951088325123521
3.08624913277259
1.20601979805853
1.83168305921879
1.06696997015016
2.36954377737264
2.19851591165008
1.83842502647721
2.94394662714001
1.67040803721924
2.87307897216188
0.860794872343454
3.06070086461684
2.00804128673663
0.0102469558894388
5.09373623237006
1.13338155436561
1.64651943323615
1.35584418800617
1.27134069472926
0.0102469558894388
2.38445533502873
2.21088982812936
2.26271898512155
2.59459147440028
1.98263578664575
1.49073295692914
2.74314803144546
2.02621373373883
2.59880881637053
2.12670227626389
1.41157095799308
1.38411080602647
1.15050662299118
2.21487176037609
2.30212003799332
0.574828102314795
1.56882264037571
2.07245511279179
0.0102469558894388
1.57030926818189
0.0102469558894388
0.0102469558894388
3.04230594285935
2.46508725353049
1.39363916614281
1.14998205100824
3.63997354189737
3.02566671462434
1.57621131123426
2.63636701772277
1.22884021032299
2.0553753192926
2.64175592912233
0.971115094970764
1.77960734905509
4.60683366911537
2.59002599037711
1.09820204287237
2.11464429518909
1.0334366160447
1.59413821267886
2.1404623277183
2.14158390973482
1.37456350459964
1.60078489286534
2.74442427891929
2.29837234195225
1.80353078646895
2.23101083430951
0.920881117041769
4.16972541106468
2.76432226125263
3.37716055496273
3.32667793049053
3.31317956516538
2.10861910271535
3.02179500878489
1.65856500406373
4.01164009613815
1.72292097582641
0.0102469558894388
2.15608246805704
3.82138104417147
0.404162037921981
0.295901654573445
0.0102469558894388
2.41081648580587
2.03650899853832
2.27233993505539
0.0102469558894388
1.23805903133703
4.05621038833173
1.93740154705624
2.41577643799515
0.0102469558894388
0.867657425844454
1.16667926562142
0.646025594293686
2.95159492989224
0.0102469558894388
2.82556618301417
1.91653512116885
2.03174953445948
2.04082327049299
2.66344456655918
2.52435584373144
0.0102469558894388
3.20114540216851
0.0102469558894388
1.04934618500388
0.0102469558894388
1.3893901637951
4.23944534647579
2.07784771674105
2.27257354330356
1.89211896365336
3.37598319840497
2.49953149130952
1.54714743594791
2.62511774558237
3.85894439988756
2.25701363928003
3.26721071561689
1.48689166249764
1.8206161981113
3.63036249612239
0.999090432806924
2.37496644534861
0.987776847598984
1.65594785890554
1.61337381499221
2.47623651463995
1.47336362961589
1.27654400410209
0.0102469558894388
2.61676400911304
3.74928297954226
1.48376364026901
3.24027800526765
2.11046398020357
2.83734931038024
0.674018375210203
1.97736015772657
0.508263260519257
0.432553821460755
0.786371307596233
1.42748892013983
3.4763296050933
0.0102469558894388
2.88190626689742
1.34053456051392
3.44269620527555
4.23318612998353
1.49043849071933
2.05634434774589
1.80897857167699
3.41382146744846
3.00192397650506
1.63031638142428
1.91118241670575
0.0102469558894388
2.75498688255164
1.8958614012919
2.77520520128275
1.35527239889858
2.32608546165105
4.0753814755899
2.06527443402809
1.90519840593519
2.8173065674035
2.53496624460113
0.0102469558894388
2.21976389620628
2.38201733616104
0.0102469558894388
1.76187764918794
2.18938084908828
1.71656510623833
3.28679612552418
2.04225509538111
0.0102469558894388
1.00717704203032
2.64438640278178
3.48112320642948
1.82415111655207
3.63741603605113
0.969274146302752
2.66130608115584
1.72997801212164
2.11891257371551
1.41228890729699
2.34426295202092
1.15797247213879
2.36638533878365
2.12633717435947
1.00397556441982
1.54454863322479
1.48331798428128
0.0102469558894388
1.23617134259221
2.48464836004147
3.35779408943391
1.0848556958193
2.38792006782657
2.36540639894631
1.43809917381909
0.0102469558894388
2.87909319349612
1.85537834639183
2.76235248970577
2.14231595232892
2.51970081763715
1.61067456019769
2.17916168244208
1.34624035326834
2.51325987356514
2.78193746657205
2.16792445983359
3.35573509753243
3.38782140993303
1.12162035990706
2.38465787258077
3.71606485843015
2.29107329957897
2.59510369841778
2.20131287132587
3.17357042193775
1.40214908287272
2.12350206917757
4.09517388113081
2.36674760106676
1.51300346260027
3.2467267633049
1.4327077476359
2.99810748458895
2.09070291756569
3.1010822965161
2.19127618010792
2.32279694175141
3.66299841746422
1.9038003759446
1.62186101865107
4.77704794576358
2.45968652948657
2.49033125515021
1.72169070629145
2.25853638999899
2.28865490041018
3.51526771158782
2.90399094521229
2.59927412767992
2.15129795241548
0.919591629943901
0.0102469558894388
2.79099203560403
0.99134541646078
0.959778091030245
2.34346709684375
1.18034330859497
2.63959344865631
3.27040976672987
1.17319852923998
1.05376764427924
1.65570839256582
2.38070318423356
6.84075636856888
2.44356664850989
2.31231697667159
1.42126303129599
1.32139356595044
3.15125049716421
2.58564307338298
2.19934657430812
1.82122776382595
3.07557454965566
3.10622504261998
2.49081034598734
2.08821422861522
1.2325110077638
2.94912337593073
2.2624927980087
3.97469747462809
1.77796539824648
3.30798665741379
3.25177972265337
1.90554993889452
1.21450039363405
1.20058251501752
4.19980962954736
1.89582963018687
2.44181249698742
1.69521721498311
0.0102469558894388
1.48101833769253
1.07562402823573
3.31289586785355
0.0102469558894388
2.02101609514064
0.983394273377996
0.0102469558894388
1.52294574726618
1.53733692351391
2.07636096865938
1.4510245951947
2.25432588821778
2.37417317173092
2.77737375773482
2.68939576640628
1.69911073553759
0.0102469558894388
2.02671522303178
0.0102469558894388
2.89641102227295
2.27349978369156
3.13878355586476
2.82687536643425
1.43386859439623
2.73469012434127
2.10331182044902
2.70052109662548
1.46472893931819
1.28856699303368
1.40390871479692
1.23508962706751
1.33300889864147
2.07321276619788
0.739638208118248
1.64760934891057
2.27775740112895
3.27708558124873
3.5085323909335
0.0102469558894388
2.17953916934907
0.749462392023642
1.65948381109287
1.15468461861231
1.00886604369252
1.4398720180759
3.26815198155239
1.52469914045584
1.14965557406302
2.36996638010407
0.744037224735698
2.12438585825217
1.31322371735603
1.2264396670876
2.10186902776557
1.6783864578888
1.27924265233788
0.828017153572199
4.14583662268245
1.68522074423526
2.67116739013665
1.66109234733246
0.602508968482725
2.30484207427613
1.06119226087529
1.31816078047461
3.59242704894104
3.21700884012772
2.80051223615049
2.81262338477454
3.50306428168153
2.45422890976563
1.77603324001082
3.72544757414985
1.25928786363627
1.79985487142847
2.81619001985154
2.82321026421819
0.474646607446768
3.13978606132951
4.22877443580082
2.60230786506721
2.53388635614485
0.546487915668916
1.03536357750584
1.802747092353
2.62042198878435
2.50093641293962
1.23145733359709
3.08097205556697
0.0102469558894388
1.89264152960496
2.27235056426077
1.71062525394366
1.08095884058993
1.49608786669527
4.04277083842528
1.49075168645534
1.06061724509089
2.18191491871134
2.58338044549144
0.0102469558894388
2.32838427329172
2.72988925369441
2.88227369278061
2.80284612985097
0.835089398843943
2.20645495578518
2.63565075185357
0.0102469558894388
0.96871759876473
0.0102469558894388
2.00256423734859
2.76297285865901
1.75987860545439
1.76161218017407
1.66650327689265
1.20897367005562
1.55095042106892
2.53624937059464
1.82258344367245
2.6629758800045
1.20614411497597
1.49941423853693
1.12571509879332
1.74481360971225
1.27313725044385
2.37643443771763
0.585262485140222
0.869499198101941
0.0102469558894388
1.40546961578048
0.0102469558894388
2.58761096551539
1.84449404469844
0.0102469558894388
1.51029719467354
3.65488607794703
2.16160640657563
1.23333637829612
2.44066071342632
1.76403810974627
1.65395872384851
2.50816929001191
2.0284578505358
2.66487253220408
1.75006924181754
5.1522798913617
1.57129518410692
2.76349531838311
2.27856067186244
1.45414523126242
1.81240884427695
1.54019474415773
1.15288848135159
1.69471983932576
5.4264081173589
4.75536684237558
2.5285683223208
1.76729650827726
0.0102469558894388
2.25920810662929
1.91749760273475
0.0102469558894388
3.3811524605061
3.65461952989267
1.97055064620689
0.37119848839905
2.02532802735428
1.47505019207137
2.38927155598912
1.15969574359601
2.87819307765309
2.07010837109013
3.39482094880479
0.64015901560888
0.0102469558894388
1.68072659203569
3.56767485298738
1.94884330729109
2.73007902690076
1.68771208493458
0.0102469558894388
1.36431520096145
1.20989826160235
1.19532122125145
1.64303748788707
0.731552044777446
1.63382840716043
1.70398212460809
2.90582382138723
1.85694255551369
2.92759268081339
3.94256699382695
1.96904596896017
1.15959895564116
2.73348414045589
3.65418128785996
3.61306785104149
0.0102469558894388
1.26723404064295
2.15649622301856
3.51082392962269
2.62139213614427
2.29450027496464
2.90143582136243
2.45866680707517
1.77990702217383
1.86855286717977
1.95117080284618
1.33214704310648
1.96909649822955
2.89486823715763
2.01767771548616
2.48724239876587
0.888598844940934
0.670534531719195
0.946969925000806
0.686562511904619
0.879776531286785
3.60499315726268
1.56639162284526
4.55298466523408
0.0102469558894388
3.91155487144409
1.69376064440782
1.77333081482609
2.13526493921203
3.23181254040652
3.03906401836816
1.9760152716364
3.33568820159308
3.22983519578583
1.63211176534463
3.12631532818446
2.89854647627411
0.0102469558894388
0.977610628274898
0.678150503509303
1.32386914637945
1.81668865071913
3.29428010192306
1.90319951702172
2.71233833990422
1.04232597901421
1.12775933276832
0.343433275116415
0.811683683006448
0.0102469558894388
0.785581413827688
2.13088320940183
0.0102469558894388
0.0102469558894388
0.444396629097386
0.109204306396987
1.24546985185945
0.0102469558894388
0.0102469558894388
0.478944673687964
4.69082628708702
1.48683317918853
2.20014724037775
2.79470814140924
0.0102469558894388
2.48647625798984
3.46351138429194
4.16877989775672
1.59655027461835
3.02024240269752
2.62434570121252
3.4297337710476
4.71480440248756
2.56911232710922
1.28466815897634
2.18296777904126
0.0102469558894388
0.0102469558894388
0.296385068667599
0.0102469558894388
0.453870356461798
1.1603213951309
0.947213637489026
1.42736504619892
1.93603101806224
2.58356655563645
0.0102469558894388
3.46506466626956
2.42937863919113
1.3224807365281
5.41417449687948
2.17847423717867
3.2617891461743
2.42675722167078
2.87226018721351
1.9317103967211
1.2811352223525
1.92422127274061
1.9367975055863
1.95891578006653
2.09747213237893
3.92040134398133
2.52054675530746
1.0077237169377
2.70608541224576
2.11754812691758
0.0102469558894388
1.59623956883312
0.0102469558894388
2.96169478980354
2.87369033334481
1.59404852921087
2.2428739307753
2.3103693703486
1.5528353684663
0.0102469558894388
0.909429396858548
2.15965452823448
1.59222462968199
0.0102469558894388
2.44591757071335
0.0102469558894388
2.10188531147579
1.45780878585642
3.05090959593201
3.55298491595601
3.14806954940896
2.16934967258783
1.78579022896876
2.61267222427537
3.55567378443182
2.44918134712817
1.40576396601197
2.41473097312059
0.0102469558894388
1.89768796286301
2.12935152669011
0.425923556941949
2.57378853517371
1.65071433649286
1.72847532436466
2.37977433176402
0.750804296201327
3.53348646714143
1.42316170269013
0.401746189046792
1.49004993663963
1.33267255984839
0.65321928639469
2.29598038484257
1.80664663960062
2.92579674383399
1.38291322618585
3.36814596635043
2.16245796790664
6.35052768772028
1.64450538309902
1.85217520339782
1.39965764094922
1.96875034511077
1.69761731524667
1.02535293218529
2.43781038812991
3.24259282435457
3.03601752433635
3.23796160673312
2.00146002495073
2.10963989448042
2.96338347941883
3.37747444085357
0.0102469558894388
3.36176618526886
3.32734071135349
1.35131161699189
2.9381155071059
3.46745303508717
2.23125665293987
1.61024665174611
1.71993862378934
3.23050056733565
3.08193120886717
5.26717907875784
2.48907470244035
2.26147969982987
2.24435377589344
1.70354327574491
2.83335022304037
1.78340193928991
1.32845175362027
1.66350201452168
2.35025190205045
1.79364175676393
1.40261110691637
2.06234937767791
0.0102469558894388
0.0102469558894388
2.55982679173611
2.20396746913913
3.42104455592736
1.9060126730543
3.8328403954942
3.51198426909996
2.32044297294221
1.65513143051424
2.85224566956637
3.51628217737524
1.46153116543553
1.06713383724202
3.54950219189018
2.94040140972458
0.0102469558894388
2.39067035924048
1.95779050361028
2.35567074730734
1.75453161523034
2.97349494040439
2.5275606174144
2.02280288540319
2.66019326474262
4.08925837294724
0.708302303410892
1.15142160692157
1.01378396116298
1.17512302246925
3.18907574774749
3.40759593184905
1.27276113297329
2.94540226415429
2.0633043783862
0.976040504615262
1.14819001407185
1.68742390072148
2.15586747769404
2.15185215310013
1.90088429761801
3.63992388443526
2.34159691273579
1.57987848101773
1.734823367312
1.37534986876326
2.61411054845946
1.34661048683745
2.00861718631793
1.8000795356694
1.30149277268959
1.37643647092088
1.04609413036202
2.02814210671705
1.44054855457483
2.81288448400296
1.50593374784845
4.08693918249296
1.12863288906258
2.21625498559679
2.11778796877747
2.3327214622053
2.44183875984912
1.9421169115631
2.53322881998591
1.59539629686637
3.15113850758251
2.54154515655017
2.62428773774451
3.55708897873118
3.2185883421061
4.15773076852869
1.39785115123466
1.22806436765055
2.44307813883085
1.74948190288764
1.46416193549476
3.01362583724772
3.08620854091664
2.25243612489676
1.3175704436955
0.92964726914086
1.95579613288991
2.0218935177953
3.39769414666946
2.4886808938327
1.70803332375005
2.33146266039774
1.74699772454807
3.02452012954135
0.693762627241632
1.53521214293463
2.89215123349725
3.18471354626908
3.1432645253203
2.2701666645643
0.542016251894816
0.0102469558894388
0.505764657686041
0.0102469558894388
2.98317908719004
2.01222876769827
1.69563988602757
1.49972562764747
3.23294103468302
1.66024455667465
3.00038690270183
2.81668958172331
0.0102469558894388
3.47137201711935
1.37089940103569
0.870461124711162
1.37360570096594
2.15247906640136
1.99324026084279
2.48455741325834
1.82518115579817
0.0102469558894388
2.02037853331416
0.874165249289749
2.37721332891006
1.2905697072361
2.76026328664448
1.21385382103785
2.02438951390103
2.56708845244804
0.0102469558894388
1.76427523098011
1.72193193142098
2.2252837643935
1.75966984917208
1.18366290637652
2.47226707717574
2.43429785321533
2.16764996604927
2.5192650116824
1.55220536646737
0.998288866568624
1.60200270669413
1.44301272670566
2.89737664443113
2.74656180347782
2.83677007354991
2.80005477706472
1.560893791462
2.58344035390323
2.70220810250958
2.88350659145043
2.03331545256374
1.192212983329
1.95380931849885
1.687851637982
1.74923730644796
3.17709314752834
1.39753113134314
3.67985734494459
1.5593862564412
1.8600624464502
0.957730307658619
2.03104107696374
0.928253595536022
0.0102469558894388
2.14275479713973
2.96674762380917
1.84913960458771
1.66909241477975
3.87566050998915
1.62650682843161
1.93942422814051
1.6298645917931
1.60239735029162
2.49817263958373
1.23783547677227
1.20573083052579
1.82728701463278
2.54375344424278
2.59486124141564
1.18510546267606
1.90920670377215
3.3412608200464
2.62210512533181
1.00659706389062
2.60356083775287
0.724939161470467
1.30264418831035
2.17507986962436
2.95506921773647
2.00364713157889
0.0102469558894388
2.31513261618595
1.13993870109635
2.70579513685804
1.37195449173855
1.80420237062271
2.31597489084702
2.57078233658926
1.19986246071345
1.60607501175896
1.34633944808907
2.53437770056608
0.0102469558894388
2.65359175615927
3.91201195100732
2.36466846176108
2.05910692091903
2.21930540647233
2.95617100508668
1.48562176589855
2.91887035313944
1.96380930130992
2.8019411252295
2.61588891034499
2.7754666138868
2.65845557330371
1.96843506717384
3.14223800474791
1.80603979819752
1.1925169933719
2.58667172845486
3.11030946652577
1.73548543795657
1.92100390894174
1.73453070379171
2.65971919390989
1.83141071872695
0.0102469558894388
0.0102469558894388
1.5391689585069
2.57684087768406
2.33374024970111
2.99175116142249
3.86726956370655
3.84521160157149
3.67301236351055
2.46879227275637
1.54991043779578
0.701940151546255
1.48052391683784
3.08174076079567
1.33818507097915
1.98422569418557
2.58293916057745
1.72312842236673
3.42503935508367
2.31302828026872
1.87546081123434
2.44071074316691
1.33030429186407
3.72661350524775
3.41201395239461
2.12479683662382
1.79995770002583
1.33441074909141
1.1036255712431
1.63983141863273
1.2616572387863
3.03055233357291
1.49380421322169
3.76039217855025
1.73918497973078
2.91024080598183
2.23435818566886
2.55875568727927
2.56650501372437
2.95216657614175
0.0102469558894388
1.8259327486877
2.64327861118336
0.0102469558894388
2.48658184164551
1.79092450246076
3.93130593782503
2.27761234025979
0.0102469558894388
1.0186500156735
1.83338753171854
2.57919552002424
0.827079094625285
2.18855818601845
2.63949908361451
2.42616935754945
2.94143080633312
1.56428278228568
1.21133285960077
2.22919085903196
1.80703249310624
1.60430908264041
2.12738675601125
0.0102469558894388
2.71664738629348
0.0102469558894388
2.47975856885628
1.03856142120263
1.94240285782525
2.46131109327957
3.56411332041601
2.61567799921196
2.90992119695562
3.26880639861541
2.94956354004134
2.02813332594348
1.730188384098
0.899321537621438
1.9912471993521
2.40130298684354
0.598755484728289
1.63806550024481
2.41665300921902
2.15438111060451
2.75532499807604
2.21495485646789
3.18940166625441
1.43929657092727
2.33705796167867
2.36351776255155
3.69767524363505
0.0102469558894388
0.0102469558894388
2.00120409076322
1.41913247711712
0.0102469558894388
4.06063978754625
2.99022011736773
1.74939176513201
1.78857995318506
1.32449674527486
2.00047172491884
0.923103753840946
3.27586623665311
3.15900162293432
1.69226828498009
2.51327209709752
2.21885267793933
0.286355055252524
1.24221029720917
1.61347412848998
1.72376573465116
1.11056843251947
2.3604858486525
2.29513125405086
1.47555890943715
0.491024209641457
0.878301607051325
2.10718989567158
1.74664481302855
1.0423718446369
1.21406128964906
1.75264506184005
2.03933540977251
1.16295841323119
3.91209320904017
2.67893288993844
2.57770202902203
2.55163449955692
3.02467215742196
1.54874976641939
2.17962469386246
4.93047242325038
2.883330973422
2.58260968800561
4.42078418323704
0.0102469558894388
2.59432951303414
1.83038631984503
2.70528366249093
1.46229331643749
1.02512082369323
4.07990333053456
0.953345161900084
1.65646973088868
2.57860889149083
0.0102469558894388
1.78341993949002
4.13249173183494
2.28920568989961
1.685801886992
3.18645358471564
2.92237331155634
1.71400969015253
2.20865738771042
1.48306911615199
1.88905258624393
1.12780483258054
3.23988144341796
3.78082602251675
3.32882131434232
2.6115232389043
2.06050631363514
1.78103169785291
1.21221926997538
3.10054866843815
0.708551744901275
0.882043668034019
1.67988172336562
2.82410434691262
1.20523558585731
2.03867819644296
0.0102469558894388
1.84746092581701
2.62708831699872
4.23929246528888
1.66574604745922
2.9059981260148
2.60151497584143
2.81818960933149
1.44343874095469
2.90846477366852
0.0102469558894388
5.0622740311775
2.23184527070563
1.4329041742811
2.32868582815595
2.0155640484671
1.99815104992729
2.13565741069375
1.72012929068548
2.70551941189719
1.04237786292288
2.01451779200468
4.06589226757131
2.38267956970987
1.52190711758678
2.2698360690187
1.73992748177931
2.55186654291325
1.93358281584855
2.74692925886421
2.32160998501621
0.78436130583684
4.48120565197444
1.17556547036559
0.0102469558894388
2.69136867410298
0.314948834436504
0.875974456450482
1.19102211240634
2.75022013711208
3.46608029293043
0.0102469558894388
2.01497091031472
2.00848035896291
0.833162768706251
2.96526622210117
1.22501970691429
3.37661258094882
2.46730088248237
3.31281725524929
3.34743830182378
1.9458272401936
1.38708578395909
1.54372052138151
3.12538130014995
1.74692873352815
0.713289155275693
2.21181316700362
0.0102469558894388
1.19042412786353
3.27982166083747
2.71989500444864
1.55801181659127
3.03364573763855
2.32845336850374
1.12200667845757
2.43768912544116
0.0102469558894388
1.76080494322452
3.18093062732575
0.674394367734503
3.35516224722748
2.82493662779827
3.80656286754568
0.0102469558894388
1.40593610757435
3.25367329171999
0.0102469558894388
3.32361536548238
4.33939606637712
1.45030704369204
2.48809112396669
3.62886778587458
0.0102469558894388
0.0102469558894388
0.0102469558894388
0.0102469558894388
2.32040459327865
1.6101640586832
1.20099785811752
0.0102469558894388
1.04008162302915
1.92795116112522
2.52374801277173
2.98351321765147
2.37049943283737
1.63297990978642
5.74604214611211
0.0102469558894388
0.994186444190886
2.87083971164743
2.6298909773064
1.97320026362746
1.88313595691465
0.0102469558894388
2.49175628739812
2.17732840548857
1.43167751761152
3.95793359198845
0.932220669622644
0.0102469558894388
0.0102469558894388
1.03608686295329
2.47339212088101
0.677171539131936
2.14679117728628
2.70938304890169
2.25038417402306
1.66820325025634
1.32582508624378
2.84153330357711
1.19608101395037
2.49792180836751
1.31257369977664
3.34609673548213
3.025609507232
3.3048374696356
2.60946403045505
2.67486951053058
2.36491796687204
1.64822095970635
2.03658734792054
2.88312971880721
1.24291160055938
0.0102469558894388
1.95704797127726
3.37292621774574
2.04478925495991
1.06330428912565
2.60563106745554
2.34056668351957
1.61105179754869
1.10514893913893
3.01896556431574
2.46565786623982
2.9761750151384
4.71168370855623
1.30460837285512
1.68830412505667
1.03689691895866
3.14761367470173
2.78942681870847
3.05207440482361
1.61690198489872
3.36917031440249
2.19902205758796
0.605443603908082
1.77088980533376
2.21694571772641
0.0102469558894388
3.8026451363894
2.36850128308009
2.38592274571635
1.80006416003235
2.89462457308465
2.91678074470844
2.88167290307377
2.31694502265141
0.716774617476162
2.22855141360175
1.99993215642711
0.0102469558894388
0.0102469558894388
1.33058491724282
3.86457228057596
2.12431983421794
4.87127372965913
4.44659602337437
3.37511196447679
5.46621767199693
1.72806947528023
3.23047527519922
2.06371024292702
1.31372510928809
0.591587998769327
1.4637383682058
2.9516975729522
2.33883605812937
3.43512841750804
0.0102469558894388
2.10405904844916
6.94171399591651
3.21068000577349
0.0102469558894388
1.58691364575013
1.4154769455757
1.86179853340762
2.33548079017101
1.20356098686087
2.86520141714135
3.18622078186002
1.88513465829632
2.42835714370951
2.31091614838113
2.33362677272348
2.49466784062142
2.51500026650221
0.782883873164245
0.0102469558894388
1.43009869025563
2.92572110449489
3.42209493664512
0.0102469558894388
2.08372450529953
1.66133952533006
3.29625757632163
1.64037071032339
1.8018027222849
1.32148664929384
3.14762585395208
2.49978513294578
2.05258349516867
1.95141458490817
2.89003772127158
2.6386576117515
1.91000129812154
1.95159885055437
1.30307589988187
1.74314007031576
2.55008251311748
4.25656827957864
0.0102469558894388
1.36636957948135
2.519568692764
1.5096099134132
1.26179526612559
1.64218204121344
0.979165687676954
0.0102469558894388
1.84726920291236
2.94544954871994
4.26887119935054
1.78677395499918
1.45948072135003
0.0102469558894388
1.81323154841388
1.42208752174209
1.29385636719194
2.76821178923812
1.64051770422891
0.0102469558894388
1.89551543406042
0.0102469558894388
1.91153003820606
2.66321661643638
2.36605615645981
2.11922884689622
1.68299003723575
0.838553346980349
2.66890621055508
1.8857687422819
1.049223971354
2.81618331532309
1.32315760766746
2.84592055089925
2.48487276787896
2.17555409622753
3.74760933866168
1.32274363296604
1.14375429338773
2.53042366787976
3.45864455460147
1.81250131955809
2.29937912919211
3.97679348241874
0.93557294570834
0.770676492022488
2.43021704095644
3.20263140053946
0.0102469558894388
0.0102469558894388
1.71381492779135
3.2477338122584
3.98466168683757
1.63341815508586
5.13955828811067
3.01303325719414
2.72082694109534
2.11007315787701
4.80120461736656
2.7027331843305
3.25451174130094
0.0102469558894388
2.28738785781348
2.82054097017077
0.0102469558894388
0.867598290508245
0.997418796911744
2.44338052437713
2.46653979331422
2.80763203894747
0.0102469558894388
2.46725919118767
2.81637868828419
0.0102469558894388
2.89836136938392
0.0102469558894388
0.0102469558894388
0.0102469558894388
2.06095741471383
2.69935152005558
0.0102469558894388
1.56241810083363
3.54994357436731
2.63153096924397
3.92550471728398
0.818938126620633
1.39238478233591
1.18422804183699
1.89604536707811
2.39641651390315
3.89190780572891
0.775826383044884
3.77276649874889
1.01325282347364
2.24106937546007
1.65692977347869
1.89658741085674
2.08102196030914
1.61057000358406
1.1319272927586
0.995252863839755
2.55497432838917
0.0102469558894388
0.977403310563954
4.11113265348964
3.56635531093264
2.34333150219584
1.45752980160257
3.05469964080872
3.40317745737034
1.78583527616717
1.80643819281656
0.0102469558894388
1.61730039469637
1.76165200626131
3.3481655250335
2.37915823539883
3.19187894508595
1.30821947481845
1.50581591523315
2.09680939637374
3.1009842669118
1.18161276948157
2.35365838174777
2.39070540367232
1.24352205948204
2.17316439482211
2.92969612743238
1.69709437900824
2.15387563909848
3.55177679768131
1.98916723414725
0.0102469558894388
1.01506828366587
3.07519736357369
2.33806638946018
1.38611241547267
2.14830063560411
2.63029199052548
1.55392547469705
1.58356947234786
2.36541479077639
1.94495711902348
1.82503861828855
2.48300474103931
5.99976066089658
2.87542205958258
1.27720552296392
3.21467975763522
3.0074638780689
1.58841524476947
1.88243794438069
2.35124919411678
0.0102469558894388
2.92752078727448
2.4716856111046
2.08768796024222
2.97485216057065
1.17805068558415
2.47518289624687
1.77098172668448
1.92941416659232
0.0102469558894388
1.80778495181293
0.0102469558894388
1.65279433980606
3.38488050528381
2.44341050356031
4.6018171862999
0.0102469558894388
1.2806618195286
1.20711102601218
0.0102469558894388
1.03257731724599
3.53053431078309
1.15250038198447
2.01801433729779
1.70998349775325
2.81057444747909
3.75648269251937
3.16812517775002
3.72827595997437
0.0102469558894388
3.00819039884914
1.89826476225771
0.0102469558894388
3.5390431099619
1.98498829201237
1.22292618864479
1.70006643203978
4.67646381847519
0.0102469558894388
2.9416334953375
3.11795898985839
3.01444503210307
2.82850908466296
2.61996178975271
3.17489265845458
3.03741710253752
2.08136287778092
2.90204542585489
3.64168552166593
1.44150145576883
1.18306049759362
1.14389298435086
2.02808677736574
3.0529503611263
2.31060232549544
3.00241888580026
3.73449165314648
1.12643158314103
1.93790868315392
3.85246124645773
1.8761095142559
1.60114110510934
2.75201878117591
0.693786021670593
0.973595125332898
5.42544700796929
0.554877380460965
0.0102469558894388
3.47238882518866
0.0102469558894388
0.0102469558894388
1.46990044735141
2.37546983984718
2.56173627678335
0.0102469558894388
2.24126949910247
2.73747954733337
1.04448363984841
1.57874296003341
3.01722135460017
0.0102469558894388
2.23962809131482
0.0102469558894388
2.57133266101608
1.15164291131211
3.7774338100632
1.25165363844094
2.10865996486886
3.39963207086485
2.07162645429028
2.52955473427021
5.10360694697484
1.94605554243261
3.23838982718774
3.80313270368391
2.43573395276784
1.52154462371138
0.0102469558894388
1.72324473092984
0.377659531635133
2.44001078399229
1.58282965907806
1.74162065016367
2.58843116426369
2.77749824242871
1.70157007675689
2.70585028991504
3.32313136851345
2.88005129203177
4.02515776918993
2.16687804002535
1.52527554607715
0.929252777085067
2.72106092456731
3.1301567275651
2.14321662560676
4.35567031377531
2.14849381259773
2.54100386247056
0.0102469558894388
1.95223736637103
3.08408550390785
2.45091350742425
2.21812937209353
1.98376114090069
2.61880102618351
1.99192975806793
1.31845970732854
1.99127548343003
1.61988684293136
3.80501223518301
2.63405786166593
2.80126881639173
1.74399487663698
0.470468035498722
3.99901341583606
3.10118700121036
1.85848076651197
2.96621472343244
2.06069067519354
1.74478478786862
1.74853807214878
1.41803302354812
3.39572682468023
1.02005978905929
1.55482284557306
4.46889300843152
2.24649365461127
1.88376413807329
1.88642241932622
2.38333849597298
2.28853890401635
2.43022533812357
3.13591462097783
1.69290427352792
3.19628734894833
2.96365008949552
2.36504401901998
1.44976696339666
2.17124375668099
3.45592295417267
5.41579255991988
1.93766889879078
3.56260583292129
0.0102469558894388
2.47127791978135
1.97847871633458
1.72679073683309
2.33613636959835
1.15235178743167
1.31042853212886
3.55846296863747
2.40459787973017
1.88100683699638
1.93016749342503
1.80967207040805
0.0102469558894388
1.6944230034107
2.32308831853474
0.0102469558894388
1.6504529887787
4.37306993891638
3.40122338385465
2.35066345622651
2.33076998422604
1.31977621374432
2.08936202180882
2.728344281804
1.08756869045921
2.31829751969904
1.16442899214972
2.9534577508773
1.40708916030323
2.7336479115708
3.49189371300516
3.57736786242088
3.88147266341866
3.25607010544451
3.6258055314744
2.02841160956465
1.18485859061774
2.96575037797737
2.99685325747478
2.45105392060712
2.15130216804103
4.02106949130323
2.65600415721233
4.33661574751076
2.71886164562633
2.42193579954264
0.0102469558894388
2.20347605431731
0.0102469558894388
1.7863571995541
2.45244670081806
1.23087791140203
2.1542068842397
1.99408196236715
0.0102469558894388
2.80580598996895
2.17595272503781
1.62983138956581
1.4437380700366
2.72356082554433
3.49296895422528
1.95031825856929
1.80637756116338
1.62497440159404
0.593460251049917
0.0102469558894388
2.49491431040122
4.26233526074769
1.95952122855145
2.36688111619593
0.841060615209504
1.80507068894069
4.30714486568254
2.44730561638616
2.80436838738441
1.2884980519529
1.11664543871675
0.0102469558894388
1.47422383114227
0.322478501291821
3.90194633001311
3.3022934002945
1.21625545081506
1.15224339635656
1.59063299296375
1.85040832775906
1.5232755997291
2.34495832337708
1.05174604535629
1.63924119455105
1.82459540870172
2.43229605027508
1.58462883251405
2.43487248179548
3.40016200898668
2.0343226359765
2.67834002542163
3.885686830186
0.0102469558894388
0.0102469558894388
2.9011330793869
1.73784968827547
0.0102469558894388
3.43744322919399
2.672674462802
0.0102469558894388
2.66388932654886
2.50169015117455
1.99686586909842
2.06608528944703
1.4026694592045
2.22727219422088
1.56945900356153
3.65710525922272
2.00034675410416
0.0102469558894388
2.58735331292468
1.54673659896903
1.7592275213946
3.06755815875274
7.43282553251743
3.15550705475194
0.757169294925758
1.84778860332964
3.75320255310735
2.25543244632606
3.87137778449857
1.90560784461412
2.47530304544211
2.68421153856434
1.59869335470926
2.06929868539508
0.0102469558894388
0.0102469558894388
0.0102469558894388
1.50928016340093
3.08089422281979
2.54484162179488
2.66092552698474
2.00674780056143
0.898498210053538
1.9945493218071
1.9641013198351
2.21125235422353
0.824365748655315
1.35326972582051
0.901496476862101
1.77558027644185
2.96078551088032
1.99925212462373
1.6480938374309
2.41986231901989
1.90440291387648
2.71916197218369
2.78137018975078
1.76900647952025
1.45101333510241
2.70801167113982
0.0102469558894388
0.962409645958747
2.7622297780761
2.04947357819786
4.40107687065698
1.26222656281843
2.48536112422754
3.30724558102471
2.32002395344245
4.0157169101586
3.2355478383289
1.93337898451595
1.7756680244182
3.27251939635062
2.22011787849576
1.40498268001157
1.37251728766514
2.31340783351859
1.82354407313625
2.0148877726237
2.74898074570429
3.092250263151
2.87237104924532
1.94075069311222
2.34257949819009
2.42632848882756
3.15099598870311
1.7087604299593
2.16364394454584
3.79956869434512
2.44807149448284
2.55177045692379
2.13443740540271
3.24273448408293
4.81124009472071
3.05655690762225
3.73025482355083
2.72385367863483
2.71773280565555
2.20420044245812
1.88085109435819
1.49886771359601
3.89513166344292
0.760975180678029
2.01875695953238
2.60449943143433
2.21335964966527
3.11656126472637
4.93227538867521
2.60412681974302
2.31539021852176
2.03778938783422
2.25537581048946
2.46810400105814
1.86411264212646
2.97546942340046
2.14870594374441
2.09444152411889
4.42364780422059
2.99421852118897
2.0817415214972
1.57956252285425
0.0102469558894388
3.52024241825648
0.0102469558894388
0.0102469558894388
0.0102469558894388
3.81408558356205
2.62425141865237
2.15150858884812
1.27441917980982
1.88678141135681
2.35197291558126
1.90757463214973
2.99838137042592
3.41140255795708
4.27899492806489
3.40193156527007
2.07514928174319
2.81678224503857
2.33706587016233
1.5706877182202
2.02929458654433
0.0102469558894388
1.83264037383987
1.83115678458724
2.24987304144586
1.45124725274737
2.01987253006917
4.49763902259109
0.814951460918743
1.71452555389456
2.41417657210009
1.80565713506978
1.67746799402442
0.691021255332776
1.26657283629579
2.17364909988414
2.5838340873237
3.40411615440291
2.11454678709297
2.36383347048695
3.26433702335916
1.74846338836249
1.75380121789707
1.88790931395098
2.82488072703677
1.74167377274054
1.32158387285453
2.09304465894561
2.65086585429699
0.0102469558894388
1.77327071135382
2.61777481930959
4.47127634180204
3.11419666328619
2.13231697354817
4.54631115803776
3.33467837869693
0.800525134646917
1.8702023713232
3.24604670187246
1.87418664569121
2.29391547693696
2.63573654246504
1.96133085420075
2.34659671397239
2.13714577251766
2.38083506011644
3.25875595088431
3.28675669023107
2.25515595063647
1.36153963734508
1.80724634293642
2.24800689763763
0.674501933460293
1.49326717966491
2.59496803892532
0.0102469558894388
1.85827431189825
1.79211475860272
3.74467013128236
1.75310662006215
2.51867161996768
1.27012838807778
3.59945142966047
2.68649880897022
4.04166205116131
1.74984118364945
3.1860439065884
2.18497024658015
3.04526306786762
2.46119414365191
0.857160466200249
1.5540162941113
1.6154858590576
1.86218464747841
1.16105626562172
3.00043217282988
1.79393327222363
2.37524329081584
3.65979160313325
1.95134431455529
4.34432231036552
0.0102469558894388
2.21780392011606
1.84435432434682
2.67540227194122
0.0102469558894388
1.74624700867858
1.60847861070194
2.82755075678092
1.08045421676784
2.93723763707172
1.57894351024895
1.46878816497844
2.19826088756362
3.67785749555849
0.769014571738915
0.0102469558894388
0.982382142771299
1.00256917027506
1.20605292827312
2.57302358376549
2.24977302206753
2.97810637252374
1.89709292327364
2.6155067372619
2.19641969179695
3.29563315247521
3.33295068959633
1.22912670796045
1.91049375946066
3.24632453512039
3.28779156326072
0.0102469558894388
0.851150031884687
3.69292025017138
2.36132657633746
1.9955629861796
3.33270196959421
1.75467385750577
2.84879748207856
2.82141300149261
2.87321599149207
3.3082535500177
1.82879933597678
3.44087217897985
1.93873348324783
2.0889566186935
1.19557145213252
1.95043890281051
2.22455057695039
1.45548839359394
2.90352092801016
2.16285605552396
2.50029254516136
2.50685830253692
3.61982656387455
1.28474231854827
1.83331823219369
3.4454560930208
2.97102559375344
2.1755690075437
3.24379482483475
2.12714216118108
2.62868746193391
1.40575236529212
1.10343361834624
2.04033839474046
1.45779902088481
2.23530449748124
2.69920490148534
1.90323122444318
1.54460254502049
1.4240033935313
1.79039872270689
3.05080127505463
0.0102469558894388
2.59358978022828
5.14766668708845
3.8455131634896
3.74941023507244
3.02752404086867
1.53486178501657
1.37330216135684
4.59428507172522
1.21285972852615
5.5795934646162
3.87356357721287
3.29677631835455
1.43394789611378
0.584639879108631
4.80348584765455
3.3316804033061
3.49192375668011
3.52870716848983
1.61051341131782
2.70121620945715
2.02749310021028
2.45905467908856
2.13454398411014
2.04726935331247
3.5979505553341
1.17091978966156
2.27987807164859
2.74150254796614
0.848366475316007
2.26794780238162
2.35680887052443
1.13727692241322
2.90256324607299
3.16796084206132
1.61773080357622
1.37709873801989
2.6442369583554
2.27552643378659
2.96229219400469
2.16919987590899
3.5615956904078
2.07094977956462
0.0102469558894388
1.23315465662467
1.82694134980054
0.0102469558894388
1.48423441491021
0.942389837446623
2.14455693871047
1.87702578179154
1.9751099062977
2.16654773276593
2.12445562739705
1.5470258933534
1.65740756315104
1.60099339509344
3.20162226461345
1.55776007731863
1.57514967951498
3.25876806873035
2.69842600367353
2.31147385554782
1.74349985402075
0.0102469558894388
1.88602164461106
1.98137487417392
3.06545602021649
2.01965444102161
1.83688506086203
2.19195602054398
2.42834616980752
1.00608415769706
1.8368175140303
2.31642715475614
2.72589570685351
1.39435795316356
2.43070275129913
1.56136920131945
2.01742953781517
1.28404020262704
2.2092323389984
1.74378563856719
3.82797679667523
1.79200643116134
2.43070728939024
1.91732751612914
2.43103784067417
1.61434138455725
1.36228653170631
2.62770572714988
1.01195475323439
2.61046021298482
2.30005499517585
0.0102469558894388
2.45340725585962
1.88962609478473
0.0102469558894388
1.89850609802964
1.78116963434443
0.0102469558894388
1.88426662065642
1.83748905204796
1.88436076663084
0.802753990510114
2.87651941487484
3.03849359377063
3.15623783185648
2.45561511622839
2.96508025139086
0.638404761687477
2.4653432759772
4.19615115668193
3.60830735307384
1.79819863918842
0.989106339311037
3.86854766718179
2.1614003345199
3.4798725505181
3.04173076387353
1.28315734559675
0.997803505283763
2.66382595501126
3.24355980981017
3.1896746991371
1.25385239714655
2.45675668207916
2.45845924294706
2.28506340767678
3.40404625166437
2.25591730442828
2.2505870436467
2.81588117369981
2.19137020460735
1.09221319776842
2.68026988096237
0.705718151468099
5.69524343647856
2.62695898350283
2.61893484102304
4.48540255326673
3.30611163123453
2.06795454331752
2.76403879389556
2.05304995529988
1.7039152512989
1.55483632695136
1.02999528765358
2.50576130241122
1.92138612479379
2.96611877315737
2.76700333292497
3.72761954213015
2.19999996803386
1.44118116837253
1.18963179928581
2.64571329263839
0.0102469558894388
2.17861102242138
1.76004667380943
0.0102469558894388
1.98731044265728
2.48923073926092
2.7974446106769
3.42943419866248
0.0102469558894388
1.29731812778201
0.950461319057526
2.78409040708968
1.54103360418773
2.24930995539364
3.77585382638253
2.06916333433075
2.48788599991682
0.960312606079555
2.97489079381361
0.0102469558894388
1.71555257443936
2.15319666206065
1.5275158027588
1.71402766336165
4.52251717019729
2.43116874995531
2.12632690637178
2.65940619307138
1.87123751508625
0.633698495136056
1.73246480371434
2.43899806283171
2.09875923343217
2.89045598958461
1.73805780340224
2.38895004266273
0.816771638332769
2.49772781457176
1.47900262931684
2.82628189732153
1.79730673239105
3.08337266012528
2.44572344368227
1.47263761293779
2.90567733540268
2.76502504013487
0.0102469558894388
2.58653090077611
1.93784365631968
4.43791494620202
1.82054741605622
3.53613701531256
1.20294846886072
0.0102469558894388
2.63139901742106
1.75971684458094
4.82501548582286
2.64870925603063
1.71095744145751
0.52836000456592
2.12884265573594
0.0102469558894388
2.7566556013223
1.51267575983786
1.91067353535307
2.86757533655988
0.0102469558894388
0.427714125453495
1.63602640278957
1.58634322144909
0.0102469558894388
2.54171787371241
2.17759667288686
2.50922882083386
1.8469891891181
2.12500400685456
3.31022768113523
1.59646265392548
2.3262853780007
0.299313749334265
0.476048364203777
3.83215672811949
2.56208581041149
1.05064668281154
2.3583490466618
2.0510560334761
2.49683174035281
2.06746567191807
0.0102469558894388
0.0102469558894388
6.48252581212922
1.52942965841636
2.24140295323164
0.0102469558894388
2.59113253392962
1.83970263024559
2.57219099268404
1.77405851132878
1.87876220121677
3.38653724614858
1.32424128199889
2.22304825011191
2.6560418986386
2.22358590608528
1.90868882182573
2.57049633637605
2.00286028161657
3.36018867757679
1.91308034123491
2.80688962132252
0.0102469558894388
1.95894023786923
2.2759800436275
1.13933240633941
3.03606763099228
1.2082852892937
1.92986034847403
1.38697158694462
3.38384242746213
1.79056484500045
2.94445744242155
3.0452077430281
3.68928184196561
2.07671729854531
2.7767652970901
3.41821625384282
1.36623275327986
1.89743533952372
1.47508905136302
1.27308683620265
3.03077177108161
1.9781849047658
2.52978560311165
4.07281884277474
3.65224851131087
2.89830072313443
1.3430244345494
2.15411383397116
2.94541289751615
0.700263101409847
1.46097679689421
1.46112318694583
0.0102469558894388
2.26610839620231
3.73158206072899
2.72151138206927
2.22354462852422
1.47024011957479
3.85767165247452
1.57839297683703
1.95195060209849
2.31043666048959
2.46718843406836
3.97495406551146
1.86924686577534
3.66374053745985
0.0102469558894388
2.84949462416985
0.42276358110032
2.85423787609633
1.27790906623041
1.22919739058938
3.24396744902707
1.67896835293817
1.68128398088361
1.01463269894
1.5603777857158
3.16071362066364
2.07935113874261
2.6686691115247
3.08193957368555
1.22051942634555
3.56066297156219
2.24943034520806
2.0522902031501
3.20781043850322
0.0102469558894388
3.09870943027205
1.81485294548177
2.83007044175857
2.05448203768703
1.54158922300073
1.36848902282566
2.37037467439432
1.69436965804332
1.43807881701669
0.0102469558894388
1.33917186558268
4.42505997070013
2.58050999982125
2.22901518151793
2.36951327698259
1.7581752981964
2.14234862625928
2.73229453873534
2.35636997780543
4.33564007946629
2.10497472841472
1.38485598042744
1.83506485263401
2.25320007808559
1.86095231172327
3.96320860119
1.13734300676133
1.42220757154688
2.16814766202353
2.28691600565792
1.66738112186432
1.13441612760089
1.50399768514773
0.0102469558894388
1.93561489370102
1.7463337758269
0.0102469558894388
2.59938950717154
0.0102469558894388
2.17121078299177
4.11566755934652
1.35713398784586
1.62600545497444
0.73388972566944
0.0102469558894388
2.04478391106712
3.10563636303994
1.84390297670352
2.61261120883437
1.46067887374491
1.8928347438396
3.35586151351802
0.0102469558894388
1.53494817539733
3.45055150045549
2.34250222323367
2.97003682087981
3.50627980810262
2.0186274707353
0.0102469558894388
0.0102469558894388
0.0102469558894388
2.46563012533412
3.33013868440252
0.0102469558894388
1.78237161774752
2.09558552578817
3.35474826279124
2.50012300337464
1.61813223178961
4.36299467552648
3.20817006833684
2.39948365626535
2.21455528668289
2.3051470162449
0.0102469558894388
2.47266269552109
2.52829564345457
0.88988645237697
2.38702934529495
11.2902427988194
1.35742565096002
0.0102469558894388
1.4281996881072
1.78747510642278
0.0102469558894388
2.08013275801459
3.26790324307143
1.10247027488287
2.82181560339149
2.28774651909537
2.59078836823983
3.77783599609428
2.78494434126916
2.1827766071524
0.0102469558894388
2.84345356311678
1.96230378933076
1.13835862941289
1.00379395278614
3.1112923035251
1.38037954964502
0.78369729288399
2.97275575400166
1.43767985630719
3.45960066950787
2.31406802474547
3.56077623536754
3.7527233135141
1.66052607005134
2.51912120993552
1.93665734091341
1.94967780245101
3.30454022307574
2.36714721524292
1.59883510402473
1.88555755469382
1.36684241124614
1.92425759432938
0.0102469558894388
1.42347718399748
2.09490865918657
1.5426741806247
2.10882659331688
4.36176110889484
2.24820358535666
1.93858514430701
1.81960679222013
2.20573622051172
1.70197913839309
2.23010351053989
3.16074024557248
1.88473988702496
2.21637540175415
0.427594943425926
2.39013551369927
1.95014850545456
2.34141581137602
1.32027343781731
3.52693758097405
0.798437061535267
3.18690420175964
1.74644099930679
1.97799022027094
2.49378140731483
1.86153019260055
2.04620367894723
2.94947978424638
2.52794453920996
0.742310160950015
3.00039089232667
2.47612441830461
2.04556192323373
2.25042687771437
1.98927628864135
1.70233073565588
2.53092439148555
1.45232492387482
1.46209102099169
2.4371880753086
2.83727604656387
1.96273725225237
2.6318115290125
2.26766770332216
2.74654636455346
1.99393290289268
1.81893345776891
3.15010119706653
2.6669257366494
1.46975762246562
3.48042444335022
2.45184531036845
1.25806070645688
3.02142503078812
2.28375794657097
1.74758852178325
2.69163490616384
3.07327008912703
1.85586425484968
1.50719356276512
2.35021556364501
1.42920684037201
2.33163170462238
1.94567802813792
3.35759423708099
0.0102469558894388
2.4771618395373
0.984744371143262
0.0102469558894388
0.0102469558894388
0.0102469558894388
0.0102469558894388
1.99458530709083
1.29003269948103
2.31874899241084
2.86422643679929
1.81435923759736
2.22691315247353
2.35369350111438
1.86682635702446
2.41698066477994
2.10309637258135
2.26459142782361
1.28503379164111
1.07034036713601
1.94772615057122
1.17395488054165
1.7556914686111
1.40759559292412
1.29292740312795
0.625315507925702
3.59769591838309
2.44415994423904
1.22345153688497
1.4069145887489
3.02874747316629
3.21781789139467
2.76900712662204
1.70953018260408
1.7767278907011
1.62881998029814
3.3444244790035
1.86872283466443
0.0102469558894388
0.608482650920986
3.7724467912143
2.59314745651291
2.22120935607545
3.58325766643916
0.979092536415942
2.56393700400072
3.1430333067282
4.13548988395772
3.62582117877005
1.22038795197816
1.92955022087521
1.79979328961933
0.0102469558894388
1.47710246636325
2.13251710165004
3.44431646642063
2.20282331993274
1.91261999224272
2.61640966329633
1.1269259861293
1.787425328075
1.36160988876018
3.56373551777411
2.59715998261932
1.75354842175837
2.32575916820279
0.872867030939289
2.93456144634735
2.99283467188405
1.85594318427402
4.43753233593833
1.63746078235404
3.03970079868952
1.06534905883266
2.09819105246451
1.75803442211082
2.26798762016945
1.11034555521268
1.9076115654383
3.11295894415021
1.64755063290388
2.52715422744252
0.0102469558894388
1.87418821018957
5.62802226059006
2.77622829179359
0.0102469558894388
2.36048360060136
2.79539386226339
2.04920953211897
0.605584126060462
2.02479357730232
1.82612940566637
1.66183365622454
1.57441862774126
1.73512474472649
1.73524750112962
3.17758647493338
1.76030732904166
1.60126031467723
1.54887244435092
2.02052277131467
2.62083367639629
2.52738147582751
3.57556698812854
0.890207952221352
1.17236142402582
2.76450707064302
2.42957961820078
0.0102469558894388
2.68798721908884
2.78128639025596
0.382941384874585
1.67399899163954
1.63613718286417
2.19617521106898
3.2480839148665
1.12875764679479
0.762596276298996
1.00146746339617
1.2847006569923
2.03547317690761
3.11744436411597
1.43743217872058
3.44253483850834
2.70967649834167
1.4892975526804
1.67135605640415
1.76396389577897
0.602841744398752
2.16349633396283
6.21310366023044
2.47146342597624
1.78588004957801
1.0245660546374
3.04659829889953
1.89974717711158
1.54027884190338
1.20572450740036
1.46467675085667
1.28207155327841
1.65965979524006
1.13006571181486
1.8808903021242
1.87714478869179
1.83121076727828
2.97055138890868
1.99572691650849
2.32468444381678
1.44745561033489
3.16019487984185
0.0102469558894388
3.25581646273273
2.0601390984002
1.40985401282643
1.17744250842727
3.01659838194394
2.02571854789487
2.08486765472989
3.58593503988533
0.809088360744902
3.13445345323621
2.40169378842787
2.11150036109031
0.0102469558894388
0.950879900252329
3.10474783938063
0.958437162898777
3.3834318788723
2.85542781108589
2.12823518803835
4.11489680048182
1.77623519479342
1.63591833970091
2.43725297335809
1.55745352612322
6.0630561498234
3.4566167688548
2.18834041598507
4.32837713530891
0.0102469558894388
1.15791697373069
3.74411694111946
1.53799452792231
0.0102469558894388
3.46762638484648
3.52664503869411
1.998411159002
1.2417896429799
2.03410968591337
3.75483882949745
2.67826772372931
1.35848051385879
2.58245517967962
2.39952467814873
1.88983076277227
4.39499071170877
1.62919534965351
2.557057215373
2.31188864093661
2.86871532472903
2.49322658469197
3.23773003706653
2.05263007609236
2.01474427901823
0.0102469558894388
1.91213545663543
1.31893981543782
1.90625449479797
1.79147433488515
2.42895169019331
2.20439951339099
3.70353845473961
2.62582037287822
2.7720678346538
3.5188408997048
1.59102127497371
1.0725023111478
1.7375154315106
1.65647421569155
2.08414427509793
1.19287096173681
1.71739999740953
1.55249966001533
1.06407611278574
2.44496270446357
1.65581288540495
2.61576433054919
1.86745131551418
0.818222998120285
1.19220119965432
0.48906408769278
0.0102469558894388
1.93173049891426
1.66829773744837
2.00915979606878
2.50895916305197
0.990142169894574
1.69788341352911
2.67941416442462
3.76002759160977
1.44097244649147
1.5175695337117
0.0102469558894388
2.49034777861677
0.0102469558894388
2.41943400681762
1.79718409820454
2.68320519106989
1.55943040595155
1.42292374934481
2.36126922976712
0.413446286636534
2.80376657100892
1.09547256252479
0.602076347530172
2.09022967120259
2.24165448655784
1.86847636597291
1.73090844760077
2.2600661865582
