max_dist_z
0.00627549999999999
-1.162105
-1.2938475
-0.513446
-2.004735
-2.125345
-1.16071
1.32167
-0.608073
0.7238855
-0.5042045
0.8185284895
-0.5327115
0.977852
-0.1937905
1.038724
0.4061445
-0.18002737
-0.756433
0.4315945
-0.9544165
-0.7373925
1.735745
-0.180814
-0.1241226
0.2666242
0.3613665
0.363149
-0.5921855
2.28662
0.5879455
-0.0676062
0.803834
1.024703
-0.682812
0.763814
-0.0233555
0.292206
0.685476
-0.257822
1.349685
0.378028
-0.515423
1.252663
0.4399295
0.315833
-0.654285
1.066341
0.84567
-0.657305
0.845061
0.5930835
0.511646
0.094001
0.129332
1.461155
-1.33415
-0.252276
0.6678104
-0.3167545
0.00755
-1.3735415
0.5231935
0.2173615
-1.498684
-0.0221775
-1.1362405
-0.50756345
-0.073209
-0.22234
-2.357175
0.110215
0.095584
0.803984
-0.7772635
-0.5515405
-0.1197525
0.5642585
0.0995915
-0.00212999999999997
0.1379518
-0.4432145
1.40618
-0.951788
0.214329
-0.21956
-0.3295495
0.369324
0.892005
-0.265256
-0.3090625
1.57602
1.37686
0.898852265
-0.957022
0.620375
0.18949
-0.6728145
-0.5066615
-0.1574745
-1.238944
-1.1760075
0.5756025
-3.09218
-0.00876500000000001
-0.897005
0.079226
-0.2485775
-0.1574135
-0.0219015
0.0963685
-0.83104845
-1.743185
-0.414381
0.08364605
-1.535335
0.4140505
-1.136048
-1.56397
0.2172917
-0.07862505
1.1405448
0.50499
0.474458
-0.429132
0.70545035
-0.273385
0.508515
0.07902
0.3309911
0.567144
-1.3331705
-0.698599
0.09112255
-0.116221
-1.59237
-0.2667815
-0.73510125
-0.6615795
-0.1135167
-0.973607
0.1599925
0.2914022
-1.677905
1.653175
0.015604
0.843958
-0.6426922
1.61669
-0.3469455
0.264832
1.0629045
0.3281045
-0.0507925
0.1235525
0.638669
0.570919
0.563305
0.2905415
0.7651405
0.914159
0.4137347
1.004514
0.194036
-1.248425
1.998975
-1.159882
0.0559608
-0.031091
0.2835234
0.96877535
-0.3852445
-0.184872
0.1400195
0.5669827
-0.57829755
1.0031866
0.84023265
0.047072
-0.34441771005
-0.638026
1.1110455
2.26824
0.3343115
-0.07797655
0.7719795
1.061966
-0.8335355
-0.6494465
0.8422585
-0.3319825
0.3924
1.972185
-0.0952485
0.3616807
-0.7982895
-1.316825
0.9611725
-0.728809
-0.3896447
0.5248717
0.5677175
1.20824
-1.2539315
0.702031
0.24079155
0.4640455
-0.1261835
-0.48461
-0.712062
-2.16469
0.2275715
-0.9948415
-0.2164765
0.00942399999999993
-0.51229145
0.3046714
-0.5439085
0.3854745
-0.173813
1.528537
1.092405
-0.216138
0.308735
1.011009
0.925272
-0.45440345
-1.067217
-0.580293
-1.770265
1.381835
2.34105
-0.9060645
0.7044295
-0.441431
0.61560125
0.645403
0.319486
0.044275
-0.027536
-1.24769
-0.851455
1.197445
0.774339
0.0962915
-0.181663
0.5018105
1.552095
0.336723
0.778911
0.683138
-0.88492
0.2074695
-0.0456685
0.4223115
0.328774
1.1883505
-0.159932
0.185686
0.8290025
1.4142295
-1.14969
-0.5915355
1.930815
2.074285
0.537199
0.42758
1.0182315
0.461952
0.8788185
1.318646
0.5574615
-0.0425
-1.541539
-0.490717
-1.393615
0.47307
-0.5235145
0.4225245
0.041087
-0.071459
-0.146579
-0.45739615
0.146562
-1.682525
-0.663811
0.5089825
-1.673415
-1.416605
-0.4308845
1.88072
1.092589
-0.1228915
0.6156699
0.563851
0.0463515
-0.9000465
0.1432115
-0.8349165
1.10336
-0.26356455
1.13876
1.3040355
0.437327
1.050918
-0.240694
0.187664
0.084935
-0.3319265
0.6223355
-0.4680735
1.3986065
0.2543515
0.118585
-0.607012
0.229005
-0.3708475
-0.424244
-0.481808
-0.353259
0.4188995
-0.9437335
-0.350402
0.067952
0.4316465
-0.77456
-1.565415
-0.29874539
-0.649372
-0.009988
0.2372185
1.1881765
0.9757455
0.27114
1.2664945
-0.526489
-0.03012045
-0.8586095
0.205883
0.4382625
1.53665445
0.3954855
-0.7635535
-1.86974
-2.286225
0.4218995
-0.806875
0.00395199999999996
1.840885
-0.262873
-0.155681
0.22262855
0.331636
-0.3119405
-0.00621899999999997
1.651045
-1.608085
0.1169475
-1.1147655
1.58065
-0.0131347
-1.617155
1.233981
-1.4171
0.88079315
-1.055612
0.11467515
-0.9892975
-0.0825695
0.87471
0.650661
0.971047
1.2238515
0.66945
0.40758623
1.1937435
-0.7090235
0.2364677
-0.4914495
1.611495
0.340767
-0.339288
-1.19483
0.0823945
0.1052855
0.3785165
-0.587995
0.61531525
0.669103
-0.2639955
1.450739
0.0034855
0.897854
0.076365
0.802478
-1.02292235
0.569082
-1.2416255
0.416493
-0.3727275
-1.124595
-0.0403115
-0.4070835
-0.738402
1.1224645
-0.0152495
-0.174134
1.718385
0.925468
0.8013525
0.856815
0.4160315
-0.8901035
1.733295
0.595219
0.2542855
0.320458
0.1846015
0.855738
-0.734069315
0.3612195
0.0675885
-0.5417185
-1.2321815
0.3065775
0.1535965
0.8888695
0.26887205
0.9340335
-0.0514555
0.249198635
-0.3110835
0.7004125
-0.1512815
0.672985
-0.312462735
-0.2200615
-0.6779325
0.3558475
-0.4048775
-0.9877685
-1.682695
-0.3560525
0.026958
1.0256485
0.057235
0.873056
-1.63274585
0.6702
-0.4564165
-0.35242665
0.5432205
2.30495
0.1496554
-1.582565
-1.436963
0.5414445
0.44118
-1.374884
0.7104925
-0.297646
-0.1218675
-0.4839587
0.7566405
0.0243955
1.537155
-0.450546
0.4256275
0.628855
-0.57540435
0.629056
1.310255
0.146262
-0.42591
-0.883168
1.3318785
0.1404255
1.258672
-1.4761825
0.8343895
-0.1288445
-0.700886
1.1758365
-0.5899995
-0.448342
0.2911445
0.652772
-0.0937265
0.0787985
0.0304545
-0.1962025
-0.703573
-0.1564105
0.094012
0.399815
-0.3218885
0.556138
-0.1308218
0.724894
-0.051499
0.5195855
0.641396
1.20569
0.6320715
0.4508445
1.0870295
0.3535255
-0.6877135
-1.107118
-0.698453
0.4664925
0.274008
0.1872175
0.49701835
0.0954385
-0.42782635
-0.8294185
0.53778645
-0.5268683
-0.3865275
-0.986057
0.558798
-0.6339255
-0.2033005
0.5651545
1.69632
-1.886935
1.1985445
-0.2606755
-0.9660121
-0.8867333
1.79227
1.27971
0.9992165
-0.1495745
2.325735
0.658737
0.4365265
0.511932
-0.1957289
-0.102228246
0.4351425
-0.33481815
-0.732684
1.117368
-0.243294
0.1841
0.895283
-0.630147
0.5355045
-0.45927075
0.3588725
0.41834655
-1.514777
-0.161708
-1.6560985
1.0062205
-0.9152755
0.8557405
-0.300588
-0.0690645
0.849246
-1.318315
-1.3884445
0.0239935
-0.19945425
-1.363535
-1.532227
-0.086523
-0.073837
-0.09099295
-0.7372163
-0.7773811
-2.067195
0.376772
-0.468125
-0.0228265
-0.1141605
-1.1266035
-0.0319965
-0.6178115
-0.4657232
0.203379
2.255885
3.09246
2.545175
0.7801615
0.61546655
0.1437105
0.238419732
0.907842
0.529377
2.61245
1.735382
1.249839
1.736375
-0.1688455
0.3316395
0.051044
1.1445045
-0.08609175
0.2686855
0.137389
0.239719115
1.345583
0.579605
-0.207039
0.0389045
0.2139855
-0.0825975
-0.20230695
0.28338
-0.1567515
-0.654589
0.7006685
-0.1794035
0.0630995
-0.314969
-0.622637
0.892734
-0.770622
0.227392
1.4165525
0.00720835
-1.337265
-0.3287221
1.26096
0.603541
1.2773245
-0.038547
-0.539634
-0.0328705
0.7163825
-1.431285
0.5868252
0.5483345
-0.7776215
-0.5991445
0.5598735
-2.81858
-0.455986
2.851365
-0.5711835
0.0119369
0.55296
0.115399
0.13427
0.578884
-0.00549500000000003
-0.24668225
-0.760536
2.628265
1.784645
-1.253695
-1.529805
0.361717
-1.0382365
0.979079
1.92471
-0.069766
-0.871326
0.9329725
0.2067505
0.1514124
2.36344
0.911589
0.124412
0.2356905
0.048507
-0.256492
-0.829233
-0.3048805
-0.39847805
0.0335865
0.465482
0.7737905
1.566615
0.485206
-0.93876
2.366155
-0.39112735
0.748427
0.593261
0.8119885
-0.349512
-0.147163
1.0691005
-3.455125
0.2312065
-0.148061
-1.3619045
-0.3210805
-1.1002175
-0.4602465
1.4001695
1.8214965
-0.61613913
1.5529635
0.4255955
0.9045715
-0.06666915
-0.621546
-0.24288045
-0.2987555
1.071312
1.152263
0.37627665
-2.70216
-0.10864765
-0.064451
0.308139
-0.37057065
-0.00982449999999996
-0.601814
-0.44551605
0.6117665
-0.6402215
-0.8122795
-1.423465
1.1368375
-0.683487
0.044367
-0.0559535
-0.873229
-0.016063
3.227275
-0.020313
1.057526
1.416935
0.2646478
1.0057245
0.8459735
0.189934
-0.0351465
0.2641055
0.501707
0.1131955
-1.877445
-1.0762365
0.689406
0.763191
0.5114695
1.700665
0.696485
-0.236813
-0.8883915
0.2090805
0.0705444
0.1249395
-1.1834885
-1.171585
1.0704585
-0.246438
1.4289365
-0.51064426
0.513548
1.146904
-0.330487
0.7399103
-0.9039965
-1.34291
-0.1995495
0.693823
-0.1795662
-0.1528335
-0.61363
0.0243915
0.7307364
-0.3166622
-1.003803
-0.470099
0.4948735
0.3471535
-0.724222
0.1801063
0.7600945
-1.379892
-0.705694
-0.7403565
-0.00258450000000002
0.2748105
0.43510165
-0.4660761
1.624865
-0.4015865
-1.081849
1.119666
0.9316935
0.49226
0.0787215
0.549532
-0.3421355
0.096393
-1.528195
0.2981045
1.62582
-0.46373
0.1491255
-0.159701
-0.4546
-0.58226915
-0.00477550000000002
-0.341061
0.826825
-0.62657
0.2228635
0.443508
1.35349
1.2930555
1.297785
-0.36137845
0.665353
0.0230315
1.1536875
0.3646865
-0.4847015
-0.17821525
0.599691
0.052605
0.3419273
0.0639345
0.833113
0.8053325
0.2569225
1.80555
1.14375
-1.1040175
0.407531
0.7499705
-0.170319
0.4230058
-0.0429895
-1.069038
0.230401
-0.506627
0.1894455
-0.5255755
-1.81781
-1.519984
0.985502
0.20277585
0.6363516
0.5644555
0.0967095
0.5503775
-1.47557
-1.140533
-0.296608
-0.12077035
-0.1203938
0.6411835
0.1922
0.76499715
-1.155075
-0.17561
0.2948935
-0.352561
0.041572
-0.547981
-0.0261365
-0.047383
0.381075
-1.379596
-0.069705
-0.725699
-0.151417
0.950439
0.1810285
0.15060925
2.5012
0.7692255
-1.56211
-0.00326799999999999
0.7111651
0.0220075
0.24491505
0.6853045
1.99668
2.065945
1.170288
-0.5087725
0.1858705
0.0263965
0.986553
0.602309
-0.5065725
-0.3105525
-0.762619
-0.0501805
0.479672
-0.634518
0.94065795
-0.2628195
-0.331335
-1.048375
-1.2476595
-0.8827455
0.295214
-0.7219135
-1.2749425
-0.9098135
0.552887
0.750751
0.5225355
0.1108685
0.440426
1.143134
0.388979
0.3679865
-1.073652
0.5214885
0.4373365
0.3114655
-0.7577365
0.3612825
-2.063355
0.3582575
-0.770152
-0.826157
2.4086
1.0074635
0.0395925
-0.213985
1.3856565
0.2084745
-0.298612
-2.3762
-3.25969
0.3074365
0.193983
-0.5078745
-0.3385895
-0.1986009
2.53987
-0.0037735
-0.165488
0.8640845
2.218705
0.7592685
0.00220300000000001
-0.333387
-1.179927
0.05101925
-0.263757
-0.1442885
-0.5519732
-0.0322505
-0.0855675
-0.0689099
1.099266
0.05422435
-0.14416705
-0.3883925
-0.16382555
-0.8879025
0.484518
0.1977675
-0.5607475
0.2133985
-0.1332415
-0.6511655
0.29955875
0.798082
0.623609
0.2073
0.589532
0.316835
0.5371915
-0.671798
-0.0966385
-1.442145
-1.339685
-1.347036
1.76842
0.918683
0.2012565
-0.2970195
-0.0690135
-0.5706435
0.00610150000000001
-0.7125065
-0.3854525
-1.35903
0.5917165
0.3828345
2.202245
-0.2932775
-0.4187965
0.79298
-0.21566385
0.023617
-0.2425885
0.4901555
0.899505
0.5993525
1.2946595
0.823549
-0.346754
-0.240594
-0.5184045
-0.3904375
-1.813565
-0.2678125
1.1364595
-1.085695
0.193095
0.894856
0.2350131
0.451588
0.375632
-0.8384775
0.0880065
-0.288379
-0.0840105
2.02002
0.6307455
-0.0607695
-0.15161135
-0.0701845
0.1932295
-0.016282
-0.172823
-0.651085
0.4956065
0.31044685
-1.1009085
0.689542
-0.7390085
-0.14907205
0.07685
-0.31796145
0.00790449999999998
-0.382606
-0.0383086
0.205472
0.2741154
0.088984
-0.223919
-0.7045755
1.045723
0.526776
-0.9597495
-0.8976645
-0.097925
-0.5434675
0.19470185
0.2837636
0.1525485
-0.791927
0.3345385
-1.46282
0.140075
-1.0542685
0.100797
0.025821
0.51484
-0.4405159
1.1880015
-0.974189
0.315989
0.0988254
0.1475487
-1.2488425
-0.0191145
0.999722
-0.29395495
-0.1395605
-0.5212
0.7158665
-0.1739
0.4687995
-0.8002325
-0.2502685
0.048435
-0.18906205
0.7314735
-0.8454805
-0.123882
0.41867
0.570157
0.0245235
0.0151755
-0.0181525
0.2957165
0.105956
-0.8308005
-1.2500745
0.4922945
0.641169
-0.129778
0.103895
0.6646305
-0.8165095
0.9934295
-0.2536015
-0.1657895
0.55781
-0.4140365
-0.13958555
-0.582008
1.055034
-0.222674
-0.7719425
-2.259385
-1.24197
-1.24477
0.723727
0.2079461
-0.22512185
-0.160333
0.4211188
1.53327
0.0136155
1.123415
0.315225
-1.0188605
-0.049058
-0.162015
-0.7472295
-0.8423405
2.624865
1.356085
-0.1864395
-0.73185
0.2193415
1.337214
-0.5499975
-0.0844355
1.522605
0.571224245
-0.07765565
0.5163855
1.098516
-1.520058
0.04371265
-0.6025536
3.21567
-0.35505475
0.3464067
-0.1127045
-0.8590821
1.116298
-1.457667
-1.893438
-1.2894865
-0.63237045
0.7544205
-0.0720625
-0.227783
1.206205
-0.8562705
-0.2150855
0.2287229
-0.51062575
0.14917
-0.12086375
-0.1311
-0.7194985
0.23068495
-0.0309181
0.0626865
-0.7465885
0.379333
0.01761
-0.453571
0.569331
0.9509055
-0.540633
1.552475
1.445595
0.78148
1.71608
0.211758
1.01391
-0.4657995
0.641557
-0.3187825
-0.478856
-0.04947125
0.6552195
0.066601
0.0404324
-0.3241085
-0.44270795
0.691313
-0.129914
-1.21381
-0.0809645
0.1078655
-0.1764435
-0.453081
-1.45406
-0.015060605
-0.3462405
0.86447
-0.3392245
-0.8686319
-0.6218185
0.5382969
-2.662365
0.935695
1.0690865
0.874609
0.3113685
-0.52276
0.79919
-1.40934
-2.29268
-1.56084
0.5518438
-0.13681465
-0.100857
0.1417385
1.23934
1.240304
-1.362985
0.7213885
0.626797
-1.71891
1.5322995
-0.2060905
1.126119
0.0524095
-0.20872185
0.0108105
-2.59005
-2.25435
-2.926755
0.46531795
0.3389885
0.6924775
0.2090185
-0.785896
0.6605925
0.5094415
-0.8089225
1.066712
-0.704174
-2.28668
-0.32072
-0.2025655
0.757467
0.4234515
0.52888915
-0.9112795
0.8753295
0.937542
-1.387211
0.2746055
1.0859355
0.5259995
0.6621205
-1.337255
0.0417000000000001
1.101325
-0.1217335
-0.259405
0.031292
-0.4902945
0.2115621
-0.557505
-0.3029335
-0.08664595
1.0941265
0.43084285
0.07842885
1.298655
-0.295198
0.9499645
0.112189
0.4776665
-0.1878755
0.595476
0.0958399999999999
-0.6154285
0.03605205
0.3656079
-0.00826499999999997
-0.256825
-0.4377235
-0.148257
-0.33932
-0.2919175
-0.43832
0.463128
-1.83715
0.0121965
-0.140381
-0.26953915
-0.071283
-0.4861925
0.6604125
0.1556575
0.897366
-0.484854
0.5775963
0.14079
-1.3417595
-3.249895
-0.34789875
-0.42125575
-0.750136
0.5962675
-1.227465
0.1574629
0.104829
0.2062244
-0.16531505
0.000891000000000003
1.1963635
-2.135365
-0.1901345
-0.28916
1.0418745
-0.013499045
1.21834
-0.0492675
-1.78693
0.027071
0.595266
0.912087
0.7367345
-1.67369
2.912855
1.1833505
-1.456955
1.808475
-0.0666680000000001
0.46137115
-0.378128
-0.4081865
1.3380545
-0.151795
-1.27921
-0.0460565
-0.1988735
0.2736985
-0.24376205
-0.8598865
0.1159185
1.431488
-0.43506675
-1.430185
0.54846765
0.0778503
-0.5866975
-1.695845
0.8048835
-0.5056175
-1.490235
-0.368195
-0.5030595
0.09983245
0.4717555
0.6827935
0.246367
-0.2503645
1.4508705
-0.1963545
-3.461165
-0.6714338
-0.296321
0.805870825
-0.989994
-1.007401
-0.7781756
-1.814715
-2.23528
1.622175
-1.003212
0.190644
1.42416
0.2038945
-0.3672265
0.580241
0.21023925
-0.6064165
1.5412875
2.44324
0.104216
0.7565615
0.191945
-0.27839
0.8298375
-1.278545
-0.0771645
-2.29489
2.352465
-0.99947985
0.186143
0.4262295
-1.079752
1.351236
-1.92019
-0.995306
-0.6032205
0.2216735
-0.0761953
-0.586383
2.115895
1.194743
-0.8541515
0.0261115
0.7434565
-0.0191265
0.534894
-0.8314045
0.4468209
-0.6497875
1.861485
-0.91441585
0.558766
0.419038
0.184638
0.5618985
-0.292495
0.197284
0.485492
0.3022165
-0.795679
-1.0004595
-0.143306
-0.4750834
0.476739
0.2051325
1.79636
-1.3586545
0.6273105
-0.058753
0.1805393
-0.4292115
0.559863
0.0590635
0.256285
-0.636829
0.5502535
1.13896
-0.9205455
0.62914
-0.734499
0.69490085
0.1418595
-0.12125955
0.4850238
-0.5647435
-1.7140315
1.467419
1.145805
0.36564
1.1407
0.6528188
0.528172
0.416458
-0.018013
0.0767887
1.0389065
-0.0874585
1.349964
0.1396105
1.186305
0.3635605
0.5263555
1.496275
-0.43994
-0.994107
-0.604882
1.797175
1.76333
0.574457
0.771526
0.6795275
0.0378205
0.5790155
0.556064
0.7628195
0.1362665
-0.7010665
-0.4316775
-0.3253837
0.0851255
-0.0266835
-1.019427
-0.1203205
0.140204
0.04107465
0.310433
0.1277283
-0.3957085
-0.741518
-0.8003325
0.4385385
0.680847
-0.7113075
-0.371709
-0.110515
0.3475805
0.4785325
-0.35457
-0.266759
1.18309
-0.1790645
0.2545029
0.05316495
-0.505657
-0.0530585
0.62532475
1.3924035
-0.2102721
0.51713
-0.267696
0.309866
0.462302
-1.102147
0.609323
-0.540631
0.580371
-0.694898
0.671529
-0.442373
0.2225695
0.816093
-0.9656235
0.0881535
0.2272
-1.5366095
0.337908
0.24077525
-1.740505
-0.6980404
-0.608268
-1.541555
-0.38037795
-0.279999
-1.509735
0.40904665
0.23332875
-0.0192865
0.2998775
-0.546793
0.5804185
-1.2788
0.0884
0.512407
-0.7802695
0.4219585
-0.0499615
-1.138082
-0.100757
0.456565
0.748461
0.398326
0.2853315
0.2608865
0.0738608
0.1354665
-0.4575965
-1.1110125
-1.08009
-1.0473355
0.153898
-0.595391
1.242414
-1.58328
0.50102325
0.0462175
-0.1512845
-0.9085765
0.877003
-0.07789315
-1.043118
-0.1014564
-0.355099
-0.240902575
-1.7755465
0.4916685
0.09211575
0.978743
0.06092375
-0.224778
-1.88999
-0.575774
-0.0598695
0.445302
-0.145213
0.834911
0.14685655
-1.3534195
-0.89816
-1.646105
0.1890495
0.0725955
-2.16899
3.99866
-1.043816
-0.8957245
0.40726605
0.375027
2.15068
2.517205
-0.4419185
0.43184385
-1.4480295
-0.0411185
-0.3204065
0.3445515
0.6597855
0.6542445
0.128695
1.709105
-0.687592
-0.50246095
-0.283402
-0.14585575
0.2917229
0.38793
-1.51618
1.40826
0.1444837
-0.8864575
-0.4934295
-1.301957
1.0181255
0.330999
-1.30172
2.00231
0.2133845
-1.109253
0.1089245
0.9455445
1.74861
0.50688235
0.65052855
-0.3893815
2.497415
-0.6049934
-0.4826933
-0.3299151
-0.647343
-0.154025
0.4843684
0.9403585
-0.0995202
-1.293015
-0.9941525
0.7726925
0.584967
0.924231
0.4513131
0.7061955
1.108083
-1.56742
-0.4174935
0.2952758
-0.3062195
-0.849658
-0.846758
-0.742064
-0.477194
0.558153
-1.15928
-0.805721
-0.2925125
1.481555
0.6886704
0.9277615
0.2398615
0.326655
-0.537935
-2.56457
0.881419
0.8452085
0.31198555
0.04698995
0.70413
0.003592
-0.6304565
0.7724845
0.2693775
0.51514045
0.6837985
0.3969395
0.1728545
0.670339
0.8107985
2.418805
0.4608875
0.931696
-0.3385245
0.477166
-0.4771625
-1.075966
0.48206
-0.819402
-0.553568
0.9305185
0.4868088
-0.7504595
0.47529
0.775831
1.64136
0.061302
-0.221369
1.288015
-1.1469325
0.4502975
0.4545
-1.97834
-0.215288
-0.06799
0.0558155
1.36944
0.1004402
0.607739
-0.10552166
0.481522
0.072883335
-0.3085075
0.7423735
-0.063381
-0.6083355
-0.092827
0.459651
-0.605869
1.78559
0.4271985
-0.861247
-0.2328325
-0.662627
0.06295375
2.544895
0.608425889
-0.018412
0.1208295
1.007899
-0.20972585
-0.81123
-0.7063115
-1.476235
-1.584345
-0.828145
0.716664
1.121425
-2.60163
2.19064
-1.5033855
-0.665711
-1.559445
0.8624465
1.484665
1.51048
-0.2043745
0.057148
-0.956643
-0.3753105
0.3309575
-0.97032145
-1.74725
-0.3750083
1.126735
1.132807
1.2742485
0.229744
1.4259125
1.620816
-1.1127895
-0.4785105
-0.785078
0.451349
0.010799
0.7117895
-0.443849
-0.137038
-0.7109035
0.09667185
-0.407228
-0.4816505
-0.8990225
0.0637304
-0.829487
0.0369045
-0.55111115
-0.0628365
-1.46642
0.1771535
0.28963055
-0.0639295
0.808322
-0.1312555
-0.5715865
0.1505085
0.4165545
-1.1016265
-0.168733
0.47778
0.5436445
-2.998265
0.074216
0.767267
-0.0931565
0.5439135
0.06211895
0.6292975
0.017137
-1.36296
1.150893
-1.439475
0.462395
0.255615
0.68270015
0.1200985
-0.065748
-0.4091675
-1.424233
-0.636736
0.568592
1.31549
-0.151248
0.328162
-0.1656165
-2.7451
-1.057375
0.0128455
-1.073003
-0.7739135
-0.6217085
-1.6742
0.6710128
0.114124
-1.19647
-0.15120065
0.6949725
0.3158395
0.3418145
0.4066515
1.689814
0.126432
0.5185575
1.970465
0.929925
0.0697295
-2.623735
-0.179433
0.7798089
-0.623866
-0.070527
1.21894
0.1701075
1.745265
1.144945
-0.9847295
-0.3458045
-0.017755
0.3126995
0.1096245
0.16346995
-0.6653145
-0.31456325
-1.697785
-1.92282
0.870273
0.5417285
1.177303
-0.341472
0.7822915
0.575881
-0.90456665
-0.195551
0.65485
-0.37347
-0.6107825
1.2562245
0.034818
1.58684
0.0943125
-0.9877015
0.665565
2.0753
-0.3406402
-0.179799865
0.013723
0.187702
-0.8574
1.089675
0.478451
-2.497205
-0.9265885
0.173782
-1.29818
1.26455
-1.87917
-0.674273
-0.02202335
0.1830701
0.296234
-0.777518
0.3259185
-1.01027215
0.095503
-1.008061
0.5536195
-0.5642508
0.427284
1.1748385
-0.561034
0.3594675
-0.431906
0.551273
0.306056
0.3595767475
0.815216
1.771375
-0.02762565
-0.2256752
-0.11713
-0.1773895
-0.4636895
-0.5964462
-0.558773
0.3492075
0.992951
-0.37751
0.824915
1.56276
-0.12778175
0.3816985
0.480898
0.3863255
0.1921716
-0.1492705
-0.6320435
0.341891
-0.386576
0.05599545
0.1737095
-0.198434
0.2465195
0.665081
-0.118552
1.0189305
-0.1426865
1.303536
-1.31807
0.7272845
-0.0898365
-0.907157
0.0037055
-0.4917435
-0.13831985
0.867502
-0.892291
0.4123935
-0.00403799999999999
1.260314
-0.3718105
1.602444
0.2304775
-0.915342
0.2426255
-0.043784
-0.0345595
-1.413346
-0.655702
-0.465401265
-2.481555
1.35076
-1.1495465
-0.894396
-1.95329
-1.41168
0.05325515
-1.6500105
-1.530885
1.38082
1.769375
-0.9007081
-0.4963612
1.930885
0.878174
-0.45813
0.19938045
-1.461285
-0.352234
0.33270065
0.8319375
0.546675
-0.397268
0.180168
0.1526775
-0.462229
0.379896
-0.583754
0.563278
-0.5936345
0.5477735
-1.747945
-2.46437
-1.442599
-1.1038935
1.3536205
-0.010291
0.726207485
-0.1756055
0.46844
0.3295652
0.2712048
-0.1225685
0.12046
0.0179545
-0.19883155
0.90304335
-0.183466
0.286397
-0.797207
0.8296454
-0.1622585
-0.8830875
0.5092295
-0.6474725
0.2612176
-0.7524435
0.616068
-0.7296195
-1.76917
0.7173075
0.20175275
0.58980245
0.7656733
0.374952
0.373955
-0.506651
-0.175896
-2.37383
-1.1325205
-0.340309
0.732812
1.269407
-1.453267
0.699303
-0.247373
-1.2503425
0.450247
-0.3952095
1.986615
0.8924275
0.065295
-0.617748
-0.7061705
-0.951246
1.2217485
0.6969275
0.482924
0.6638365
0.3648899
0.00719085
0.9161845
-0.4285565
-1.1575055
1.0501615
1.023144
0.4142
-0.410254
0.8436575
-0.9286895
-0.2633745
-1.1193865
0.911365
0.958154
-0.1919675
0.6847125
-0.5928575
0.3235115
0.189089
-0.451042
0.3217465
1.950405
-0.622802
-1.37453
0.2619165
-0.0621185
0.972756
-1.12609
0.5837975
-1.25303315
-1.5340755
-0.9329985
-0.8915975
0.000796499999999992
0.1024865
-3.05591
-1.458
0.0406805
0.4784525
-1.16255
0.8573445
0.8773555
0.00692299999999996
2.43885
-0.21866585
-0.7834325
-0.0615775
-1.258985
-0.11678235
2.01332
0.1419465
1.167827
1.01114
-2.049955
0.04133065
0.003219
0.0109
-0.358104
0.1656735
-0.83060235
0.34606315
1.2341405
0.382972
1.5723565
-0.3380865
-0.0276755
1.5153975
-0.23913045
-0.1047115
0.064666
1.0452655
-0.0661115
-0.1931575
0.00644495
-0.8317765
-0.1869145
-0.075881
0.015983
0.203129
-0.062838
0.58368355
-1.0510645
1.007825
0.1416635
-0.15522825
0.112627
-0.282494
0.858533
-1.21227
-1.54114
-0.0452135
-1.0494545
-1.69683
-1.24415
0.1168455
0.2576335
-0.083852
-0.4404915
0.3240505
-0.685753
0.5130725
1.33472
-0.3855425
-0.852604
0.9373005
-2.89395
0.5366765
0.1780179
0.7167165
1.2540875
-1.47746
0.401535
-0.2390345
0.25726
0.613348
-2.215945
-0.234201
-0.39940865
0.3096861
-0.0504795
-0.8920745
0.5696955
0.9411946
1.4358575
0.766109
0.1897765
0.379016
-0.561337
-1.1116595
-1.47041
0.6851835
1.600554
1.503381
0.0838945
0.0552900000000001
1.57322
-0.669318
0.3527925
1.70481
-0.70195945
-1.1128605
-0.276784
-1.763695
0.524786
-0.418486
-0.355542
-0.5573625
-1.5253095
0.17884
0.021736
0.4366822
-0.4365395
-0.7944425
-0.773701
-0.754691
0.535505
-0.65492
-0.6954465
-1.0638145
0.974492
0.6414415
-0.526559
0.43403
0.1504745
1.4887135
-0.1617235
-0.606295
-0.6139205
0.8046755
-0.5252585
-1.71919
2.10053
-1.091852
0.0477565
2.94544
0.184884
0.1802603
-1.96709
-1.76429
1.2115815
-0.36539335
2.14091
0.5734542
-0.024231
-0.901238
0.3429755
-0.5814235
-0.13486665
0.18481435
0.6281975
-0.0285495
1.0545625
0.058817
0.49376095
-1.1273165
0.4280815
-2.292595
0.0855095
0.7965915
-0.8933145
1.3052525
-1.87698
-0.0298705
0.236506
0.7282245
-0.3824757
1.5539035
0.633115
0.671819
0.923176
0.848442
-0.3728241
-0.5705995
0.399357
-1.136039
0.9299025
0.551219
1.684305
-0.437161
0.597208
-0.0884979
0.5916165
0.0307105
0.3551195
0.5079115
-0.0727927
0.00361549999999999
0.8793185
2.21683
0.318374
-0.034307
0.156384
0.9223375
-0.297276
0.3753825
0.1357835
1.3905185
1.259504
-0.5659476
0.42126645
-0.11638
0.0831265
-0.4532325
-0.3258945
0.4188205
1.63768
0.7881415
1.291795
-1.150413
-0.3659175
1.3428365
1.936275
0.793773
-0.3954645
-0.00999650000000002
0.5166545
-0.365216
0.1580985
0.120326
-0.5168703
-0.898243
-0.571537
-1.333441
-1.977635
0.383346
-1.705443
-1.82536
-0.5041275
-2.019925
-0.48699365
-0.3292205
-0.17706085
0.086335
1.377285
0.5872705
-3.23007
0.317557
0.696767555
0.340422
1.1028905
-0.9203445
-0.2153905
-0.1436565
-2.457385
1.645185
1.3956425
0.480769
-0.4541314
0.336606
-0.20095625
-2.62296
1.47267
0.231119
0.90721385
-1.3876415
0.306625
-0.34501585
1.208491
1.50576
0.37222785
-0.7426725
-0.355923
0.390369
-0.433207
-2.394545
2.00232
0.15409055
-0.0896055
-0.052174
-1.0162735
0.2548672
-0.5860754
-0.839085
-0.294525
-0.16644665
-0.9324975
0.0589345
0.1680535
0.518301
0.254755
-1.2457
0.1686042
-0.315445
-0.60938305
-0.27739255
0.339742
0.5461465
0.2239935
0.7285805
1.27699
0.8490205
0.943993
0.7363455
-0.3506535
0.9249775
0.4967185
-0.1076415
-2.68544
-1.445836
0.678974
0.739406
1.450145
0.510438
-1.094092
0.7695055
1.4611
-0.7374845
1.1139795
-0.165084
-0.6850265
1.946185
-1.313335
-0.321493
-2.50001
0.113737
0.068138724
-0.1895285
0.6230875
-0.841834
0.9961355
0.8663745
0.5490905
-3.103065
0.931752
0.376965
-0.8702895
1.3111335
0.337766
0.260782
-0.0237372
0.6617505
-1.6597925
0.7325
-0.0447045
-0.2217427
0.633212
0.436643
-0.162325
0.1658875
0.1761575
0.22020445
-0.1501968
-0.5605375
0.126463
1.1140485
1.0416385
0.9581615
0.20611
-0.03686675
-1.963445
-1.1891795
-0.1176084
-0.491077
-1.0493595
-0.6707065
-0.6664935
1.124082
-1.0613915
-0.31005125
1.446175
-0.3587415
0.42356
0.4204124
-0.109033
0.2323185
-0.7591665
-0.7814995
-0.5375635
-0.257735
0.3671005
-0.58776
0.4712427
-0.388822
1.225728
0.3534965
-0.0700415
0.20124735
-1.324345
-0.946005
1.56828
-0.0332497
-0.3110495
0.287723
0.615515
-1.718658
0.474881
-0.7845275
0.6122215
0.026109765
1.026029
0.273088
0.4896898
-1.0573805
-0.2970765
0.307064
-0.59192305
0.4086209
0.031538
-1.128293
0.11961855
0.0555986
-0.2037995
0.1604364
-0.2958855
-0.132735
-1.1822575
-0.762132
-0.2840192
-0.4349398
1.391505
-0.06529655
-0.3025045
0.8148715
0.00321085
-0.449485
-0.1693785
-0.2242945
0.5024165
0.6180215
0.105619555
-0.2463035
1.0192675
2.565165
0.4042555
0.0844215
0.72358
0.0260975
0.229453
-1.747885
-0.7157525
-1.0696479
0.207431
-0.370083
-0.179587
-0.0785594999999999
-0.3732456
-0.877053
0.658826
0.666824
-0.5782132
-0.739488
0.7236515
-0.349065
0.2274755
0.3633
0.5148295
0.5365795
0.0422895
1.075713
0.11220945
0.644656
0.439372
0.319564
0.9898915
-2.02806
0.9950825
1.20908005
0.6114375
-0.049402
-0.042143
-0.1279177
0.1770425
0.007635
0.02401005
-0.039803
-1.60047
0.405964
-0.3792909
-0.2701665
0.404195
-0.473848
1.68324
0.5625525
1.578587
0.063783
0.319471
0.9163375
-0.0200100000000001
0.192347475
-1.095414
0.301967
1.064918
-0.03317665
-0.613183
-0.320746
0.23839
0.1768366
-0.65218635
0.0935885
0.1694985
-0.0771011
0.9507835
0.236792
-0.19349
0.48009
0.090401
-0.48196825
-1.634817
0.5104515
-0.4805635
-0.1161076
0.6487925
0.369003
-1.244432
0.179405
1.229875
0.575621
-1.0403505
0.7380505
0.1928365
-0.8250495
-0.3939715
-0.1712105
-1.048182
0.3266345
-0.675359495
-0.00841000000000003
0.522714
-0.1458098
-0.4562186
1.1856425
2.487335
0.368272
-0.795736
0.865043
0.004855
-0.1747145
0.16892615
0.4478235
-0.5256135
-0.693149
-0.19007
0.0256195
0.12651
-0.2558665
0.852099
0.4699005
-0.3032585
-0.2627065
-0.9552185
0.9612955
-0.14722027195
-0.12525225
0.2472173
1.0679555
-0.025606
-1.0144325
-0.670585
1.508995
-0.3230695
-0.1924945
-0.039233
-0.54199
1.1175435
1.82238
0.5916465
0.571753
0.5399395
0.00664000000000001
0.36525095
-0.71687295
1.2122075
1.463518
0.928069
0.65462465
1.235276
0.5879975
-1.1749355
0.3073965
-0.22707615
-1.82885
-1.896635
1.3053995
0.431593
-0.722482
0.440261
-1.5452275
1.430575
0.213835
0.053611
-0.786696
-0.254657
-0.372605
-0.873831
-0.433972
1.236073
-0.28351575
-1.36672
1.47212
-0.236738
-0.6770315
-0.139866
-0.7313205
1.2147065
0.04835
-1.649834
-0.1311635
0.68882
-1.1415855
-1.758136
0.00248849999999999
1.040979
-0.636136
0.8827775
0.74125945
-0.275836
-0.7933535
0.579443
0.3452775
0.841903
-0.2700743
-0.5215315
0.621814
-0.413483
-0.0345705
0.0542985
0.87572
-2.07873
-0.163401
0.8342855
-0.137749
-0.220125
-2.07039
-1.84209
0.220106
-0.493492
-0.13316
0.94617
1.15134
0.5348535
-0.092186
1.004022
0.2002535
-1.108136
-0.579747
0.473525
0.5483985
-0.792198
-0.226094
-0.5387575
-0.3658745
-0.242246
-0.8735065
0.9576655
0.5800145
0.558416
0.0952965
0.9803585
0.551728
0.281702
1.384465
0.0974679999999999
0.307228
0.668349
-1.03574025
0.15275155
-1.74821
-0.039498
-0.408203
0.4256975
-0.9701235
1.876245
-0.351029
-0.1321145
-0.0362515
0.9636705
-0.113357
2.1311765
-1.037787
0.5670975
0.2831605
-0.2557425
-0.518474
-0.8118045
-0.5829195
-0.101607
0.968022
-1.491485
0.227999
-0.919179
-0.0914345
2.23519
0.58336
-1.539025
-0.2069995
0.5416341
-0.7069075
0.166989
-0.2088045
0.1732615
2.442405
0.7098505
1.601015
-1.1364205
0.89762
-0.0223405
0.858592
-0.247900915
2.215175
1.390905
-0.2755025
0.7957205
1.0203335
-0.527554
-0.7252735
-0.683012
-0.211682
-1.458146
-0.612221
0.8635345
-1.02374435
-2.131595
-0.144425
0.424602
0.8294105
1.242308
0.2095915
-0.1553875
0.2991695
-0.130582
0.7705465
2.176365
-0.7006705
0.171798
2.547605
-0.858836
1.286515
0.93417
-0.410222
-0.4296175
0.2451463
-0.589372
-0.345299
-0.345384
-0.3091165
0.54159685
1.0174561
-2.22664
-0.00677299999999997
-0.4121995
-1.4824955
-1.220807
0.9882755
-0.0346805
-0.2279815
0.7056175
0.464061
1.327699
1.53978
0.934806
-0.3167625
0.3128185
1.0708
-0.240923
0.590116
0.6749445
1.69385
0.0528975
-1.1047065
0.07098015
-0.551452
-0.566712
0.916088
1.0601515
-0.7626945
-0.3422216
0.4555775
0.975651
-1.016496
1.46191
-0.4185255
-0.7730585
-0.376455
0.7232935
1.47214
-0.237939
-0.18972265
-2.101615
0.907657
-0.073022
1.2023895
0.401179
0.0557105
-0.209801
-0.0837625
-0.0789925
-0.039583
-0.666984
-0.7167705
-0.6121438
0.309301
1.315255
-0.086085
-0.217708
-0.4782935
0.586055
0.284783
-0.563368
-0.6696255
-0.04105835
0.8620425
0.881153
-0.63076
-0.614434
-0.60828325
-0.12747
0.2974039
0.493770295
0.823892
0.1057285
-0.07745
-0.513101
-0.235326
0.633709705
-0.0191725
0.4310235
-1.81063
-0.256888
0.102714
1.5029595
0.018755
1.2243685
0.1029035
-0.845623
0.4457145
-0.1699555
-1.930025
-0.492184
-0.389185
-0.038415
-0.356317
-1.172856
0.045428
0.2746114
-1.90235
-0.891112
0.23774395
0.2851945
0.7820645
2.422475
1.8616355
-1.004437
-1.64246
0.6604965
-0.1026095
-1.610155
-1.058638
-0.4409
-0.785126
-0.367123
-2.130475
1.273155
-0.5637935
0.0549925
0.4147126
0.166568
-0.1047815
-1.0119925
-0.8703455
-0.5154875
-0.8770825
-0.846327
1.0484957
0.4248765
0.3762755
0.9332545
0.6988395
0.582492
1.111328
0.1580253
-0.5884
1.424455
-0.535077
0.494124
-0.3302185
-0.15340045
0.43202295
-1.526645
-0.6255095
0.06068
-0.7612795
1.2295095
1.5692
-1.50232
0.1392899
-0.2054975
0.424805
-0.826691
-0.7578825
-0.4696045
0.345127
1.483335
0.815621
-1.2507235
-0.528659
0.035815
1.3877865
-1.47912
0.5681195
0.045807
0.4003395
1.0849695
0.3546925
-0.0367895
-1.47263
-1.1983435
0.8401085
-0.670657
-0.809627
1.258484
0.69488
0.311827
0.236023
-0.0013616
-0.609698
-0.358529
2.028575
0.964322
0.689511
0.835455
0.000289000000000011
0.51311225
0.167266
-0.304860105
1.457422
0.38768615
2.06772
0.204937
-1.3921
0.09127
0.3362805
1.0056355
0.891777
-1.736355
-2.802835
2.091115
-2.04738
0.791629
1.533665
-0.18525285
0.25360225
-0.417999
-0.819117
-0.26502265
0.031615
-0.1390265
-1.282565
-0.976287
0.8239095
1.082849
0.471384
0.550893
-1.3035905
0.986711
1.201897
-0.6166075
0.850294
-0.445075
0.16232195
-0.2184352
-1.226604
-0.247772
-0.462327
-0.3788895
0.402561
-0.640196
-1.173645
0.1937655
0.0391465
-0.4974505
-1.088405
0.3969565
-1.24748
0.248249
-0.101983
0.3695315
2.309
0.6425805
1.03493
-0.0301055
-0.30296
-1.707856
-0.16665555
1.3314
-1.051662
1.667145
-0.7672225
-0.1179235
1.688085
-1.771505
-0.54549
0.234458
0.1381805
0.2104245
0.0710655
0.229033
0.2328045
1.91084
1.4386025
-0.9298785
1.537113
-0.1321215
-0.2661665
-0.5581245
-1.4892935
0.790169
-0.1657975
0.3614125
-0.42143
-0.5207749
-0.2171085
0.17043195
1.22785
0.7243735
-0.0239025
-0.054512395
0.5319965
0.340031
1.82712
-1.2218855
0.9855885
-0.649277
0.07875475
1.7760235
-0.6139395
-0.33782
-0.25900425
0.33757
-1.18015
0.5218905
-0.6072705
0.681622
-0.169801
0.352275
0.057178
0.2953435
0.16917485
1.1692645
0.385714
0.508033
0.0134855
-0.5991705
0.07707935
-1.631625
2.00304
-0.1110205
1.085499
-1.1017865
1.35195
0.443933
-0.8093895
1.563371
-0.9252035
-0.2147855
0.8805715
-0.0965815
0.000421000000000005
-0.350785
-0.822771
-0.5737509
-0.94941
1.3237165
-1.175612
-1.1885365
-1.3757955
-0.349198
-0.016283
-0.231078
-0.194353
0.72492
-0.19985255
-0.848576
0.1520092
0.2485005
-1.869565
1.478645
-0.5719615
-0.068111
0.265785
-1.769563
0.3210955
0.514771
-0.513844
-0.508801
0.631119
-0.1039483
-0.565141
-0.782456
0.2341155
-0.6030145
-0.353261
-1.037253
-0.2290079
1.0022155
0.58749
-0.1287615
-0.428891
-1.1599145
0.0434855
-0.77733905
1.88101
0.9475555
1.0554255
0.375488
0.3076031125
0.340673
-0.049146
-0.941299
-1.51832
-1.922245
-1.340177
1.85547
-1.47357
0.2401965
0.7854775
0.699272
-0.750284
0.21253755
0.2203245
0.2378145
-0.8541675
0.464568
-1.2188475
1.379315
0.535426
0.9583147
-0.1946945
0.4366295
0.225841
0.1679795
-0.888977
0.587302
0.105158
0.401445
-0.424285
0.4471035
-0.8946545
0.0466043
0.0584735
0.045148
0.92516
1.724695
-1.0198085
0.543636
0.8078166
-0.5581165
0.2068675
-0.982003
0.62779
-0.466454
-0.348265105
-0.409597
0.374035335
-2.419695
-0.0527735
-0.8137355
-0.224691
0.7310695
-0.0655519
-0.398625
0.456964
0.7850875
0.5581185
-0.155868
-0.9616685
1.6599
-0.1419821
-0.384961
0.856834
0.455312
-0.7347575
-1.25851
-0.6327585
-1.03322
0.879646
-1.774935
-0.429152
-0.2156988
-0.40778
-0.3242635
-0.910717
0.3940552
1.028395
0.188243
0.477918
1.059966
0.5759165
1.490195
0.7224775
-0.031717
0.342153
-0.1691705
-0.570838
-1.0264645
-0.0215905
0.5909204
0.54871505
-0.0516025
1.430134
0.075361
0.349576
0.910948
-0.1995
0.0870995
0.5012888
0.7194015
0.594671
-0.4130295
0.114263
1.760185
-0.80097215
-0.284632
1.86561
1.334325
0.6695415
1.1588835
-0.682258
-0.6059735
-0.369563
0.2799565
1.003905
0.347234
0.162614
-0.30470105
1.47585
-1.2805785
0.1304825
0.9963405
0.8067545
-0.172881
-1.183625
0.289182
-0.1628055
-0.491597
-0.2059465
-0.3394665
-0.110456
-0.297134
0.1878425
-1.262423
0.7927305
-0.126744
-0.460392
-1.0894795
-0.849876
-0.3610845
0.216707
0.2970685
0.3229207
0.136485
-0.112288
0.543565
-0.2376075
0.1186877
0.24143845
-0.2540817
0.6223615
-0.1052135
0.48455
-0.0200715
-0.12469465
-0.0012895
-0.6322535
-0.265195
-0.188494
0.34716
1.589557
-1.1672015
-0.089365415
0.69030255
-1.180663
-1.362055
0.049638
-0.4823815
0.569459
-0.397884
-0.896316
-0.640879
-1.1233005
0.4215545
0.605286
-2.1273985
0.066118
-0.44744815
0.5482845
1.478686
1.92913
0.4938615
-0.1090645
-0.9730855
1.5045095
-0.2722265
-1.322749
-0.076
-0.4636114
1.313365
-1.513665
-0.8821085
1.59374
-2.07543
-1.756445
-0.2659725
-1.492775
-0.21025665
0.126775
1.6193725
1.134405
-0.07491925
-0.20635
0.2126235
-0.45292
0.887432
-0.73391325
-0.4037579
-0.64072875
0.613031
-0.27577765
0.4084045
0.164006
-0.3409715
-0.3411
0.9002995
1.040735
0.281886
1.741795
0.520564
0.930989
-1.318154
-1.630365
-0.2123345
-0.520739
-1.009792
-1.465235
-0.2227105
-0.3446265
-0.074187
-2.13322
-2.298705
0.163014
0.1990265
-0.057739
0.411854
0.893358
1.004529
0.4305369
-0.231928285
1.0997885
-1.67024
0.000997250000000002
-0.579847
0.064265
1.7191735
0.731854
-0.11903655
-0.3373855
-0.517323
-0.2391455
0.073823
-1.542165
0.389599
0.8101445
2.038675
0.4564985
-0.785455
2.43969
-0.216797
-0.135939
0.7534475
2.145285
1.57091
1.931495
0.0360975
-0.2211415
0.96278065
2.143545
0.03136815
-2.6616
-0.3029369
-0.579566
-2.863205
0.2025645
-3.57106
0.1785055
0.701445
0.6199195
-0.650055
-0.4822605
-0.9597495
0.0877635
-0.301426
0.072169
1.7214975
0.4000465
0.4420495
-0.320011
-0.5061305
-0.3742025
0.900498
1.28078
0.5115596
0.9736445
0.312205
0.5009335
0.0567975
0.28909566
-0.3475555
-1.2105745
0.42736165
-0.47061815
2.31257
0.4727739
-0.12139325
-0.3200305
0.741509
0.3299995
0.129971
-0.3350555
-0.7924105
0.329286
-1.5950735
-0.3845455
-0.13706735
0.233568
0.4979975
-1.4769
-1.836985
1.2305095
0.5154695
0.4666835
0.028101
0.81039285
-0.7897845
-1.67602
0.50858385
-0.2725791
-1.817371
-1.31428
0.44996
0.0476635
0.927373
0.8897695
0.1526855
-0.6077225
-0.3838735
-0.2496205
-0.6262445
0.6104025
0.18964315
-0.903858
-1.090299
-0.8187635
-0.94930185
-2.315205
-1.4764695
-2.225735
1.113923
0.6262455
0.9440095
1.500555
-0.437083
0.5213975
0.9147973
-0.4878375
-0.5495881
-0.1538545
1.088002
-1.7261705
-1.328661
0.4596235
-0.8270275
0.14839601
-1.9969255
-0.138093
2.007695
1.182115
1.96174
0.4737981
0.1566163
1.604225
0.987806
-0.298012
1.957755
-1.275368
-0.895849
-0.133845
0.23327535
1.2218205
0.5326285
0.133845
1.2026685
0.225625
-0.207698
-0.6411615
-0.5174295
1.3475265
-0.6469314
-0.041238
-0.1736405
-1.5893585
0.229658
1.274875
1.1771665
-0.0756207
-0.47455
0.2745481
-1.80374
0.179677
0.5421765
-0.31161545
-1.352685
-0.736719585
-0.21133225
1.3857635
-0.726149
0.0910026
0.3611265
1.440415
0.8210445
0.8780795
-0.00518750000000001
-0.2638421
-0.7774135
0.276085
-0.70201
-0.8072725
-0.092708
0.0360535
-1.73353
-1.0107885
-1.069264
0.329871
-0.4695865
-0.10763345
-0.1390125
-0.6576675
-0.0620625
-1.06853
0.5973335
0.91974195
0.051042
1.0203715
1.2557
-0.1897215
-0.391295
-0.9855985
-0.545342
0.474646
0.511914
-0.13982675
-0.8329145
1.167595
-0.311489
0.237372
-0.6379855
0.0682855
-1.2083715
0.4490495
-0.2742032
-0.7236235
-0.40457825
-1.3417755
0.395732
-0.119977
-0.3174655
0.19809
1.05277
-0.9626785
-0.172428
-0.971913
0.796998
-0.2659165
-1.881175
-0.0753125
0.049717
-0.885620106
0.361505
0.478563
-0.3683855
-1.038077
-0.6568165
-0.0435591
0.3456995
-0.58388
0.483992
0.246401
-0.0153315
0.527283
-0.4826605
-0.05766
-0.4023459
0.054196
0.156425535
0.1731652
-2.15896
0.0788675
0.230898
-0.4526675
0.0792699
0.5187098
-0.0625115000000001
2.00787235
0.8367745
0.4785985
-1.372035
1.432777
-0.49098
-0.0783635
1.2093465
0.474332
-0.086781
-1.12927
1.1578655
0.693263
-0.0733635
0.5851685
-0.17297642
-1.234345
1.042449
0.3734365
-1.220375
-0.79278
1.427907
1.406855
1.207875
-0.11708045
0.570074
1.20527
-0.4188085
1.713375
0.2264945
0.6910445
1.40524
0.5530605
0.976039
0.0520895
-0.589172
0.761288
-0.6751085
1.0806055
1.456825
2.12979
-0.7658385
1.0022505
-0.273641
0.8510555
-0.325057
0.1571215
1.1112465
-0.299107
0.5770035
-0.834052
-1.215575
-1.3436215
0.45231675
0.2731385
0.2278409
1.46574
0.1323815
-1.343436
0.64897125
-0.6753115
-0.9272665
-0.283835
-0.11944175
-0.1846427
-0.563147
-0.3332435
0.4025775
-0.186608
0.414419
0.13982245
-0.7902805
2.109235
-0.535803
-0.0186735
0.243883
0.166831
-0.485722
-1.0808035
1.2439835
0.451331
0.0919285
-0.56897
0.495724
-0.3534245
1.3514605
1.388482
1.472222
1.938985
-0.291235961
-0.2274455
0.9629655
0.3818125
-0.8654475
-1.17994
-1.486885
0.2669155
0.0605375
-0.09985585
0.969634
-1.037696
0.454253
1.4873665
-2.005957
0.35795955
0.6811125
0.8775465
0.6399695
-0.5758672
-1.063644
-0.575865
-1.242167
0.653476
0.1375565
-1.1864
0.5869265
-0.6828695
-1.295475
-1.240437
1.267898
-1.066826
-0.5547215
-1.11878
-0.517884
0.591149
-0.2056555
0.00238350000000001
0.5470185
-0.8754605
0.1686735
-0.0617965
-0.6537175
1.437892
-1.3379205
-1.43901
-0.326244
-1.0398315
0.483455
-0.872144
2.37386
0.77047056
0.41161
0.60964825
-1.77625
-0.65122445
0.0296088
-0.290999
-0.5641725
1.160555
-0.6008795
0.6890215
0.2313525
-0.20376995
0.037122
-0.2312725
-0.2383365
-0.051589
-0.4208925
0.349172
-0.268888
-0.2971337
0.0574695
0.881645
-0.1398025
-0.523251
-0.9709695
-0.6290275
0.8018595
-0.808724
0.274964
-0.5872145
-0.255966
-0.68019
0.2862665
-1.626365
0.709487
-0.096719
0.5606165
-0.3047215
-0.260292
0.6920805
0.5203525
0.54166015
-1.404095
0.1311535
-0.9711715
-0.374354
-0.2498055
-0.127123
-0.5179968
-0.02951205
1.0345265
-0.001405
-0.2403315
0.0890765
-0.690913
-0.4726785
-0.661478
1.835245
0.5587445
-2.25663
0.1548735
-0.3318245
-0.75167677
-0.4990458
-0.08419
-0.8096145
-1.176142
-0.678858
-1.1291715
-0.7195835
0.9256245
-2.0607
0.23396575
-0.489037
0.28175705
-1.5201645
-0.404697
0.9221785
0.079006
0.173544
0.6745945
-0.270254
0.0265089
-1.66191
-1.3182135
-0.8069885
0.240394
-0.3638334
-1.847
0.2981315
0.583256
-0.735614
-0.9474875
0.357181
0.6929965
-0.922406
-0.0331665
0.482131
0.038937
-1.339196
0.2997235
-0.8999725
0.9940025
0.3755581
0.04919745
-1.271545
-0.4495395
0.553768
-0.291376
-1.272203
-1.600225
0.8562615
0.960273
0.0561555
-1.893205
-0.6823085
-1.3337585
0.4010045
1.031288
-0.8081865
0.399804
0.279571
-0.598843
-0.101034
-0.0352575
-0.2079915
-0.1500265
0.0845
-0.5452445
-0.153618
0.5664565
-0.125565
-1.84311
-0.7655785
0.3665475
-0.590979
0.247764
0.275134
-0.6149328
-0.687607
-0.7027045
-0.5009855
1.26418
0.8957725
-0.519836
0.634817
0.240653
0.07708075
0.9941685
0.46776133
0.233879
2.309085
-0.146394
0.5561875
-0.1656415
0.165868
-0.1701687
-0.124496
0.7974635
-0.471571
0.4044455
1.270155
-0.15936
0.6034905
0.4673085
0.2072215
-0.413547
0.9190535
-0.2511235
-0.049565
1.2933885
-0.1937887605
0.0582535
1.61212
-0.5533525
1.924985
-0.7565495
-0.591963
0.753789
-0.091651
0.0330785
2.52469
2.018937
-1.8371095
1.176704
0.495643
-1.8706
-0.5127025
-0.6190755
-1.24171
1.878935
0.764983
-0.4460285
0.1835295
-0.0859658
-1.34302
-1.1634895
-0.0105635
-0.7808673
-0.7599405
0.740731
-1.67014
-0.320009
0.5989675
-0.237368
1.2094955
-0.3857235
1.639345
0.61335
-1.99321
-0.3197395
-0.154369
1.261594
-0.6406565
1.0871245
-0.751598
-1.0690645
0.777356
2.947395
2.63657
-1.17576
-0.4411165
-0.0153450000000001
0.709585
0.002475
-0.9613485
-1.0182705
0.761686
-1.5362
-0.2348565
-1.0448755
0.0793447
1.1650315
-0.2653435
-0.0343245
0.528787
1.807915
-0.12857065
-0.4964555
2.86375
-0.813381
1.243984
0.452997
-0.280713
0.596494
1.06441
-0.6182252
-0.2647785
0.551155
0.06458215
1.507545
1.3289125
1.2098045
-0.9939005
0.2412485
-0.4131835
-0.1249765
0.682954
-0.382171
0.75092245
-0.21007205
0.197312
0.3813
-0.1455305
-1.4521215
-1.48835
0.4281435
2.924025
2.472715
2.28474
0.3504265
0.059298
1.74948
0.1930605
-0.09729
-1.4411
0.1577325
-0.709309
-0.7239305
0.289965
0.382218
0.2759415
0.1746085
0.1132986
-0.071515
0.4086574
-1.98478
1.477136
0.13497115
0.391197
0.187071
0.703609
0.440423
0.1570385
0.2626615
0.1573095
0.077449
-0.297642405
-2.098655
-1.650935
-0.9503025
-0.655779
-0.9679535
0.1430885
0.414763
-0.00189600000000001
-0.259301
-0.6770905
0.6698405
-0.0371461
1.698905
0.4822305
1.171926
-0.010835
-0.346982
-0.1372095
0.730796
-0.801107
-0.5647785
0.7420165
0.152462
1.544905
-0.16329405
0.126467585
0.447004
0.636139
0.36823
-0.6476245
-0.243978
0.8208255
0.3981845
-0.2163305
1.0034735
-0.2856805
2.16199
-1.080067
-0.7386105
-0.3446685
0.238857
-1.1543615
0.2203845
0.6813875
-0.410336
-1.00035185
-0.9440735
-0.853055
0.1883385
0.50761285
0.33386
0.7666275
0.6933795
-0.458884
-0.211996
0.1373285
0.8413935
0.0222085
0.13973085
-1.1857865
-1.35126
-0.0527275
-0.115027
0.10702005
0.85769
1.003325
-1.05991315
0.4924045
-1.133972
0.42371705
-1.667683
0.0678
-0.05571845
-0.721513
-0.25145005
0.56103265
-0.4469695
-1.0614935
0.719378
-0.3690595
-0.8930585
-0.509466
0.1120215
-0.5180205
-0.9618485
0.1932415
0.847327
-0.2321035
0.3845405
-1.131777
-0.3961145
-0.7752995
-0.065141
-0.101474
-1.40135
0.35539165
0.53032
-0.987133
-0.6883855
-1.3869104
-0.156247
0.7832355
-0.1548252
0.6397505
-0.9222575
0.3414805
-0.624804
0.0559255
0.2341035
0.742775
-0.2428405
-0.813343
-0.949849
0.4128755
0.4413359
-1.601699
-0.2898689
0.812506
0.81579
-0.102309
1.0488945
0.0500755
1.221699
2.495275
-0.8506845
-3.210905
-2.45547
0.223783
0.381112831
0.4715235
-0.2695275
0.24804
1.3528665
1.3339935
0.0530805
0.4515155
0.3863327
1.60838
-1.735055
-1.1146035
0.9317395
-0.60865
-0.12054
0.1961535
-0.753544
1.3492685
-0.1414686
0.37132685
1.256365
0.1192545
0.4579435
0.225982
-0.397122
0.0856655
0.8445785
-0.16601292
0.66990565
0.426063
0.5222065
1.73181
1.732725
-2.12761
-0.60277095
0.07741
-0.81822665
1.3934715
0.997687
-0.4890115
1.418105
-0.30725645
-0.800316
-0.595997
0.402341
-0.546197
-0.890026
1.132815
0.037391
0.7107875
-0.074073
2.470575
-0.4964122
-1.451485
0.823196
-0.601637
-1.0744445
0.917387
-0.412854
-0.37398415
0.390491
0.2757485
0.1757044
-0.0252495
-0.7567975
1.03528
0.7054925
1.2144085
-0.5466005
-0.535373
0.2319035
1.65488
0.3430855
-0.255181
0.0097115
-0.467627
-0.2283395
0.122304
-1.8225
-0.5479115
0.261234
0.069713
0.3771285
0.069761
0.01008205
0.2247475
0.1783025
0.29849185
-0.210934
-0.843145
0.1274985
-0.5604805
-0.1213825
0.46693315
0.173089
0.800393
1.592698
1.51661
-0.08467255
0.1376395
0.5489005
0.870368
-1.62802
-1.25379
0.065939
-0.09839
-1.014551
-1.51203
0.62146
0.995756
0.1887155
-0.38327
0.8683885
0.984742
0.449914865
0.33458505
-0.86388265
2.893525
-0.9675525
1.1171885
-0.5115445
-1.609075
-0.0616450000000001
-0.32073805
0.36937595
0.1820875
0.03925945
0.235305
-0.417809
1.073866
0.196607
-0.6765575
0.019738
-0.528711
0.00303800000000001
-2.41418
-0.5734085
-1.28378
-0.58004575
0.145930355
0.3867766
0.3465635
0.9743025
0.34534745
-0.012965
-0.242159
-0.959357
-0.8824315
-0.545434
-1.424585
0.5482045
-0.781384
0.008521
-0.7505935
0.12003795
-0.709196
-0.4284455
1.1074405
-0.16166685
0.2673875
-0.4465065
-0.369572
0.2534745
-0.0188535
0.952187
2.645345
2.040485
0.226631
-0.4411425
-1.19809
-0.2187295
-0.4957665
0.2455135
-0.58518555
-0.8416135
-0.4505956
-0.059818
-0.1674995
-0.5029225
-0.4587905
0.571624
0.178724
0.2474855
-1.336555
-0.56701295
0.0908965
-0.5892645
-0.574589
-0.252555
-1.584625
0.6177355
0.3171155
0.122658
-0.427383
-0.166045
0.2342675
-1.1887185
1.2098775
0.6922595
0.577037
0.71232175
1.64631
-0.8316765
-0.5369685
0.27480765
-1.98765
-1.72646
-0.148039
0.1197464
0.950208
1.26289
1.17032
0.6138025
-0.2285425
0.5702615
0.1019675
0.215277
0.424038
-1.31877
-0.2232845
0.5997575
0.31861745
-0.4544675
-0.982495
-0.012972
0.21015305
0.098775
0.503179
0.7870015
-0.2122705
-0.2836248
-0.77998
0.6286565
0.9434
0.2646465
0.851309
-0.4063415
-0.9650655
-0.8651935
-0.061133
0.6100015
2.150665
3.319985
2.063105
-0.7179395
-0.70472
0.1316595
-1.2677095
0.1621972
1.214483
0.174693
0.6587005
-0.881818
-0.039117
0.5405085
0.33560075
0.435721
0.52698755
0.5620265
-0.2756275
0.015397
-0.35251
0.7626415
-0.1879315
-1.07533
-0.408065
0.039369
0.5188094
-0.9316855
-0.7832735
-1.580695
-0.4024451
-0.693931
0.0940145
1.128515
0.269981
0.1314925
0.04642
0.485333
0.17780365
-0.1763181
0.0712556
-0.1236695
-0.212155
0.605110215
0.9173695
0.0987045
0.4284645
-0.7293515
0.303524
-0.8192955
-0.1894445
1.005274
0.3941957
-0.707256
0.168106
-0.67310105
-0.03475045
-0.7615094
-0.2410448
0.9635205
0.857272
0.5994055
-0.8250075
1.746295
0.255494
-0.4752195
1.0617285
-2.683655
-1.744895
0.326635
0.01615
-0.17924415
-1.884305
0.7278515
-0.1356555
-1.824865
0.301942
0.870543
0.0755896
-0.4324715
0.6965525
0.3773195
0.5295566
1.0309695
0.928668
0.4980695
0.49248285
-2.146815
2.289395
3.518655
-0.265706
-2.500635
-2.250645
1.540415
1.318705
-1.420335
-0.598414
-1.1890325
-2.94945
-0.13818
-0.329339
0.561366
0.2305368
0.2950225
0.981565
0.147562
1.911185
-1.2328725
-0.4467715
0.4151375
0.648961
0.2627085
0.056263
0.103064
0.3668305
0.1710475
-0.406012
-0.7317675
0.425234
0.630437
0.5174735
0.5480695
0.6321725
0.00157555
-1.3488965
-0.16993
-0.940918
-0.212073
-0.3050195
0.029582
0.8108785
0.2444805
3.37454
2.932265
-2.49329
0.90491055
-2.067785
1.18078
0.382278
-1.14328
-0.5345075
-0.689198
0.394132
-2.11691
0.2955955
0.2382145
-0.789603
0.483217
0.4570095
0.3923221
-0.1824355
0.2882875
-1.4124905
0.444547
0.403534
0.81393585
-1.7776185
-0.595307
-2.263485
-0.810171
0.7451785
0.6194115
1.201836
0.706016
0.112799
0.8345925
0.7857655
-0.4301145
0.962372
0.903203
-0.700587
-0.3706125
0.052389
0.5818525
-0.313032
0.8035925
0.8751
0.3267955
-0.365928
-0.152275
-0.3754005
-0.006276
-0.45386005
-1.800925
0.200338
0.60551505
-0.787517
-0.5823267
0.0320574
0.56302
-0.116474
0.013541
-0.179483
1.1861735
0.91292645
0.3736733
0.574421
-1.281145
-0.9155295
0.0970235
0.048464
-0.37496135
-2.63471
0.828387
-0.7988835
-0.4810415
-0.633691
-0.642717
-2.36669
-0.2768635
0.1517135
-0.0833405
1.1252865
-0.2874645
1.861475
0.8176535
-1.21428
0.02490575
-1.058437
1.0737345
0.0348795
0.1320793
0.633348
-0.2042112
0.3439355
1.72500505
0.53257225
0.0577845
0.2532185
-1.94477
0.6267462
3.902675
-0.5077
0.181633
0.360392
0.198767
-0.4275565
-0.0688985
0.38009845
-1.45815
-0.09731915
1.038678
1.296801
-1.94724
-1.332747
2.194925
1.278116
-0.480822
0.0552205
0.851325
-1.37954
0.1634652
-0.1303935
-0.833814
-0.6758855
-0.6641695
0.1579035
-0.760282
-1.662838
1.304549
0.4626605
0.7151735
0.400394
0.2200765
-0.156757
-1.31447
-0.1518645
-0.162262
0.737558
-1.0902475
-0.4527385
0.776626
1.442975
0.3518405
0.4384519
0.272244
0.08045625
2.02255
1.840995
0.6252545
0.3372983
1.14087
-0.49236755
0.3673265
1.715185
0.017589
-0.452631
0.5533645
0.347877
1.488755
0.723149
-2.31476
-0.8188635
-1.69144
-1.108859
-0.9058635
0.0245295
-0.9491765
-1.458637
-1.985065
-2.248855
0.3732466
0.74498
-0.03316435
0.1252195
0.6724285
0.3257555
-2.941655
0.7646939
-0.5569027
0.1607665
0.7967715
-1.382065
0.0537505
0.703619
-0.060025
-0.232608
1.0947745
0.3801395
1.75928
2.04487
0.9080045
0.0325145
0.019695
6.74999999999981e-06
-0.5881782
-0.0813245
-0.132377
1.38319
-1.30794
3.3937
0.286155
1.524105
-0.42901
0.0639994
-0.432276
-0.34916115
-0.8427318
-0.3018355
-2.03698
0.8489555
-0.15477605
-0.719989
-0.0110695
-0.756743
-0.8854085
-1.447565
0.025655
-0.2180755
-0.4970915
-2.361115
0.01148082
0.458225
0.304782
0.19990885
-0.472103
-0.2144775
0.188111
-0.090528
0.554432
0.5066565
-0.40673959
0.0819585
-1.064585
0.608555
-0.14425665
-0.59747
0.5998165
0.0399845
1.5083005
-0.670684
0.0166635
0.6319695
-0.00836500000000001
-0.7990655
-0.8729455
-0.3395785
0.3665531
0.7785745
1.186377
0.13897175
0.456337
-0.44597505
0.0130405
-0.522953
0.715692
0.3835175
-1.6566
-2.648825
0.742718
0.7068475
0.4553275
-0.11757975
-0.9374105
1.0663745
0.7396525
-0.906382
1.002652
-0.0825815
0.990851
0.168278
1.202146
-0.3047955
-0.62673595
-0.8698765
1.720015
0.2220605
-1.398131
-0.1332145
0.8535015
-1.65499
-0.29690605
0.7461285
-1.1156855
0.05686145
0.493292
-0.2711205
0.24359905
-0.966668
0.081984
1.0316505
-0.2186042
-0.849589
0.089185
0.8456655
0.324404
0.073404
0.192084
-1.277685
-0.1808681
-1.269705
0.3626545
-0.9899895
0.2020525
-0.2750775
0.4551985
-0.44685585
0.037255975
-1.571405
-1.116838
1.39049
1.345445
-0.358081
0.531534
0.3791173
-0.843
-1.0069165
0.7208485
0.3175075
4.05205
0.092719
-1.1913395
0.024134
-0.105784
1.060925
-0.1053756
0.1360805
-1.074065
-0.6100985
0.434081
-0.4690752
-0.5517508
0.6037235
-0.560787
-0.0961025
0.786954
-0.3831315
0.918197
0.1466795
-0.4692635
-1.1656825
-0.4259585
0.328466
-0.99616385
1.8998
-1.0179005
-0.47781
1.03796574
-0.51677785
-0.12792905
0.31448645
1.1493605
0.862655
-0.9052145
-0.0736364
-0.3929225
1.296845
0.5071655
0.6024745
0.6409275
0.4056365
-1.3124365
-0.2151905
0.143793
-0.5160835
0.2462895
0.593997
-0.1766965
-0.179554
-0.3207455
0.1901995
0.9243825
0.5944658
0.5994395
1.8445445
0.69762
-0.216072
1.078175
0.2826365
0.674865
-2.32082
-1.34668
1.1459355
0.2668305
-0.3930545
-0.120318
2.28197
0.4772885
-0.177792
0.228271025
-0.08475915
0.870347
0.901162
-0.0481335
-0.6912135
0.5191135
-0.6944815
-0.77414
1.9915505
0.5564795
2.00773
-0.249499
-0.47552785
-1.38441
0.5334925
-0.353605
0.5899385
-1.014621
-0.10535
-1.1670835
-0.0367105
-0.050628
-0.194248
-0.5253845
0.7406525
0.16834915
-1.624004
1.084768
0.8064165
0.17233974
-0.368386
-0.222095
0.569155
-0.4293276
1.845565
-1.0067325
-0.793779
0.357134
-0.853169
-0.9374465
-0.6054
-0.56285
-0.92805815
0.7559505
-0.804808
0.4410855
0.69713401
0.4684475
0.42391022
-0.0502506
-0.665245
0.293577
-0.2872455
-0.2812855
-1.5590965
-0.6913265
0.95814
0.461679
-0.3058545
0.093048
0.0026255
0.01367335
0.26515935
0.802883
1.107716
-0.709791
-1.690305
1.676355
0.90812
0.368582
0.5161045
1.1595425
-0.598665
-0.4237485
-0.9233555
-1.019221
-0.0169975
0.753663
0.4062635
-2.4152945
-0.00965699999999997
0.6519525
-0.250205
1.341325
-1.302781
-0.425966
-0.9235235
0.00627365
-1.455327
-1.86855
0.70459535
0.10551
1.58803
-0.28804285
-1.826376
-0.0122795
-0.6328185
0.134594895
3.60271
-0.45026885
2.182415
0.9704225
0.4323295
1.111628
-0.0483525
1.4012385
-0.403879
-0.78082
1.59945
0.649791
-0.00701599999999999
0.618179
0.356872
0.457512
-0.3043765
0.730901
-0.3520019
-0.0149195
-0.6502645
-1.533223
0.5286246231
-0.159689
0.07113095
1.613745
-0.30646665
-0.663378
-1.09178
-0.018128
-0.544796
0.439035
-0.1144075
-1.587075
0.0545415
-1.3905
-1.1862925
0.1455585
0.6438515
-1.47385
1.48505
1.373135
0.685694
-0.635738
-0.607061
0.1630315
-0.625667
0.022135
-0.72469445
0.1158234
-0.10267625
1.72449
1.20309
-0.7535325
1.924675
1.79999
1.1962795
-0.0462665
-0.3794615
-0.443482
-0.8968635
-0.335378
-0.2791597
-0.526288
1.36435
0.771293
-0.039293135
-2.079545
-0.5202055
0.3501745
0.3317805
-0.263575
0.5685285
0.630394
0.322558
0.3603835
0.3131625
-0.3885415
1.160131
0.1506505
-0.1912965
-0.7103935
-0.5789115
0.1041195
-1.119619
-0.0220315
-0.8819035
0.740937
0.7616005
0.4310035
1.186171
-0.621187
0.7931915
-0.2531535
1.425605
1.271966
1.532675
1.0776685
-0.6035575
-0.934896
0.5687235
0.717614
2.412345
0.987341
-1.1394805
-0.1991683
-0.13600725
0.1519531
0.297169
-1.71333
-0.0752405
0.41862395
-1.2700915
0.5438058
-1.199705
-0.020276
-1.2549675
0.552281
1.3291385
-0.74324415
-0.44013055
0.504362
0.02103
-0.6809335
1.223422
0.685804
0.645838
1.916025
-0.090343
-0.00838499999999998
-0.589202
-1.18508
0.1499115
-0.1328365
0.9800595
0.018308
-0.1964465
-0.142903
-0.37977125
0.0512931
-0.4815955
-0.271347
-0.9768225
0.973679
0.30948435
1.28036
3.438335
1.235202
1.251534
0.3618655
-0.427818
0.889404
0.1133625
-0.480296
-0.795364
0.1905715
0.242157
0.073701
0.191845
0.4121575
-0.390131115
-1.52751
-0.379978
-1.1525
-0.4892375
1.90456
0.3574175
0.215924
-0.0817685
-0.180063795
-0.2240474
0.4619025
-0.3480015
0.466862
-1.1060485
-2.171558
-0.020658
-0.728126
-1.71677
0.574292
-0.521160785
1.1989
-1.72017
-0.950322
-1.3594675
-0.2526895
-1.776965
-0.4334085
-0.100021
0.311367
-0.35688
-0.8257815
-0.102044
-0.526692
0.364468
1.06479
0.4223421
0.5385335
-0.0047725
1.100351
-0.079705
-0.4046183
1.1707275
2.9498
0.790499
1.109059
-0.600676
1.103113
-0.134695
-0.3876328
-0.2020482
-0.0983955
1.5885895
-0.4739835
-0.579412
-0.8342905
-1.66204
-0.255882
0.0183099999999999
-0.616202
-0.5045105
-0.5372435
0.307271
0.1899881
-0.2623695
0.1582625
-0.5774035
0.00478499999999998
-0.1380785
-1.50472
-1.422727
-0.788063
-0.1886404
-0.940626
0.1984484
0.2307555
0.3192215
-0.84408
-0.6810655
-1.39312
-1.56291
0.265313
-1.628989
-0.4841355
-2.028435
0.992468
-0.2213165
1.5770635
0.2619453
1.84405
-1.3067085
1.67381
0.918869
0.213954
0.749572
-0.028416
-0.3892705
-0.147465
-0.0126745
-0.0342875
-0.54047195
0.0188675
0.6150705
0.4454675
0.3328305
1.997465
0.97426
-0.0806495
-0.3545655
0.2175373
1.1911085
1.443485
1.379005
-1.1840105
0.1837979
-0.7228375
0.2257335
0.640497
0.3579265
0.254556
-0.804651
-0.784837
0.7606105
0.179399
0.464302
-0.2535375
-0.904876
-0.3568145
-0.45390565
0.211374
-0.1227055
0.182158
1.382845
0.0776645
0.0583255
0.048963
0.0382725
0.413817
-0.875634
-0.69188
0.1952055
0.467461905
-0.234841
-0.724506
0.2705663835
-0.033934
-0.27877
1.350163
1.225273
0.015687
0.90256
-0.0653935
0.3857854
-1.2481685
-3.255005
-1.5939665
-0.7412155
-0.3963215
-0.064319
-0.25152375
-0.05148
-1.498641
-0.7056175
0.4875137
0.7124665
-0.6910318
0.0747155
-0.0262898
0.8568045
0.2401807
0.033888
0.25695403
-0.05523
-0.259651
0.182872
0.53337165
0.298015
0.8979145
-1.0594355
-1.901085
-0.704752
-0.567076
-0.997295
1.094128
-0.4561719
-0.31431465
1.108694
-1.754885
0.36051575
-0.0696485
0.435216
-0.631412
-1.05192
-1.118894
-0.3291825
-0.23714705
-0.218178946
-0.3677695
-0.814928
-0.710039
-1.1298555
0.937877
0.59405495
-0.5139185
0.5964675
-0.3210284
0.6653795
-0.3016695
-0.949463
-0.4268945
0.585143
-0.607674
0.653532
0.448832
0.6717165
1.699165
-1.0553985
0.479798
0.7021535
0.6240645
0.1210705
-0.022932
-1.373475
0.23839695
0.0702295
-0.12507
-0.432136
-0.0510165
0.221818
0.1199353
0.0483504
-0.3040075
-0.079502
0.1582369
-0.503607
-0.2683055
0.2140365
1.47409
-0.42117585
0.3870955
1.5392205
0.446078
0.641029
0.50216455
-0.046594
0.517701
0.4363431
1.271781
-0.8604945
-1.5236
0.4800605
0.61728
0.6524625
1.381485
1.3487885
0.6871195
-0.4444537
-1.9539
1.9586205
0.6906415
0.578019
0.616754
-0.915099
-0.495879
0.6162915
-0.5941065
0.300313
0.30942345
0.019344
0.3888175
1.859985
1.900495
0.5868465
0.054659
0.5969005
-1.087651
1.611865
0.1725325
-0.207305
0.291457
-0.7980445
0.6510715
0.4231365
0.873246
0.508391
-0.658937
-0.8238345
-0.400514
0.578095
0.575597
-0.4364405
-0.3619365
2.140395
1.0747985
0.721453
-0.538903
-0.00939000000000001
0.0552
-0.113048
0.537391
0.03834055
-0.262546339
1.856825
0.942963
0.8862105
-4.31635
0.993992
-0.7325505
-0.235994
-0.32009735
-0.6752755
-0.248704
-0.4365442
-1.349584
0.8189975
0.6013895
-0.4279135
0.325104
-0.6133715
-0.258466
1.1089075
0.916834
-1.07748
0.772647
