max_dist_z
1.46987287566728
4.03050492941854
2.79577306520097
2.89441987474285
1.87280540153983
2.21523004151214
3.14222324992451
4.27565169630467
2.06830756809997
1.23884162347558
1.57768791197442
0.201789179690183
2.13925631308831
1.56031785781042
2.11519830657244
2.40386938444675
2.20076526236022
2.26638083970719
4.66190914018407
1.8843197309292
2.52776288978537
1.9048893006541
1.85963351416937
2.10525884644896
0.201789179690183
1.73953732590382
2.95324333822154
2.24685773832609
3.51186450723876
4.57188514749389
4.27550858684694
2.34847675274749
0.201789179690183
0.953599133867648
0.460028926141416
2.39086724754754
2.60767564602561
2.79779448983527
2.2052789544979
3.08062448088759
2.71637014241604
1.36898831478507
1.51073238942761
3.63408935719814
2.60129049141257
1.27506560702152
1.18984539793044
2.20603618039461
2.23386254979416
2.96771182024942
2.22750889079983
3.17144131456694
0.665689114773089
1.33608588072193
1.24891798781533
0.671280581190234
0.201789179690183
1.56978101747023
2.77228957383445
2.25420081443904
2.46732023109631
2.77632001286879
1.93054970541629
1.06197589175747
1.6361035577893
2.44129307953158
3.02070743530777
2.4798546942679
1.48037915715551
3.2644981133797
3.16803952138694
2.25986110371463
1.86348794501415
1.99950085584388
3.88806417379038
2.80000696730306
1.32642268740209
1.6974975640344
2.1574181112595
1.78546171586251
3.33269303887347
0.201789179690183
0.739302239523238
1.90982213322424
1.38610333395709
3.05022209338598
1.87240676395438
4.69881171006037
3.60676496293321
1.63698587852734
2.27909174675605
2.22015870394868
1.24942273367234
1.53799324202546
1.60958974948453
2.28503780744592
1.90906059712909
0.201789179690183
2.4291843047828
1.8420775489837
3.64222132453047
2.93696761227126
2.4341072155336
2.24876996102836
1.98234362683537
2.34312694684078
2.2588133029967
3.78691845086778
1.84325602131545
2.30897394447802
3.27768877565833
0.201789179690183
2.8126544365698
1.10019237382638
1.26310794375193
1.50014514678539
1.46530190500654
3.69904579698006
2.2372133803579
2.39874045409333
1.36981289399736
3.22190996109319
1.08250280664618
0.979635911217068
1.74093581958965
1.33615643327458
1.78026490390642
1.73545854197274
1.05896532837823
1.3359070396807
0.201789179690183
1.88867350309795
4.44865828646198
1.08926287447202
2.72207206854578
4.49384144593738
0.201789179690183
1.04827119151761
3.51134745998571
4.17570538164404
2.33889895775381
2.97763008964234
2.83389811594139
1.66915402862678
1.77501908539747
2.23675656135726
0.201789179690183
0.201789179690183
2.10833083312313
1.35957019044877
0.00142704334528621
2.55835282989469
2.37340025871247
4.69615425171009
2.52091107056473
1.03935928795474
2.33363549920102
1.56835728168716
3.88285566638884
2.61502159691932
2.05257829742764
3.07177242178956
2.45828756672117
2.63316617141165
3.68060898444215
2.03303642965947
1.85512974139577
2.05641149428772
2.65642099175734
2.54867351626721
0.985592321417494
1.35731598226586
1.9896919920406
1.23039381060056
2.04824284569041
3.30696776204867
1.34135110654112
2.61130275051828
0.201789179690183
2.45671809221375
2.86533772920707
3.24215404492857
2.05058074744228
1.99501921690058
0.201789179690183
2.74426676814228
1.53445400554168
2.84190995039594
1.42888829397212
0.477956703697344
2.332124892728
1.42113678080805
3.52117985704671
2.10833206820884
1.29048572323057
2.20145310134831
1.91883927524254
2.11875343860167
1.81180939215559
4.34038440709558
1.73172424220227
1.4078119627921
0.779170694175808
2.21013610127527
2.00477934371822
4.46333834654031
2.63938305720472
1.90246342330778
1.80937978252184
3.15614749623182
1.82968930963709
0.201789179690183
2.79478381374673
3.19692230346711
2.23523956708528
1.43462891857998
3.09872932969144
2.07977888826697
1.09212201737277
1.76756331611775
3.65822727699335
1.76041385011859
2.29952314325919
1.08967636037019
2.2162397174021
0.201789179690183
3.03407381963629
1.01978502701262
0.938976851941873
1.74689013718147
2.40361063953622
3.23164218675614
2.89970818553609
2.17596870256731
1.21089570252526
2.25659992619694
2.4538961470548
0.707488238634391
2.66855768144624
1.70466832892032
2.11916296802311
1.91007840213065
3.11778937928241
2.71016010157683
2.09911081920353
2.43819858116006
2.30640221826178
1.77616818137191
1.52640036088548
2.46579722402842
2.49778988756852
3.18082630582004
3.31341094162824
0.987300005087459
2.65435279834584
1.59125205527521
1.62396518839685
2.59177344677425
4.89753710293057
3.11898184155397
2.36271251237618
1.65532951297748
1.85248693782205
2.75431629369048
4.35088426662486
2.32372934912762
0.997810884420109
0.944853549611233
0.955786354392493
2.11137428609433
4.05465248461733
1.2997879046304
2.33384699153835
1.2161894322133
1.39975626971925
1.41885856507279
2.53095608938879
2.43918203207457
2.95015987128622
0.777678688279875
1.98422747540492
0.201789179690183
2.91548826473013
0.201789179690183
1.62943208332489
1.25373046763634
2.23000410097896
4.78225313484077
2.01380617325389
3.78162094070071
2.6391145679446
2.80572629772981
3.95133468372828
1.39401715560944
0.822702992202813
2.22975432137021
1.50440831987747
2.35314996994505
1.85833431282396
1.19980776776862
1.79350051101833
3.02188744114113
3.19627190865682
4.66623872771061
1.96804117812902
1.45344880720469
5.09293059937693
1.04653761921855
1.4059800839012
0.201789179690183
1.63856323906983
2.14344782023071
0.201789179690183
2.37563760558593
0.201789179690183
2.29760483381249
2.9421131994781
0.201789179690183
2.91683750255023
3.17434525753906
2.19648666519185
1.1324360697398
1.35172621387548
1.35499084944229
4.23356066161022
3.01558581450284
2.05860977030952
2.06884353275242
0.201789179690183
0.201789179690183
2.27410182104433
1.13186618467839
1.04767257645293
2.36519621943471
2.85395923802542
1.01785173343378
2.76314850977119
2.94181569585735
1.98684787830252
3.30786714043392
2.40371677218607
2.39485792626374
2.27621109503844
2.19321413659801
4.36755722693803
0.201789179690183
1.76752311732101
1.27082041660227
2.57697430902763
1.74500790170668
3.70518601676601
0.201789179690183
2.85230530326022
2.00685443533949
2.92629465107134
3.37901831597257
1.12825033146124
0.201789179690183
2.85022354150775
1.29458841106403
1.40360141537035
1.08380875729731
0.685326029215979
2.38904067126159
0.799033941675841
1.7509046256149
2.28373027949354
1.41974417558132
2.32691463873465
1.70035553392481
3.55112613853013
1.96102380146553
2.55655895050887
2.96683412572028
1.71127973204508
1.55317093265439
1.41123549556107
0.201789179690183
0.201789179690183
0.851614169407956
0.304226698614245
0.00142704334528621
0.00142704334528621
0.00142704334528621
0.392237632925809
0.228367455283787
4.83396213783052
1.61319810888332
2.31921906390729
4.48974880587393
2.48818175390315
1.66056070349633
4.10562271322461
3.16479034157377
0.201789179690183
2.10901468585206
3.23251300938206
2.69505999771231
1.06333957180999
0.201789179690183
3.55212099221215
2.78706840239602
1.84627189141303
2.05669550186636
1.32417348075391
1.9818243005261
2.60955116662821
1.41921554257813
2.11158652319435
3.42270280435731
0.201789179690183
1.15759938845391
1.5553620254731
1.13884611753336
1.29431366772137
3.91392116221168
4.29785492827448
1.36327457454786
1.99931685746851
2.96340878172556
2.87559370502686
1.83395579712233
0.201789179690183
2.52577025656268
3.08381295232887
2.07699921725952
2.97903588889426
2.55803406223881
2.2237932558818
1.41765288223941
2.63520538381825
1.96178872737565
1.74535127088987
2.28467500353145
2.24575036460657
1.75822019149444
3.46585063083264
1.28465832818356
2.48009766009607
1.72641287490801
1.73693767087608
2.05339153002021
2.19305247374666
0.201789179690183
1.90562291196969
2.32426265221908
2.57386721522482
2.67691531059429
2.38725908670763
2.16357281710807
3.19896016454727
3.85718142609989
3.87673513724433
2.12486693242883
2.55161001923995
2.29415584557689
2.65236251497782
1.24364526611709
2.99639748357037
1.9329126831171
2.65006769940632
2.03280908749425
1.83833143688262
2.18315608550445
1.43998101187981
3.02991945308555
1.18344827390381
0.80637682614925
0.00142704334528621
0.00142704334528621
1.93940425855401
2.70330354877983
0.00142704334528621
0.697639487802988
3.30096059626253
0.971737293606458
2.06529591872675
2.27046775242751
1.83965599192118
3.35822410012457
4.30703854068716
1.94785990958048
4.67673304533653
2.20070598144444
0.201789179690183
1.29492317104698
1.92477472969711
2.88283552220527
0.00142704334528621
0.00142704334528621
0.00142704334528621
0.00142704334528621
0.00142704334528621
1.82653967507786
1.00858470782628
1.30774245747291
1.46224798023378
1.92669027543589
2.03900330832463
2.22631435974327
0.771989042162374
3.49313370157489
2.43539539387623
0.978768674197175
1.44341662913284
3.51931834031511
2.16024936251877
3.05743389713496
3.22858317079231
0.831336653361729
3.46385234792592
0.201789179690183
1.70334340756161
1.6345729806016
2.13465319140797
1.71550212610531
2.39471350812314
3.11004919264233
3.05674069748717
2.78437162339733
2.48562154427025
2.43757584410985
1.74021576093824
1.40738192618441
2.31643772703963
4.15979980095364
3.63088091838286
4.78871381530782
1.54445549750573
3.73131198482186
0.201789179690183
1.77153120169068
1.3968241304711
1.09293691924722
1.20709381549101
2.21888317680397
4.56803380204943
2.05135017936479
2.40707898499648
2.42032670555128
1.65987069368539
2.35475123149731
1.29288928179815
2.16835970332054
1.25526878858064
2.6695308011534
4.22990681651555
2.6082576997156
2.33989547426684
2.85054373638839
3.94684350083732
1.43317938461207
1.81240747241745
1.65243599242133
2.12932877696478
2.12816415229267
4.78441214048422
2.03002568060261
0.201789179690183
2.68905620666406
0.201789179690183
3.48490749684709
1.66542486383713
4.66086752893485
1.7099832199857
1.8587054365659
2.18922994532007
1.87482142598573
2.11445720296317
3.29432131931768
2.37192086424884
1.61591882559025
0.201789179690183
2.69175708766152
1.73012257061054
2.25326751294596
1.02247612566735
2.60742164378067
2.81285089483156
2.11737615733652
4.10689704782103
2.66829973461268
1.64391200202627
2.28613069707494
2.93962106471676
2.59209698982883
2.06386566857627
2.2010654327778
1.84707376480878
2.81954905698207
2.79634739325014
0.201789179690183
0.980513306260167
2.23698619971096
3.19118484498188
2.51117926339716
0.201789179690183
0.98291928045579
1.75944702663033
2.38053088081381
1.2022125135501
2.24076856997755
1.81300023129166
0.736987671256874
0.631077884527524
1.52396601364667
3.8986896943504
1.36625495240503
1.80458547043223
1.25174598868903
2.3455954328945
1.37893875366414
0.988257472122011
1.37107406508284
1.83645506399845
2.78533365345202
1.56552549296554
1.44808876537475
2.43432502632899
1.67031928203718
1.67218403093581
0.201789179690183
3.67577271194368
2.8334210085851
2.74418682998171
2.68741001157502
3.08472617919544
1.93962765232069
2.90564284863733
0.910314287650253
1.21815673761399
2.77176729906875
2.80857431419564
1.8493380720624
3.18861589138257
1.70363993642552
4.1904917721587
2.20947099569793
3.15342077895952
2.06117340784299
2.25998376299087
1.76865647248124
1.88530375324291
3.96454337696449
4.88589474381766
1.31566361152812
3.22087770629332
2.45232561049637
2.09267805817373
2.43640888902749
2.07063342053002
3.12813896007096
2.34859398814882
1.64807276234938
2.10924296171603
3.43855096154448
3.25410295613126
2.99047011136491
1.36230537503005
3.0417778007426
2.04795147118668
3.59042378333629
1.95407868187839
3.04281649267724
2.23746801936296
4.59254337937776
2.23132361079712
3.30371399101547
0.201789179690183
2.54966315356541
3.91122172569043
4.02604796132089
1.48045453055688
3.31462104192669
2.9932277203282
2.15346614329665
1.37779768083597
3.5300957126662
1.87878738861322
3.33858775668409
1.25080860136194
3.53232929738057
1.93760590177131
2.07041003461031
1.94726673769383
1.43299439833299
1.96100381996305
1.4226607534347
5.04493674786596
4.09773225689027
3.24969431947378
3.49869376827138
2.03508857967155
3.79887413721534
1.08360334337319
3.8306705970382
0.201789179690183
3.96773431716076
2.33362046702385
1.79640205977146
2.09652228447164
1.97216711300428
2.88648518932208
2.92750468101229
0.201789179690183
1.1622554076475
1.85067951741943
1.00227994672535
2.59559628862838
1.35403204232968
2.29257061787164
0.201789179690183
2.60145442129203
2.30270545665278
3.36721901491031
2.49030620409173
2.5735006638247
1.35949317711335
2.39812052343193
1.95150302932411
2.85406735864086
2.51097104020405
2.81410383643033
2.04803156904171
2.4191454975581
2.52279083508566
3.76284346545319
2.6017797790239
1.89731733682853
0.201789179690183
2.42343998728008
1.84786672364513
4.91181814377766
2.2258579491639
4.21319325195839
2.69760504160606
2.27561571968566
3.09796251383489
2.07702511006764
2.65428750776657
1.17350233377999
1.3316337395121
1.67987257506268
2.28082483999575
4.34538701872269
1.42704216736904
0.201789179690183
1.57507011705514
0.201789179690183
3.34549113288714
2.22691782949469
2.52957763391531
1.10929752792665
1.52417892577211
1.74316402478454
1.77594327902997
1.63814528603639
3.56009050419345
1.84004684606883
2.63468294991509
2.98109842923813
1.58896253549837
3.88404648044571
2.62394111361709
1.54112808525187
2.52035465238084
4.7317811085688
2.58088010875932
2.95593011543362
1.32006383256196
3.4705298354502
1.46384289545113
2.87534309415196
0.754309041183618
1.67944374371701
4.34805888664236
1.72007590904553
0.787643406324761
1.55282280609641
2.84555626796936
3.55053487921467
1.1396179290611
3.26488402324371
1.30169867161991
4.00679228156822
2.89865886238882
2.22530582514155
0.594177056199996
1.77723390750713
0.257664058429175
0.695888883908201
0.669015059811323
3.63147082115014
1.49903832577819
0.572803500482483
1.33283612129575
1.70660852162466
1.44811236678959
1.99535591794532
1.91618027976824
3.65138000822362
1.44635224445411
1.47481380673005
1.19201359955917
1.56474566197871
2.81617949902689
2.68036996414294
2.87495736877033
3.45486973175763
1.79570504157977
2.03582256452992
2.97489450012427
2.59255545637724
1.93448549765708
3.23152808748936
2.20651994032261
5.43927882839509
3.18887129503899
1.84557825598981
1.52262327006661
2.33766871076
1.54357487600526
3.52476295173888
1.37361556046991
1.5844996260432
2.25116647186428
0.201789179690183
2.82311658770934
2.00267919174522
1.0949914957065
2.44807378105621
1.20120780259715
4.4199840238291
0.201789179690183
0.201789179690183
0.201789179690183
0.67933714446948
2.38976298643077
1.47081890806168
3.33836549534859
2.74159706199103
4.02794308890671
3.17178247014178
1.70537766829865
2.51705603918144
1.7686032574122
4.02490385154774
2.39355907467957
0.201789179690183
1.11298800433992
1.46532057795334
0.201789179690183
1.97096823489357
2.4117343332346
2.39872195855855
3.50971161620181
1.17171793847033
0.201789179690183
2.24550702880179
1.7484804538307
1.96755528542719
2.73886517213287
1.81234202253929
3.30154558119422
0.912873070064946
2.09649627471668
2.50033115302253
0.930759304488159
2.08997637409213
3.33473158580552
3.76069266390009
2.40302806247548
0.201789179690183
0.201789179690183
1.54429534635968
1.63619033755104
1.31144137639968
4.15263093664928
2.78943884190104
2.39827864155389
2.28366209927587
2.22212732986473
2.00139882407775
3.05817774530351
1.67531412534585
2.46353639152359
2.71598487192691
1.29692322559481
1.82280311041558
1.84867480879628
1.30656911751656
3.40566272474813
3.20456933722938
1.62292959006864
1.82541853010985
2.27868436591661
1.5061685612456
2.18094381561829
1.73454021206406
2.9756337457086
2.03863599332246
3.83363108096568
0.70272861082811
3.80968812849423
2.77195456779747
1.99262824560373
3.06899970242267
2.21841567567376
2.15709318616718
2.29349636114328
1.84920297243823
0.998622039192072
3.50081568122352
1.5918931146874
1.81801792091509
1.2213781269879
0.201789179690183
0.201789179690183
1.4294886697656
1.81113029134915
1.87740745130859
1.41378672663687
1.14908301840935
1.55427912642576
0.201789179690183
2.74090738018715
3.06646749215337
3.53092824562135
2.3548226876325
1.01884394090734
3.49647422482309
2.34806499970265
1.82715603097483
3.58111577771096
2.33716340167677
2.78692034416424
3.69718308895568
2.12877465946466
1.7426737901383
2.04486374995468
2.73791952538493
1.86311801795481
2.14410780967844
2.2410717979929
3.64501827204394
2.7039272776242
2.54820864260367
2.02309985076052
3.98732945837776
0.201789179690183
3.17936340837753
1.09129995683667
1.91434953122091
2.94819953338182
1.44089678256436
0.201789179690183
3.4703616773789
2.16263244261286
0.748752474836741
3.57304669400145
2.66193186882885
2.52041745030735
4.30800438854604
1.42206875076473
1.21516589677461
2.28006057480591
0.201789179690183
1.00056382239883
1.97364088942797
2.38174994251525
2.71009345616528
3.15015371864147
1.59289038540473
1.13999907743923
3.57786128819651
2.04045950392501
0.201789179690183
1.48642588358926
1.29903828652955
2.07404573035934
1.93249078696065
2.07204135722965
1.84462733327287
1.80328033218822
0.201789179690183
1.67818088198528
2.72613148902042
3.21578433490487
0.201789179690183
1.9841255937254
1.85882365311499
3.66629125459137
2.01509037907288
2.68456696363776
1.44597547066264
2.12773114803636
1.3690243093811
2.77395350061135
1.34818196625565
1.98372695138406
2.09734231569001
4.06876652835888
2.54893309177201
1.65969560765609
1.07309716607477
0.201789179690183
2.05638295289342
3.65799744574979
0.993200623079019
3.30009362863512
1.7093208462627
1.11635363853033
0.375934220474548
0.201789179690183
1.20567274023714
1.42042299350464
3.47398931556418
1.9830163316228
2.66184277210267
0.201789179690183
1.10448790691426
3.02389915233136
2.54135936690507
2.74179464031994
4.12175536262908
3.37260770186781
1.1455140348719
0.201789179690183
0.201789179690183
3.28531749279084
2.60881489862171
3.38854691100328
2.47668965232059
2.34959295236715
0.201789179690183
2.47385382675507
1.59845727862647
2.22646601712617
0.201789179690183
2.53885486309626
1.70951923831568
3.56451332772603
1.31455609436878
1.92702745739779
0.738608683920674
0.201789179690183
1.25233648108012
2.05529073703399
1.47433789142288
1.664196058683
4.25301652031086
3.28310576902838
2.27875983666781
1.91191824544736
2.23994017247863
4.25370139223721
1.18718381471405
3.69196743976141
3.30946523472392
3.08047240216858
2.57775109803083
0.201789179690183
1.92853214568633
0.201789179690183
1.4715889565491
0.201789179690183
2.85217953036584
2.05803942503494
2.21972639353872
2.7741008204701
2.50196915437343
4.06022654329952
3.08019342242854
1.98324940611852
1.97590379311055
2.07334901305551
2.28577639632404
2.51644164651303
4.08736483544461
2.52493732771332
2.22930707811851
2.72553829591167
1.02342876369543
1.79789469237503
0.615647632550611
1.6061856145562
1.82127915025138
1.4316005621093
2.29053312340562
1.89989026317401
3.17190033940077
1.79143025949447
3.15600818883362
1.30878456197305
3.04010803683132
2.30182446282948
2.68720706420884
2.33800588310952
1.67715336651985
1.76416409702635
2.85145783117914
2.97233380643104
2.00281792652896
1.34433936973353
2.08391331146479
3.04815746697103
2.01018491129036
2.49967005466248
1.28919421313207
3.75912572910455
2.8885076100367
2.60392881704212
5.16240722409247
1.45802168049308
3.78523407225512
2.87955466469305
1.79191729720457
3.44836819017149
3.25185360615714
2.48836859898711
2.30222161230558
2.23070569419866
1.31631165757566
1.68869015661147
2.00779513852413
3.04664108096912
1.51534373262673
1.64753338358417
0.201789179690183
1.38933322439799
2.22784000373095
2.05683348576647
2.25509659003899
5.42043633482425
3.90722410511612
2.11627052149007
4.78185745333861
1.38600274556743
2.66042820983254
3.15032444312818
1.92574989720761
2.96264867734503
3.32901573300866
2.56414421727876
5.88503774201312
2.59093300038241
4.13358544493277
5.1625746152916
2.73014221508551
2.09647271194877
3.07959483859818
4.29782982803715
2.78974243012674
3.13998715536943
1.89531672143301
2.60919937033355
0.201789179690183
1.53443405271854
3.29643262271202
1.01991853596017
3.51956518372923
1.99922354920712
1.70002151129046
2.11697571939091
1.96089502948656
2.21178076243926
2.73839323956237
0.201789179690183
0.201789179690183
2.39309570282981
1.67792926440139
4.05977235847997
1.11242708572228
2.30895687038095
2.67152156142656
0.887023517023766
0.862309544169671
3.2186221504428
2.72472285318104
1.65491305075836
2.38209819123448
3.44506486596715
1.89218578833072
1.99155751628073
1.3564343694384
3.36105343319966
3.14268292639227
2.42085694982246
2.82751980438024
2.92928570062604
1.54825713938319
0.989051254462742
1.84655181414846
3.93558768392783
1.68800589541361
2.6941686765098
2.33251038010797
1.36694541452603
2.06065062411797
3.20580401162121
2.25342212594318
0.201789179690183
0.767382421663315
3.07493348985895
3.90735812320329
3.90577391983922
2.17648176319976
1.38800794463913
1.16371061197212
2.62648819290286
3.26528691971909
2.84892788165402
3.14349804820791
0.201789179690183
2.06987188912318
2.42465577597572
1.6827547105704
2.56951244382511
2.22979927684698
3.35848745098282
1.18290178658031
2.15780466860561
0.201789179690183
0.913801046686654
1.9954312575793
5.26018324987227
1.82387600551488
1.48322070131963
1.34460488285544
2.20313774779837
0.201789179690183
0.201789179690183
3.17369049925224
4.45094059919236
2.19440877913036
1.60107715486153
1.91485931583977
4.55592932748167
1.35366868620687
3.40502746721431
2.66107242468839
2.76856247264608
1.49559069548256
1.52100942240436
2.67750408009691
3.62886600152547
0.201789179690183
3.30488695591195
4.7782348359886
1.7478913315102
2.37131157124357
3.81780611867977
2.39542465469032
3.3224501702898
3.49441770667028
1.45395483657276
4.03440817408803
2.07138578799941
1.1925336188229
0.201789179690183
1.65397031992029
1.85591871958472
3.40863265100213
2.85235567609743
3.34141760607715
2.1878903559905
2.70785508812584
3.33542827765068
0.201789179690183
0.201789179690183
1.21490804897804
1.632359122927
1.49358785937972
1.95556942603677
2.04753673774607
3.21869989626727
1.93771537852139
1.78405038524404
2.12958726387708
1.2037230265688
0.844713300813316
2.13699937056707
1.93960784849459
1.92921576879779
1.73468446478183
2.27346405647699
2.64178197950127
2.1787658316883
1.35075380932384
3.02879551154609
3.0905044102078
2.95319754700925
2.986808426326
3.25060220723542
1.66690951253124
3.94484549567686
0.201789179690183
0.201789179690183
3.20409897209193
2.11161811463175
3.24736354540354
2.18396960276853
2.70747817652098
0.94774904613535
3.02362887001507
0.201789179690183
0.201789179690183
2.17177613277605
1.98331783908354
2.22771277333339
4.26339791168526
0.201789179690183
2.33009472630351
2.31944881360207
1.5258578099328
1.81656433150706
4.68439279889577
1.29064409150247
2.45869802473725
2.96797061610439
2.8170565522628
1.94154393972428
2.50224382464934
2.34386432160017
1.57540994067545
3.4413050381036
3.18282338443152
2.20163885031928
2.30921802628224
1.90854230585832
1.2136996006284
3.98506410177178
2.13509202892951
1.57753052489823
2.29102815497741
1.61432594223622
1.71251501918942
1.2257420562865
2.90793678564198
1.96768038727501
0.201789179690183
2.02505973088517
2.45804502533176
0.201789179690183
2.16309652896164
1.34990875798865
0.848870990956257
3.74095786796819
2.18977634204334
2.17456346380319
0.827666092229427
4.77290158204506
3.52200633990087
2.24999463169075
2.82737817108775
1.86704034338765
2.42751773126302
2.78130376015194
2.58577799337121
2.93558197712234
0.201789179690183
2.06092008971419
0.201789179690183
2.40661729096743
2.75746346980012
3.36379736844949
2.4664278719814
2.14256032973282
1.57157809824633
1.76201366320634
3.08540222328129
1.37403346853415
0.90826250971764
1.80304719414321
3.52712818419851
2.37762708033341
1.06828193406916
2.17328476650731
2.41146424328761
4.53859752600698
3.50893599327749
3.78754643023913
3.36005142051032
1.27056913443248
0.601953479017401
3.29386446636164
3.28104751894132
3.21394811698497
1.71334152024739
2.74171036823909
0.201789179690183
3.35817541621098
3.79086346911635
2.02121376608578
0.731432880915814
1.95319794588657
3.77807971911317
1.51424881591719
2.91126263398088
1.69488901206961
3.36033373958558
4.41752337985203
2.34515546047001
0.201789179690183
1.82141903753176
1.96592252161934
3.20804603504616
1.65515926497031
1.92774899826072
3.59507419924038
2.12897831475493
2.14988427888578
1.28103246092576
1.79689116741754
4.26886600638595
2.97959497746982
2.33400019286384
1.55301484841364
2.27781513494872
1.4593156641587
2.10299952608127
2.03060947418933
2.66818777879207
0.201789179690183
2.4614271161276
2.39141546625084
2.95953366043499
1.90811976421008
0.201789179690183
2.59413504710756
2.32529923925327
2.17307647015587
2.24590422433803
0.201789179690183
3.34651573786627
2.81261513141502
4.04601569140192
4.06789004613473
0.201789179690183
2.01973208592952
5.74737458482008
2.8210616799885
1.68352567367189
3.79120498757878
3.55453722043444
2.09610546612949
3.32195797361158
1.01859112276502
0.455977823765718
1.40403927909726
2.18322212480604
3.19809470372255
2.77415129190124
2.07263289237071
1.3995675878922
1.58605646029768
3.63071531883525
2.17996318771558
0.201789179690183
1.32396576879512
2.16303463491193
1.33864797382556
3.05513103634162
1.04911368228289
1.57858369381416
2.16035187204794
1.57256165293713
3.5514406886924
1.91986992814148
1.35352877385078
1.77049107336687
0.840302661930864
1.73957058182609
0.201789179690183
1.4172796668173
2.10132095715582
4.24437110884699
1.92298359581581
2.3410788714442
3.30490506249716
3.68104415011742
0.3560335792904
1.93621775887382
1.88500760683166
1.35953221833233
1.42446098358319
2.59940887798508
2.7478029813271
2.94963032810829
4.39581620439212
3.33369240654099
1.17207008998236
1.04495477254033
1.47950707518839
1.93439614014514
2.53686140237669
2.25886415640544
3.0778365527261
1.5877793844691
2.60003681051829
3.00898916995681
3.51359398274763
2.67018376222982
3.21564848721865
0.201789179690183
2.90791283728042
1.64039959095319
4.32463936292071
1.42931012159473
2.56977046148993
1.82443925279367
1.14022351752841
3.66022749825785
1.39160952598334
2.55108510803805
1.93671329068012
1.69782619305245
1.33866105250374
0.831588303501627
0.201789179690183
1.98071314943184
2.81724196416249
1.65745651947201
0.201789179690183
3.0764597777489
5.55499825509734
1.12992369547005
2.33523912338074
3.49457290540867
2.15935863866063
3.47178150985997
3.22488851647612
1.79827741603163
1.885705727633
1.37583710701072
2.01082186761383
2.10520058535719
0.201789179690183
0.913255403526727
2.74961788961793
1.8292998317244
1.7528526775157
1.71137817328829
1.69112557326205
1.88754248871265
1.30333981539811
0.201789179690183
1.65285819836253
1.73080752961465
3.57172809853379
1.97173014283047
2.1129296444133
2.34968770085716
1.07829789663737
4.77217135605484
1.46126181995358
1.27418091840629
2.03177423295254
4.3395947997946
2.20342856766556
2.09538206353069
0.99254651826547
2.73206724292564
3.0105730188881
2.46593081784309
0.874014792658541
2.28309489104803
0.201789179690183
1.98134933803353
2.41267239327352
1.90600126746755
2.03598445930116
2.27928064057965
1.62404444498114
1.77606582213815
1.81340726695242
0.951538694888251
2.92620797213067
2.29424512566299
1.70225518654766
2.44767772588529
4.05928553296258
2.11961469433498
2.67359592251845
2.4495985316389
1.26025373615927
1.39960981241776
2.08379530830542
2.45498671110293
0.201789179690183
0.201789179690183
1.74471876337389
2.82832832393816
2.51440652761954
1.19553702196137
2.74879319459572
2.52315588988096
1.86248651647361
1.79539951931735
1.99137970298163
2.10763613969323
2.95206973610003
0.85147474590969
3.29730084596039
3.34813507485983
1.06128952712763
3.58990793391624
1.71423150516963
1.27102821738701
2.75263016779011
1.8844790098464
2.52496071259158
4.66328839673859
0.201789179690183
4.54094412977493
1.32725120297933
0.942624154369635
2.70840392961639
2.51565530413306
3.20649165840482
2.16179504265322
4.03424593186658
0.201789179690183
5.12116390860337
1.76294591594777
0.201789179690183
1.76995538101819
1.63931376291803
2.45640652741474
1.79052630111323
0.685606848636626
2.978240856521
3.96026806348325
2.42891726749888
1.65208410542481
1.89334561042424
2.93129056885925
2.30037233384563
2.11022072613187
0.201789179690183
2.68078338378805
1.9905195307592
2.23962116560704
1.8533846460234
2.14470186087291
2.57613744095254
2.28446396846376
2.30957325345647
2.21778542244521
2.15164828039105
2.33118475474668
0.949560984081147
2.50206398977801
1.38374745019969
0.994709198675661
3.03969344414099
3.18851532043587
1.30774470855319
2.14350405624332
2.37249867404164
1.91253139812257
0.201789179690183
0.808448716696752
2.30494482684148
2.31945011281327
2.44080212577746
0.201789179690183
1.4791262656095
3.0783711745306
1.49182533440405
2.12906245652888
2.65050319723767
2.74236459395086
3.0311729108178
1.61388994689785
2.25258818001669
1.20733608674016
2.13731155103678
2.2847971676503
2.89447439062458
0.201789179690183
3.13169957863518
2.0509767943225
2.04724093609725
0.769781584958134
1.68703267517694
1.30129740109747
1.53043690656241
2.43012307847338
1.95674262776995
1.46514974256972
2.14539225079952
3.22638808998793
1.86189843667967
3.96342341764654
2.44849536145965
2.78444863359772
2.58769346318635
1.51949929215642
2.81029048013116
0.201789179690183
2.03446440524288
1.4274818465479
2.19615823023165
0.818007879947231
1.81867317713111
3.28536222722011
1.37929630476271
1.3197414828112
2.1412438421396
4.07891249694289
3.92156093105004
1.87269628799015
0.920037313227021
0.947278733389887
1.44851677976733
3.22679084289146
0.553176655137547
1.68494404583319
2.25142040594765
2.23510398408499
2.05886243510329
3.23060850619157
4.84326563337822
3.66275507444211
4.30653457436087
2.64181009164746
2.48201208281334
1.97482267631098
1.7656369771512
2.36576812781896
2.4712597151775
2.58283322731192
3.338968472923
1.92559266346726
1.53612312616297
3.65377438411989
1.85710359274826
4.20450175287974
2.32180584462675
1.68425304999219
1.90320631160972
1.63577642352926
3.97103365003141
4.09034024047523
1.72662074539971
2.67806004002709
2.38379008871202
1.49884476106561
2.9015016449139
1.72338366403391
1.73608507805062
1.89383592251906
3.27375756384788
2.13779119869963
3.13043316812034
1.6394375693278
1.4316306105909
2.13475383189581
1.88788671802382
1.95894269024789
1.53744430601975
1.70064376338425
0.201789179690183
2.4082054026546
1.84385556668586
2.50563280413078
2.77438672890093
2.46784075945438
1.71248173451736
3.58912209845663
1.19444870712203
0.950333059353334
1.43999149055146
2.04797757075177
0.928920427004415
3.0362274758329
1.26859376520119
1.96509886975429
2.57598331507564
2.89915789364235
1.11401331356831
3.30228945507584
1.74531956733362
2.49893691480805
2.20493478840046
0.201789179690183
0.201789179690183
0.201789179690183
1.0047565525548
2.03613013421018
1.53895529035561
3.04264462039209
1.81322477481612
2.4266807437696
1.55211527148469
2.54447579305816
3.22124645509738
0.93960909111033
3.08074229142673
0.201789179690183
3.04083379719599
1.2627042012619
0.201789179690183
1.40004803984735
2.68639257973399
2.88442461404627
3.24552934004409
3.46024559348774
4.04429176826912
3.17610783565526
4.18117286598933
1.13981754906864
2.08651960751059
4.09697929836321
1.49330433529763
1.96533639497548
2.30609389724433
1.65273892737774
1.40226128356588
1.17543252493526
2.87550815756597
1.94713328695485
2.58955303024855
2.87646015108889
2.81466338274611
0.201789179690183
2.18536715120606
1.42267368982683
3.37289721729466
2.06912834985256
4.13723364971068
2.02259918213715
3.28515242643181
3.7973962977485
3.37057005152612
2.05092866446103
1.34697626061787
4.54621050883721
2.37021194234016
2.40231977022353
0.201789179690183
2.22702171299006
1.21367626170169
2.65454537206803
2.74972976831348
3.2277018458083
1.57407653885183
0.839032023877592
1.65381313816266
3.31317447927196
3.23129448527131
2.03970811193495
1.59313627909597
4.39043682879387
2.52924919583937
1.15576374413029
3.81138631129731
2.57804931373271
2.02437652011529
0.201789179690183
1.41953360331125
0.201789179690183
2.86698726092479
3.20633041851969
1.99126749270273
2.81551616492485
3.47756128340754
2.0038806728747
2.24195065516364
1.52282823001708
1.64601144985656
2.40938258658806
1.4752602743447
2.51211415765724
1.85565444481326
1.73297563057015
2.28690285172894
0.201789179690183
0.201789179690183
0.201789179690183
0.201789179690183
1.88008442435143
1.39038927404507
1.76068106613973
2.68098548057015
1.42845125864078
0.787837431622253
1.87354190357239
5.9567688538362
3.21977873681737
0.201789179690183
3.16284398914447
2.08662182914862
2.22834852720358
2.45276987278825
2.08908057986719
0.201789179690183
2.34321373935983
1.55612628227302
0.888343685460583
1.96060258309817
3.97014084511452
2.01913528150141
3.28494587657998
2.72001321543912
3.3886841931542
1.25121983319896
1.74112929418252
2.70401926469036
2.49525606839715
1.76051209043758
2.14110370000263
1.67196151995674
1.74831150262425
2.16215593609751
2.33051910958133
1.89659052940931
1.38368604274387
1.91316287234081
1.48129635017776
4.54133747306216
2.50945393056972
1.63576468353429
3.15948463006958
4.19565948688055
1.98227411283685
2.7605086660213
0.201789179690183
1.49883395365017
3.9329806821692
1.23752530140593
3.96825840306487
0.859562097864319
1.11735333345347
2.29212569144865
0.201789179690183
2.20788366394518
2.10741445922244
0.201789179690183
0.201789179690183
2.55134610181117
3.70550675832095
1.67873353598875
2.20155336813396
0.983147870707841
0.201789179690183
1.32698482923725
1.7477337500333e-05
4.03230856824992
3.46999237942085
0.201789179690183
1.4045756446315
0.201789179690183
2.09120300188007
0.684689942966044
1.97242873596104
1.86942727818072
1.94230543565639
2.55389771739372
3.3264117836614
2.93525473271994
2.76783134210418
3.97957029822674
2.191681277613
1.84235969220576
1.86430514622215
2.12867280885991
1.51003685191778
1.37558557306608
3.43953374793929
3.54638840108343
2.37766877176965
2.2595307425589
4.31948746582442
3.44051639445444
1.91730452857925
1.74817427626486
1.94841390066996
3.66732863305944
1.09395530688151
2.80218908532257
2.71789304375198
1.88070622978371
3.96971672539508
3.24299429119214
3.30302830830352
2.22914526727081
2.91079955745027
0.201789179690183
1.72998741510137
0.201789179690183
0.879392924437153
1.32244349557376
2.34551511817021
3.06007771507741
4.80835122773586
2.53317856863692
2.55169968776092
0.201789179690183
4.46943818338315
0.201789179690183
1.85678685290181
1.49688148679878
1.92456463205583
4.01327485213608
2.69555237850117
1.40534767984197
1.75011839434577
2.01285046159642
2.78131293568068
1.76822277409224
2.64815933691146
2.49773572462196
1.53379622324351
3.64525900403869
1.04234561702621
0.201789179690183
2.24437468488683
1.85653546164191
1.3758923122716
2.4811670956865
1.42283595411369
0.201789179690183
0.201789179690183
2.79148963313632
2.27373839521349
1.44254106512055
2.40500409778723
1.37976384901732
0.201789179690183
3.04950618385246
1.73570362664087
2.64039037076513
1.36566951745005
0.201789179690183
1.85887235684071
2.66714109492368
1.72990207242065
1.94170324898909
1.64313047141051
3.30517462109385
2.66391200202039
1.85157510051463
3.65656657692353
1.58331921627168
1.8771849028245
2.84383319421961
2.98213249168393
0.201789179690183
2.18043218232995
2.18069895891498
1.57260171104265
2.15665715105134
3.47167275510707
2.28275226292915
2.10636806340396
2.46244480587221
2.72686487821548
1.69822112503038
1.6471340834825
2.32820150282197
1.27487648485463
1.38211561715364
1.85507247249084
3.99212088593528
1.66322267751507
2.50107523793438
3.19992193193464
3.20716386862871
2.43241287807209
1.3076364949479
1.79261877140388
0.201789179690183
3.28692813084593
2.41954837525752
2.50804606509879
3.02309539933384
1.85099713590365
0.201789179690183
2.67052341184976
1.50087222637901
0.597926696486915
0.201789179690183
1.84145834779713
2.94223627107026
2.40147623172836
1.63554050274967
2.77863100403666
2.03619432287197
2.25451145644761
0.736582791725086
2.31252937527987
1.48972927790669
2.51312773887852
0.201789179690183
1.22987136560832
3.94908918066306
4.27619690829433
3.57344544659118
1.56343532673138
0.201789179690183
3.6158875991859
3.06731800502423
2.83691043536201
1.62495806258935
3.12038307372495
2.51592612879375
0.958335383334925
1.36964230159227
1.85507047675523
2.75500996975915
4.2200583732231
4.62333821871865
4.53307463682558
1.9064807794226
4.7322862612401
3.15653652015415
3.19528187413243
3.01308193085509
3.27046518011833
2.81087885696511
0.201789179690183
3.43336415837124
2.0340820928781
2.3619838571432
3.29436642852821
2.73714173427139
2.39577933496649
1.99907902833623
1.45059712899254
2.15785972423114
2.04763258608119
1.44476755171065
2.18533976391751
0.201789179690183
2.11413142717837
2.78501276534848
1.72944757547401
1.0955439991086
0.201789179690183
1.15000387382124
3.35156186271247
0.201789179690183
3.79955619261578
3.7603577185494
4.77501718952888
1.23796567447443
2.40894807823524
0.664219661696236
1.57036277103581
2.5482446551178
2.67682055777786
2.47670311513965
2.33110497154764
1.56784860257644
2.42501131675153
1.24872596833695
1.78533818770598
3.44288673032849
4.10243869778383
2.06998277922698
3.12253561817996
1.48180531485963
1.37356079559512
1.66819308381151
4.42780779040441
1.13298284226331
1.70221030433374
2.05176729011066
2.63790509430406
2.81665576606641
2.85833875414138
0.637247510263835
4.67088458068574
1.70880163382369
2.60824057922051
2.11874934629097
1.63712973691894
0.201789179690183
2.3645552552668
2.46148889274615
1.20312069679917
2.20680119096962
3.13754466938872
1.10543803706289
2.56563669162609
1.27059701970368
3.08811672029563
2.23939403258918
2.80298648131658
2.53880170763671
2.94221710685434
2.25588891851816
2.43991301363851
1.77559832975626
0.87769989201985
1.3502102174846
1.89735822919505
3.81636003693686
0.654803396247667
1.68734054600637
3.31458042476574
2.31053579628641
3.32743928447665
0.201789179690183
2.75384310967697
1.78889679393952
3.53185775509188
1.32607840995158
3.01491097641923
1.93039081177072
3.05439788341183
0.201789179690183
2.3174259200712
2.25062842088807
3.02831661574052
0.960132119354767
2.81930317551357
2.14790966290609
1.97232018161032
2.91792007484458
2.89612713047346
2.2717869070257
4.28718060644287
2.85926452662761
1.53870533224313
2.04784122861701
1.6423486697751
0.994340119256339
1.24288722353665
1.8840458100609
3.57182005712059
2.2673706788967
1.46286659172434
1.7431091903455
0.201789179690183
4.05147427680585
2.23637389842447
1.58302749698143
4.00857544098246
1.96401699113075
2.45891248945706
3.3921568285992
2.70987811399378
1.82773293418272
2.30676351666974
3.43829107283535
2.02433817147457
3.0316724934264
0.201789179690183
2.7284401721406
5.92881236508672
3.83128921799728
1.81834727368582
2.8277247735218
4.78181924512764
3.1255070953424
1.83372530522826
3.99810882376409
1.7473898967468
1.32377967131141
2.38785751646892
2.61211058092333
4.16373954571293
3.08891306737837
2.4127882095634
2.53885894099182
1.50625454101802
1.94158346369311
1.87201121706576
0.201789179690183
1.21523530319847
1.83038905421888
2.65981531150549
2.93542864464093
3.87672933700032
1.12719485378579
2.05243234196397
3.67035841579682
0.201789179690183
2.40403537928169
1.20973224825081
2.90861147223735
2.72448136547253
1.85599090160909
1.92748682690034
1.34508898953174
1.88068724698834
1.36347350428434
2.41763822170609
3.05571157348508
1.25944811742937
3.12670380546024
3.41814003836407
2.35320353171824
2.31096099161496
3.66196314535257
1.46106040933765
2.07218149646944
3.11029778575136
2.60613492187987
1.92357939470155
2.14735423934673
2.08532045687886
2.16148375306575
2.46441830149032
3.24261374156972
1.34972632956925
1.535604099967
1.79249172397414
1.12607423800262
2.43657335471043
1.27261371693515
2.47705873099546
2.4911078542252
1.9768229945593
2.33911741978878
0.00142704334528621
0.865756232966396
0.936086474925249
0.00142704334528621
0.00142704334528621
2.71973829837422
1.95116556319219
2.18902996191379
2.21073284809421
2.02578948490839
1.36409265556035
1.49750900568396
2.7024847554484
2.71503626833268
1.19469804121027
3.84742536408766
0.745589200580581
2.20492409742971
2.8083993774838
4.11518876403417
0.201789179690183
1.99237190218605
0.959029715581768
2.30021308869753
0.201789179690183
2.32903762838576
0.952040945191075
2.12351630302439
0.201789179690183
1.90355791215292
3.21167716216466
3.92997280389968
1.40158159525789
2.61911698272795
0.201789179690183
2.65655120826256
1.81541646984291
1.5495668407045
2.49172417531229
4.45052601974235
3.31417599237454
2.64052377206662
4.97822724547521
0.201789179690183
1.70882487268238
1.71463435596016
1.65798084966919
2.10884157307331
1.63771927328208
2.03083692888227
1.96712229051365
2.05266426152549
3.58259459398768
2.60104986943878
3.03506802300056
2.51982964246148
1.27520093708316
0.807550501180175
1.52610758612585
0.201789179690183
2.22343648610884
1.60075081153315
2.70060685710776
0.201789179690183
2.79941997993806
0.00142704334528621
0.00142704334528621
0.97215261697829
2.67361618636817
1.74782771799859
2.38493213277926
1.91456982496671
3.55211034064149
3.74898294857825
2.82497394219809
1.96903656364396
3.40354510674977
1.97057147040534
2.97947193872971
3.57448946557658
3.62873018085022
2.8912556774689
1.43229282629191
1.87913107935398
2.57258543010214
3.39694822884089
2.68788350166618
1.19204304074048
2.22789942324751
0.564212875111862
1.15338698652757
0.201789179690183
1.39080594839587
1.14998749604924
0.201789179690183
3.18358187976965
2.11503106398785
2.24585430767269
3.17361611510071
2.12321069093636
4.29676938940938
2.62952672977957
4.10739842491665
1.84482691183836
0.201789179690183
0.881801331533102
2.21080174261407
2.45727564890358
1.22770737999528
2.93933233251174
2.90698230167633
2.06236212729065
3.41283429992426
0.201789179690183
1.66166353148835
1.64527718350332
1.08887559800306
2.50772511495654
2.20068023513736
1.94920550281418
1.91230536677194
3.47972512386687
1.8153866297794
0.201789179690183
2.93510225546311
3.98087798047017
4.33820045530445
2.25643400169594
2.56754616724086
2.57749400072796
2.98163454108807
1.38984623505186
2.90751041084012
2.69529829316458
3.1431685866133
2.4106592918941
2.68171033739601
0.201789179690183
2.98429372449673
3.82950710117565
2.52736792343728
1.31376221919097
2.3235076818888
1.99834430392908
4.01997560826086
0.869779605743485
0.201789179690183
0.201789179690183
2.16781493401354
3.56178896467777
1.16768619421641
1.29144418443307
1.44227427866416
0.201789179690183
2.04538330408145
2.06263481844555
2.0042885205851
1.11504151541302
2.94495041427541
4.59842434961782
1.39279017459761
0.201789179690183
1.88997603269147
2.07520668957415
2.03774028979666
2.4639464005637
4.4337822472066
5.17892080516385
0.201789179690183
3.2667427707833
1.56891321244175
0.889582430893343
1.25938513334193
3.70084544004475
3.78207437785917
0.664109300833444
2.67628859765097
3.69484812855429
1.33972996579096
2.29726075312491
2.36673626023221
2.54068909595209
2.2532682516507
1.2911639194513
2.0128796932351
2.68713846416576
1.60270419857003
1.02988361258796
1.55693523015973
1.70190902708466
1.82609134326801
3.12208338696137
0.561253852131699
2.12941187725521
1.5046467383102
2.37587146258447
3.54686092650507
1.93317817718542
2.34059158916606
1.3934780749532
2.06373211688859
2.6861502990817
2.56581359042601
2.19171029899491
1.16578707270583
1.53398536566321
2.39771748680407
3.13878428764663
3.31246054369684
0.201789179690183
3.32652975247779
4.90349603156696
2.89118326508425
2.58119031727261
2.14543826953908
2.58873998419985
1.78680002248284
2.79632189405814
2.14948577094815
0.201789179690183
1.75740333634775
1.4262332754592
3.33825345014889
1.83210025154908
1.95289540267071
2.88052288823841
2.52688980810021
1.66018388390625
1.30298990034945
1.84004100787743
2.05770552676256
3.48789620823328
2.60871242196286
2.27225364385569
0.201789179690183
2.22377513263184
3.04547361791412
3.6895623297067
1.99455235766867
1.74090969719684
1.60475607969339
2.65972832713376
0.201789179690183
3.25161854731303
3.04435334065656
2.6427497009691
1.73552022783231
2.41889175332978
1.77946706323611
3.64508051158628
1.55357535466755
0.285583541941433
1.72824760498668
2.27438315505245
3.43662605150141
4.89124800246127
2.31320589267536
3.64096957986609
1.75080708220387
2.55316103659754
3.8946069490834
1.76323659862745
2.54218034286045
3.54587830037975
1.47604294577843
1.15012764322476
4.11534953477718
2.34683167014429
2.20594761244199
0.201789179690183
2.11012854242933
2.55200997621034
0.669254230237361
2.67989869755748
1.82060612710512
3.14676070207694
3.95730292142712
2.22021040404027
2.34471138204035
2.15460446898674
1.97690528283442
0.534293101871608
1.9657029702754
0.904424667199063
2.16422264161833
2.11051390577541
3.57584146787974
3.28973550331663
1.45193110240121
1.12098461263425
0.886995752489288
2.45434221072972
2.3614902250704
3.22759678797131
3.48828225483846
2.65269805831641
2.03313409872607
0.201789179690183
2.04575634582498
1.84546050667294
1.82858099980871
1.73149470198314
1.6824744112197
3.31236963261315
1.3852225636376
2.03390821978454
0.201789179690183
2.70126871657649
1.78211308735258
3.08120470420722
1.36966209512954
3.83344020510369
2.56166669742579
3.47184254439514
1.27015168851236
1.46329643008392
3.39985567113915
0.201789179690183
1.89893778924378
1.0699152634531
6.65204790560879
2.70308934352361
2.09773183883229
2.05418662420322
1.99755323328738
2.96476980489979
3.20483740040683
2.27120142611927
1.52249584143202
2.00424405050335
2.37040415857055
2.04053151639416
0.201789179690183
2.5206615331805
3.58459273563315
1.94984612148002
2.37473475290198
2.34499436109152
2.99636516988558
4.26742221504904
0.201789179690183
3.91398941472879
2.22779068684883
1.16507388883849
2.94492691595393
2.35005201758666
2.15329445021495
2.78047662220765
1.33036015451144
1.00007593774783
2.59470729551599
1.51006973458245
1.64794418348827
1.98350815438426
1.84765357287654
1.44155870425889
1.1938703276797
2.02674487536665
1.84196908873972
0.836272276584893
0.676526615708231
1.70131671413597
1.75472255442783
2.57092478530313
4.38134516648172
1.56182906915958
1.88884875037262
2.58696230951523
1.82714454483555
3.78868921963713
1.42659568862668
1.86364909590197
3.11599706958072
2.43978845476642
2.62463052813303
1.35604352487578
3.89564788669445
1.19958792134503
2.02623386720467
1.05885783299547
1.53655902449193
2.46256304620733
2.79042236429354
2.20274675133773
2.29959728439726
1.27484395289709
2.20179126790629
2.0422821238574
2.73859603207814
2.58045408594462
1.74658306146596
1.71917176476456
3.60151534645094
2.17098476515144
1.0765635088605
1.30965580924792
1.79667299705403
2.21433871627786
1.8625136693151
1.88461405067571
1.36033862400558
3.23891587853357
2.51699936501441
1.32507953000779
3.74076568801935
1.98950447604434
4.56153306233685
0.812617820136201
3.75654489467156
0.201789179690183
3.5772507537095
3.94326356650361
2.05966875684781
1.76153726505424
5.35037728951857
4.1457443823126
0.201789179690183
3.40797538818372
2.66486663497743
2.61944251750179
0.201789179690183
0.201789179690183
3.14901157280761
2.66392349585947
2.56322673204978
1.33159669205113
3.47409128720421
1.43559217310029
1.50921928114752
0.201789179690183
0.201789179690183
1.34270936848993
1.82459986793782
1.48910620976442
1.93515467536817
1.98427752744272
1.1603452772247
1.98204815565148
1.84861980670044
2.31148658306427
1.86749226114869
3.12457647346187
3.9558799999518
2.38448158280165
2.67917523245966
3.4962286014167
2.76375050225403
3.47086701326818
2.42700686953086
1.94214795354758
1.69034402396499
3.38502183502549
1.64844093449099
1.18951089166315
0.61803527183764
0.992433072748919
2.46055091373954
1.50579234684571
2.30938256154797
1.36081647529918
2.90171375558436
1.80868559485515
1.66294273732427
1.00674440548127
3.28358534481995
2.83812814030208
1.05244052085643
5.19159211408893
1.99481361705555
0.201789179690183
0.201789179690183
2.88231025222396
2.15347657070155
2.29396723547661
3.07179976888558
2.95823050977156
3.58766899578651
1.11861638881918
2.57499194574915
2.41730631301471
3.11994425637273
2.32501065241241
2.62634439384051
2.86062749850996
1.37230790185606
2.31355950033913
3.94770782598983
1.24331600941726
1.02136741835409
0.617838163014376
1.58610386516288
1.42216855069518
0.00142704334528621
5.15447911239935
1.86213092585668
1.76229750899069
3.03429900559986
3.60911066376034
2.16584328658064
2.08872971139796
0.929426987817486
1.60682626652548
3.73401604679312
2.74697717977497
1.94869013609752
1.63264945188744
1.49110531761388
3.26838592933289
3.09526426472224
1.58155759115005
2.67716224135022
1.90554961345695
0.984147705776603
1.47108802140994
1.96136056956664
2.27295044786745
1.72310979062626
0.00142704334528621
3.57564093866057
4.92615379548354
2.79916892629433
1.77950826122283
5.14333770219184
3.87595557599212
2.51822917044743
4.16775162370717
1.67918573438332
2.13719670294021
2.43913354506723
0.201789179690183
1.1684417135399
1.90885898338298
0.201789179690183
1.59370394204789
1.74533783684262
1.33309251337909
0.890425185276193
2.61393148035085
0.914984372159329
3.00875085403662
2.16365471259504
1.95552821666376
3.88412750008473
2.30376923359879
1.71099477326884
2.95924805563871
1.02845619516818
1.60273745592935
0.323667254108701
3.26232457265891
3.73610039089446
1.10092433314773
2.86234465376021
1.16900670741437
1.66060459940203
3.21338139566448
2.25290650207069
2.54433788008468
2.43829947748884
0.201789179690183
1.31666850614489
2.33280463686972
0.00142704334528621
0.00142704334528621
0.00142704334528621
2.02439180782514
0.69710787966637
2.61070434686324
1.44145367627011
3.12109126013662
1.76353404656588
2.86609315800393
3.89983465073109
0.201789179690183
2.01848275127005
1.8574739172394
2.16771349701751
0.201789179690183
1.27198334138662
2.12808075988009
0.201789179690183
2.12228754244031
0.921669445302223
2.2803533455155
2.74467224762963
2.09303772622263
2.78003480646651
0.201789179690183
1.76283169714698
1.54108936658716
1.12560208900636
1.85216752295659
2.9563565538208
1.82869779575089
2.29539469742316
1.1819522158782
1.69607582759232
4.44319438591417
2.10086827217125
3.4619535978713
3.00335257733624
2.91310792429733
1.46110466957632
3.2777960605106
2.12963161398047
0.498486782451477
1.91452179695814
1.04474105843004
1.04230980479781
3.30499577222882
0.201789179690183
1.32697537690712
1.87322662985075
2.90383723387234
1.7838717224734
1.19910575253529
2.72012979580105
1.32684432711193
2.1397497001321
3.40010669065311
0.903323042507354
0.908173978963808
0.79632041133885
0.970837407967494
0.814984158059741
1.57869913999904
1.08938363698987
0.981045823249322
3.6613900106917
3.56403235093473
0.766663846415083
0.201789179690183
2.57596211615497
1.11292203166823
2.86477914413412
2.85928619258574
1.53368947330257
1.91718196947259
2.39591904188587
1.42336528371462
1.47086961922328
2.23610290153893
1.60077326796959
3.81475375127309
2.03385622929679
1.81438506487091
3.64149587335765
4.43933521351711
1.50573423263168
1.34747991136067
1.84550053628483
2.01200262922644
5.94463375220599
0.201789179690183
1.37791706468648
2.41423204517071
0.375836215619564
1.97880591740847
2.98808039857688
0.201789179690183
2.98918424466481
2.10683434137175
1.36805207382174
2.55887116763378
2.66227703652501
1.28345844280131
2.0902652499736
2.18191686972901
3.68343775755228
1.71539188337691
5.18856588558492
2.31334684855398
1.04247865684506
1.10137298316219
2.53103811252026
1.59875461729316
1.18845730070981
1.69915555332558
2.45012403034412
2.68913774281352
2.07084575113981
1.79697605564553
2.3230414098901
0.201789179690183
2.7186895583548
0.00142704334528621
3.19982124950977
2.39331234198026
2.76624977387759
1.9503857893134
1.57472424175792
3.67798459017549
1.73981243754407
2.06791151207578
1.21949295328513
1.62827263704544
2.52481410025769
3.5578125970366
3.56191016416728
3.18269913023306
2.52246091449575
3.15741797889977
2.71407217807628
1.34108731644202
3.40269023155443
2.3804155825289
1.7224976660142
0.201789179690183
2.77701951363953
2.95132686306009
3.04458666804489
2.37504762747528
2.23002159558717
4.46390027578939
2.31603268320712
2.82884848208678
3.16966995363802
2.41068913938341
0.985796877142681
3.59096707124112
2.19207640394682
2.45401365421201
2.07319216341374
1.21094618450886
1.52815031449875
0.201789179690183
3.62017142010455
2.20925600360087
3.33073926346404
1.66601548390381
1.62034527905547
2.16991183751852
1.28157797696087
3.36116907756402
0.989946098614628
1.98077620951055
1.80599022396604
2.85950976193953
2.00691094377484
1.40005169548439
2.2130073400585
0.201789179690183
2.68971601322418
2.98135825167921
4.36393464595665
2.965258806849
2.7483047882301
0.201789179690183
1.94426920852135
1.87345195607556
2.76888956600194
3.79158193910771
1.70465981270058
1.9397304359531
2.54933769855284
3.89509534468207
2.19831831944886
1.20164483765396
2.60908683237578
1.99072610193933
1.94658081996697
1.7327261413413
2.68824827764883
3.43382318775254
2.45015262068101
3.61302906544206
2.23639734465215
3.79876391614394
0.740070831851629
0.539095602350034
3.18885876591764
1.62601547607514
0.79513818634523
1.67546884024722
1.57391629543218
0.201789179690183
0.201789179690183
1.63571349363077
0.201789179690183
2.82661992022172
2.68693426730086
1.83768534858119
3.1079865620063
2.28797096305708
1.8756788410608
2.19587264977855
1.73325192138513
3.49294133268078
0.201789179690183
2.02800436934071
3.46157629401535
1.28143323503186
1.7699199923555
4.13382845104278
2.54042946829291
2.76309224184972
4.29454562816674
3.11683421453427
2.23260334434329
1.2422924358183
1.51303702087401
1.8297045862714
2.17776973451008
2.35739303463496
2.51766563868778
1.14894880695874
2.17141179262352
3.18927099471386
1.22063654106402
1.55258975104426
0.201789179690183
2.52527643331951
3.49479293562377
1.08566740900189
1.69216553126295
2.1479037469572
0.768976947328138
1.17128776102153
2.68730051433764
2.36589721869735
2.19501239830864
1.9506844199865
1.33801920381149
1.92788368762294
1.30590478092203
2.20335145731333
1.52280781265842
2.63148679994533
1.37911765437287
1.22957512989685
2.53966555194988
1.22709849316191
2.35926693706049
1.54204874104844
0.551883334427527
2.20495409808033
1.69830724695496
6.41934546293598
4.20637012131783
1.81385659802307
2.84004607145104
1.85982969069174
1.67382403485893
1.71874900303308
4.3241450506865
2.50179369047537
0.882003149924618
1.73958891355856
1.14547301279371
1.65176416682335
1.20786250173377
1.30968149751232
2.77371329759488
1.4161595510495
1.25691009936484
0.851641174103875
5.08835724597608
3.15306914060125
1.21121447611471
1.28707498135122
1.62899061132134
0.00142704334528621
1.97243742299896
2.38774310169478
0.833269217254028
2.45414749789367
2.42280508381377
2.09559487864505
0.201789179690183
2.08247994134627
2.03443511196376
0.201789179690183
2.09958847269366
0.733199775692432
1.97014656449724
2.39336788156329
1.38050764087164
1.99880254628489
0.201789179690183
2.25619336696855
1.61085293160319
1.16367988312995
1.73158071347
2.58599644810108
3.3155090620293
2.18655646069778
2.13538468912127
2.21448284725446
1.68140211797668
1.20616760311858
1.93947140255281
1.24711784680765
1.96482922336525
0.201789179690183
2.61285577102411
0.969078751776419
4.2283979251044
2.31828903425945
1.20308620105472
1.80349042853412
2.55851872623646
0.245836497670114
2.7763925979147
0.201789179690183
1.45815749611243
2.8683191870196
0.212680485045739
2.61828151478799
2.52269947425718
1.38731507126795
2.35586508422173
2.97463860800891
1.56920138779255
3.06094218602295
1.64040662235806
2.22519472578937
2.80484783589502
0.232472557457083
4.57834434959384
2.70683535543194
1.81560909925025
3.84327776755045
1.38397327805502
3.03164449102124
1.80828962607645
1.42543247294822
1.78826522849548
3.17980157879467
3.3661512512738
2.62094644268067
0.201789179690183
0.201789179690183
1.25839011250643
2.52206420199201
1.63286979244801
2.76628068472783
3.63676452625429
2.29634161727577
2.11478736993785
2.288308452674
1.99977825028112
1.09230483274011
3.94337048076631
2.3481098166996
1.6419131450661
2.63482131685622
1.43353633213578
1.54206124354279
1.70417053912153
3.33780821928386
2.49077756242675
4.68535872751565
1.37350565679345
0.201789179690183
1.26065572035111
1.31865594525879
2.97068299492407
0.672040285860318
0.74302672217695
0.201789179690183
2.56763102294534
1.5811738740322
1.42200993217352
2.92076859705351
2.09487498796305
1.65098150803166
1.51259968490289
3.30984720585591
1.9952339799377
3.7936300606815
2.81063148155149
2.44199741979779
2.78156306576609
2.77125842000009
0.201789179690183
2.06218607656718
2.80168138038805
4.27804642584886
2.37872821765932
0.201789179690183
0.585703494426401
0.201789179690183
0.994701599143053
1.54114618089961
2.46828282154017
3.48444942229479
0.599517567862844
1.10339353738995
0.779198262354816
1.59568652463209
0.997507587125461
2.844757441101
2.89524619976892
1.43861635819653
2.67802645232584
1.68909517417477
2.20042091021536
1.70803782043922
0.201789179690183
1.64702136295834
3.02480949933529
5.16146613392231
4.11666770492124
1.14690900627518
1.84281379361463
4.15354372986395
0.201789179690183
1.25239869745789
1.8876141628926
0.201789179690183
3.38614550912831
3.85204888299524
2.82787619227826
3.69148277240188
1.58863228616189
2.47354416844522
2.16599509268883
0.00142704334528621
0.671270674886193
0.00142704334528621
0.628344000744989
1.40423974319406
1.96778804073547
0.451191191979025
0.507001387099554
1.21247088938597
2.12719035827284
0.692464074798744
0.879924417087509
0.00142704334528621
1.16157545039796
2.71262218010532
2.24396392814205
1.7477337500333e-05
0.201789179690183
2.19886862685243
3.1819631392749
2.12171150721764
0.748166603049909
3.89279164960962
3.54287435180322
1.80020563580327
3.87233646085366
1.50042298106578
1.27625855653832
3.0310743654942
0.00142704334528621
0.569961498432217
0.00142704334528621
0.00142704334528621
0.32613234560141
1.16275561755063
0.613125205726428
1.51741955608689
1.46967765804984
0.201789179690183
1.62211405558027
1.77985444848814
0.570876483433289
1.37467246033603
2.41194828504849
1.58882220352441
2.18581254802665
1.76337858294967
3.12757061697716
3.2504442905599
3.8732599127952
0.791189006528175
3.32667608599287
5.36628628880191
2.16886948866586
4.79338820787887
1.32467573922625
4.13512431769132
1.22740459239431
3.18564398933019
2.54565231312038
3.37881914341875
0.201789179690183
1.55840654681011
3.65753516040246
0.201789179690183
0.721147190719901
1.43098561911428
2.01549354394353
0.201789179690183
1.78450567250159
1.5577639798748
2.60019953330225
0.201789179690183
3.00098558438991
0.201789179690183
0.201789179690183
2.34703768571069
2.31264864498087
3.09870810767461
4.06186332109462
0.201789179690183
1.41374401960949
2.34290181999118
2.5967813515387
3.48326420007284
0.201789179690183
2.91040183142751
1.45531865845602
2.1802558858078
1.8888489407912
2.2819659176339
2.19478923274976
0.819730716899946
1.66574257402247
4.82689824396639
2.23538112061143
4.1598718274378
3.62223085138598
0.00142704334528621
3.43664508963408
1.83656504818441
2.41833058300453
0.201789179690183
2.07497274647605
2.39677912089735
1.73643924457923
2.44970030415671
3.17235611584379
1.48115866674182
1.34916819072783
2.12242009705567
1.14339394707774
0.201789179690183
1.60963834116419
2.70263423969385
3.09373500006511
4.60726825098837
1.23733175990715
1.12566744995448
1.96416300673529
3.29073662741336
2.47789112171521
6.56232266140059
0.201789179690183
2.04130825553616
1.67120690147621
1.9183006757561
3.8540884549248
5.50272358630062
4.91517134374206
1.12373898165187
2.5007209914925
2.23836116575247
1.65119722519487
1.71594940482786
2.1499082449712
1.83269131855708
1.55614162663625
1.50413803071167
2.23778182363286
1.73346251813601
0.201789179690183
2.37622633101996
4.3144779181456
2.40461404289876
2.97493624898709
2.48678153638181
1.5644327153281
5.38449590171177
0.201789179690183
3.47058278494289
2.38407260450292
4.94453428804956
2.61059309250055
2.47089332172762
0.844589708199508
2.28446987717272
2.79222091021474
1.90384190839546
2.96796616255441
2.37374328336689
1.82806241638421
2.36546701685639
0.201789179690183
2.79310187679278
3.29335117909636
1.63550586349834
1.25874812699375
2.18724216709788
2.00857518435456
1.83809664455027
0.775538179918536
0.735516842293406
0.882660847301085
1.45754311118161
0.628420176475907
0.201789179690183
1.84744642091613
1.99715504268222
1.64319145523232
4.02339558054781
3.46454950448825
1.25915828675026
1.62395403888163
2.32461574229816
1.2435622190257
3.31881007095232
4.61021727831672
2.69262200703416
2.0196585923599
1.82154897188994
2.52324633340159
1.44341698770208
1.8375000999897
2.29823538689284
1.98555620458493
0.718888998583573
2.05184656317043
2.32575844202517
1.67429325299658
3.01642362118473
0.201789179690183
0.201789179690183
0.885301784567461
2.07409319929235
1.62326987937094
2.48090012206724
0.96959908375548
2.267343111332
2.65119701949969
3.27782450320196
2.20379632989028
3.2804153455789
3.08052701872934
4.65996211413932
4.21413166384435
0.201789179690183
3.8630571889188
1.47534947288059
2.13063989985199
2.39969858360825
1.90270844461805
1.78686403659276
1.99922744457619
1.59845639093346
2.6429298632442
2.87049045886096
2.20921512657105
2.00851216458369
2.07958612238397
2.67247968726578
1.85433057837101
2.54959707781076
2.14391906886019
2.29808263115737
1.67545709602579
3.20154586044477
2.40345183484964
1.05674314354984
2.34634901597785
0.69081245875124
2.42743231775183
2.19425578601395
2.16287531978484
1.47307072526681
1.72489907854607
0.201789179690183
2.823190526178
1.60338195736365
1.8311967103984
1.52411861776193
3.0542206635621
2.20483455194411
1.777166356414
1.65429795399404
1.92754018128616
3.82508668910066
1.61349967797868
1.57149863903402
1.99333916906332
2.14234895292285
1.43889592702395
2.29320879723055
1.73133648412919
0.201789179690183
1.87618644102083
2.06214553598668
1.77087375177545
1.3694324785239
1.59145791804768
2.69871541851008
2.47854509422666
3.92338280549836
0.948477763103938
0.972162917888978
0.201789179690183
3.32226764844339
6.66936988265712
1.91999035061518
3.34376303489061
3.88401281810774
2.94536443823712
1.62279317978673
1.6395847254344
1.75939881859368
2.18677414237106
1.38116212336942
0.201789179690183
1.20888309124438
4.02014237593259
0.841291349255155
1.11082316137541
2.80079486092316
1.96440590999633
2.30313743264714
1.52385923844743
2.10692428604995
2.34834827333227
2.77909901006232
2.82296138910116
0.201789179690183
3.80491574330855
1.5322658442248
2.16050007477876
2.19277634849612
2.34247562945558
0.201789179690183
2.07690662351173
2.36650164439175
3.52565804366628
2.46300211875292
3.4441165405246
1.44328733575371
2.23777869477819
2.87591210707403
2.68810678430848
2.23354208606038
1.43169917017782
1.45599054515754
1.0850872110262
2.38274142434631
0.201789179690183
0.201789179690183
2.50324735386124
3.49048516653505
2.72065566821251
2.93137327387378
2.09046518349631
1.44362840029853
1.60748063298829
0.896996634133735
1.56543502693263
3.42877058817
1.71934267159552
2.06774683561788
1.54299377431339
1.44161662396451
1.32375383928326
3.32982577092775
1.419250309767
2.02694516645779
1.01296824541758
3.18446547783609
1.90830009068373
1.08526959445586
1.79459702058099
1.67464783914405
2.31078143765669
0.687931402516688
1.65863385594776
1.97734890167698
1.41598618973971
2.15682928182607
1.27173170745245
2.44575186677394
1.83421703600568
2.07478337788872
0.834412035635066
2.18038757125952
2.84282763654021
2.53810300680299
1.99472433246197
2.15298308399346
2.97930363818947
2.44794963972329
2.81374942710626
3.45391769139272
2.89713958773147
2.38741085364255
0.201789179690183
1.69647804037877
0.201789179690183
2.4154655805641
0.201789179690183
2.43239269304256
3.10010307547566
1.81631861569791
1.45858805350959
1.59513933650931
2.63749235381089
1.58464839892186
2.62968013941993
1.94052088161629
3.08987429719103
3.21848852620679
2.10932570746054
2.62124125316651
2.37138033607275
1.59422434582133
2.53297348594747
2.41009730835793
1.82119738123476
0.922476464959692
2.93305066737758
1.58123484558584
2.73223304367081
0.201789179690183
1.76945095132206
1.94707338585644
2.03504195016163
1.15145247063928
2.38746691846301
1.58359283498926
2.59687457783215
2.53042925830307
1.99840024685339
1.28374886015664
2.30478986174307
2.42380097201861
1.02935495467223
1.11001879602704
1.4229001364666
0.201789179690183
0.201789179690183
2.99910149737245
0.201789179690183
1.84233058984008
1.51789172339743
1.50658328727889
2.57807339799499
0.201789179690183
3.99463620387053
0.847419618558215
2.24213183364293
1.36766265927398
0.965780121191536
2.14259762268899
2.88912329678083
2.08726743408283
2.44985162858745
5.60654234517876
2.3954456889858
2.09792922630449
1.38260926584288
2.13928930349235
0.201789179690183
1.34802980821021
3.46003378293963
3.43782786765001
2.99054548956563
2.29336524240973
2.14797131802352
1.97103622601287
1.14862345129185
2.80886695209638
2.64211895959727
1.06590498648796
0.201789179690183
3.18422818006691
1.0365667610923
2.55878275294034
5.58420925717826
2.07960624360047
3.00599637697688
1.57131594854764
2.88218141354134
3.43972024588043
1.86868322303234
3.14834658936508
4.80507149125316
1.93558115382649
0.837835247715815
2.53730268260493
0.00142704334528621
0.00142704334528621
2.73138604139691
2.74064009692728
2.50946921126862
2.89269991198671
1.84396202162211
2.49608310083098
1.59579438650509
3.59635059566483
1.98781749520264
1.36940729060356
1.96785923476871
0.709103443159938
2.09010491892547
1.40411917885076
1.95220850251399
1.29752626701757
0.00142704334528621
4.33879929106716
1.0029608198153
0.201789179690183
4.97839778731648
3.37666068639305
1.77856539710727
0.872371144103695
1.87100723630734
2.2288113300121
3.05598776861266
2.27224858261768
2.73379321938926
0.201789179690183
2.9434103160071
2.83614828877581
3.50526756333073
1.52007438740583
2.20124344750543
0.201789179690183
2.89960505275086
0.989905959744627
1.87821249868225
5.13093492607216
2.66097372875505
1.49318183043765
2.5026919369484
2.87745458490383
1.47978317379964
3.03477587580119
0.201789179690183
1.85895257833841
1.80524439254172
3.27952094797042
2.4885544960992
2.65597963620325
2.38424552211821
0.201789179690183
2.20720098404651
2.46260340892797
3.30072965915628
2.62787532012828
2.33043395487753
1.9753388276448
2.2601062241236
1.35552689457981
0.201789179690183
3.08473641923691
2.95120426696286
2.05284807490448
2.98034163916741
1.5312876885236
1.32960762576156
3.4134642324164
2.13799764000151
2.49518866132732
2.69606994300941
0.572617350854389
3.22920877576927
1.91741791241811
3.11943211466917
1.70443353283466
1.61440489432686
2.45862973731947
2.66089332713858
0.746871222326637
1.62597684295287
2.3085186952319
2.69698385863802
2.62081202537324
2.79818581010617
1.22483714498067
3.19365413405959
0.201789179690183
2.8178725121929
2.10941080194195
2.73396670292193
1.14522773348874
2.07868352546348
0.741216966110679
1.83840866609355
2.47406089133027
2.09878878116611
1.76337220388135
1.03654723410153
0.634530462074174
1.39892511011016
2.5435763859506
1.15264483178439
2.35334823349062
0.201789179690183
1.91804915842076
1.92373112028669
1.79580472263033
1.48517435960952
3.65447821537106
2.13270090235608
2.26027316139571
2.08984898534962
1.03270696778054
1.59785155186187
1.56186972566709
3.14619987872264
4.94442883689512
0.201789179690183
0.96215097577412
2.47936948820074
2.58931307918736
1.98692093118933
1.44894678403838
2.39084388776504
2.48839572452082
1.68866126615666
2.30893018928048
2.25443779519637
1.91650934710293
0.201789179690183
1.08845784759645
1.61728285734615
0.201789179690183
0.201789179690183
2.00109992319803
1.8583750161922
1.26749804683983
2.07988440130908
2.86327002597554
2.85710067685691
0.935119260251241
2.08104090498486
0.201789179690183
0.201789179690183
0.201789179690183
1.28793763480498
4.67928096924168
2.51645611631179
1.63899685671165
1.64119478700339
0.201789179690183
2.05753248738547
2.60879590612389
0.201789179690183
3.02992763015136
1.53448153076601
4.6079696902407
1.19183828340832
2.72873343714348
0.00142704334528621
0.00142704334528621
0.00142704334528621
0.00142704334528621
3.01327193020555
0.964509951799805
0.201789179690183
0.201789179690183
2.40469359156092
4.5924647535207
3.54175639684664
1.45940664923821
1.92835245635929
2.43968452119522
2.79580779823378
0.201789179690183
0.201789179690183
1.80788520514804
2.12575403659368
1.35374937353793
1.5978151672168
0.87060401964692
1.69639962456994
2.37741934974356
4.53592500483258
2.80955878139226
1.21577443190258
0.839694290831138
0.201789179690183
0.87842906301632
1.42415926992933
3.69073413085424
2.50437233897733
2.38916327141728
5.38554437742934
3.80094391927303
2.87371618977905
2.2639012501527
1.50217794781432
2.07252807807272
1.78419967447521
1.29220369673289
2.891267335868
4.3305241570332
2.07214063631611
1.77694101385497
3.39973276128983
2.48101287490756
1.37994051988568
0.201789179690183
2.88664493074272
0.201789179690183
1.4478912744981
3.64448295675774
4.99163765647106
2.63298038305856
1.36994183262929
2.53304085692145
2.73382064447776
1.92569104746648
2.22172367615168
4.30306942187117
0.921549194050008
3.12695280131855
1.83870789815862
0.714143100267316
2.03743800386813
2.30895122427021
2.92200868959525
2.27695405710211
0.201789179690183
1.98335834970708
1.66567056503438
4.39671655795848
3.63284033319556
1.77566651993248
0.201789179690183
3.8956037923872
1.70759187069345
4.25620303576487
2.16247870429999
2.83632439893888
1.68361376924394
2.60822359436849
3.44149494399286
0.00142704334528621
5.1130169822124
1.76509185956124
0.201789179690183
0.201789179690183
2.38421113261131
3.90131750070971
2.87533719331866
2.93892206941699
3.21780275220207
2.20146899310884
1.94284887730593
1.52831496477477
3.99203810314984
2.46217896608576
2.64718709095266
1.47041698901652
3.67460227630147
3.38836510370026
6.25947073662572
2.09371609371505
1.55540000747166
1.40548790521469
2.62788008788879
3.91502429531216
0.201789179690183
1.9008296629685
2.41237943730615
4.44289301170564
3.25032674784998
1.78332480325914
0.968946740505448
2.33818634898161
1.2714001219058
2.72229929580932
2.68987007648436
1.86077396805152
2.51991059079892
3.83448986743389
6.4807311570709
0.201789179690183
1.05085241898384
0.875810634878178
1.95103014436295
0.86922541714133
4.1540066317343
1.47345443030364
1.87691058005839
2.98786643037473
2.60369420815407
1.94267475777442
2.0283143213542
1.50652032483564
3.00062764493663
3.36251225109907
3.19764612057483
3.02671084276332
1.10469562730991
1.23194964429277
2.39703890674246
2.86816642709678
1.36886439144945
2.3680610296649
6.26648299569988
0.617414634824618
2.48196786294766
2.24705363784255
2.41806997136942
2.04284690882231
2.52119433414567
0.201789179690183
1.6865608963744
1.58098186342271
5.45368402173085
2.82944348681857
0.201789179690183
0.201789179690183
2.04058377387002
1.99964429018165
0.509057303708556
1.26980475421355
1.5667869781903
0.201789179690183
2.21590826963898
2.13194713272689
0.906308668259337
2.36031906744134
2.48595742847653
1.03916913416289
1.96799612775202
1.9511292037993
2.99577307948006
0.999330140707528
1.16268915477212
3.66879724202601
1.75621144621295
2.02927436162144
2.6277257666699
1.73444868474947
1.37645064765965
2.40915369847563
2.80107146435069
1.57478208739048
3.06588317202898
2.53314036681933
2.41217986568695
2.47217423928102
3.09643741831659
3.3995232605608
0.201789179690183
4.66787685627487
0.201789179690183
0.201789179690183
2.05569738242461
0.201789179690183
1.55417225556802
2.63991827094032
3.81753662180351
1.46279085844434
3.4853326912179
2.76729682852272
2.1439058591169
1.83731502025075
4.95584231639951
2.59224583321861
0.201789179690183
1.50189652383856
2.0910004744741
0.806497661831094
1.90658176565313
1.19626315001813
2.10522991606095
1.54362753279147
0.201789179690183
5.78299367684098
1.32662338934243
2.1804167949661
1.51847389229183
0.201789179690183
2.04117743424433
1.45519323914683
2.79296312243115
2.41177473579698
1.58583650010747
2.71339057549173
2.29814789883994
2.1478797826836
2.53680903651483
3.07943247138436
0.201789179690183
1.27550116219921
4.31272746260199
3.23792242035188
5.84622709783412
2.43387781294706
2.6697806878606
1.0711189029412
1.71144337826034
3.80457134647926
3.36034454466656
1.17018176230949
0.201789179690183
2.36936601522954
2.03530771771152
1.61139282165791
2.06236383617879
1.46698620498497
4.78510557830796
2.36810912835779
3.69673210743929
0.201789179690183
3.56657624503204
2.118676939891
3.94877418293352
1.45709469006488
0.201789179690183
0.201789179690183
2.35004434538943
2.04131284645755
1.24312716117244
2.04016683473019
1.78361317677361
2.46581230036656
1.12800833162222
2.97580542547447
2.65065223848987
1.37717969775294
3.13143727963905
0.964580236123099
2.63633166235354
2.3218986026114
3.354773910147
1.65266151807433
1.47033645728151
1.78089760827914
0.940625903313236
1.93453140190138
2.87673800852056
0.999274059921807
4.48670410678951
1.58377039960926
1.48896562610738
2.28631666086469
2.21339242468777
3.27113866261871
2.44425109441769
1.88928426004937
4.12383343137296
3.88190089266539
1.07454896125092
4.87996252207022
2.500547102743
3.81946419973171
3.35973155071651
2.05659312605113
2.73895339811146
1.64489389107734
1.59308826975725
1.32286510380717
2.27575143394825
2.48479568611705
1.75443198146653
2.50171856542911
3.32434614805163
3.84555937665609
2.06676022105426
0.999297877592699
0.201789179690183
3.11284369209964
2.21366614322246
3.96016661406768
2.08619417096545
0.980287191792465
0.201789179690183
0.913240890605987
0.201789179690183
2.76059503164977
3.78885939119955
0.201789179690183
1.63746520224131
1.36578326275712
0.201789179690183
1.8460652622564
2.41775470994243
3.32257965775999
0.201789179690183
3.27501330487835
2.44145169107781
3.85875641812973
2.25553309084443
1.73145903631999
2.87022073140366
2.85508388786118
3.15688973770107
2.84615397003352
3.54109066567124
1.05948943012469
1.7196898851983
4.82877429521739
1.83039836927815
4.08029124296144
2.70530724096005
4.51004594273677
3.35470825798175
4.27883249360656
1.06021412846404
1.84597546940704
2.41019969293048
2.44520329750981
2.88693618019507
1.53431484768445
1.53569192750957
1.7571327761234
0.92192253947395
4.93698531032286
2.23076498893778
1.93783349956616
2.91248098536895
3.47254148947482
0.944007584837275
1.21571151606046
5.20781875886461
1.27896121878569
1.75662406908061
3.21384708066105
1.93828075480131
1.68497036490205
1.27046735097963
2.94436865289462
3.24749048498479
1.38423386104072
1.14326486694425
1.29760069944167
2.69506906151573
1.31473861656209
3.83055388052093
1.90608224685488
1.97301032744401
1.60012697043885
2.46110421818135
0.201789179690183
1.14165323066241
3.04002960508036
0.681846686431683
1.53160866092629
1.64780362545215
2.30829711592689
2.81504703218363
2.44746086398269
2.96363449503776
3.13378345192585
3.41705981222561
2.04306706499769
0.201789179690183
0.201789179690183
2.17599036655538
2.00905949284873
2.53281107343201
1.88244720940818
2.20475689942907
4.34563813786178
0.837364523215471
1.75797886666608
2.34304935847827
2.89140157462707
0.975827601419187
1.2592357120252
2.63240488529537
3.35150937030874
1.66218912914312
2.47556404554667
1.05632316802548
3.69098027605188
1.5567832233027
3.96451443830947
0.201789179690183
1.50623298538316
2.62341170377952
1.96802491186107
1.66612255186769
1.76696445330992
1.84084962017906
1.81245517467242
2.57310676489474
2.80552729030642
2.19259869063739
3.87570086974334
3.91673491116824
3.0070730285133
4.16510421220842
1.32043364946232
4.22906964454319
0.201789179690183
1.67156415719327
0.971253177825434
3.58699248990238
4.14048140662101
3.80326861932821
1.29346750449239
2.72141193987463
2.28898065237262
3.87025103742038
1.61592731631578
0.201789179690183
1.77906230121344
1.84553566155444
1.60188143790256
3.24760679753004
3.59938036349597
0.201789179690183
2.22768471766247
2.0055291840929
2.06476736712116
4.58575167400291
2.11906991369316
1.85031862907624
2.31667738122427
3.05887098911703
1.24483881652439
1.91340664252264
0.201789179690183
1.06878366155007
2.44051012171683
1.33529611873538
1.8387661111245
0.201789179690183
2.32491700395549
0.829947981673861
3.53598009609683
3.69286305374517
2.20542828244827
2.07382202007452
0.201789179690183
2.37511814971967
2.95502629052773
1.57860214240198
1.86444608821496
2.52227705649773
2.42822583030985
1.52483401778175
3.60367467661169
3.6778489833811
1.24728046601137
3.56211703361827
2.51690713472893
2.91521261770518
1.27111374755208
2.06543927909942
0.201789179690183
1.3278018851609
1.90738310399272
2.98781415809631
5.76920291351202
0.761609836200815
2.08603945725491
3.21547369528026
2.15474243132733
2.98543594036685
2.4309810615888
3.52500681466197
3.70296959675561
1.45994846989304
1.80248963790534
4.57188991294429
4.04334356203093
3.58341654042318
0.201789179690183
3.09570300911999
0.201789179690183
1.68847604236313
2.3950344243255
2.81340538276552
2.8098166797224
1.55498795960686
0.928889459121536
2.89844975302948
1.87302744168715
1.79013551742346
3.94159396833078
2.13787935937454
2.26817894987968
0.201789179690183
1.44256227375017
0.201789179690183
2.68290410939729
2.05380521737137
3.34115935327439
2.51154636362295
2.25802938108728
0.201789179690183
3.11191956606232
0.645484677619048
1.2011471943279
1.8979680216026
2.2284114794909
2.18799472909343
1.95030844562431
1.39865932305739
0.842214721322577
1.53071877428506
4.45381830794932
1.91353421083534
1.93507391414863
2.35383397039051
2.33570828605126
1.20920518182854
2.39781964645633
1.49857465615666
1.64570134306391
1.57101688738515
1.92076512084517
2.30624041288029
3.57689050216898
1.45307010250486
1.77919281087243
2.79595737347465
1.88731161748426
2.10134219077175
0.201789179690183
0.201789179690183
2.45995133155039
3.09187518970515
3.46120938228663
1.59624362971706
2.65700875705804
2.71081051562785
2.71257241434917
2.1376402772357
4.34231345143271
3.56613076900601
4.38780662055165
1.85112983818305
2.47290961277182
1.34277635571702
1.14141369171431
2.13791477305504
1.58113612427996
2.58066673675966
1.71296905145067
2.29114416768693
2.57833299394885
3.58046370704786
2.6458933732233
3.7423441180215
2.02308570602117
2.21210381356604
6.51829132384567
0.201789179690183
2.61247790462774
3.9957268950339
2.16225742498208
2.49687712965027
0.201789179690183
0.201789179690183
2.51850579812591
2.31210241532922
1.92867013392594
1.54495809594145
1.27877728257099
2.2173503267869
1.60831582415207
0.201789179690183
2.00013704322809
1.64324056771125
3.94085157802946
1.21342364657744
1.06068290682935
1.8885014902827
1.98024000412874
4.94031829441676
0.873750511036807
2.92415568912476
3.51337554089201
3.1635100225124
1.5442841530233
1.3160374359298
2.91788490207662
1.84704389451479
0.201789179690183
2.25813051951307
2.2033878195067
2.43324019326325
0.921478011356597
2.38394244618738
0.754023933163929
2.02116372556067
2.91886713682619
2.09109344432075
3.36127355454316
2.26553518839146
1.26760334066197
3.19350391890832
3.76827298923427
1.05746803936282
1.71687927550744
3.2150440137558
3.12184527976936
3.16753493858433
1.71562961683358
0.812871061434384
2.86215842420298
2.0891377697508
1.93681874465278
1.57232268556468
1.74998197658107
3.30660284777434
3.32069139366655
3.29750129228455
1.38791760485173
2.93584992358406
2.61450915616639
2.32715090909324
4.05967785834597
0.736232075321369
1.19325794738299
3.40876257825203
2.14378675666333
2.74820100768304
1.99859455156961
2.71676179078501
1.43405470818711
2.74812721464667
1.75995670283127
1.73673389556932
2.55191899623715
1.91912964824849
3.31874617824449
1.57317809288356
3.71323444881665
0.201789179690183
1.942851680479
2.62695094150246
1.94626689922496
1.14387743219498
2.45970665155907
3.10035447507793
0.201789179690183
1.78695081159323
3.48526150741049
1.51812760759932
1.97803088313933
2.10710526753281
0.201789179690183
0.201789179690183
1.88463503816816
3.56595417404988
3.33620982272892
2.53623448769345
2.48284886143021
2.83766898420448
0.757763037436376
2.33404072815059
1.83620937801451
2.50588385124493
0.720619092305534
2.3102958092051
2.67861635906571
3.39717553814636
2.45328942810507
3.24776735182442
2.12634889308377
0.201789179690183
1.5419033989337
1.20217553461582
1.49346438474952
2.51302829211359
1.22871907344869
2.52806362661715
1.12988773988685
2.55994039559803
3.06417945789084
1.79599432492038
1.79486259945565
4.07081832915701
2.13847765204633
1.72793938845671
1.74478354153306
1.83502372573103
2.27827726297413
1.7564109002372
2.98128996869355
1.25045392459636
4.68026378804809
1.68448932645165
1.4077472774518
2.45861930878866
1.3708002431426
2.50281896769256
2.37202215895952
0.201789179690183
1.68181991418176
2.65351394702145
3.14884737293294
2.46525707233155
2.10445730629726
1.44412033555291
2.16145690546287
2.67053631123536
2.04594058154321
2.30012458564049
2.56164999502848
1.79782555268658
1.92929667663008
2.51613392660052
1.00139894603845
2.39638246790509
1.90897362110823
0.977228545578331
2.61802202464707
1.11450242709008
2.79140567313338
2.41081365068725
3.52072111835037
0.00142704334528621
1.35684792961303
2.02935412182979
0.201789179690183
1.81058734723038
2.680405632362
2.39627963617074
2.05480389449147
2.81269413076337
1.23466879579178
2.50507157202839
2.23692088755094
5.12778739567386
1.68421314825172
3.4666080621828
2.31049686406882
2.78641770492677
1.75374973971739
2.12223081723294
3.54264322797698
1.55408771591992
2.03449770039455
1.06068844931171
2.40545859459838
1.97927044872951
3.86852259440607
3.91740217783597
3.22022327352309
2.78817698183431
1.29069134189483
1.85052761120741
4.07586469951163
3.24098229214952
0.201789179690183
1.54025268160385
2.46292619815183
3.07767874818314
2.88674986672981
1.29453275219118
3.18811063766294
3.49915943310901
2.63018229602443
1.79906607867037
0.201789179690183
1.97884396793878
1.50025011502148
0.914152735714318
0.858937168856356
1.71585671879815
2.83791790885384
2.73538724894334
3.66415694009381
2.48146302255624
2.71073195490225
3.00935854194793
3.9326186239663
2.16488123633738
0.949571643703258
2.21849375560096
2.90829468775444
2.34251696240106
1.18509960325018
3.57144843017321
2.67484449900097
1.90230677908955
3.76106932098133
1.60046153175944
1.10289321538152
2.17783727530575
3.92419929479954
1.0857371726088
1.58566322600328
1.25017094555378
2.96444390837929
3.87475501393274
3.29383117116112
1.66473664545183
1.10464502404546
3.00680245896294
2.01454171865899
1.02291610568191
2.9061388554075
2.1030493975598
4.27260325767278
1.91356000914438
1.30138436698964
2.3447855810003
3.08711346284728
2.4319258305109
2.03139023299694
1.20586744287734
1.05536030452852
1.82933995160665
3.54866076049049
1.76658827183323
2.02096798675363
3.27328444900176
1.12016594220829
2.04584190920629
1.93536591923468
4.3991491300425
1.66586235610006
2.20565922163602
1.9858836381904
1.48949447533433
2.32200742249369
0.897867057029006
2.45688583934169
2.33365355311318
1.99245585196482
2.74966898056857
2.36424071108171
2.27105339110736
3.41244725470219
2.54994412623961
2.44876486771065
3.02809175833302
2.74651444009654
2.69344326686904
2.19300769890448
2.091437582061
2.9477324618043
1.35099494521114
1.43724850830687
1.8653379180801
2.44262398528896
1.37899802735047
2.20492072417601
2.53764122903263
2.04715763699461
2.08827332174096
2.10600759266121
2.0613806334645
1.94850839112242
4.92027785554947
3.14879224968787
2.42731844930726
5.1876611710591
2.67013690217911
0.201789179690183
0.201789179690183
1.68511986161255
3.34917992314531
1.65513705904339
2.97310095993054
1.00260747143043
0.201789179690183
2.31717792951959
2.10459992452897
0.201789179690183
2.05551035826296
3.8865566811779
1.1684799263225
0.201789179690183
3.8909193876668
2.27309551909983
2.60961459392489
0.201789179690183
3.12792843641562
2.72078264648662
3.01405072762027
2.66171673650676
2.1170013098008
2.14508208109039
1.06104529096334
2.62119385860755
1.05753246018937
2.73153389949798
2.90389138482169
3.12334183911434
1.31369520583357
2.25256624972026
2.99352578650556
1.92552006892538
2.03154383064186
1.78631619466383
1.80851758489997
3.64146614778982
2.42570122947089
2.40451203457178
1.54657008196556
1.93137945352142
3.01722702780313
0.201789179690183
2.13398848113732
4.04050504354732
1.72095354137934
1.95996932065789
1.02019413488388
0.201789179690183
3.44818440280281
1.75311692766113
2.71661796289934
1.41546325775841
3.48614663406154
3.25970500458306
1.1615704249853
0.201789179690183
1.18463436363496
1.64493217011148
1.39881956508063
1.82265184555438
1.58920254742228
1.52420280522997
0.941512675056476
1.15051099967967
1.22850522334718
3.2127543835878
2.62019451849397
1.59093065648109
3.58555516852421
2.71807610923246
0.201789179690183
3.92183435610664
2.86001159442217
3.18389909886264
2.56466957666867
3.44389568340609
2.38433624312687
1.55655482478268
2.04033469954948
2.56449306860906
2.47071620892648
0.869316214970937
1.4373802584673
1.34130609429453
2.51471420939106
1.44479555745223
3.33190544562738
2.51661066371238
1.481993260974
1.62689095782875
2.30776498305391
2.16051599161214
1.10310307849297
1.4869558154016
0.201789179690183
2.43602586623171
2.76846724572629
3.00514574865891
3.76038140714174
1.41456718194068
2.83916031336653
1.95380139716382
4.14390763094085
3.82418565487183
2.04231795614436
2.06781920104751
1.04799684180669
3.39630291302618
0.836074182978226
2.87851056546902
1.34646512725478
3.88057789459663
0.525071188706145
1.3955634529507
1.49837230802123
2.10399615620294
0.949243610453889
2.14989926254557
0.201789179690183
1.92542803599786
0.861096830398926
1.19393877265571
2.98834852783889
2.5999087852014
1.78327721723633
2.51380028326942
2.05550441012965
2.39176075189395
3.43006946340867
3.5947273871555
2.35839569667087
1.57355790834785
1.78653735987313
2.11083547053008
4.55573817375938
1.8110755678589
1.9012682396805
0.201789179690183
3.24007536169127
1.25280262365664
2.78409907823923
2.78185195723997
1.39927657292424
2.65348850910718
3.94391890359555
2.45417938685527
1.78367856374278
1.55032447949325
2.6424394964587
2.7503922193433
2.79731362024118
1.44169472208164
2.98592606132069
1.5205067671526
2.94117292240097
3.05943638600935
1.35321348730204
3.03636877004621
3.0900057267242
1.3613769189253
3.52114941443436
1.82615419523229
2.23198732648301
1.35367087972711
0.201789179690183
2.06626115587353
2.91409096185458
2.0543300240121
1.64319780036316
4.30609906989819
1.52908357101328
0.201789179690183
2.65764244305442
0.201789179690183
3.82155936395006
2.11434827191582
3.13274741091103
1.21432717709279
1.55205191848789
1.42198778265436
1.44016010752471
1.63851594796611
2.40409791524641
4.35446153759102
2.33852924442897
1.76064970902616
2.15164384517413
1.40816697887841
0.00142704334528621
0.201789179690183
3.67852917179528
3.50852710706711
0.201789179690183
3.79061816037506
1.21226059138795
2.54979842183204
1.98024486200172
0.277677211042613
1.2090648569194
2.69217167724404
1.84547900131001
3.46398482277084
3.59182481582996
3.00819777442487
1.99003981470927
0.201789179690183
1.92888599742013
0.201789179690183
0.927070953485319
2.49723140529704
0.694269992683346
1.39037801026357
3.14062191506464
4.61535924825492
3.89803444404081
2.53119620977835
1.57146218930684
1.86011182878813
2.92987852275318
1.39780174178937
2.92425738087704
2.84045623883186
2.12356060211287
2.84643791151425
1.0538334291547
1.5021722868357
2.65272750938212
1.2185922210736
1.10205403643589
0.201789179690183
2.38548672527403
3.46412906731207
1.55272103381278
3.3538872806878
2.26776419361609
3.12845711544792
3.4543211375982
1.89320459943634
3.92742212965353
1.35959630794225
0.632993284767894
2.810888325049
1.98699833960141
3.47207936477052
2.09272806244326
3.04238746320011
2.02354963149482
2.23671290688327
4.91909300426413
1.09052638044276
1.78140828064619
4.14606244365392
2.13778081834042
1.35498011635321
1.8631181245446
1.63209966714366
1.49239840089371
3.7584288054733
1.3037612535851
2.9938251324286
0.730631551690117
1.27345334245171
1.66429074958675
2.24247180136685
2.99936121440878
0.201789179690183
1.07329063661262
2.34722242800052
2.23708636319133
3.02806127379304
2.13034306848829
1.79843462454061
1.60331905923169
2.37081400297268
2.2412414619572
3.40883594207164
2.33909911666753
2.77276383783015
2.69521216252362
1.15941968278642
0.728282996459545
3.08795635185224
3.53957915279971
1.6144028461668
1.72008343528568
3.07249304641387
1.70142488537409
2.24675484602673
1.59857685331982
2.49131788335524
3.15868000868599
2.28004397381102
4.17464373117792
2.36255366482322
1.57365698760215
4.03913652131165
1.78231399554483
2.01174765069751
1.20022253588183
1.24802133082496
0.201789179690183
3.58270254480611
2.438745418977
1.61178213577542
0.201789179690183
3.67712608919565
3.06346563530187
4.13515422093919
3.31409419138281
1.77140641379513
1.28835266475813
2.28136563552895
2.15182347703599
2.04415435825528
4.01510700266452
1.46241550256994
1.16476179200225
3.93597178381314
1.75068275855171
1.81458019400312
3.45314523118429
1.13716547210484
2.38027003846444
2.52815699029212
4.05599732063031
1.97058857590305
2.08846874765661
2.29513955209148
0.201789179690183
1.54277171373885
1.81104216623039
0.201789179690183
2.10863249646538
1.88567658340799
2.24462307378539
2.1530246865692
2.47494464643551
2.13723252896268
5.38623341042885
2.80392058227019
1.64332894859548
5.02268135452932
3.86337069809985
3.83379613259499
2.8832357503797
2.27412233025858
2.73392496971039
0.201789179690183
1.98495547797589
1.77772830213389
3.39348141353503
1.95659420655265
2.62685100583894
2.66881347211484
3.00533089917659
0.201789179690183
0.201789179690183
1.22237149365559
2.01190935549819
3.25927611762347
1.32859049277712
2.33139288255394
1.87235473871886
2.63422135128112
2.47673172055587
2.40022404442214
2.20477428921216
2.81646835983409
3.09331475936524
3.0433260503109
1.75141325911362
1.60062175425812
1.71802701926797
2.59716759638755
1.73711098132778
2.75104854198649
1.3554085513198
0.201789179690183
1.67540532126178
2.00593783512692
1.8888258147085
3.04884931495535
3.73465960102876
3.39581858125766
2.96325911459627
4.98347639557043
2.49172400361211
5.2869260017658
2.41458363706741
2.43339431028279
1.32438003826541
3.22968234357322
1.74452218814484
2.38353136491456
2.04469276434334
2.02579435519379
1.40148212883606
1.56198191136705
1.83372324279995
2.12970221693081
1.65426140402821
2.18404217506381
2.04728203824691
2.27952123620048
3.19827118449144
2.07609118391946
2.40303930666658
2.18790405667916
1.939932581427
0.942904358992747
2.61737327716162
1.84813039471566
2.90420624619863
1.97975554899397
0.201789179690183
3.16673223056414
2.91522788683861
3.3472232858689
2.87190172634345
4.25922476677165
0.201789179690183
1.57425537424995
1.17675994057896
2.61170156098714
2.6690392781938
0.309368767301114
2.4071218337553
2.82370375739857
3.50406051487452
0.944726242608923
1.81194551568172
2.34675280110491
2.78158713567132
0.201789179690183
1.70472721078563
1.37339200962946
1.39793394026417
1.69854548972215
1.38645969353666
2.10520035508738
1.54587063841959
2.69231910203449
1.20372664769407
1.77642278454902
3.40494616834892
0.541333097246084
1.95644351968918
1.45671782135447
0.729805776932438
0.201789179690183
3.38583246317944
1.20590338497048
4.07073439520968
1.2833268140814
1.72288447676839
3.12852953227831
2.81849275891208
4.55587725412491
1.09553683936389
1.60846875912292
2.06518485697122
1.41484915770946
2.57642032862213
1.73778061594794
2.55951558701328
1.83547769317477
3.34579136117692
2.83138563076875
1.46954065522094
1.53278795432519
1.25138392195804
0.951353886622848
3.28337615169268
2.66122863594859
1.51406882252163
1.8727725762526
2.46417682471251
2.51746381143511
3.31758017791469
3.76795005723178
2.11464927542072
2.04046301604
2.18443457517396
0.201789179690183
1.78374383318909
0.201789179690183
0.201789179690183
2.24602616524337
1.74243863353749
4.34714089529268
2.05852823193674
1.9377932380425
2.93285423779858
1.07998062248758
2.64631230615518
0.201789179690183
1.6998963672164
0.201789179690183
2.08836453276744
2.92211823500358
1.1640156830393
2.11081163809037
1.14858878378458
1.64290744243119
1.05071880440209
2.99576507290309
0.201789179690183
1.0698350861776
2.47492622779484
1.66899038428216
1.7455037070863
1.7137761233988
1.42970371262314
2.30566239023904
1.56318837384706
1.92308450839639
2.22625833898228
2.23389621054402
2.16111843115605
1.04129089128186
2.13611768933905
1.64126763660361
2.3809894181024
3.50388912848436
3.15789768700648
1.44909366817325
1.69502993451174
3.04816563550393
0.926095280487506
1.81300825079219
1.52174323084329
1.20891444065467
0.201789179690183
3.3838023930846
1.44281445751061
0.792779947095771
2.5127428294636
1.74915947103289
2.09247129314993
2.09959991419085
1.24455367446044
2.66917284453225
1.18087100661303
3.46500304166863
2.94455000042481
4.2305117551329
0.00142704334528621
1.48959505262119
2.29113886168658
1.05609485050086
1.28673214090742
1.94494484384099
0.995743527267718
0.201789179690183
2.11756500758565
1.5906451738251
2.87263629412146
2.62295612826653
1.44355427345946
3.42107215304757
1.64024526108155
2.01847070410155
1.73557818578287
1.15756008357514
4.76875905045729
1.53589764990493
0.201789179690183
2.11450497221875
2.96216589027283
1.52530187335117
1.57840508729273
1.36704321905838
2.05284383466775
1.76834476417276
2.97694945169126
2.05274348142954
1.95345466082964
1.87136675264013
3.06244524524401
1.19193120067969
1.26968553882328
1.23501001267582
1.77944823940808
4.06330567116094
2.45345236465643
0.858471895007481
3.03545342266257
1.92448709515317
2.41251355541103
1.44578320559572
2.00168468314634
2.32944880711852
1.58719587802111
2.0631782017948
0.961876423030576
4.26167972170319
2.57324520376366
1.83241433688707
0.483532928940031
0.799317885060578
2.56001924533997
2.96184941756454
2.51801610012801
3.75089561570017
2.72652724743873
2.67268648913514
1.92753905407685
2.14207802601438
2.60920467480696
1.71009108369978
3.06764127399561
4.21528572892936
2.25505748533053
2.61498519003649
1.80503045167567
1.04967484189312
1.54442774281975
1.77726204946879
2.229189480707
2.29125331526063
0.613752877055819
1.6975487917495
0.858213017432614
2.10445245970268
2.50518365232159
3.11837593841063
2.1121684535843
2.99505779834392
1.3645346923589
0.836032375775226
3.32161867173449
0.201789179690183
1.64677774141135
2.51083769782836
1.22767184461634
2.49334004588206
3.05729352118021
2.27971155032281
1.88554776197778
1.94552883246623
1.47931514275859
3.84403623054357
1.6369709155428
1.01747846112086
0.893451098141763
0.692103942898669
1.54604800845248
3.08689125509633
1.51117264787279
3.11468867994095
1.59352550958329
1.26060769087995
0.201789179690183
3.62015572231921
2.90876748094233
2.48584382707023
1.93287422045171
3.39757336081483
1.63626714360576
2.45283111232928
5.22812782851629
1.01983922400106
2.03383362613836
1.30191228864865
2.54447902249421
2.10294535389332
1.42544223397865
1.46309248537158
2.97010330304477
1.39715916888644
2.29827649323832
3.64669587604619
0.201789179690183
1.36352962289902
4.80512027170862
1.65038114463791
0.46507907029104
3.40826017325064
2.4273970142262
1.35084351571524
1.53668161362473
3.04218474968776
1.41707668207042
2.9185786240776
2.27124601033494
0.201789179690183
2.6750647554693
1.38630562873375
0.664804271115453
1.90724829764249
1.72273543466857
2.33482661162775
3.86797240350806
2.52666741634737
3.00230453561674
1.34397578114594
1.0551900105475
0.979397330712036
3.36259372169478
2.31578374716919
1.93324290170322
2.62600694874293
2.94345014337192
2.55663973219108
1.17602009547803
2.79812631281055
1.43445506585996
2.30097461394265
1.95594634118141
0.674666494846019
0.710439996678324
1.78732688096083
1.43334985627474
2.37344883718849
2.75627639769455
1.15741325031635
1.55442505537662
1.98684482054019
2.18420688853489
2.26870690969766
1.82821995348511
3.86543657061556
1.47439026931446
0.201789179690183
1.56017201527871
0.201789179690183
2.31359641606407
2.06048407294388
1.72423360013968
1.91505934452516
0.201789179690183
2.00724892541542
1.42706178741704
3.24814517105759
1.5812605877333
2.76688539607692
2.8202140918611
2.75719908570915
1.51908258640296
1.49594283020349
1.33110089828123
