min_dist_z
-1.381155
0.031834
0.313682
-1.017495
-1.0036085
-2.26455
-0.804475
-0.888433
-0.8513365
0.00301100000000004
0.301506
-0.248703
1.065489
0.0603705
-1.40876
-1.058315
-0.8487315
0.5070565
0.669034
-0.472913
-0.1750725
0.5871325
1.0072155
0.57907665
-0.8890615
0.1943075
2.44108
-1.172943
0.606782
3.35505
0.951971
0.4146995
-0.5315055
-0.337849
-0.889486
-0.9894345
1.20379
0.470212
0.3089651
1.94921
1.58262
-0.20831
-1.777595
-0.162542
0.23162451
-0.291923
0.274453
-0.892992
0.1769385
0.8529075
0.67573485
0.313876
-0.1084635
0.445047
-0.52450685
0.590971
-0.5378042
-1.394764
0.368906
-0.5454752
1.79018
-0.100973
-0.6319205
-0.6996235
-0.191624
-0.5489145
-0.8697275
0.5127045
-1.044856
-1.0329485
-0.59691215
-0.505955
-0.062649
-0.7910835
-0.2529835
0.521727
-1.1618945
-1.77829
0.4981265
-0.65823
0.0750665
0.0382865
0.687056
-0.151999
0.05874065
-1.532255
-1.1526335
-0.2531685
0.9186
0.2301355
0.425908
0.29715925
-0.5050535
1.25003
-0.173879
-0.4947475
-0.9990725
-0.6670635
-0.25573495
-0.35488255
0.306236
-1.645745
-0.389485
-0.91575
-0.6474515
-1.0667085
0.7562625
0.7991455
0.091483
-0.5023624
-0.329503185
-0.3498785
-1.918265
-0.6709475
-1.231912
0.277302
-0.4727595
2.22118
-0.1420275
-1.1296565
-0.978811
0.1747682
-0.266662
-0.641929
0.0546355
0.2924305
0.7928045
-0.8464195
0.5004265
-0.531935
0.703837
-1.158185
-2.2248
0.2180822
-0.293859
0.341196
-0.09732835
0.5718175
0.600559
0.348113
-0.973149
-0.210796
0.23804
-0.8791355
1.47201
-0.9770345
-0.30509365
-1.338815
0.4235315
-0.3785692
0.779536
0.3995225
-0.38634445
2.304365
0.0068095
0.044912
-0.0753045
-0.131679
-0.20512745
0.396422
1.773425
-0.5803695
-0.873863
-1.277371
-0.9960205
-0.6525235
-2.08422
-0.0700345
-1.11152
-0.2943355
-0.10681655
-0.9761255
0.0860026
0.00347599999999998
0.0014695
-0.1452236
-0.216849
0.2996368
-0.3549035
0.4475855
0.2860192
0.5175435
1.0741975
-0.6382525
-0.7737605
-0.510358
0.9320705
-0.752077
-0.6747775
-1.2844085
-0.471262
-1.429445
-0.3719235
-0.24476
-1.512874
0.43480625
-0.9160895
0.1302805
-0.923102365
-0.190625
-0.564739
0.0483105
0.8309165
-0.8565045
-0.4336575
0.03995415
0.1496575
-0.726076
0.3464595
-0.3944225
-1.958815
-0.3153466
-0.40899735
-0.1822495
-0.07277648
-0.14582
0.2065995
-0.2188448
1.285172
-0.374377
-0.6872525
0.131958
-1.594908
-0.04071
0.7917155
-0.7272125
0.56207355
0.314188
-0.926116
-1.74184
-0.4774595
0.9649195
-2.2508
-0.5866045
0.2496885
-0.294884
-0.3788612
-0.5864065
-0.2981665
-0.7155335
0.0512765
-0.60486
0.2936215
2.163505
0.0202244
0.207427
-0.53428725
0.032347
0.3556726
0.1895405
-0.8207185
-0.996404
-0.7785865
-0.733254
-0.1136755
-0.1679545
0.383725
-1.615295
0.1579105
0.3253795
-0.1994025
-0.0430115
0.23924615
1.2709785
0.48935
0.8865545
-0.6682825
0.493555
-0.8104445
1.1897795
1.433933
-0.1601315
-1.09716
-0.5986976
-0.750657
-1.41221
-1.815745
-0.13407695
-0.2127225
0.1206755
0.336276
-0.929101
0.381361
-1.7351125
-1.706145
-1.76575
0.0283507
0.8794095
-0.991272
0.8400255
1.461125
0.513956
0.4799785
-0.4811325
-0.740529
0.3492195
-0.988997
-0.000187000000000048
-0.2282325
0.22222
-0.261524
0.5643995
0.7485878
-1.1602075
-0.124413
0.0442025
0.93922695
-1.138500859
0.87016445
-0.18982765
0.2372465
0.75800635
-0.1655628
-0.45248025
-1.416715
-1.450085
-0.3722795
-1.1687495
-0.38235935
0.00669005
-0.3843265
0.7551355
0.0713875
-0.191811
1.90671
-0.6984895
-0.3944985
-1.52974
-1.024382
-1.0720815
-0.4998115
0.4093075
-0.474149
-0.9277965
0.4352545
-1.001476
0.1645655
-0.29405175
-0.1795049
0.9858485
-0.198957
0.4261625
-0.50323645
0.3265595
0.794998
-0.5299884
-1.4601775
-0.601023
1.67253
0.5267385
0.92187975
-0.054545
1.236125
1.477305
0.9148255
-0.0492125
-0.9345435
0.364732
-0.010196
0.997133
-0.493701
-1.90983
0.7444815
-0.6361805
-0.015834
-0.8439695
-0.879071
-1.1831
-0.252368
-0.452732
0.2783555
1.3139805
-0.366026
-0.106589
0.3813485
0.2630225
-0.7046855
-1.180445
0.262387
0.6337125
0.47596115
0.608491
0.106426
0.5813435
-0.43784525
0.7021335
-1.03587
0.31906145
-0.842182
-0.7644117
-0.7309395
-0.138558525
-0.32989
-0.2049965
-0.5118835
0.861841
-1.061715
-0.0840305
0.4529845
-1.172891
-1.176247
0.48101
0.4703085
-2.35731
0.380777
-1.376829
0.7187615
0.2855285
-0.214754
-0.328016
0.350504
0.0539715
-1.540372
0.447271
0.32954
-0.812928
-0.3312797
-0.4755565
-1.033862
-0.1590665
0.7133825
-0.361416
0.228409
-2.49335
-0.3495375
-0.767603
-0.3896255
-1.232265
-0.434338
0.2837365
0.422573
0.1033655
-0.04926
-0.119973
0.44026779
-0.698914
0.041782
-1.482445
0.978126
0.577466
-0.434059
-3.258
0.118747
-0.772992
-0.758092
-0.17648
-0.433955
-0.5418501
1.036884
-0.49915
-1.487996
-0.1078325
-0.1142445
-0.106179
-2.21889
0.2325605
0.2790415
0.26894405
0.549929
-0.0126995
0.490885
2.381615
0.8000875
-0.7257715
-0.874064
0.61382
-0.169177
-0.2093955
0.079085
-0.2673075
-0.8811865
-0.2699715
-0.1661325
-0.5500445
0.3254885
1.082683
-0.660842
0.5024965
-1.286125
0.2155785
-0.7350365
-0.1303
0.7653995
-0.625852
-0.8108915
-0.963881
-0.163854
0.1827145
0.122861
-0.0637355
-0.509954
-0.797322
0.795734
0.7081825
-0.3637165
-0.072631
0.4251325
0.8971875
-0.283436
-0.4787962
-0.378052
-0.2054628
-0.310543
0.801179
-1.128649
-0.34031895
1.1197685
-0.5515385
-1.1729475
-1.5724
0.24340031
-0.33563125
-0.832028
-1.0102565
0.0647615
-0.759264
-0.4234085
-0.8837265
0.2421236
0.59413405
0.459149
-0.771805
-0.168224005
-0.25299475
-0.141897
0.7227545
-0.4794425
0.7355925
0.9137065
-0.564189
-2.64939
-0.01894927
0.2157315
0.070402
-0.0174445
0.7625435
-0.0409615
-0.7449605
1.483065
-0.1241
0.226106
0.2207985
-0.506608
-1.0061925
-1.456027
-1.0029375
1.1284705
0.141446
0.4556985
-0.142905
-0.219731
0.4517565
0.3427655
-0.709368
-0.532372
1.2534065
2.343085
-0.5401755
-0.0782535
-0.3854605
-0.19127345
-0.718355
-0.318141
-0.6685195
-0.45763395
-1.135765
-0.1585
0.0899085
0.526214
0.4954052
-0.332702
-0.8530635
0.02891895
-0.1890185
-0.516301
-1.170875
-1.0406175
0.000457999999999958
1.83152
-1.218185
-1.5992975
-0.582205
-0.445936
0.550503
-0.493678
0.9560475
1.74661
0.0715135
-0.2054575
0.4766425
-0.3560835
-0.391267
1.069918
1.0167965
-0.9029445
0.0985849999999999
-0.15982
0.0817689
-0.11205255
0.0122685
0.307956
-0.143236
-0.4696655
-0.1792425
-0.41212135
1.315
-0.943882
0.496973
-0.6828685
0.20154165
-0.382906
0.1589625
-1.4723745
-0.15352035
-0.561467
0.003052
-1.3033295
0.4154555
1.30041
-0.0633245
-0.563817
-0.0531415
-0.3912069
0.416382
0.670684
0.6063585
0.7083855
-0.8310775
-0.642685
-0.52824
-0.3313905
-1.637495
-0.4508425
-0.7815345
-0.0112449999999999
-0.46156083
0.854173
-0.019056
1.0623155
-3.20339
-1.517645
-0.218343
-0.929595
0.056446
1.484825
-0.180755
0.851129
-0.1140745
-0.2618505
-0.1595885
-0.98938745
1.402835
0.2768275
-0.6766425
-0.70895185
-0.4904209
-0.3015005
0.61458
0.287467
0.20632535
-1.6456145
0.9409515
-0.44013195
-2.40779
2.283605
0.9427135
0.6771085
-1.073554
-0.985996
0.166465
0.8933935
-1.44927
0.0590036
-0.874226
0.053815
0.6183425
-0.3951875
0.153562
-0.27899215
1.673685
-0.058108
-0.3092143
0.8098065
0.400888
0.5254545
-0.1404295
-0.128905
-1.45891
1.371254
-0.471757
-2.08286
2.406775
-0.997526
0.2424615
1.875429
0.6694215
-1.071355
-0.938454
-1.013292
-0.34570105
-2.00903
0.7646239
0.166956
0.13126
0.08081
0.33456935
1.099766
-1.04666
-0.533115
0.132002
-1.1814035
-0.2275965
0.7074405
1.3638395
0.67308
-0.0658185
0.5309785
-0.871855
0.9439825
0.172278
-0.3305755
-0.6905545
-0.136233
-0.05318
-0.76188625
1.3930695
1.920325
0.062845
-1.036273
-0.5497045
0.123771
1.0104795
-0.616657
-0.4288885
1.39941985
-0.5393335
1.3146905
-2.62932
0.01308695
1.6532375
-1.18074475
0.062783
-0.385015
1.214782
-0.0480400000000001
0.27040375
0.3803645
0.577445
-0.5050955
0.0512995
0.397021
-1.884735
-0.123022
1.031049
-0.0044265
-0.1232165
-1.441931
0.181664045
0.4768095
-1.79387
1.53263
-0.2920395
-1.399845
-0.33085745
-0.60876
-1.1358605
0.977357
-0.2004448
-1.66154
-0.93445
-0.2743075
-1.30149
-0.7339345
-1.067978
0.251344
0.88204
-1.37658
0.6195225
-0.8271105
1.218125
-1.3335085
-0.311755
-0.1145205
0.392986
-0.1786645
-1.12035
0.761318
-0.560939
-0.598508
-0.17333
-0.29568885
0.1146473
0.2384415
-0.59228395
0.503928
-0.152428
-0.194299
-0.0971135
-0.0140435
0.2635259
-0.5881025
-0.1223645
-0.132955
-0.4214335
-0.2937535
0.2090658
-0.0373105
1.2850035
1.87853
1.6932085
0.02417345
0.7289895
-1.311198
-0.370074
-1.548075
-0.1484425
0.742318
1.613036
0.1589135
0.16635265
-0.894447
0.0851815
0.5324595
-0.6390575
0.3234838
-1.014627
-0.49739845
0.926996
0.6523895
0.561111
0.8549725
-0.910694
-0.3462665
-0.2828635
-0.717132
-0.8022965
0.3073515
-3.093845
-2.724065
0.5938668
0.2269235
0.0940955
-0.46829233
-0.4977665
0.09544
0.9408335
0.6509585
-0.8638385
-1.141955
-1.038742
-0.20514922
-0.5562219
0.0753635
1.170725
1.220103
1.171636
-0.811077
0.2149085
-0.5226145
0.5178815
1.0791205
0.033596
-1.84816
-0.7236423
-0.8268105
0.09453485
0.7358
1.4725415
-0.154242
1.59872
0.721099
-0.4505505
-1.00549
-0.4625575
-0.665305
-0.472512
0.16870275
0.9533065
2.336885
0.615431
0.0933
0.5823166
-0.155661
-0.6670026
1.22611
1.773137
0.7274875
1.55743
-0.219965
-0.646724
0.17574705
0.8656625
0.154651
-0.6321525
-0.437311
-0.2942415
-0.5702245
0.295552
-1.882335
-0.70902355
-0.8763635
-1.55062
1.121102
-0.2271125
-0.46842945
-0.1514365
0.911153
-0.797493
1.3005105
1.0498105
0.6590985
-0.1681512
-0.54067555
-0.3365925085
1.988485
0.01650265
-1.288487
-0.3179035
-0.773043
0.708433
-0.9475985
0.546386
-0.282484
-0.8460595
0.2234945
-0.079687
0.9987655
-1.19187
-0.9494225
1.711145
0.016055
-0.691628
-0.5474745
0.39572985
-0.008158
-0.629753
1.3505865
1.98119
0.58755415
-0.3101605
0.2154383
-0.646771
0.777138
-0.8367395
-0.26295055
-0.3794105
-0.1229015
-0.463145
-0.405898
-0.2018295
-0.1106665
-0.3077455
-0.6888395
0.072649
-0.250306
-0.3031533
-0.595601
-0.5630445
-0.540883
0.0802246
0.5000735
0.6376435
-0.9282035
0.9162045
-0.244444
2.29497995
0.3886975
-0.3206438
0.3183875
-0.42809
0.20213985
-1.720275
1.5115
0.4669969
-1.090233
-1.0792185
-0.9810605
-0.881151
-1.547105
0.558453
-0.16301445
0.1176944825
-0.2560515
-0.4907045
-0.437257
-0.3448195
0.2642631
-0.446397
-0.340695
-1.663955
-0.349902
-0.161658
-0.22894365
0.1043495
0.0467000000000001
1.8221505
-0.1809116
-0.0217885
-0.2369445
-1.66706
0.469359
-2.118775
0.5807745
0.955116
-1.35302
-0.5314695
-0.4714185
-0.670685
1.201692
-0.644353
0.5016775
-0.1052545
-0.188058
0.291958
-0.405624
-0.912967
-0.4854505
-1.440335
-2.20942
-0.26775375
-1.13925
-0.6135957
-1.5963
-2.9435
0.152694
0.1243435
0.7953845
0.23702175
-0.9827435
1.624413
-1.1726775
1.089854
0.369881
-1.2180435
0.0671095
-0.6258115
-0.4397885
0.130545
0.172129
1.0664875
1.0142015
-0.44743
1.38451
-0.3541175
-0.467035
-0.6776258
0.5571015
-0.149642
-0.348632
-0.15771475
1.0348875
-0.7371715
0.8176525
0.0980705
-1.1305255
-0.4616155
-0.4157265
1.2568035
0.1946745
-1.0805315
-0.829996
0.353918
0.5344605
-0.70557725
-0.7259265
0.10039
0.4666405
-0.599719
0.525386
1.538135
-0.571045
0.2389605
-1.04446965
0.208176
-0.430848055
-0.8146175
0.8091225
0.2460335
-1.580845
-0.91528
0.304941
-0.4940255
0.2662095
0.217006
-0.695246
-0.560939
-1.86674
-1.31021
-0.28078085
-0.5318745
-0.90915798
-0.348006
-0.0035731
0.183337
-0.07819
-0.0754
-0.6533435
-0.7587845
-1.639959
-0.9662125
1.46587
-0.3534665
-0.5635645
-0.8353345
-1.076291
-1.434935
-1.393455
-0.446509
-0.595096
-0.6201965
-1.262206
1.325463
0.3128642535
-0.0452165
0.4993205
0.4386295
0.077761715
0.169607
-0.7654195
-0.765605
1.94312
-0.43343465
-0.49179
-0.7846805
-0.546473
-0.1912185
-0.7399055
-0.5034625
0.684044
-0.1809425
0.845206
-0.5590041
0.719352
0.25428
0.04608625
-0.291228
3.03444
-0.1389134
-0.772582
1.3310645
-1.2297465
0.5433655
-1.61834
-1.611045
-2.23676
-1.2457
-0.6364305
-1.3076435
-0.9780595
0.589142
-0.800745
0.36833
0.25232035
-0.582686
-0.288079
-0.77262
0.256114
-0.360185
0.44365
0.2435515
-0.9500105
0.061965
-0.435095
0.0076315
1.55602
-0.16827825
-0.1345055
0.149114
0.7226765
-0.124426
-0.8769135
0.00898300000000002
-0.5283955
0.07701705
-1.829765
-0.3589595
-0.466581
0.540552
-0.640611
-0.43141795
-0.6269585
-1.265947
-1.287288
-1.703355
-0.3558165
0.1192585
0.6771857
0.32357
0.3204875
-0.9328985
-0.912529
-0.9212715
-0.523548
1.6964845
-0.9877925
0.02180895
0.0268725
-0.6251505
-0.825826
-0.867729
0.416577395
0.08965555
0.3569295
-0.114523
1.408215
0.253258
-0.733551
-1.59199
-0.3423315
-0.327704
-1.12402
1.559555
-0.92816
0.535305
1.0529645
-1.4988625
0.2718415
0.7885385
0.4422925
-2.193505
-1.480743
0.5922445
0.0313335
0.129142
0.5909875
-0.0861565
-0.11801
-0.772485
-0.054968
-0.911715
-0.430669
-0.505876
-0.1697745
-0.9481195
0.22417435
-0.37242547
1.0496675
-0.051574
0.2200755
-0.7971605
0.2198817
-0.039096
-0.1438215
-0.1037365
-0.1293845
-0.6779795
-0.6100236
-0.9092405
1.100225
0.0324505
0.202823
-0.601742
-1.75745
-1.16496455
0.553908395
-0.547011
1.175155
-1.466435
-0.8802055
-0.7073373
-1.0663425
-0.8087955
-0.130762665
-1.26753
-0.418951
0.480122
2.071915
-1.75443
0.5561615
0.425475
-1.62733
-1.312095
0.112251
-0.47318265
-0.8170845
-1.07943555
-1.277026
-0.687495
-0.170192
0.3938615
-0.480644
-0.866397
-1.0110595
-0.59152
1.2766
-0.747026
-0.8086275
-0.485735
-0.9285925
-0.897177
-0.0845235
0.449737
-0.6701345
-0.01837068
-0.037411
0.4135185
0.4523734
-2.36872
-1.851497
-1.263587
-0.0917371
-0.202534
-0.31436
-1.027282
-0.184941
-0.3145675
0.00323199999999998
-0.47038735
0.199245
-0.524602
-2.779235
-0.3483435
-0.2713565
0.3473245
-0.106557
0.3899576
0.460495
0.594536
-0.0892025
-0.7365535
0.3153255
-0.01098285
0.000997999999999999
1.687605
0.273889
-0.708473
-0.7474095
0.23398595
0.012551
-0.2304805
-0.7197475
0.2531725
-0.831197
-0.50479
-0.8284655
1.053832
0.78295
0.7100615
-0.068484
-0.3185315
-0.15621235
-2.46257
-0.165412
-0.363894
0.8809855
2.0580725
-0.17866335
-0.036954
-0.2798785
-2.60174
0.0459917
0.6110269
1.5090855
0.67962555
0.753821
-0.9641625
-0.11365125
1.692755
1.430242
-1.585675
-0.475133
-0.484951
-1.2340475
-2.101755
-1.1365395
-0.2052405
-2.120325
-1.5778295
0.447038
-1.431535
-0.754165
-0.2528
0.3120205
0.1426285
-0.1966
-0.0130375
-0.1014135
0.718383
0.9478925
-0.986142
-0.8508355
-0.025418
1.224985
-1.121178
-1.52166
-1.19436
-0.094423
1.132905
-0.70774
-0.063803
0.668042
-1.0691985
-1.937615
0.055351
0.591563
-0.7987545
-1.4963225
-0.2723986
-2.365625
1.0296195
-0.6137925
-1.325527
-0.804363
-0.1791345
-0.39722
-0.368637
-0.237583
0.668112
1.18199
0.662703
-1.371999
-1.235073
0.66932
0.073445
-0.264417
-1.6198205
0.166629
0.1080745
0.9789245
0.680047
-0.4023135
-0.7361435
0.000355499999999995
-0.419553
-0.918275
-1.2812655
0.444839
-0.6176325
-1.19692
-1.156057
-0.471804
-0.1541425
-0.2557305
-0.4880435
-1.408395
0.698878
1.592772
-0.4753925
0.0624465
-1.2126455
1.54608
-0.1581425
0.450093
-1.225085
-1.821115
-1.875925
0.147471
-0.211733
-0.5421715
-0.08786
-1.0698515
-0.41646025
0.8655515
0.2862625
-0.6567585
-0.6781835
-1.62611
0.190333
-1.0745
0.2240885
-0.385454
-1.2679075
-0.4102755
0.0371345
-0.531737
-0.626787
1.4194845
0.0544335
-0.00267200000000001
0.055581
-1.182501
0.49792978
-1.1970215
-1.281263
-0.8020005
-0.02038955
-1.9329
-1.25239
0.783159
0.370945
-0.177006
0.6949525
0.3598284
-0.0635853
0.019115
0.1557995
0.5547935
-0.7879249
-0.722187
-0.225068
-0.57204025
0.5816315
0.188665
-0.5725435
-0.559406
-1.313415
-0.603071
-1.820505
0.3415735
0.735389895
-1.3273235
-1.670035
-1.0505425
-1.1714105
0.133371
3.488835
0.23049515
0.1694805
-0.562622
-1.0226445
-0.3421831
0.309133
-0.456654
0.066637
-0.950635
-0.925455
0.075434
-0.6383885
-0.0203235
-0.43017
0.7051585
-1.539214
0.1929725
-0.21592
-1.537185
0.4604152
-0.5670765
-0.726741
0.9755185
-1.222627
-0.094658
0.50315435
-1.0135395
-1.3004285
-0.0162445
-0.267429
-1.1637225
0.5955085
-1.2925475
0.6428005
1.06942
-0.0870575
0.255222
-0.6342985
0.9038025
1.7889
-0.291165
0.2795475
-0.441141
0.2476975
-0.4920105
-0.4378961
-1.2088655
-1.489231
-0.0832865
0.2016735
0.1075515
-0.886354
-0.5625285
-0.1057285
-0.00959700000000001
-0.00161249999999999
-1.6956
-1.237713
-0.293991
-0.3238625
-1.018884
-0.729774
-0.0359285
-1.288865
-0.850392
-0.359916
-0.090685035
-1.451095
-0.4409785
-0.02617
-0.9239255
-1.396275
-1.025615
-0.2035805
-1.072107
1.41626
-1.3085585
0.00483049999999999
-0.158775
-0.66584
-0.042351
-0.0768845
-0.824799
-0.582072
0.2522685
-2.556595
0.722215
-1.37038
-0.45729835
-1.960715
-1.096347
1.3122005
0.933323
-1.01622
-0.7937255
-0.3093145
0.1586262
-1.42097
-0.26144215
0.5257565
0.9130408
-1.665355
-0.328791
-2.30011
1.684
-2.672845
-1.4853805
-0.0234757
-0.1912999
-1.595265
-0.55005935
-0.8835779
-2.084615
1.023016
-1.74902
-0.5893168
0.362079
-1.1411057
-1.39054
0.019772
-0.39464675
-0.4230125
0.334509
0.874678
1.105345456
-0.055439
-0.826219
1.0295285
0.6063865
-0.7735185
0.369241
-0.8486528
-1.0359985
-0.4948395
0.2007925
-0.6594405
-0.1691535
-0.27683
1.0053505
-1.30751
-1.0704425
0.0392565
0.0272602
0.42270505
-2.203985
-1.12901
0.01733
-0.9850515
-1.265335
-1.445725
-0.35127685
-1.695295
-0.469349
-0.4200288
1.2809
-0.33584205
0.54180315
1.479715
-0.4265725
-0.4481505
-0.595072
-0.6730405
0.404423
0.865091
0.6331735
-1.389636
-1.0162435
0.655256
-0.7896677
-1.0876415
-0.20320125
0.7454005
1.175928
0.06750065
0.232168
0.06809
-1.95348
-0.3455655
1.58716
0.781928
1.0246375
-1.1125145
0.8125538
1.1215355
0.5918465
0.4284978
-1.26494
-0.1073194
0.2855595
-0.9555855
-0.1430868
0.058066
-0.010824
-0.2345605
-0.581487
1.7728135
-2.10744
-0.663653
0.334649
-0.7945395
-0.775449
-0.477491
-0.260989
-0.0794915
0.162315
0.5701455
0.9113865
0.8553315
0.3666565
0.303978
0.2417515
-0.32551655
-0.377848
-0.5002795
-0.4808995
0.00734849999999998
0.41342455
2.498755
0.694233
-0.746094
-0.3817823
0.291585
-0.7267945
-0.1245662
-1.205798
-0.490903105
0.772265
0.978807
-1.087011
-1.1613715
-0.4766315
0.421145
0.3099555
0.5667185
-0.968512
-0.643005
-1.93648
0.1653685
0.3681595
1.414185
-0.826287
-0.349567
-0.106772
1.73566
1.0977705
1.46015
0.217003
-0.5300215
-0.032128
-0.2579415
-0.07840965
0.65612235
-0.390665
-0.23615885
0.21569095
0.5681405
-0.3260455
-0.18765155
-0.6638115
-0.369862
-1.87591
0.4815655
-0.0781315
-0.035127
-1.017267
-0.5819035
0.929205
-0.5526555
0.6860295
-0.84265875
0.415339
-0.214147
-1.963175
-0.8432238
-0.999204
0.854453
1.022449
-0.1088685
0.7146735
0.803593
-1.111509
-0.6330972
-0.4248085
0.4228655
0.0665226
-0.1354972
-0.623107
0.2818985
1.1537435
-0.18256245
-0.3580405
-0.431464
0.2130658
0.0576100000000001
0.461204
-2.70173
0.31281415
-1.43109
1.3194865
-0.658331
0.1301385
-0.7822175
-0.2238902
-0.6628677
-0.8769225
-0.981226
-0.3146915
0.327408
0.123585
0.997012
0.1447555
-0.6446785
-0.806488
-0.4130835
-1.198515
-0.9714365
-0.2456685
-0.2823375
-0.075466
-2.850195
0.057772
0.11686
-1.49067
-0.507462
-0.473646
1.2229505
0.9882885
-0.001931
1.743335
-0.23898305
1.458265
-0.636336
-1.719255
1.037374
-1.1770685
-1.0784195
0.2999926
-0.4741945
-0.7355335
0.69809585
-0.045587
0.4326975
0.1222355
0.034449
0.047411
-0.7459085
0.4538105
-0.8132615
-0.0265665
1.321883
-0.0613598
-1.97904
-2.40502
-0.2773685
0.6257755
-0.29070165
0.3259355
0.2226885
-0.4251335
0.3890585
-0.044837
-0.449921
0.1801069
-0.78463655
0.03369
-0.6329716
-0.3344373
-1.045982
-0.6371925
-0.1783647
0.5627705
-0.5460945
0.13046295
-0.053512
-0.0604215
0.588425
-0.2862965
0.673622
-1.883325
-1.867545
-1.8583
0.191304
0.799589
-1.966875
0.677262
-0.481519
-0.6062313
1.020174
0.42951885
-0.7922285
-0.95969245
-0.2121415
0.2833305
0.164867
-0.0383675
-0.235655
0.021767
-0.75891
-1.059173
-3.607685
-0.4453995
-0.3241685
-0.75871
0.4425359
0.96054455
0.146958
-0.19164515
-0.201631
0.0828335
0.6583685
0.00202600000000003
0.00812200000000002
-0.5353025
-0.2840865
0.5280145
1.4401475
0.527412
0.175792
-0.701216
0.55688085
0.231038
0.3429205
-1.44894
-0.7928195
1.17057
-0.2486785
-1.770908
0.473714
-0.824286
-0.434372
0.1459885
-0.278044
0.338405
0.4252205
1.0153265
0.0330849999999999
2.037115
-0.1692115
-0.60078135
0.1000265
-0.4481579
-0.3440618
-0.508619585
-0.713929
2.09871
-1.047485
-0.0629138
0.0725885
0.02595
-0.173791
-1.654695
1.0456825
-0.27536
0.1134395
-0.02272075
-1.13001
-1.434855
-1.362245
1.75834
2.579895
-0.2635405
-1.586535
-0.2428155
-0.526796
-2.0407
-0.311733
1.070535
-0.269675
-1.495636
-0.6590705
-0.432031
-0.0506612
-0.860838
-0.7296385
-2.16326
-0.184284
-0.7117035
0.9646855
1.030281
0.0752715
-0.9999885
0.176017
-1.362781
-0.8445215
-0.00298985
0.492204
-0.896854
-0.04631
-2.20189
-0.8486155
1.085674
-0.6742465
-0.17858
1.138934
-1.361335
-0.9147155
-0.880142
0.8449945
-0.0373635
0.5213165
0.0857450000000001
-0.0213252
0.840763
-0.90935815
-1.1984325
0.6187425
1.842789
2.161985
0.1624865
-1.549225
1.1536445
0.6141925
-0.10206
-1.736365
-0.8932105
-0.665287
-2.219755
0.378675
-0.559175
0.4165945
0.443637
0.617809
1.337231
0.129955
0.36353805
0.4112337
-0.9668405
-0.795367
0.060708
-1.383345
-0.536692
0.093849
0.7350055
-0.1323785
-0.954266
-1.45224
0.4533495
0.230262
1.192498
1.0361645
0.612367
1.0229825
-0.585333
-0.4696215
-0.3602975
-0.9590715
0.311053
-0.846983
0.772269
1.56991
-1.0431605
0.034207
0.03561
-0.5355445
-0.1814474
0.589009
-0.90331
-2.2548
-1.49342
0.075391
0.24677135
0.1399035
0.044771
-0.450495
0.7386315
-0.6511905
0.136307
0.11532
0.4070915
-0.1542615
0.218589735
0.3391145
-0.229484
-1.229158
-0.666081
-0.605635
-0.452125
-0.9886065
0.5754185
0.21405525
0.0405395
-0.498456
0.0724865
0.2383545
-0.9142355
-0.474074
-1.88283
-0.043654
-0.209992
0.2207795
0.9227055
-1.540085
-1.393335
-1.223324
-0.9542285
0.2474687
0.201322
0.50760725
-0.6364975
-0.5825635
-0.774927
-1.1458535
-0.9047325
0.026807
-0.535841
-0.163775
0.349614
0.684382
1.1431065
0.6282825
0.6629545
-0.489082
-0.862995
-0.222245
-0.436865
0.5863415
0.38325765
0.35733
0.288366
-0.7515695
-0.849665
0.0304789
0.3796655
-0.7797125
0.316258
0.351429
-0.0872655
-0.79816375
-1.32658
-0.762106
-0.5525435
-1.226811
-0.3777565
-0.65142135
-0.8059955
-0.6854235
-1.0541335
0.385429
-1.039681
-0.8494685
-0.5679375
-0.614759
-0.3767232
-0.3687025
0.5550145
0.6896215
-0.4283165
-0.23754715
-1.419489
-0.0391895
-0.385913
1.21534
-0.460371
-0.050268
-0.56445
0.157126
1.1365065
-0.9504865
-0.071018
-1.86329
-0.931242
0.053539
-1.67777
-1.26427
0.34678795
0.237799
-0.3495965
-2.151005
0.0296500000000001
-1.489795
-0.666307
0.53257955
-0.190987
-0.25266327
-0.8846815
-1.2752465
-0.38177957
1.585905
-0.5864415
0.9785635
-1.058997
-0.898322
1.457305
-0.643412
0.772371
0.8553015
1.038615
-0.3736425
0.3645655
1.2397765
-1.0637795
-1.090445
-0.279241
1.320988
-1.658595
0.58046065
-0.2722455
1.0714505
0.335233
-0.6831555
-0.3253205
-0.242003
0.826297
-1.000732
0.989968
0.5144535
-0.6009765
0.44775885
1.707755
0.517945
0.33019245
0.2717445
-0.0313895
1.3299155
-0.78623
1.007979
-0.889635
-1.57707
-1.53815
0.977775
0.4038025
0.654291575
-0.7248465
0.5512455
-1.020296
0.0936433
-0.34628
-0.5813315
1.032998
0.988063
0.1690545
-0.1249161
-1.1651395
-0.781655
0.667178
-0.170905
-0.517357
-0.4975287
-0.574955
-1.352881
0.832928
-0.17545495
-1.180965
-0.532945
-1.0686305
-0.329294
1.118495
0.7540295
-0.797254
-0.1444835
-0.549696
-0.114866
-1.343611
0.253357
0.3066965
0.3420495
-0.9134305
-0.314122
1.646394
1.162061
-2.862665
-0.1019915
0.1989497
-0.6423601
0.19009365
-0.8066565
-1.0473055
-0.626475
-0.630316
0.407616
0.0741417
-0.8235375
-0.674974
-0.718167
0.362321
0.2375851
-1.331455
0.3955315
-0.253934
0.1973921
-0.3003615
0.308835
-1.083700475
-0.1656419
0.154226
1.6240885
-0.837911
0.0810813
0.00646849999999999
-0.715443
-0.75462085
1.37145
0.322284
0.8373285
1.6099365
-2.338255
-0.85235
-0.9108943
1.1492195
0.19095075
0.307618
1.071357
0.0685265
0.590625
-0.7572509
1.0453435
0.546382
-0.984054
-1.939232
0.31230535
-1.80536
-0.30694195
-1.40683
-1.863615
-1.228135
-1.1700875
-0.4853252
-0.5599075
-0.078736
0.3772465
-0.8816735
-0.1696825
-2.557505
-0.6963915
0.3942245
-0.183369
-0.14304605
-0.3514185
-0.800928
-0.4468305
-0.4766924
0.616531
-0.13203235
-0.017217
-0.5899055
-0.5198315
-0.0915305
0.0857425
0.7167105
0.6454995
-0.3045865
-0.6715345
-0.456948
-1.2364565
0.8088645
-0.119497
-0.2904895
-0.4883225
-0.5280235
-0.5038203
0.0362844
0.25444185
1.5327765
-0.2934055
-0.164211
0.107075
-1.520582
-0.374781
-0.6769485
-0.486759
-0.565659
-0.23010945
0.09763
0.424277
0.229355
-0.193253
-1.844405
1.2350605
-0.9719795
-0.084376
-0.2582745
-0.783692
0.5008675
-0.0866445
-0.3447071
-0.0203275
0.449043
0.5056258
0.2155165
0.149011
-0.847413
-1.7513265
-1.0983385
-0.529373
-0.464274
0.389062
-1.179744
-0.5419105
-0.5693365
0.0178725
-1.16368
-0.6257245455
0.1003773
-0.06063745
0.2767004
-0.222485
-1.1025525
0.5731935
-1.0678535
-0.953676
-0.231833
-1.377715
0.24649825
-0.692639
-1.2880705
0.2551
-1.186891
-0.1631305
-1.19809
-2.28551
-0.094683
-2.854655
-0.32408
0.616992
2.62062
-0.9166459
1.053486
-1.0035855
-1.4644365
-0.1366745
0.013611
-0.2710575
-2.37177
0.9130635
0.9188055
-0.1066815
-0.177743
1.3437225
-0.3488365
-1.1606875
-0.4163715
0.7572715
0.686361
0.73072575
0.9523045
-0.313572085
0.3523455
1.7589565
1.840335
0.159034
-2.088212
-1.10566
0.447565
1.041935
-0.1567575
-0.3378855
0.0372345
-1.541215
0.7932545
0.166843
1.1818745
0.628195
-0.938561
0.7258199
0.7953105
0.5484845
1.117111
-1.65646
0.293221
-0.356048
0.9489488
0.40609465
-0.123479
-0.8647215
-1.941
-0.3479475
0.60066185
-0.064257
-0.6094345
-0.4669255
-2.66214
-0.016245175
0.031787
0.2897158
1.011476
-0.9434365
-0.3806545
-0.785134
1.1869795
-0.4282365
-0.069069
0.24754795
-0.6327987
-1.53185
-0.112804
0.901819
1.0598865
-0.6411505
0.2146495
-0.088236
-0.7861905
-0.510248
-0.3441435
-0.2597395
1.0313215
-0.818535
-0.4253065
-0.963108
-1.365925
0.0590365
-0.91069155
-1.1771
-0.9319545
-0.8230465
0.847775
0.6735795
2.1881
-0.295922
0.689543
0.647474
0.7575795
0.276486
-0.488379
-0.470279
-0.0738363
-1.6490115
-1.858069
-2.250055
-0.3200945
-1.486621
-0.06396852
-0.6686365
0.2606095
0.1034479
-0.1295105
0.341014
0.5413705
-1.147095
0.145683
0.9938005
0.396807
-0.845962
1.358752
0.095294
-1.26203
0.4879085
0.2961525
-0.701397
-0.34794
-1.0584365
0.7541105
-0.262183
0.08574
0.13734
-1.1507825
-0.7226375
0.2372564
-0.3058205
0.695714
0.3583035
-0.137356
-0.5936635
-3.2339
-1.57669
0.234144
0.36709465
1.172015
-1.62689
1.81922
-0.329546
1.443644
0.0489665
-0.524669
-0.157402
0.00726900000000003
-0.702769
0.2615605
0.025362
0.6050925
-1.373785
-1.967845
-0.399492
-1.1600215
-0.9261045
-0.92108
-0.31832
-0.0173235
0.023404
-1.94031
-2.09261
-0.7151495
-0.0621995
1.2006805
-0.424277
-0.7869605
-0.570242
-1.007368
-0.67961
-1.188828
-1.1846885
0.1426065
0.986323
-0.02316
0.56853
-0.8410795
-1.255065
-1.186165
0.3359765
-0.462476
-0.524513
-1.44533
-0.4421835
-0.193177
-0.608694
-1.24623
-0.800676
0.2356
1.005997
1.564835
0.38055985
-1.166315
-0.5741175
-1.843645
-0.0455825
-0.8140505
-0.5181295
-1.31441
-0.3927415
-0.2889565
-0.982316
0.6548105
-0.3783965
-0.289708
0.086325
-0.35366
-0.284873
-0.1748147
-0.776422
0.3300095
0.16913835
-0.223075
-0.023492
0.5444965
-0.9408635
0.5841475
0.779878
-0.210679
-0.136779
-0.2062725
0.2370405
0.739072
1.079252
-0.0018485
-0.4367624
0.1048345
1.1074125
-0.397113
-0.3155755
-1.020985
1.8773525
0.4154205
0.301177
-0.00638735
1.0375395
-1.2067175
0.449852
1.023998
-0.585524
2.399335
1.0018035
0.239556
-0.2721027
-0.7716865
0.3959405
-0.9845685
1.32215
1.675435
-0.513056
0.1583763
0.30933685
-0.048918
0.1167125
0.0501714
-0.0630615
-1.178065
0.29252435
-0.5857705
0.3707298
0.4870655
0.244248
0.2546405
-0.6913295
-1.281314
-1.63589
2.5769
-0.143719
-0.1882055
-0.219666
1.395284
0.138589615
-0.05828985
0.8638765
-0.6750085
-1.72581
-0.940369
0.151906
-0.273503
-0.949452
-0.855268
-0.772425
-0.651758
0.23170115
-0.262816
0.614902
-1.566905
-0.25085
0.3318115
-1.1064375
-0.497944
-0.28679
-1.1475
-0.2152769
0.52313
-1.37154
1.131297
1.023516
1.649943
-0.1968129
2.636115
-0.574792
-2.10871
0.3308825
0.423767
-0.258169
-0.26881055
-1.55691
-1.8025535
-1.024376
0.4892295
-0.178733
-0.106929
-1.2732905
-0.6482505
-0.2786915
-0.168143
0.0239205
-0.6657525
1.5533745
1.18047
1.0390835
1.0483545
-0.708183
-0.7527215
0.5723985
-0.5645035
-0.5726205
1.12578
-0.2073835
0.264387
-1.3463205
-0.568344
-0.878453
0.5594025
-1.304569
0.54123805
-2.41412
0.1865965
-1.30583
0.1764555
-0.056138
0.72531385
-0.5292215
0.4655165
-0.2641175
-1.211712
1.019912
-0.8644975
0.2327655
1.17481
-0.7579855
0.6431535
-2.248795
-1.70352
-1.1188645
-0.28152285
-0.216422
0.5158855
1.83412
0.681692
0.964834
-1.222805
-0.13498815
0.7576355
0.9896825
-0.5027615
1.40706
0.0291515
0.7303385
-0.348524
-0.176266
-0.1464805
-0.256419
-0.3252725
-0.743384
-0.00312999999999997
-0.035458215
1.123506
0.2117391
-0.793549
-0.975622
-0.315613
0.2844175
-1.307878
-0.0107465
0.1161115
1.7514715
-0.455929
-0.851565
0.4875945
-2.74973
-0.12894585
1.09679
-1.375585
0.5510622
0.780605
-0.909636
-0.6458815
0.3442585
0.0309395
-1.4978075
-0.850369
0.122481
-0.268900455
0.91549
-2.073915
-0.0178265
-1.066971
-0.258624
0.709225
0.250573825
-0.528475
-0.768548
0.4237115
0.40235
2.50495
0.0952489
0.78215415
-1.046281
-1.56207
1.1771259
-0.7916195
0.2016505
0.352954
0.3240478
-0.3720497
0.1101195
0.084879
0.263847
-1.0323895
-0.30370325
0.84934
-0.7464055
0.052927
-0.10708155
0.6195375
-3.470635
-0.0139855
-0.13783085
-0.422427
-1.044916
-0.2496475
-0.1386955
-1.294945
-0.55629
0.2018505
0.848445
0.010603
0.185816
-1.1525125
-1.6705
-1.828023
0.72741
0.0986545
-1.110492
0.32464615
0.6357833
1.0131545
-0.1991605
-0.012065
0.2871629
-0.0307185
-0.7111245
0.62451
-0.490136
0.23366695
-0.5064345
-1.66848
0.2354405
0.475238
-0.5024825
-0.1629545
-0.20313195
0.033391
-0.1632325
-0.1124991
-0.4192782
-1.345821
-0.3088655
-1.4237705
0.243871
0.1080958
-0.679496
0.00686750000000001
-1.818035
-0.3943635
0.0446595
0.9839485
-1.5654045
0.978175
-0.840842
-0.041265
0.4544285
-0.882008
-1.09864
-0.5616419
-0.403625
-0.7016665
0.151965
-0.1248855
-0.794171
-0.325873
-2.350655
0.01508885
0.2631115
0.05644
-0.4929264
0.2756152
0.788555
0.959336
-1.1662765
-0.2064155
-0.289842
-0.262661
-0.5335966
-0.7192445
0.20568855
-0.7203335
-2.220655
0.063955
-0.430229
-0.557718
-0.258002
0.579696
-0.3197795
0.22670528
-0.8883785
0.6070775
-1.326052
-1.62854
0.5160085
-0.7042975
0.342926
0.415952
0.4562711
0.660981
-0.0509085
-0.5459315
-0.473102
1.3267455
0.4068115
0.8998595
-0.175556
-0.26806565
-0.4779305
-1.520185
-0.1271865
0.25015025
0.8581405
0.3100095
0.498701
-0.37806171
-0.5203
0.883418
1.544662
1.642713
-0.68988265
-0.974319
-0.703336
-0.49919375
-0.3180575
1.1126583
0.1133817
0.5469145
-0.083137
0.626162
-1.6115145
-0.5538525
-0.1361975
0.284421
-0.796765
0.0951984
-1.50955
-2.305495
-0.8728468
-0.231273
0.4665405
-0.6896465
-0.3432645
-0.6726895
-0.61568465
0.021795
-0.59792805
-1.76505
1.3206805
-1.3254115
0.17426025
-0.5617305
-1.1222685
-0.5068805
-0.5750025
-0.937895
-0.029221
-0.483736
0.2599235
0.0542125
-1.2881125
0.14003435
-1.053432
0.423911
0.06272255
-1.220655
0.36778095
1.789975
-0.19308275
1.16797
0.6769605
-0.050288
-0.3151085
0.205602
-0.823531
-0.712511
-0.603535
-0.6824467
0.3404935
-0.963928
1.016969
0.3412931
1.1035345
-1.27214
-1.650705
1.4286395
1.6225815
1.3122635
-0.4502935
-1.2428
0.357311
0.249138
0.1512705
-0.375506
-1.266608
-1.761713
-0.20281829
-0.5840245
-1.259005
-0.828165
-0.5860655
-0.229289
-0.997358
-1.1485075
-0.2462295
0.211958
-0.9099125
0.9147335
0.5051465
-0.744986
0.2902725
-0.7478633
0.5164748
0.1992327
-0.7464895
-0.3975545
0.119269455
-0.4251238
-1.02446197
-0.6213725
-0.648722
-0.9300525
-0.532925
-1.7069
-0.433342
-0.0123799999999999
-0.4755475
-0.217297
0.221096
-0.13548865
-0.0841705
0.891012
-0.5753365
-0.4589605
-1.192555
-0.9427535
-0.9398487
0.355889
-1.574395
0.988392
-1.1127165
-1.0441135
-1.151085
0.256339
-0.2894245
0.564164
-1.22534255
-0.29356665
-0.460338
0.143751
-0.3261476
-0.9684215
-1.108521
1.322867
-0.573025
0.0878845
0.2269305
-0.929839
-0.4006383
-1.100955
-1.25333
0.211
0.162544
0.4158665
0.6248195
-1.27372
0.2768135
-0.430942
1.540231
1.4656195
0.08086125
0.75237345
0.438543
1.42163
2.74094
-2.22395
0.85194
-1.2011505
0.317662
-0.762717
0.1924593
0.02746265
-1.297472
-0.170075
0.330154
-0.8500865
0.232053
-1.397335
-1.189897
-0.2644428
-0.5712165
1.1582755
-0.02997
-0.741917
-0.9380325
-1.083868
-1.0215215
1.1592745
-1.0262431
-1.22137
0.7564565
1.485615
-0.011072
-2.09648
-0.501884
-0.2954945
-0.1760215
1.006477
-0.40601058
-1.259845
-1.0380865
-0.333404
0.5034925
-1.235145
-0.76358725
0.17676185
-0.448577
0.276499
-1.282993
-0.274691
-0.5216455
-0.209661
-1.727685
-1.90744
0.3116625
-0.033992
0.284465
-0.25043
0.720573
-0.14542285
0.558079
-0.16434565
0.408476
0.5348455
0.689692
0.2796513
-0.1685205
-0.5860605
-0.4903993
-0.6156795
-1.1287195
-0.5974565
-1.473505
1.470495
-0.6936625
0.891456
0.936795
-0.4943425
-0.1025445
0.29386565
0.7494505
1.3278125
-0.224428
-1.89507
1.594045
0.3871953
0.24797795
0.2494015
-0.0383885
-1.296535
-1.11585
0.369505
0.78134
0.4327695
-0.4217785
-0.2155545
-0.723744
-1.315409
-0.989054
0.042535
-1.35861
1.429012
0.3321995
1.292929
-0.178767
0.9759745
1.2958295
0.32927
-1.5953385
1.0828145
0.3256454
-1.503525
0.351339
-0.0785385
0.3168409
0.1344225
0.984049
0.2616885
0.209352
-0.2945441
0.4224015
-1.1866135
-0.347247
-0.14235
-0.2316915
-2.37936
-0.5743835
0.8837994
-1.780885
-0.33792275
0.6125075
-1.066515
-0.0886095
-0.288519
-0.2295774
1.428833
1.07614615
-0.7454235
2.350457
-0.1447444
-0.782786
-0.641204
0.060992
-0.3264835
0.0646255
-0.2950665
-0.2745745
-0.081612
0.753265
1.353155
1.055553
-0.84683405
0.7612345
-0.5380965
-0.7536945
-0.2765615
-0.179766
-0.4328504
1.119322
-0.0765975
1.209418
-0.41588565
0.32471
1.3880205
-0.4268788
-1.36006
-0.5840495
-0.553282
0.125009
0.164572
-0.024888
1.0072
0.6286
0.54423905
-0.05744665
0.201333
0.19793605
0.3968864
-2.25272
-1.241541
-1.52898
0.381056
0.034778
-0.724127
-0.3161565
-0.873291
-1.2650345
0.9090055
-0.774738
-0.0670775
0.366316
-0.44057245
1.3477565
-1.333425
-1.29111
-0.8725305
-0.347824
-0.940666
-1.096095
-0.570686
-0.74985925
1.19404
-0.4175655
0.290082
-0.674129
-0.18542535
-1.0577265
-0.7407535
0.6651095
0.473771
-0.730749
-0.540213
-0.143682
0.3430585
0.4821335
0.083363
0.726648
-0.13610645
-0.2107335
-1.1955
0.159976
0.1972665
0.0604635
-0.8839875
0.22359545
-0.065635
0.2576195
1.1621605
1.62642
-3.48252
0.0233675
-1.100188
0.5620961
0.70931025
-0.886633
0.2494125
0.2421705
-0.7724485
-0.197073
-0.044469
-1.4491575
0.115555
0.6532935
-0.571794
-1.326075
-0.8784425
-0.7181055
-0.6263215
0.5659735
-0.604094
0.191841
0.1318135
0.1641235
-0.3786885
-1.91103
0.03688905
0.5215565
1.191205
1.086867
-2.021265
-0.1262
-1.294245
-1.58081
-0.1134515
-1.2459175
-0.2326025
-0.3008865
0.745884
0.426775
-1.0662975
-0.439175
-0.792139
-0.8700915
-0.888106
-0.430377
0.053948
-0.8606265
1.4823705
-0.80016
0.621104
0.1458125
-0.744467
-1.0664825
-0.816072
-0.2584955
-0.872437
0.793642
-0.015658
2.012725
0.28133
0.2283135
-1.10648
2.437155
1.46724
-0.2833285
0.577911
0.92242765
-0.333332
-1.82992
-0.3668075
-0.060248
1.078475
0.216744
2.144605
0.528429505
-0.604468
-0.06966945
-0.875564
0.932062
-1.4201515
-0.0075465
-0.415022
-0.2057085
0.58796715
0.306079
-0.0786798
-0.422224
0.6927235
-1.0011603
0.733581
-0.6990225
-0.0144835
-0.411024
0.550466
0.1228444
-1.7940305
4.439335
-0.927113
0.2750635
-0.5130045
-0.652867
-0.228939
0.14878785
-0.8899705
-0.150323
-0.544537
0.544361
0.5674505
-2.66661
-0.181685
-1.87491
-0.63154
-2.07425
0.609957
0.3420215
-0.1005909
0.9546145
-0.8526185
-0.2000205
0.1066345
0.25843
-0.429351
-0.296396
0.396208
0.2937005
0.832493
-0.087716
0.1768828
-1.57079
-0.412954
1.11802
-0.180915
0.899701
0.45454555
1.328125
0.143744
-0.00283
0.268606
-0.5112715
0.90998
-1.6026175
1.9292
-0.5890965
-0.515925
-0.3737245
0.32224705
-0.9927905
0.440599785
-0.558459
-0.6275595
-0.5972975
-0.3372095
0.968028
-0.0598587
0.860998
1.535413
-3.142725
-2.372095
0.388567
-0.8701335
-0.6220915
-1.32072
0.1132085
0.402008
1.29827
0.2816295
-0.9040915
-0.056943
0.6671715
0.3383725
-0.2360398
0.0627255
0.751099
-0.946105
-0.291113
0.604405
-0.580232
-0.90737865
-0.729174
-0.0550915
-1.316975
-0.7957195
-0.26781445
-1.129573
-0.681643
-1.398865
-0.79741465
-0.945309
-1.0592865
-1.04873
0.0859615
-0.4233345
0.964948
-0.8658055
-0.166745
0.259045
-0.3536565
-0.331128
-1.57463
-0.832709
-1.158735
-0.5342495
-1.1565375
1.131605
-0.34552815
-0.0238071
0.01387125
0.192041
-1.05514
-0.609267
-0.588558
-0.752742
0.224093
-0.710222
-1.6556105
-1.603035
0.580672
-0.793028
-0.9237065
1.494625
-1.0268425
0.80887
-1.409206
-0.28314095
-0.4931355
-0.2402605
0.4576255
0.9680485
0.287993
-0.406485
-0.6813495
1.0314025
1.2867345
-0.401774
-0.0914405
-1.36483
1.083358
-0.45731535
-0.8624315
-0.968484
0.529855185
-0.448031
-0.3343895
-0.715572
1.100207
-0.7958525
-0.559074
-0.000855300000000002
0.0485295
0.07327715
-0.686821565
0.0177585
-0.534171
-1.48947
0.3098025
-0.6145005
-0.20425
-0.2089852735
-0.4209535
-0.770238
-0.07017515
0.1309715
0.5467355
0.410592
-1.0951145
0.09345095
-0.147831
-0.5155305
-0.920076
0.5251062
0.6654155
-0.09285
-0.39336145
0.6206169
0.2355151
-0.9035505
-1.383745
-1.56717
-0.413389
0.4804152
-0.593281
-0.466435
-0.036792
0.7582555
-0.1387375
-0.08414
0.29731
-0.8823535
-0.00927149999999999
0.3613135
-0.774816
-1.31649
-0.023349
-0.02157
0.70301
0.5860145
-0.0377605
0.7338165
-1.778255
-1.4884895
-1.170177
0.97891665
-0.2642775
-2.366205
-0.0858595
-0.5945475
0.133364
-1.5682
-1.295437
-0.16762145
-2.850875
-0.5490985
0.255725
-0.775229
0.2166535
-0.5395345
0.171584
-0.127346
0.020385
-0.548842
-0.36396786
-0.644693
-0.2112659
-0.7784485
-0.7692645
0.1165685
0.099627
0.4902025
-0.463033
-1.37297
-0.6512325
0.083854
-0.5891775
0.093015
-1.7416
-1.8034
-0.3705324
0.499979
-0.31637907
0.868935
-0.048495
-1.3184645
-0.1265486
-0.6105095
-0.0021199999999999
-1.372386
0.444429
-0.84372
0.7713445
-0.1670715
-0.4922775
-1.928141
-1.905335
0.320678
0.520739
-0.0248715
0.8522675
0.646631
1.52183
-1.61687
-0.0657475
-0.9287545
-0.027423
-0.1908
-0.6748
-0.3230308
1.138722
0.2754775
0.9947895
-0.6969285
-0.127759
-0.3108475
2.026585
-2.009055
1.367988
-0.9551225
-0.8570995
0.4196285
-0.8358095
-0.1715944
0.077395
-0.8560495
-0.67189295
-0.625652
-0.554745
0.2245364
-1.0760375
0.3981145
1.5056565
-0.883198
-0.5626535
0.00834699999999999
1.7749495
0.9849035
-0.234375
0.855514
0.357988
2.103015
0.79693465
1.0314955
-0.443101
-0.302984
-0.660843
-0.053615
-0.8721685
-0.7548075
0.4346725
0.3807815
0.3249005
-1.1940365
-0.237415
0.04437935
-0.2438535
-0.1868345
-0.3124735
0.8223935
-1.0163105
-0.090883368177
0.6452575
0.7944625
0.8625975
0.8689681
-0.7316835
0.6579915
-0.304386
0.2815455
0.5573305
-0.7053495
0.290868
0.283588
0.9300505
0.2702925
-0.480494
0.017622
0.4848385
-1.502915
0.465727
-0.293054
-0.74859285
0.106469
-0.964676
-0.826056
-0.526543
-0.599655485
0.3260475
0.8222505
-0.4884485
-0.94243
-0.047552
1.38476
0.572817
-0.33773355
0.2261985
-0.5779405
0.69164905
-1.214973
1.855725
0.1883455
-0.01686
-1.5281925
-0.192671
-0.5537775
-0.3392205
0.45902065
0.445804
0.1300978
-0.806843
-1.243754
-0.4087585
1.595021
-0.2109135
2.61342
-0.4664105
-0.2070585
0.196337
-1.0171385
-0.3857465
-0.381872
1.0678365
0.06511
0.033873
0.66683055
-0.0920405
0.2986964
-0.7510805
0.39638975
-1.330035
-0.692942
-0.8982015
0.685051
-0.9406845
0.085176
-0.3191295
-1.0354835
0.33391
-1.606931
0.3808565
-1.639605
0.2235135
-0.00811000000000001
-0.4906937
0.206285595
0.21745
-0.3601315
-1.285847
0.031629
-1.82189
-0.7097285
-0.456499
-0.241967
-0.6431497
-0.187441
0.3893615
-0.6187935
-0.3440505
1.194257
-1.06234
-0.3800415
-0.39392335
-0.4193018
0.0641975
0.7693975
0.34418875
-0.306904
0.68752235
-0.66427975
-1.1300025
0.7266035
0.0747715
0.010265
0.129754
-0.848039
-1.832025
1.45348
-1.2023965
0.5908205
-0.5239655
-1.0691715
0.338544
-1.1676015
0.3692785
-1.67213
-0.997777
-0.1211875
-1.88662
0.341803
-1.1321085
1.070498
-0.5018275
0.1982305
1.434093
-0.251535
-1.4425
-0.1868782
0.43584865
0.4726785
-0.711509
-0.8947
0.5352245
0.566291
-1.54862
-0.4964275
-0.34873805
-0.5431875
-0.923185
-0.74724
0.2388401
-0.582659
-0.5411585
-0.821792
0.066459
-1.156504
-0.0112975
-0.295323
-0.5923175
0.18252
-0.2927265
-0.722068
-1.3197495
-0.9338325
-0.099503
-0.4982124
-1.64033
-1.670525
0.306602865
-0.1136043
-0.1411995
-2.30003
-2.328835
-2.01863
-1.347625
-0.4627125
-0.491884
-0.64784425
0.9591575
-0.4086375
0.7377775
-0.439706
-1.203885
-0.14840055
-0.5770798
0.029026
-0.3383395
0.263236
0.0855735
-1.5830575
-0.6803465
-0.935444
-0.1576545
-0.15738865
-0.9218845
-1.40047
-0.42469695
-0.52812325
0.0104425
0.3154335
0.7338475
0.6696275
0.590321
-0.756709
0.365265
0.1194525
0.5946776
-0.274572
0.6428825
-0.536584
0.176894
-0.118548
-0.15944295
1.0614455
-0.492378
-0.7587645
-0.4683305
-0.2279085
-0.6304413
-1.751975
-0.3491981
-0.4750395
0.244113
-0.119218
0.21167165
-0.2244355
0.1517955
0.024463345
0.1318357
-1.099367
-0.19412255
-0.5795626
0.2382325
0.2267205
-1.092866
-0.6567295
0.29383425
-2.226145
1.0327455
0.80747995
-1.35777
0.2708401
0.88673
-0.9466795
0.0282795
-0.51660405
0.0772949
1.90048
-1.273435
-0.15563
-0.3802655
0.799277
-0.710712
-0.1356785
-1.803215
0.202912
-0.1091105
0.06264345
-0.1715765
-0.0641405
-0.4573945
0.827139
-0.210227
-0.20682425
-0.0334095
-0.2480375
-1.265513
-0.6511205
-1.64496
-0.1616975
0.3434895
-0.7841371
-0.531372
0.1154215
0.2598965
0.8082865
0.728198
-2.71124
0.578631
-1.630525
-0.368762
-1.18999
-0.6211905
0.071148
0.464982
0.3353745
-0.5585375
-0.0250145
0.3845845
0.892115
0.28232745
-0.8239505
-0.0799514
2.03824
0.314959
0.4537675
0.8304075
1.085706
0.44563
0.00736500000000007
-0.2549485
0.379525
0.1134417
1.7954
-0.673456
-1.1858385
-0.43915885
-0.0319685
-0.697483
0.9168945
0.06759995
1.0814665
-0.27443195
0.3245343
0.731706
-1.358085
-0.510804
-1.124835
-1.028624
-0.44741055
0.6176315
-1.3095575
-0.4780325
0.882784
1.584025
1.909235
2.227405
1.99884
0.28931115
-0.54918345
1.852855
-0.6182325
-0.21863
-0.965141
0.501816
0.0312565
-0.392553
-0.31964415
-0.15813095
0.4663412
-0.26244
0.6981245
0.640253
0.4317055
0.173216
-0.068021
-0.3302615
-0.945003
-0.7867135
2.266665
-1.45394
0.971795
0.23035365
-0.578604
-0.0911695
0.28878235
-1.252068
0.8216455
1.0929815
-0.7052805
-0.0867365
-0.5724135
-1.053893
0.00541059999999999
0.122811
-0.235142
0.6638695
-0.6461325
-0.778045
-0.608953
-0.00152950000000002
0.6572705
0.711707
-0.88017
-0.8837555
0.3091615
0.363409
-0.188303
1.75076
-0.07991
1.773523
0.5487191
-0.162837
-0.60284165
-0.479392
-1.2478355
-0.789318
-0.840941
-0.4585161
-0.4650995
0.4284915
0.7684315
-1.5277485
-1.674945
-0.068263
-0.1206565
-0.7647155
-0.4227131
-0.2713365
-0.242132785
-0.7676877
-0.1917885
-0.9710345
0.949555
0.8572995
-1.09142
0.4662015
0.8904215
-0.938481
-0.055078
0.0114765
-0.22905175
0.06131
1.680405
-1.545225
-0.817589
-1.249121
-0.4678475
-0.317593
0.09145035
-0.15666
0.479999
-0.2625915
0.359199
0.0177575
1.0757165
-1.1841145
-1.143496
-2.503605
2.274585
-0.161334
-0.7347055
0.005189
-0.3933903
-0.3646785
-0.0876355
-0.484489
-0.9324995
-0.620885
-1.0894515
0.2244042
2.280975
-0.6249835
0.533175
-1.0113395
-0.622872
0.20962295
0.07104305
-0.6202725
-1.501235
-0.4092265
-0.616408
-1.2754775
-0.6283135
-0.896326
1.272921
0.157563
-1.261292
-0.00810700000000003
-1.9441615
-0.42754
-0.18522243
-0.6647015
-1.008363
0.059459855
-0.537071
-0.5908775
-0.8591645
0.7014145
1.5969805
0.442975
-0.3628838
-0.284611
0.18734795
1.437023
0.9695255
-0.572597
1.23408
1.43233
-0.5736714
-0.0743095
-1.229317
1.143427
0.4864025
0.640123
-1.5750795
-0.189094
0.5771545
0.6908115
-1.188065
0.5542465
-0.61243595
0.8631755
-0.7604065
-1.174981
-0.23576235
-0.020511
-0.902148
-1.570825
-0.17322
1.1056025
1.152691
-0.6525835
-0.27451655
0.490798
-0.265409
-0.6309715
-1.52248
-0.1503745
-1.0145115
0.530604
0.6772195
-0.3170277
-1.496695
2.1059565
0.306466
0.6594731
-0.0790659
0.415451
0.947962
1.350435
1.57846
0.660348
1.141019
-0.704564
0.674625
-0.035481
-1.1290735
0.0756175
0.128389
0.3624246
-0.9425005
-1.060092
0.5483165
0.512384
-0.4630045
0.687279
0.1511655
-1.7075735
-1.924535
-1.259015
-0.3128836
-0.9678705
-0.623864
-0.93429
-0.5160525
0.0249865
0.410038
-0.65073655
0.264872
0.6565645
0.4652801
0.053178
-1.0455
1.669197
-0.5727625
0.5907442
0.32635
-1.082765
-1.8657925
0.375523
-1.250755
-0.063496
-0.06984695
-1.0639325
-1.525749
-0.1929405
0.25935155
-0.3199735
0.4619965
-0.290136
0.891106
-0.5415445
0.0988315
0.3939635
-0.390779
-0.3491605
-0.55018
-0.5873205
-0.948807
-0.66503
0.8275045
-0.6497879
-0.73452
0.1584428
-2.048005
0.115337
-0.705668
-0.3168387
-0.722254
-0.0513535
-0.1591209
1.0531835
1.027444
0.4878845
-0.66250513
0.118082
-0.2820245
0.12079
-0.636324
0.0884345
0.5882555
2.932485
-0.2373665
-0.538199
0.086293
-0.601096
1.084195
0.542912
0.01817275
0.4016315
-0.49643015
0.7714925
0.3401256
-0.6818225
0.34416
1.509075
-0.3336075
-1.738645
-0.963009
-1.290125
-0.6295365
-0.35696
0.127545
0.2066545
0.5811
-0.5915635
1.49253
0.121612
1.025203
-1.918575
-0.6897996
-0.3705415
-0.4245845
-1.2557315
-0.551836
0.4659475
0.178134
-0.868013
-0.4183625
-1.1556015
-0.50995905
0.5509005
-0.626939
-0.3522285
0.04153005
-0.092581075
0.914081
-0.6326665
1.104869
0.163105
1.443635
0.2693405
-1.255691
-0.517514
-0.3587985
-0.28468833
0.4510175
-0.4512575
0.7440225
-0.2899795
0.8174535
-0.472521
-0.11839395
0.485225
-0.5325665
-0.303667
-1.31682
-1.1248005
-2.10133
-1.18653
-1.50693
-0.264495044
0.235408
0.1310255
-1.24678
-0.130176
0.1672125
-0.1488356235
0.105051
-1.592314
0.075277
-0.7491985
0.1963985
-0.6626422
-0.173707
-0.2812035
0.2930615
0.553365
0.8756045
-0.7612545
3.215585
2.134865
2.932635
1.637926
1.999265
-0.146077
-1.53754
-0.154351
-0.72878
-1.425319
-1.4685275
-0.8458715
-0.3144935
0.406685
-1.563545
-4.01474
0.099119
-1.1882275
0.277107
-1.212852
-0.049075
-0.708567
-0.7595251
-1.59701
0.00493449999999999
-0.8921175
-0.6841795
0.3339835
-0.449751
-0.4469735
0.8929575
0.16771905
0.274966
0.4625862
0.707051
0.14617765
-1.345525
-0.682618
-0.792551
-1.05782
-0.366896
0.57265
0.22135435
-1.566705
-1.0431565
1.048091
1.1221505
1.56549
0.171376
-0.42294465
-0.174425
-1.1335605
-0.4592215
0.935395
-0.3198475
0.396405
-2.009055
0.44803145
-0.8878085
-0.5693115
0.80989215
-1.288515
-1.166248
-0.5560255
-0.12046045
0.1565267
0.261573
0.098071
0.8882585
0.729266
-0.498723
-0.549669
-0.9991585
-0.4154065
0.2560008
0.3584965
-1.934645
0.69886565
-0.1937155
-1.4247455
1.411163
-0.8679205
-0.881679
-0.2910085
0.356815
2.0557659
-0.372892
0.944893
0.126725
-1.064476
0.2835745
-0.00227749999999999
0.139971
0.472014
-0.0450995
0.3050765
1.37167
0.0328335
-0.209761
0.1265105
-1.134845
-3.5261
-0.07982515
-0.542976
-0.8196845
-0.258970205
-0.718737
0.0284235
0.3082555
0.5597955
-0.7331995
-0.83523
-0.1159181
-0.4242355
0.2465998
-0.23984095
0.07615575
-0.345854
0.6874361
-0.7164405
-1.42812
0.7120115
3.04638
-0.5593235
0.4588005
-0.595582
-0.3411255
2.189315
-0.136974
-0.5724115
-2.06598
-3.436235
-0.7997835
-1.4299165
-0.75036785
1.561855
-0.937067
1.92841
1.3841
-0.040303
0.6552175
-0.6722935
0.4902095
-0.7397305
-0.1897305
-1.2785515
0.1081885
0.48565815
-1.71252
-0.1904755
1.0457435
-1.599187
0.011616
1.111
0.2788935
-0.895529
-1.032119
-0.68591105
0.519296
0.1158324
-0.598617
-0.4871445
-0.1733785
-0.024475
-1.261388
2.1106055
2.08977
-0.9588885
0.0628948
-1.2465975
0.678748
0.437907
-0.8225175
-0.7648945
-1.644915
-0.00351449999999999
-0.138831
0.3656085
-0.571326
-0.8748075
0.898582
-1.20535
-0.270382
0.3195418
-0.458655
-1.66182
-0.9878535
0.272391
0.102364
-0.768111
-1.1382925
-0.469417
0.3046616
-0.229708
0.4875545
2.246065
1.93866
-0.50449
0.871708
0.2511
0.676576
0.582852
-0.5939905
-0.47798
-0.218456
-0.1842303
-0.4072485
0.2520325
-0.070469
0.4231515
-0.729717
1.1934965
0.462084
-0.1469305
-0.641886
1.23262
-0.5333392
0.4936068
0.84505328
-1.001712
-0.442979
0.368886
0.6730835
-0.3214265
-0.31399765
1.40716
-0.4430354
-1.342234
-0.5178555
0.442279
-1.2477385
-0.9098755
-0.032074
-0.75322
-0.992079
0.080915
-0.78739
-0.057615
1.60943
-1.1891335
-0.7199913
-0.0642745
1.78665
0.9145065
-0.7303665
0.6358905
0.082013
0.0584035
-0.1865845
-0.727055
0.9961285
0.019137
-0.821526
-0.30363645
1.33811335
-0.1072055
-1.0148525
-0.1083402
0.207308
0.4738071
0.0045135
-0.391545
-1.913445
-1.1642215
0.94452
1.0251575
-2.457845
0.4057935
-0.15257
-0.748328
-0.8163575
-1.39185
0.7131325
0.218229
-0.9387995
-0.01948
-2.000235
-0.142108
-0.3421835
-0.26343445
-1.7181065
0.711215215
0.9242645
-0.533908
0.0234399
-0.360928
-0.724828
-1.6510595
-1.219886
-0.369135
-0.8118745
0.8541945
1.27856
-0.28180545
-0.2215595
-0.891574
0.6388785
-0.544749
-0.807947
-0.757697
-0.606344
0.180423
0.616093
-0.1957117
0.417033
0.3286515
0.725276
-0.169622
0.2851725
0.6353355
1.841595
-0.040334
0.46042415
0.2379195
0.7010106
-0.26962985
0.6803765
0.0667192
0.8387475
-0.2858565
0.5775145
1.689245
-0.3665085
-0.67075
0.78235455
1.4576015
0.7108105
-1.637174
-2.196195
0.831114
0.11067205
1.0584255
-0.6976055
-1.36651
-1.506655
2.205885
-0.116758
-0.789696
1.539379
0.2340145
-1.276081
0.576046
0.02847815
-0.0790635
-1.0295925
-2.004455
0.9739585
0.6842415
-0.504563
-0.47523725
-0.897235
0.0770865
1.39228
0.898133
0.127488
-1.13838
0.364382
-0.563884
-1.793275
-1.74223
0.312215
0.45915545
0.20252025
2.407985
0.058155
-0.3675823
-1.520265
-0.8803115
0.1686425
-0.184513
1.708663
1.1828445
0.53172
0.7221315
-0.645238
-0.05816
0.10825775
-1.263455
-1.36791
0.163339
0.650666
-0.0104775
-1.92027
-0.4726745
-0.8893065
0.270715
0.6850895
-0.058971
-0.8192335
-0.4714265
-0.4107655
-0.7711985
0.1232716
-1.066385
-1.388885
0.3183845
-0.222252
-1.4859845
0.00602900000000001
0.272765
0.29042905
-0.509036
0.871205
-0.5414815
0.333495
0.11163095
-1.0156765
0.5499235
0.3962295
0.3023515
0.1289955
-0.00690999999999997
-0.075935
0.32986315
0.7523225
0.022629
0.710073
-1.043485
-0.035723
0.0565105
-0.592919
-0.8865965
-1.0629105
-0.13628
1.395584
-0.589662
-0.657147
0.438992
0.9649675
0.35732945
0.23601925
-0.8139015
0.2284475
-0.252343
0.3325063
-0.7507325
-0.483976
-0.708564
-0.2412935
0.5383025
-0.2228745
-0.74452545
-2.13671
-0.8094984
0.546143
0.1783335
-1.042223595
0.490402
-0.2151635
-0.3422702
-0.9359225
-1.151607
-0.479476
2.354175
0.3941601
0.78967855
0.478699
-0.019772
-0.34808285
-0.660261
-0.36157615
0.026861
-1.0941415
0.5849365
-0.958706
-0.00976550000000001
-1.0539145995
0.22276845
-1.862465
-0.0620155
0.433058
-1.1240455
-1.507865
0.32422
-0.5176595
-1.2802555
0.2973755
-0.392842
-0.025058
0.2322315
-0.622025
-0.19610635
0.58503135
-0.1782975
0.2044025
-0.787641
-1.37595
0.1097795
0.703264
-0.8442875
-0.7042935
1.21836
-0.0203335
-0.37989475
-1.425732
-0.124655
-0.400811
-0.0390045
0.5970345
-1.0740135
-0.659305
0.19132
-2.076515
-0.6576845
-0.44912
-0.5495225
-1.2930895
0.4498175
-0.3634985
-1.012203
0.28639145
-1.678507
-0.244633
-0.802376
0.0168937
-0.32525
-0.08382105
-1.123345
1.087733
0.915231
0.60773
0.246973
0.967918
2.49115
-0.5423565
0.061276
-0.9882765
0.356718
-0.502067
0.62551
-1.054038
-0.0333345
-0.458821
0.08442
1.0612705
-0.91706
0.2754425
-2.010385
0.21224165
-0.349337
-0.2709575
0.158451
-0.2431755
-0.090013
-0.9238365
-0.652801
-0.3483005
-0.853007
-0.9988885
1.39441
0.488158
-2.177235
-1.105708
-0.209276
1.007714
-0.099675
0.166144
-0.1419812
0.3245885
1.260305
-0.2588965
0.13064955
-1.65732
1.8986325
-0.585896
-0.030168
-1.29047
1.39146
0.4226655
0.0374605
-0.515668
-0.113179
0.733362
-0.14533
-0.00945099999999999
-0.0457705
-0.3496615
-0.0399
-0.9003575
0.27127
-0.0806145
-0.980853
0.006656
0.1998105
-1.523602
0.6378425
-0.05393985
0.60532615
-0.234124
-0.01849575
-0.067345
-0.2150915
-0.4037595
1.018311
0.7856855
0.0430935
0.411446
0.749962
0.2484749
0.3383445
-0.2745953
-0.17285
0.076903
0.433422
1.099355
-0.715265
0.202994
-0.854816
-0.642449
1.403095
-0.17156695
0.58815
-0.561547
-0.2682865
1.280107
0.4915055
0.3282395
-1.7888535
0.394629
1.56599
1.227581
-0.6947925
-0.3866585
-0.082286
-0.13744
-1.2522125
-1.20712
-1.78692
-1.1372805
-1.517325
-0.5158825
1.17
-1.194274
0.3482165
-0.7016375
-1.441735
1.535639
1.152482
0.00581399999999999
-0.1066905
0.626703
-0.626487
-1.366368
-0.624824
-0.5714925
1.1129135
-0.5035725
-1.511895
0.5580185
-0.117091
-1.698285
2.57626
-1.66371
0.2844515
-0.3752055
-0.6622555
1.0093774
-1.490459
0.3489275
-0.00892845
-1.381905
-0.2243995
-0.409946
-0.804276
-1.181472
-0.317048
-0.883055
-0.73193
0.1426635
-0.194829
-0.2953905
0.431402
0.935176
-0.22686675
-0.7585835
-0.168675
0.1251515
0.284697
0.400426
-0.657422
0.5824899
-0.1294335
0.10593736
-1.377252
-1.176483
-1.0723145
0.991942
0.0188525
-0.1418719
0.715869
-0.8289705
-1.29779
0.6124575
1.2777055
-0.9189185
-0.3087825
1.054909
-0.173727
-0.8535125
1.7221605
-1.408545
0.491958
1.3605705
-0.6044075
-0.300924
0.7781045
0.083988
0.319867
-0.02555
0.2901795
-0.339059
-0.833328
-1.90309
0.338379
0.357848
0.257749
-0.05096875
-0.300299
-1.116783
-1.256855
-0.1511835
-1.2909505
0.1562545
1.078989
0.3983455
-0.123785
0.01927365
-0.34838375
0.1011025
1.022113
-0.632363
-0.817008
-2.03523
-0.40776
0.513945
-0.00426149999999997
-1.636697
-2.21561
-0.13474625
0.4653708
1.320741
-0.582955
-0.6806415
1.109059
0.9043274
-0.7032695
1.469595
0.9784535
0.2673325
-0.65795
0.390014
-0.3266535
1.447725
0.478341
0.255222
0.950457
2.12551
-1.0127745
-0.114076
0.07004925
0.4089705
-0.735353
-0.8777325
-1.184697
-0.6650935
0.6563625
-0.1142646
-0.3654725
1.351455
0.065473
-1.67214
-0.940731
-0.319462
-0.05401635
-0.273975
0.072248
-0.6810075
-1.51683
0.4929605
0.2110935
0.132476
1.643803
0.0575014
-0.4911345
-0.159066875
-0.1705005
-0.358718
-0.6609605
-2.398315
-0.71528435
-0.813935
-0.742095
-1.45661
-0.44433
0.904426
-0.124565
-0.2352363
0.506049
-1.142106
0.3103165
0.0644555
1.2098735
-1.1091625
-0.2924928
-0.6451575
-0.7370262
-0.67252835
0.1402205
0.11903515
-0.772549
-0.318076
-0.7798185
-1.528035
-0.606763
-0.877996
-0.9720085
-0.416365
0.1190094
-0.613765
0.515104
0.70418315
1.313582
-0.6953215
0.2778362
-1.29488
-0.16565075
0.6963255
-0.7582305
-0.8677095
-0.490919
0.4204805
0.438684
-0.3483795
-0.05621193
-0.257821
0.6785425
-0.6421735
-0.355661
0.280426
-0.601449
0.8607075
-1.0051145
-0.8666355
-0.0118
0.159113
0.6446095
0.633337
-1.3306785
-0.1901575
-0.06058
0.369996
0.19834425
-0.05958423
-0.7774235
0.0512125
-0.5289244
0.0664565
-1.060384
-0.3057376
-0.682887
-0.0358125
0.1541805
-0.39902
0.412426
-0.354217
-1.04658
-0.4196755
-0.8039515
-0.6101435
-0.2435216
0.3994865
-0.613893
-1.141254
-0.30658715
0.64377
-0.8324875
-0.4695035
-1.4051885
-0.7825655
-1.0165415
-0.1409995
-0.2696585
-0.2847495
0.1188375
-0.065726
-0.775136
-0.6722355
-0.347553
-0.299713
0.27001325
-0.518266
0.393418
-1.024833
-1.116176
-1.222019
-0.591739
0.6189875
0.972756
0.27095345
0.1917615
0.734224
-0.492498
0.39078
1.02864
-0.051978
0.5939135
0.12803
0.377692
0.334651
0.3848615
-1.5106325
0.427946
-0.54365535
0.379931
-0.878531
-0.386384
1.099698
0.4996945
-0.807806
-1.017234
-0.1663675
0.584554
0.1001205
-0.30174985
-0.36962435
0.12323795
-0.4262165
0.0367895
-0.0279345
-0.426817
-1.98288
-1.3089635
-1.67671
0.1697495
-0.4636625
0.373929
-0.24457
-0.6425155
1.057897
0.6621035
0.217094
-0.2423175
0.2716025
-0.06494685
-1.002162
0.516563145
0.0096624
-0.862492
0.046405
-0.040057355
-0.2048165
-0.566662
-1.36305
0.1043385
-0.1580395
0.1600847
-0.0406150000000001
0.123724
1.32689
0.877955
0.1972875
-0.7282415
0.1529426
0.06826955
-1.64679
-0.404685
-1.46905
-0.907359
-0.6582885
0.5917495
-0.190097
0.312982
0.45672904
0.044643
1.678065
1.973375
-1.0751015
-0.7023745
0.9077865
-0.3478385
1.5625875
1.1543445
-1.311297
0.0383295
-1.2577105
-0.3946895
-0.034827
-0.8840415
-1.03485
-1.1961605
-2.593115
-0.693363
-0.29078305
-0.4434735
-0.28375415
0.13578795
0.19697885
-0.3427225
1.2577104
0.456731
-0.122955
0.133501
0.1220342
-1.067178
1.92719
-0.346847
0.3793925
-1.28672
-1.1145595
-0.76979
-0.3313522
-1.2649
1.393955
-0.1137975
-0.20903315
-0.677295
-0.1468335
0.632753
-1.3925575
-1.42859
-0.205866
-0.686703
0.0381155
-0.962469
-1.171839
0.0294057
1.0913705
0.754625
1.359425
0.0127682
0.7799525
-0.744517
-0.1765995
-1.981485
-0.2542825
0.582705
-0.2872135
-1.328
-0.205882
-0.8174956
0.17222
0.3294312
-1.0871045
0.407146
0.722947
0.5652985
-1.218449
-0.21484
0.3544755
-0.8983945
0.7808505
-0.290891
0.899994
0.575899
-0.60503564
-0.0929735
0.3312115
-0.1139526
0.3145885
-0.393001
-1.96642
0.302707
-1.5607445
-0.8692985
-0.0575432
-0.4338495
-0.321995
-0.6378405
-1.052389
1.353536
1.783935
1.050323
-0.686217
-0.0358845
-1.91528
1.26232666
-1.311323
-0.38202
-0.2508365
-0.2875655
0.0748425
1.275236
1.0144485
0.392747
0.527972
0.312156
-0.749035
0.2621665
2.227315
-1.03033
-0.723468
0.5877425
-0.5465037
0.7130575
0.09301565
-0.14775845
-0.32106505
-0.00461475
-0.7949785
-0.2719025
-0.6229615
-1.1848705
-0.231611
2.254135
0.551135
0.917673
-0.5359727
-0.399986
-1.079475
-0.6979568
-0.4190036
-0.659522
0.2703961
0.897006
-1.0047865
-0.9852945
-2.32116
-0.74331
-0.3729265
-0.200765
-0.5105195
-0.836822
-0.45791095
-0.547854
-0.553343
-1.6263995
-0.2834235
-2.35241
-0.9875215
-1.771125
-1.31757
0.1355774
0.4817775
-1.051558
0.324469
