min_dist_z
0.0102469558894388
4.19941124029371
2.70458865824921
3.3332417797411
2.15776777457249
1.44883158523599
1.11017659720913
2.27961557197425
2.53035957961206
2.61475293689308
2.04813057158192
2.28026731404699
3.18516883715176
2.10764671805867
1.95381160006725
2.32202492545631
1.97758711829092
1.02589863821109
1.97364263569326
2.75537220758908
1.83101529571768
1.91576250291801
3.05655043496791
0.711525122389004
0.0102469558894388
1.36057952659313
3.54475753746927
2.07435544214052
1.93724711779176
2.78024183280449
2.21565362326432
1.92518390692663
0.838014628843702
1.69421000223811
1.31865665314181
0.700737360801306
1.96917567779398
1.76689598264929
1.11016638992134
2.69384406649292
1.66675500820152
2.52998200281771
1.69107039599154
1.68631978496504
2.67563432825797
2.07781289405948
3.06734144636624
2.45592250326425
2.9414646944678
2.85686172578352
3.49900429724615
2.34804872865787
1.6658983616315
0.0102469558894388
3.20432702878791
4.35965656297998
0.0102469558894388
2.30376247005127
1.74718620501089
2.64862839971507
4.29285834973749
3.01845282413032
1.50055431307978
1.34019952392976
2.63876912635472
1.48303444122571
1.23350009724596
2.82998443139039
1.61803226897677
2.20409257829605
1.34275618925711
2.25345144388554
2.64429318871768
3.36060839717223
1.58803728475258
1.68362439977054
2.50662020064247
1.51094990861736
3.08157325624093
4.20261191002883
0.0102469558894388
0.654957043774564
1.82140560723574
0.589649841035998
2.06016878721994
1.805225258621
1.09838340657466
2.19569732285257
2.28429055268023
2.46305340524216
1.65795708018031
2.63887746204079
2.38827929821521
1.80961688358565
2.21942241261506
1.36016728436476
1.59636473400554
1.86450806235172
1.6221386837032
2.83795344430213
3.75034665366975
2.35168300726358
1.37105564904848
2.68053947175115
2.28722702976559
1.28781051507805
2.44678678117512
2.67314232570385
0.916259803417198
1.85059123522025
0.785746957925102
1.57088261933434
3.63351733966201
1.17285760641839
0.905782620038611
2.29927476851683
3.1427091310264
2.68844166922161
1.29633464134771
2.24095767723164
1.7653111666534
1.37800442010502
1.19822226732084
0.555953555498321
0.457624123609252
1.08740711472254
1.19491470387074
0.579028460557732
1.46163653766588
1.81135091124505
1.40287875766794
1.91065480394618
5.86206768488107
0.0102469558894388
0.0102469558894388
3.40125168469966
0.0102469558894388
2.56926645237727
2.70545147827036
2.19542465388915
3.17249902291338
1.70034723991378
1.61781895990183
3.46610686355892
3.48833536130319
1.91873988782681
0.0102469558894388
0.771643900061763
1.9707469834653
1.85520675622096
0.282687810247122
1.65425807175231
2.99006053810177
3.3518305449077
2.9024221371728
2.70133364754498
1.19344863325173
2.55311369490024
1.46454864706823
2.64925618835683
3.25401364524932
2.08240656168642
3.06782235381163
1.86872630757744
1.44158809185074
4.54768477353715
3.02632950944443
1.61548617840239
2.39131622196546
2.57310079578314
3.03878014294263
1.93986890623268
2.80870547848968
1.43138519941744
0.0102469558894388
2.16906000158906
2.76038675053353
2.5311129258035
1.01779006621039
1.24228458715012
0.98302242695842
2.85677585633993
1.40957457657344
1.06978718645597
2.91288093698599
1.56448719826763
2.04109392568833
1.34799383274965
3.05833352187002
1.23725621271359
3.2216383070909
2.41311361219561
2.20578936172531
3.03105254052656
2.3309459108111
2.04285124567848
2.06093247767884
2.71965292500067
2.65989716966527
1.91239891732787
3.3915319736857
2.042899550564
2.56968314202577
2.36647632355066
3.28358465993761
0.61651875130677
2.72711021707324
2.33050296758124
2.48294657384763
1.17092905662352
1.67401135615499
0.0102469558894388
1.1671986701359
2.16997008003368
2.00923330761237
3.00480738329685
3.70781318546333
1.55093861900068
2.17071592705942
1.54110905750635
4.16934621951577
2.09264434433622
3.44261097332881
2.08533944109007
1.83492543120165
1.76070886051691
0.0102469558894388
1.5270735600892
1.52478479938194
1.74183524595706
3.97492173148565
1.81914562829195
2.33611667633792
1.1225523349231
2.26255520939429
2.61081276360378
2.02517467085777
1.97778184682294
2.93489583479383
2.86289403215775
1.92576590632597
3.6993514873977
3.17265547960399
2.15253709395147
2.19067919699006
3.07938392174136
0.951558087133795
3.26770690860285
1.42010697264184
1.5725259702774
1.316817792078
4.16235250423162
0.0102469558894388
2.21892143111274
2.6256684026598
2.22940528582995
3.72046440191935
1.75713750366142
0.658535543330621
1.44920169287485
1.28450600268485
1.51051063052391
3.41102358526453
1.22200749018727
1.47157778639415
4.05859346245929
2.05278016030743
0.905705009615494
0.860283985606247
1.01859959328942
2.59266056296812
1.89100649252884
0.514014351813877
2.38101389213969
2.25662131584808
1.13577003576142
3.00500874898894
2.16855010018911
3.09163664477069
1.34148718154375
0.801203575877603
0.0102469558894388
4.31636393199736
0.96778667214111
1.25635551399162
4.0262828662672
2.3734066208344
2.61308391531984
2.45851343187008
1.18131181514063
3.46718631499644
2.51258174218801
1.93544951133148
1.41386804744777
1.83198364292713
0.839765181899412
1.72537090735882
0.857615265093595
1.0712826002198
2.26172267218967
3.0622820852873
2.55660391020356
2.38998049716301
3.99122707727925
1.51076695006072
3.43856856513417
3.2829475631386
1.05021185430493
3.84594560483263
0.0102469558894388
1.14940063230118
0.696067012186184
0.0102469558894388
2.3195019296316
2.52230861392741
1.09918598924194
2.23615658498564
1.65544817390061
2.06993891553867
2.15227089707669
1.42190087358901
0.937237073793622
1.49676179786217
3.8094255826267
2.33353886192119
2.95960782249627
3.39917854167281
2.7643617571158
0.0102469558894388
1.08858749144912
1.43892106463252
2.33781386794972
1.946930448654
1.96369034991432
2.2121707005803
3.23467670948379
1.42660769382951
1.75450056924192
1.39226174945627
1.81384429149096
1.51524020819512
0.764729606206463
2.06954335974845
1.3916709409911
4.54545627615945
1.90480034632579
0.0102469558894388
2.89239149559363
3.27549092628688
1.90624403763935
1.15416200094963
0.0102469558894388
3.35233156318639
2.67403876831946
3.32113340802564
3.98946464001879
3.70919379513771
0.0102469558894388
0.0102469558894388
3.03717128216836
0.924686850974944
2.03220908713579
4.70770513082795
1.24292873899529
0.863809975591486
2.83985813485998
1.61128055855025
2.22147048667447
3.7734207952224
1.87306546366071
1.78441375649878
1.29912752876652
1.74430367786134
4.25782791109937
1.9703775883741
1.93850415176736
2.75827458721452
1.30408956092192
0.0102469558894388
3.29832772571211
0.0102469558894388
0.0102469558894388
0.348674507439472
0.0102469558894388
1.03868250037212
0.302108936348757
1.01506859958293
2.58911090491397
1.84442615820091
1.69910854581354
2.59829837262029
1.22638642331323
2.31116832888058
1.05468425489292
2.67125404345845
4.4638403174285
1.23002188181064
5.10063564963493
2.89743369964776
2.02084477354861
2.40028836405919
3.54790225914642
2.40379924167748
3.20101767561298
1.44387194183
4.47141583825358
0.0102469558894388
2.16665228737655
1.42935393602557
2.77093616122807
0.0102469558894388
2.14884379705264
0.882554982209812
3.05386865773307
3.23970013164059
3.53930349434677
2.04284391641214
0.698075849695209
1.70473435159665
1.80350566895061
2.09641369416588
1.8856835798848
0.0102469558894388
4.81506632364934
0.484533601760073
2.79283598540428
1.85696774973741
1.72367936096357
1.87781962539125
1.89141661509591
1.90490283270224
1.80952100160192
3.50871395926008
1.63078623892398
1.97027114610179
3.15372729835654
1.83981727602774
3.21406579396686
1.39704462128708
3.35404270472588
3.20718535458513
2.82105647844454
2.14364787863452
0.0102469558894388
0.0102469558894388
3.24128546453244
1.48030275781141
3.07088588902942
1.06640963750889
2.54020284363862
3.40478890287175
1.81834729515474
2.42977243746992
1.13543410055626
1.98487467984225
1.57321133436166
1.5146221669468
4.40791541750793
0.812385144039772
1.77631146710585
3.18000023309444
2.89758015783711
3.04538690569387
2.22189200307065
2.57945626991173
3.95489662043194
1.76224625548803
1.40563541625235
0.0102469558894388
0.0102469558894388
3.46222453001998
3.36181895038984
1.43077817380678
1.33243279708994
1.8395019993118
0.474084395615684
1.58954900198092
3.74955097305749
2.33553585836207
3.15141450517425
5.87014735267209
0.0102469558894388
5.05389342440007
2.9005098220421
3.26889928202997
1.51658906134912
3.04074160596421
1.08550525594501
0.276001231443014
0.0102469558894388
0.0102469558894388
0.0102469558894388
0.0102469558894388
2.39711673172805
2.6956828347173
1.26277745148699
1.7593985250656
2.91828087107108
1.12165626532291
2.19532016846045
2.82596212428991
3.95413522443999
5.80327808977859
2.12615353168146
2.33783972573243
2.22918217241356
2.78187093691159
1.31217357447222
2.42560655471223
0.769023141863356
2.0337562048712
2.192005122695
2.24573186272478
3.11890862968847
1.43111696118176
1.20028474357558
1.21107657494049
1.25869046088088
2.11382759305373
1.95977889919244
2.39926509949635
1.52437687303927
1.21986302870776
1.15919070135095
2.95295130740198
0.754651628520225
1.36005531797216
1.43973119237908
3.7739711284094
2.44540638686679
1.89254034864109
2.16611015164442
3.36046015159664
3.07623962821821
1.67510949012727
1.23103788382052
1.75264942516275
2.90494525098434
1.59423566481797
0.0102469558894388
4.83844840568312
1.27711857413059
1.64750680891058
1.43310936501907
1.09088899919123
1.69451223302199
1.47754281781311
1.43884777228923
1.75353778903021
3.33617076341615
1.78987631098857
2.57503665730004
2.64750858339215
2.35753723324607
2.21051231187153
2.08694629066025
4.31612973954628
3.08786419291862
2.35059580805667
6.38966003984175
0.0102469558894388
1.64201790221616
1.54121095307661
1.78524076967922
2.26145561745587
2.48344621976402
1.95366927816765
1.81486675769741
3.20775032697482
1.80341219587941
4.58060446351945
5.77964980650128
1.3884558292841
2.38684949308495
1.51820817351793
1.33319482579166
1.13165626179026
1.54397377667547
2.12362470612251
1.54951377732726
3.8884654690655
1.74492137173795
3.95091119757104
1.63245802026417
2.7136145298079
2.17099823577518
1.2226548215401
1.87369737567392
3.0118425501216
1.61829423870788
2.37967869632907
2.40968317476474
2.01210410478982
2.72018724982
1.72441504948183
4.13822034794848
2.89098932854136
0.0102469558894388
1.17044151299434
1.03999194338005
2.58235722940617
1.41220717307685
1.67909399441996
2.84587778952869
1.06701944250199
3.34335220721226
4.88995684315982
3.1635135811684
2.02917119826774
2.99116690754676
0.0102469558894388
0.679335357864848
1.6168867382332
2.17278344914783
3.38939289772041
1.13480497289527
1.80572718354182
2.2533707450794
2.89384056401753
1.80357187295258
1.634833803971
2.35508685058387
2.31312321905136
2.33043528889823
2.12059495073101
1.1888432922226
0.446589720397948
1.62699010262505
1.84487142148435
1.21156953545831
0.0102469558894388
2.04681191203542
1.44532211371736
2.86687272659172
2.3118733640121
1.23995857286837
2.45837269733607
2.98445183798758
1.97555126764898
3.91701382913901
0.826882592229052
1.62798907207094
2.12052139920655
0.943065564483813
2.38068597925816
0.9849223752664
1.6822767320558
1.9057732537359
0.759689013030544
1.0261203505239
2.16675021585106
4.30318947145084
1.75190167760115
2.75553197254838
4.13400952246257
1.5896914742868
2.78537062783957
1.3625008503135
2.36280427415249
3.26521319588866
4.70675421278404
3.20365867165574
1.43891879073023
2.66289892844692
4.11873027020094
1.97110611133999
2.06740540885686
1.24289760896159
1.43524133937403
1.10106932563458
1.45660328102492
1.50791708062585
1.83069235274842
2.01224213533002
0.0102469558894388
1.48516577406271
1.31032473097983
3.15220955721117
1.46793510788561
2.70402209368132
1.59420765465992
1.79245735444254
2.27651169355071
3.14290852260986
2.73893258532813
0.0102469558894388
1.65805271285642
1.94124387535753
4.92557697470438
4.22141873643962
2.91833547831075
3.35004027062067
2.65583637486885
1.94735737551417
1.48485782731638
2.57858211283399
1.25506090467242
2.64907436706734
3.09992813350101
1.83339883155169
3.11970227051501
1.82552998855595
2.11132650649602
1.97561809820074
2.13461000497812
0.0102469558894388
3.10810527289559
1.05105309660978
2.10975975567835
1.33454398184324
3.87857440730661
0.0102469558894388
2.56458882045783
3.587915892359
2.66460536052289
1.06110366295914
2.62707465073758
2.5722217024452
2.72198613647861
3.27005813020369
1.71473620360217
1.70740278149531
2.73461663970329
3.21146937117862
2.03229772568127
2.81144781799011
1.65737202476482
3.00177966451628
1.55930761302992
0.0102469558894388
1.41771041229313
2.8139865534798
2.50347379301477
0.987604915889693
3.03545920356328
2.88813888735879
2.54365378828837
3.29189130290912
1.86243557660131
1.81127951049623
1.45555074772337
3.45853989098892
2.11166656145593
2.06532268558702
1.71474685585195
2.40132480016554
0.0102469558894388
0.0102469558894388
2.39336684770553
1.96719422946292
2.22347438985247
1.41693581336644
0.0102469558894388
4.17237303060286
1.593283427572
2.50926730204049
0.307432995941531
0.657307320941928
1.66681246480827
2.04369745133723
1.31469525233606
1.42564124431727
1.61410708709868
2.71712597921137
2.63777470728343
4.98355436941966
3.48935635133612
2.86091106782475
3.56158085737905
2.31110842115985
2.75444007693694
1.04691061575618
1.42104696686114
0.0102469558894388
0.0102469558894388
1.50775006343894
1.55071205035879
1.65857793383393
2.97007880533205
4.51063490150251
1.63459528233376
2.87588910020783
2.19456012176362
0.76288015050205
1.87717950898021
1.9322747014063
1.38644517249804
0.0102469558894388
0.898415658926235
0.506586874307216
0.494867473112841
2.01959336960347
1.98697305525143
2.16323504301265
0.0102469558894388
2.76284839124186
0.658818672963855
2.18646287214542
2.81737203489364
2.17600746356728
4.50497498262687
2.02141288133569
2.09700750744014
0.0102469558894388
1.68347866133892
1.88728103569889
1.38096850742149
0.87559939331098
4.98994181007734
2.7264715131032
0.0102469558894388
2.9664744481778
2.8855239383972
1.94334049429134
0.0102469558894388
3.01746687142409
1.98065896396017
0.512689090587649
1.25670505514473
2.75083574363915
0.830995105313087
4.00366381972045
1.63846062775697
2.68983950162231
2.81156304784973
2.75469696000252
0.0102469558894388
1.89154150244413
1.47683194470134
2.61121693724455
2.68951464334065
1.82662204659898
3.18822706177415
1.96052385908142
0.0102469558894388
0.0102469558894388
3.13611877704627
0.0102469558894388
1.00301968259166
3.99483284668384
4.28744778730885
4.73560390185668
1.67831764268431
0.0102469558894388
9.17469325241862
1.78509696685059
3.9152474920542
2.90735841136412
1.64768897308914
2.04253488117246
0.974897906689691
0.0102469558894388
1.54606187296562
2.95086532236861
3.44543149711671
2.11220635097361
1.43463731417324
1.29102112393114
2.74777765971596
1.42854134295572
0.0102469558894388
0.0102469558894388
1.82301173724009
2.52199321020423
2.55002491127678
1.98114882832542
2.05813205827917
1.69726379729065
1.61782648120019
1.49021004517732
2.86785635809177
2.82092029304842
0.0102469558894388
0.0102469558894388
1.34638987382992
1.64534474092365
1.65070026847319
1.99872835599497
2.7322055327313
0.7447269240615
2.62366430349542
0.912231350772244
2.3313485575102
3.86849462346211
2.54388386256897
2.09055831810859
3.00025454438558
1.88915077121523
0.880168063119894
1.29086576160839
1.0215780529301
2.48849100725669
1.06950425152015
2.54296912224754
1.07209325556117
5.48379926420321
2.05399876144866
1.85710956406338
1.76098743504807
4.22202048841291
0.824646660153662
3.10296533006996
1.79173741201744
3.1970017108426
1.15314691288324
2.49438362655561
2.14341652597372
3.72274326097054
2.41486809937011
2.06257502345898
2.08213660907461
1.78281191840833
2.00835348322948
1.02461006082758
1.52462886004675
1.12584225405514
2.23392319497418
0.0102469558894388
1.44221607145236
3.022501025697
3.03199371323186
1.72964494606787
1.92776953360063
1.93567759379998
0.0102469558894388
1.55432144880843
1.77592781430539
4.72182944203963
1.230253569288
1.61222064192773
1.51452739179446
1.92497253028265
2.14993445325367
2.5706295669622
3.16245357106868
0.0102469558894388
2.2117962869149
2.60037317201471
2.39967449482114
0.0102469558894388
1.97109365111104
0.0102469558894388
2.2055489730286
0.0102469558894388
1.55136882675671
3.00376278007731
1.57174167002754
2.97986741971227
2.02952333976469
0.0102469558894388
1.99496379351877
1.40431403282413
3.47686982520529
1.6576368008305
2.22995859502832
1.59520399510197
1.84835455266025
1.52902411025402
0.0102469558894388
1.9039872618619
2.54686514890353
2.27635527225852
3.5903975651171
2.00616291952152
2.14605237244575
2.72833323270478
0.0102469558894388
1.59976990287084
3.11453612166259
1.72490780513359
2.31076004568119
3.21540567720616
2.10919171352539
2.36102696633155
2.03114563686913
4.54869537325005
1.14815099387988
0.0102469558894388
2.94206117930228
1.58988099848572
1.27357481266878
4.06668363478869
1.06619668154071
1.03749496645211
1.85709484723409
0.986255476224284
2.21107583545071
1.44609615157715
0.0102469558894388
1.58540722164478
2.10234728619634
3.39356387427407
0.853763095552777
1.17013101991163
2.74318694370751
2.62128908672252
1.77490787912123
4.28304801948135
2.75500937054545
1.43226949308383
0.751349418501314
3.8305815044672
2.41294497793885
2.15667913018826
2.79883594933962
0.0102469558894388
2.3248138329253
2.74175807368678
2.23807915412052
2.3483567919203
2.11741930665398
2.85757030163755
0.754610704168885
0.0102469558894388
1.72153320670006
1.73034862140396
1.04276702449434
1.2300289257151
0.956405304817597
2.30817598215084
3.93835738629731
3.05905139019061
2.52621765035512
3.92161904496982
1.90061091252565
1.58263210909049
3.73820730524871
2.31398820806624
0.0102469558894388
4.09665070920444
0.0102469558894388
1.96415281849997
1.54238564667414
1.1470139061139
1.60053064218913
3.44823536386774
2.6223117379492
1.6949933501009
0.0102469558894388
2.73591275410845
1.37576651399203
2.64411158998176
1.45646173075572
1.71057273585906
3.20388977637593
0.0102469558894388
3.70296096794153
1.33311612791584
3.31762690888664
3.89334720300548
4.40492781204254
2.05039353876189
1.81507732394721
2.85068245140293
2.4798946704875
2.64395972383076
1.9972054923174
1.97493794004799
2.75881719974531
3.88442291132467
1.44298503129756
2.58869224788776
1.64231470812471
1.48894031914924
1.82300707947872
2.2908532744214
1.30968114187974
2.47435058354996
2.25137683998887
1.79298507104347
2.07337381081219
3.09476359222581
1.86854622054242
1.91715515669708
1.6510479306895
3.08205387111105
3.21165978395889
3.00329972680478
2.6772498897862
1.83474033142649
2.89522505012074
1.87368396301182
1.66634788845402
1.13417922216955
0.655016143056352
1.69560553749604
1.92300965743641
2.53328678611848
2.01966860211045
2.15153689556834
3.15125748410483
2.33731362453516
0.0102469558894388
1.16225182884657
2.08798377912506
3.03991781002675
0.911191121751813
3.03277758670517
1.77808009332441
0.0102469558894388
1.38734137033735
2.21804626244454
2.47022727438221
2.07797569837545
0.933818584688857
2.40158431440513
1.63339509304554
1.75542674586057
1.88141034329113
1.26606946836273
1.13189810502336
3.17721420517219
2.58192894692183
0.0102469558894388
1.63305119488372
3.60572289998232
3.43450638884427
2.26032768796291
3.3872970059152
2.14804086405135
2.93260812275285
1.38210468971569
1.61000077484173
2.08008161747933
1.51102216904449
2.98908315331711
3.35602203433453
1.88074462106007
1.64709773957644
1.00154094038554
0.0102469558894388
3.79713473123169
2.56517089260285
2.64376542808692
1.59507448428199
1.83730096170752
1.74693206220616
1.61592721431132
3.02415216584179
3.39105818138364
2.34027619019672
4.02079709154564
3.81247203476694
3.98714930082939
6.06899315460989
0.95581168065789
1.623669056564
1.80467941908098
1.33222726941247
3.50767716435109
2.43050518887156
4.59798463031685
0.0102469558894388
1.7146288331659
1.5268649378368
1.04070016287624
1.34922000760233
1.59009443729623
3.54588242002845
2.09581037459266
2.70557582606644
0.825697901897507
1.20973137962286
0.0102469558894388
2.09398657138328
1.7570736510694
2.50492752450113
1.14998671828855
1.86437378749606
3.83073939711249
4.13349636538186
5.19806719029854
1.59294958906358
1.3406203004692
2.47131946498301
3.24592478276443
1.51489138128619
1.47541699485295
3.68845696367365
2.21050353269686
2.52641542102401
1.95998347292287
1.26836567656708
1.39798801812838
2.629202773244
2.88768091189103
2.96043218896078
0.926976359974508
2.53203035544793
1.35338074262605
3.25452385460643
2.98051478238446
2.56423588717921
3.33871252686363
3.00813040163229
1.03868496024857
1.58501390827974
2.5701543084634
2.58111826157425
1.72104989200554
2.43415892669063
2.00762796859424
2.49640930494562
3.27329845871793
2.69603016274101
2.8435855881401
0.452742562296191
2.80845494007856
1.40950906821303
0.0102469558894388
1.81381467904618
2.47230469963957
1.40134998223947
3.11880179192384
1.27787204623918
2.63214654173206
2.62259684611266
1.31446921820973
2.44356100963907
4.28358218900764
1.46275326217504
2.38376157630688
0.0102469558894388
2.42398136275759
1.64105120176055
2.59658350573651
2.10703627002255
2.04307493431113
0.0102469558894388
1.99054905895425
0.0102469558894388
2.84502104986136
1.92420229082561
2.35190195121536
1.36855812143739
2.47920912226988
1.49314046868013
2.45707763021396
4.89789670079909
2.06743063976353
1.82088479902901
0.971019595632825
2.2600943039643
2.23213532813538
1.39530172339149
1.3162613810713
2.31088646412664
2.78653553925936
2.3160040655316
1.37097419862661
3.28096880996064
0.0102469558894388
3.13927675158322
3.39991679965726
4.10017459683511
0.0102469558894388
2.82629541677832
1.69015117536415
2.9001863009407
1.22737594578358
1.57042755229785
0.0102469558894388
2.60027587298964
2.21467526772446
2.78775720228362
2.0802442641122
0.674369038036581
1.96069564505741
1.59527707983374
0.0102469558894388
2.96145762557126
1.47699614508795
1.89937169008494
1.14214185959167
0.0102469558894388
2.88875914457749
1.30835223413094
4.13473100451211
1.04489998808892
0.0102469558894388
6.64452097921018
2.37598287082588
3.03630883798739
1.92149199149748
3.73168796869051
3.70537446689578
1.83961188744531
3.41274088841596
1.28408255769692
1.16460091303654
3.20857285562459
1.55320273196328
1.73737425550722
2.7803011459862
2.84519960699734
2.84198416223746
3.11098457187613
2.56426630923453
3.18321360185981
2.27642831208636
1.7329781971359
2.02703114504616
2.23856812422278
3.30931106548737
1.40061039386116
0.0102469558894388
0.0102469558894388
4.21663782892721
1.11104603386195
1.46497879137298
2.71033304069602
1.33434197878216
2.357944718633
1.83747298937556
1.35254062906431
0.0102469558894388
2.53337089741906
2.82770815694671
4.7737495897704
1.28082512679263
2.16233734657463
2.48944817627375
0.989957947725789
2.67693520735647
0.0102469558894388
3.72295662718137
1.60428480395346
2.67655974134697
1.88368831189014
3.77111086262276
3.21385255046365
1.72881327077385
1.02317113849299
1.98930778128741
4.10799182080316
1.87473089844315
3.14135678709101
0.0102469558894388
1.70770746684189
1.7480956080372
1.71492264570513
2.48497365201256
2.45727797125613
0.0102469558894388
1.26727409188038
3.52293775017144
2.77330285406604
1.47006900056472
0.961466604383267
3.698236015756
2.79520667858637
1.13622912764256
1.85833735528747
4.4192690165503
1.6263593749087
3.6200870642962
1.18130029353623
1.73346309202738
2.89202096169895
2.59783634163525
2.13927628350858
1.42349913058565
0.802112699364404
3.09935241253428
1.86735673352035
1.69791513181301
2.27300578650552
1.15542951994231
2.86593293989171
2.40497705471506
1.97241881150435
1.7951633582717
2.24145890689404
2.35421971224473
1.98513428368858
1.89699773574005
2.18359963700015
2.19208095322665
2.68663469580129
2.53009412012615
2.99803574691122
2.15611277195851
2.71084743011232
2.05966410288588
3.09517158611672
0.92491717066879
2.56855502412588
3.2952894388728
1.67979810634668
0.789164830052067
2.24412504253342
3.17325017236321
2.12571537125971
1.52475920591279
2.31000278483124
2.24188333154084
5.99338652870004
1.14139075270301
2.50659565078106
3.19946954294375
3.0230988202373
3.28271240982514
0.0102469558894388
1.96069715324192
1.17117325265031
1.29958282815986
2.36852911365535
1.52443063039374
1.8377508431059
2.66100822946
1.12568895202038
1.25669981411177
3.85066871309596
1.79378142935847
2.34292063585168
1.60322644906108
2.04383291516368
2.27605880734403
1.84954667070863
1.09446384202086
1.40657907406429
1.84993033198272
1.3491882623074
0.0102469558894388
2.4824575651293
1.42227473287539
0.681428084697278
2.68828684912574
0.0102469558894388
2.14886817179527
3.96422543463722
1.9616245297747
2.26118242402258
1.90772119405004
2.62792098283592
2.83181421907391
2.60584375161857
3.42797597989493
0.0102469558894388
1.79947075502336
1.11802240283108
2.64616461509599
2.76525333949542
2.93733297379941
3.06221491861045
2.24388724773063
1.84671872348558
3.1278597168901
0.0102469558894388
3.78731215859981
2.01542783481837
4.35207679009905
3.18002513714791
2.41728587751187
1.95283063287305
1.44730794563735
2.30236710598376
2.33238902042609
0.0102469558894388
3.0319422620884
2.69697931938513
2.22503730895476
3.85626861492517
3.30654923584898
3.61277030654531
2.07049608212469
2.84999124963882
4.81563641654219
0.0102469558894388
2.03514259564619
3.86726038544321
2.42951454641583
2.84617025322132
2.54042313047873
2.29104054300885
2.82782851926872
3.63179616920761
2.59244167036771
1.54720860624265
2.38218496541337
0.746992361948253
1.73641003579521
1.86040854634671
1.39895477407377
2.62077374779948
1.39502403765617
3.80134557926195
0.859134735279165
1.96180758455955
3.08912018226947
1.65864180712384
0.0102469558894388
0.0102469558894388
1.63255723732404
1.75908835050244
2.23623566659252
3.31208760208682
0.746424464001457
1.94561681342149
0.550479009613724
3.04261556404785
0.0102469558894388
4.47529081576198
2.5151694147508
1.53490393913125
3.06461855945928
1.36788139859083
3.95077090272758
2.90649631157992
2.93253461011281
1.78577885780343
1.09428910937047
2.57488027399595
2.05486116715017
1.15502778742821
1.92601896381688
2.95856793198879
0.0102469558894388
3.35513901703263
2.36871795962886
0.0102469558894388
1.80107809232705
1.95298036831694
0.0102469558894388
3.09706972731656
2.32882734175783
2.60559539146914
1.45749673729897
1.66845166402971
0.0102469558894388
1.36377967305798
2.26991285953754
1.29825064803677
0.704670560458361
2.3985079050594
2.68036785227035
1.50056560783933
0.0102469558894388
1.5706012368676
2.55325794686942
2.89809361773426
3.37640443545305
1.46600096615809
3.40556118426913
3.25631008137042
2.92119759756289
0.0102469558894388
2.47075939425266
2.26742105300052
2.99123476103167
1.00677594037848
2.45659594414884
2.11097406057729
4.87691506800853
1.660640898821
2.59630702087186
1.45539123581616
1.66456636083469
3.10573762787529
1.81728844016577
1.0063256197879
2.11372357380017
1.97729079052717
1.93444713145984
1.73408666478677
2.88308787475778
4.27187957181374
1.54699149447096
1.31325165779171
3.57620350915583
2.34519996471419
0.727824859607979
1.62427596961649
2.01463982652722
2.70294417067083
2.46354107827302
3.0934462652789
2.0490995528403
1.76177245830681
0.943371143237099
2.15203991795743
2.52662016093824
2.74646932756793
3.18896487193133
3.29382640568203
2.04343184958424
2.44847732980388
2.82820122056597
3.60003072494621
0.0102469558894388
3.11826251404367
2.31441720792737
1.26707783029518
2.53813294387855
1.10631979791658
2.29086323528371
2.75630092781671
1.68706991491283
1.80982320225269
2.51226506062937
2.04577808379927
3.22741748074278
3.23244295059991
2.78859734125386
0.610752112979611
0.0102469558894388
2.16831893256225
1.4612721327272
2.23242086568896
2.76572575513794
1.28506441581006
1.80017948605071
3.46858913140134
2.00802156138555
2.19119083767053
3.42970343232785
0.668481544345163
1.71014289551945
3.60309794817179
2.88749711099393
1.5281457863932
2.41687860887977
1.73662890203368
2.26098563746685
2.59262831666177
0.0102469558894388
3.90497314632244
2.12461523280902
2.37454552444877
3.58823855699018
2.56181004326703
2.42980310500735
3.10595514751678
3.75790332021619
2.7809712794378
2.52203530922906
1.88203454762428
1.91370188587073
2.21708918618209
0.0102469558894388
3.63897592330623
3.31502006263762
2.81153931327889
3.42572383635695
3.51374667585938
4.45527739970995
3.59695545508504
3.2420761404349
3.73342556670879
1.50602380369423
1.98322829646206
2.62282649882382
1.30981907625831
0.936666028605739
2.90394501907982
1.74354984030406
4.15710781784851
1.84495034362958
2.39052963529136
3.89560362846224
0.50275766094515
1.89283085208078
0.981132276253571
3.27212773081158
0.981082918480613
2.2788830038064
0.0102469558894388
3.72986508812828
2.48739603679943
3.99421325403562
2.67594325429246
2.92375348242646
3.10367145778743
3.40460626483906
2.00137009938002
1.87083991667363
1.54252221287363
3.32463545045796
2.66754854762994
2.6625637117327
0.924462805345383
2.3987861162697
2.83476583884729
2.06919057848247
1.55526743489007
1.66768798127432
1.41212584187225
2.44190642616992
2.00466752602365
1.03219189639404
2.51179679510266
2.17442852235755
1.79499831785474
1.02625532149889
4.19890075464269
4.36904457260347
2.16591242436455
2.23290520392937
1.98390230758914
0.828907818770761
1.52845868052731
1.46442748405164
2.42209517460691
0.0102469558894388
1.4176712312461
1.09571074895985
1.59398664046387
1.10650653790833
1.99410428084819
0.0102469558894388
1.85443621985054
2.59891216222784
1.351845866813
1.27567367652311
1.12003795431423
1.43981622545113
1.88824150270277
3.4481245395424
1.11051397691182
0.973098075137525
1.03360732923451
2.46102216936713
1.66405931221424
1.543551165361
1.60499293566423
3.06980986637719
2.92107304202922
1.59867011801711
2.42147045441697
2.47892403032562
0.896470144569273
1.88038152193184
2.77097504230288
2.16016636894552
1.80197810611145
2.28811732056237
1.95910323880826
3.07202021647125
3.7670999954448
0.966229894042224
1.855818936461
1.2985535320664
2.8008214705008
1.99459315727174
3.16126368321576
5.5783549592358
1.11233978406698
0.866220346939471
3.89457098535099
1.86459794438776
3.07508292886051
1.65044559707661
1.62494171450064
3.39082213310222
2.31070966088471
0.737069708265207
2.64506362404958
3.85392202190485
1.7725080634162
1.21498642836875
2.42158193369305
1.77272832872017
1.58814108191745
0.0102469558894388
3.34616459880333
2.93982611456574
1.20130166246834
1.56169971352324
2.44549943873947
2.05345761830068
3.0236346516784
1.84479707837163
3.79366869028859
2.46024845855193
1.74958141869071
1.9313086463954
1.2935964187439
0.0102469558894388
2.5838023766934
4.41600600563525
1.75400812889572
2.36532232059339
2.82897275960827
1.42931557720047
2.25797728576252
1.83697437347518
2.10007169744409
2.04406553390264
2.21371037492924
1.28073170800243
1.45757124144614
5.09600258504901
2.18306389378271
2.85238003174931
1.78074584569619
2.76160324519334
1.51765369508496
1.33459171505145
1.19839101759629
1.69074574869062
0.0102469558894388
2.6140883185567
2.0104963712223
3.24632301465013
3.3415236344469
0.0102469558894388
2.08708000382065
2.8849678655574
1.27743760286887
1.76341212440754
4.41529653278474
2.42058748527722
2.424083150058
1.56722759935728
3.44378938178958
1.88487122214504
2.16302352996754
1.24022412036308
2.34358778132181
2.48290920194017
3.44749190406669
4.7064680594085
1.05828649473119
1.21478175233432
2.50817047524961
1.95496935457261
1.07962955234166
2.01876730718897
0.0102469558894388
2.7103255882349
0.753380193731505
2.07683020523551
3.84453304384313
2.92792771209617
2.80858460920984
2.32174059697267
1.04924013193418
2.7638264485684
3.23589826548442
3.84405502039858
2.57692056673972
0.0102469558894388
3.9233514496929
1.74405385812708
2.93899042272519
1.34589043934376
2.76570242987822
2.30832562695333
1.92602034774983
1.8349708673393
2.34863098113996
0.827260653480064
2.75304316625724
1.192205276716
1.89058322816358
2.24184560143258
3.58912496988642
2.95817871947639
3.94385061438779
1.81295907230231
1.69815618809112
0.0102469558894388
0.0102469558894388
3.694861241427
1.87589984858972
2.54924002161563
1.73034542179058
1.07923827553013
1.36294615093204
3.39902779314176
2.20916762194732
1.70233156928803
2.1062924386752
2.05312681987251
2.05090645108741
4.21982143577936
2.42330811587741
0.796785142606487
1.39607109684685
0.0102469558894388
0.0102469558894388
2.6177251203474
2.3679026733366
3.12227772747925
2.24705061534451
1.37042145707832
1.08092939170047
2.50910928305394
1.16058494482388
3.3970093783841
2.30147035748037
1.33648862709404
2.13959938835066
1.99685989937505
1.25985020255297
1.36122308643981
3.1970598878169
0.0102469558894388
2.9180522444131
0.562475848138165
4.33768737836816
0.787509108857801
1.61493071505662
3.24976429920954
1.20225598381099
3.32072079805432
1.10863386553519
4.16673057497306
1.99578090549959
1.18350068135655
1.89328175827197
1.52096421959749
0.0102469558894388
5.59663800825447
1.76758431932615
3.64179473280748
1.84127814517619
0.0102469558894388
3.53363148619841
1.70688813738832
2.00801666201795
3.29827324369455
2.01670870347596
1.5711206019454
2.1395665663804
1.18083771266258
1.80206993489062
1.08443992869691
2.5602051220286
1.16262364908327
2.37223465016719
0.790019444281827
4.28680286789542
0.788044778026163
4.16627555712626
1.85088548626086
0.0102469558894388
1.55779138996629
0.923676432742292
0.0102469558894388
0.0102469558894388
2.32169529819098
2.52213479712488
1.92550927659892
4.11070450963611
1.638248030046
0.0102469558894388
2.18485006591779
2.57467800508823
2.34678422310379
3.32182611041526
2.14862606676474
2.51169910419171
4.19825540957733
2.46371456414039
0.887206139548575
0.942924328006302
2.37736311590912
2.13833317472091
1.54877705432574
2.2046256961251
1.48735021697988
2.20798396229218
1.83888331778241
2.26692282018757
2.77214386832364
2.40374087708777
1.27182164830159
1.74414831465006
2.39879770336627
3.74150812404621
5.27357143778881
2.46980160023603
2.43980261790657
2.67379575368097
2.88440150246397
1.98089983249556
2.44483668040657
2.15485045633406
3.11868040433993
2.1590170235073
4.01391740375693
3.3890303180153
3.12883940790065
3.04332884261271
2.3999228422948
0.860161605413647
2.45610869252928
2.75304725835913
0.0102469558894388
1.35757962762184
0.0102469558894388
3.19346559131946
1.28636586083964
1.75870186998635
2.5447983627085
3.40582356296486
2.21281225467965
1.24082367899842
0.0102469558894388
3.14118000737777
1.88579656061936
1.9218226796958
3.31312639074291
2.43294544812754
2.59091365686499
1.2511438534216
2.31082826693265
3.1144682450414
1.66451607390694
3.13529978277937
2.55044704346939
1.43003937266601
2.37126176413554
1.58048807441213
0.785037759516823
3.35160110398337
0.0102469558894388
1.59168491088842
2.3838819861201
3.37396960698718
2.17630738648766
1.03925311867636
1.72397003895798
2.42234289105239
1.98183307222693
1.58144656122775
2.1590067521689
1.61195886199808
2.15804478938376
1.94162875205723
2.70263971279182
0.876601867539472
3.8708390811855
0.0102469558894388
0.0102469558894388
2.98530686356338
1.33721993767262
1.77894312346048
2.48570149095013
2.27544402262795
3.01258119232117
1.98649015066728
1.7533301258223
1.71495757824618
2.98246309997091
1.53375272156608
4.18467300250564
1.26819649845531
1.65451721059992
1.63736323242932
0.0102469558894388
2.34647284737988
1.25207352783551
0.736708939140221
1.13769615817581
2.97125414250067
2.16079223518347
2.14379692936907
1.82318418672223
3.01771985181164
2.79776330548444
2.10180780326057
2.30797997221895
3.39433675597767
3.23000053781876
1.87711461889096
1.25559255631479
2.27858395079291
3.15608196988611
2.33132851990691
1.23462750784715
2.36186975843807
0.0102469558894388
4.91081888327752
4.15279077200624
1.84414891799514
4.83385384218579
1.86562076053592
0.0102469558894388
0.885562336036022
1.23595841305138
2.83778164474046
1.39980560181254
3.25578852768615
2.89646104762092
1.39574191274184
1.73249790790987
2.32739230433153
2.04931139878566
1.52422331355146
1.70508341684072
1.20310388568317
2.32436927007974
1.02318702038219
0.0102469558894388
0.949792561689943
3.45738363769571
2.06323899538314
2.81371502504801
3.78762821854679
1.11047793079532
1.99717131067487
3.2298990888451
1.3237585984672
1.16936091988402
1.03851077135385
2.68887672590439
3.07719659906106
2.67603124163276
1.2185787780193
3.3063477183139
3.76514761068956
3.20044785082977
1.42545417325135
2.47359545741415
3.5196253891364
0.0102469558894388
3.24206821218017
3.27818759122569
1.07738175747786
3.05382447904908
0.0102469558894388
4.99866123153024
3.59340864068884
1.87364320218853
2.23106687469809
2.74201812059613
2.37341112407684
2.97507884050043
4.21130580285331
1.86918639436048
2.47969202046242
1.64897391207467
0.621246586719766
0.855951742788598
3.0123501534659
2.24415304639142
2.15909125786881
4.21000262365773
0.0102469558894388
4.4692861271563
2.42236914048145
1.37991179955674
1.68603425159975
1.03009799550825
2.24447030737693
1.9903354429322
1.9635106252847
1.30035991733391
2.95750555773141
0.0102469558894388
0.0102469558894388
2.17222179241405
1.51725804279166
2.74320142116211
4.25377918879263
0.427624204312982
3.63569024772938
3.15771090205733
1.87157201023595
1.38706120978673
3.2897514416271
1.40100193128034
1.86761350636422
3.75003083663057
4.35726042784098
2.63762611243272
1.40906590336184
4.54413054229868
2.52852053117336
1.85012346336632
3.47639209318932
2.29562274600324
1.67563866697358
3.04119881772545
2.33069907275527
0.0102469558894388
2.23043695313615
0.0102469558894388
4.16503720000813
3.37265467587374
1.09195169390904
2.47818920415317
2.31470783955992
2.61317065326132
4.95082712308625
0.0102469558894388
2.19010586721157
1.45249620150375
2.65757687665684
2.2349552550417
3.29661815520207
2.7963105309864
2.31242408934224
1.53941049973576
2.30725648043818
1.33945243515259
2.05074494599059
1.9304642490348
2.59486124456023
0.0102469558894388
3.58153759927854
1.77538529977722
2.94393560772105
0.0102469558894388
2.03845131139643
1.58185189441911
0.882751025614959
1.38026251839101
1.83078438504644
1.49233872654569
2.26845399011252
0.0102469558894388
2.4045570289153
0.0102469558894388
2.5660526988305
4.10320000216284
2.29159790585281
3.51442226485167
3.35918131862423
1.6548615818458
1.16464585571562
1.68531597253125
2.98162562686717
2.19495725260851
3.87370337396641
1.54596204176674
3.5905511564178
2.30211475215361
2.27544986021132
2.61961707839356
1.95733967113937
2.11580806473651
3.63654045731657
2.38050069991885
0.97301229920807
3.07572939065749
0.0102469558894388
1.25156781451167
1.88888565379331
1.40985947610526
1.08598705595431
1.27060120065948
2.52878935585312
2.22223740883579
2.32062563983943
2.20248828545922
1.56136469176601
2.74213573740083
3.56141036668787
2.09583592755562
3.57353330047931
1.90040189221831
2.37677085953896
2.94145813451293
0.610983454764766
4.04162329907294
1.68987953563082
3.47457262123218
4.95744629540638
1.37176467486056
4.14385063173666
2.82240429787839
3.07856730995869
2.25015068271124
2.23497073775473
1.59225279870933
3.43058626819525
2.64789737732277
2.95690504133475
1.58621201259837
1.56393731560387
1.46744008761648
2.4747830665823
2.54489978624678
2.53617699300067
1.64519456007133
2.4974935783769
1.22889994647727
3.29259754128684
2.62805697588542
1.64574281354845
3.03424711272229
1.74354572209814
0.0102469558894388
2.63119871178412
1.15276970034664
3.35709163988071
5.0440417670024
1.17299030877754
1.53824992349493
1.6705930230273
1.96671242048075
2.4328133448943
2.74932024932466
3.30259459774282
4.21144545286331
2.26003162242135
1.77371202806754
1.82669025252018
1.65283130190144
1.95561654323313
0.620107215174693
2.49995539111583
0.760673895775765
2.46948542844892
2.76105524982382
0.0102469558894388
1.91456966978019
3.01148542130123
2.33369642659281
1.60296752857918
1.70152385002933
0.0102469558894388
2.28574840775208
1.66294572383801
2.07300494331586
0.419918967599985
1.06235203559529
0.345460569071325
0.704072081204631
0.0102469558894388
2.45362684163725
1.61127019264487
1.74168479718072
2.07473466229048
2.65677183468634
2.36091169181275
3.18168150423491
2.87099739398981
2.83306988944701
2.7437256576893
1.57447219932638
1.40388819176598
2.1868812636934
2.87442839040934
3.04717049623447
1.55450813691631
2.9721178057876
1.76900411958022
0.805136516149322
1.96956028696109
0.840315368272648
2.51741707234962
2.02139777123133
1.46073825903225
0.884664475229694
2.54374810632472
2.06789076978811
0.611515321623519
1.96151510723823
0.0102469558894388
1.95911586298732
1.72431912642738
1.62038462048624
1.38375410375607
2.69733208098882
2.54541273390055
1.03313111894195
0.652978863418327
0.0102469558894388
1.327496532275
3.05467205817321
2.4421908436869
1.12846906723397
2.14131578647499
2.41891965694067
1.66390241574353
0.832921994783129
2.76347240660236
3.33122951365016
3.84075903874764
2.40758030914075
1.7525835679188
0.0102469558894388
0.0102469558894388
0.0102469558894388
1.84609621863262
0.0102469558894388
1.24890342552433
0.0102469558894388
4.06619728104635
0.359396886471466
0.0102469558894388
2.22561545061471
1.56392323586601
1.71859571439084
0.0102469558894388
1.68898465181703
1.43969778475611
1.34306686133312
2.39074010881092
1.1244288463258
2.81758350296626
3.1709427727004
2.83391377024182
4.75799197579963
1.51935875046128
1.63271018848499
2.97158026602042
3.25816083628591
0.880482853676449
3.18386017037836
2.91399330716489
1.31527132040687
3.13198683572385
2.60812573875273
2.66230407111195
1.4766850771825
2.3007128267939
1.38130009999412
2.35775222621287
1.93266289076326
1.11011127763242
4.32113591658981
3.40246360736326
3.90530927541274
2.93865154539709
2.11497849757983
4.00105035699198
2.51238285552578
0.0102469558894388
0.0102469558894388
3.3992940386309
1.89140349362331
2.02675891531247
5.46105683710493
3.07419079552954
2.24809982488712
1.61209070233653
2.46546714674939
3.4185363919041
2.79531572284562
2.05441948395647
1.71777176957518
1.07604854292923
2.72386527978549
2.18371396298921
1.35601323480223
1.4243085066974
2.08583963116482
1.4049106468597
2.02121390141218
3.79874364626486
3.7674647687661
3.33360901688221
2.9757918581103
1.00856745110136
0.771931986724203
1.97888262951518
2.47933067387388
2.87661708460692
1.64708362395178
2.39899077567525
1.19508950848655
1.64055736452085
3.38214998563123
2.80364486956341
1.36141166566849
2.49831024425752
2.52863185803648
2.72293282631535
2.69053815307422
1.12121679190965
0.0102469558894388
4.55888807382008
2.23211452018382
0.656520623881674
1.88767189959977
1.55440415098822
0.0102469558894388
1.67730111061395
3.91177696097898
2.3258466226839
1.26966376004063
3.72017419972915
2.1121176137548
0.0102469558894388
0.0102469558894388
1.58005466120833
1.36622948693715
2.4564772910287
2.63111126120276
3.86420780520398
2.40658528272546
1.59541182682481
2.74774389755009
1.08457910788297
0.0102469558894388
2.28992519005113
1.48880215987997
0.0102469558894388
1.68575447539748
3.2117119155618
2.82935408501922
2.46967099594856
0.939712191854076
1.89903013632822
2.48200711666472
2.48511706087357
1.07618521152338
1.45639826931274
1.31220587141412
2.3774588943479
1.9099460766596
2.21108590241295
2.73561362883979
1.62601556285584
1.44088431112057
1.42795612794974
0.395030502256651
0.0102469558894388
2.43325205702567
2.65538610293117
3.41050502479741
2.06569040489904
2.46042997947867
0.986041199619061
1.10017008936586
2.20608169111056
2.76001790077076
3.88809782492075
2.74503619577815
3.52459193392977
1.5818029040744
3.26883900786029
0.0102469558894388
2.1053076439006
3.21415199042191
1.69796504351033
2.50431041535608
0.981283797729259
2.03148941730561
0.0102469558894388
1.82183655815066
1.464139943286
0.0102469558894388
1.91954371389354
3.78916973177776
0.0102469558894388
2.32436028012646
1.72121400000751
1.78147770074589
4.4481174363112
3.76448278954948
3.2927918458288
1.12613161868897
2.54815078124588
2.74104827823648
2.41362994203604
3.25624083788808
1.40326910344676
1.56350539022213
0.928749191507608
2.52651786000443
2.26660973005378
2.93289829574867
3.33399208967312
3.68485958778893
0.0102469558894388
0.649101939243921
2.4167274343709
1.35933579067814
2.03152306443334
1.99459263697351
2.77268106498246
2.56734581819824
3.23648071683804
3.04794068086471
4.04025087844386
3.1115069304395
1.25846797153168
2.04835666453198
2.68653465599042
1.43660460817102
3.00165815915991
3.12675938499748
1.02532891767046
0.0102469558894388
2.39587087637943
1.42515489992364
1.31817724856064
1.60106698442455
3.13737722291934
1.38891590516932
1.83040193155026
1.58733595601446
1.434757987325
1.33796204200382
1.15756132409122
2.51372565018078
0.0102469558894388
3.06422464022139
2.61428100476168
1.53542659473508
4.4876752900805
1.51186495378756
1.90280912814124
2.05028934649606
1.30812073055949
1.63647889009125
1.98833144490294
3.2551878946543
2.99488561685591
2.231177425257
1.61952318763596
0.0102469558894388
2.0826079497829
2.58816052519886
3.22281843382808
2.86873906175035
2.82641548753755
3.13855123759266
1.71875231621078
2.78594220740873
1.86359079628706
2.61737657295841
3.74361626577495
3.30906603460348
1.67127974790345
2.46484884695822
2.31364126027655
1.82059559542934
2.80731737614238
1.37855864658258
2.1390646953891
2.04852744911133
1.79502093294626
2.439771493395
1.45398814487378
3.69660620192033
1.61637107746992
2.18102167380501
2.03093615340123
1.21742703928269
2.02179005965842
2.44952927558564
2.78850086828008
2.11670899266683
2.18944810804479
0.0102469558894388
0.963518052571078
0.0102469558894388
1.39063841255721
1.42603759951064
0.0102469558894388
1.21588003688642
4.14709018727631
3.00224134967985
1.03999194338005
0.0102469558894388
1.34044731018165
2.81517921928626
1.26551387860974
3.14552354851754
1.34980674458446
3.52033015762973
0.0102469558894388
2.95454193244982
1.63053127435115
3.66362533420808
2.54213157597137
2.71733665447814
4.19746591263393
1.2711130991805
1.35032304669336
1.70940223831347
1.57112778811771
0.720567772644023
1.87411336752092
2.54516150569959
2.45561836402477
1.88293266875935
1.70866045702928
2.02354071800187
1.30177020186704
2.76967705160994
2.12808867725505
3.02842497436471
2.33802484353465
1.76919989525934
1.55717349680876
1.16565428631306
1.48440770761799
1.93675381373317
2.75502552815555
1.64567757878623
2.98768537341867
1.69879052341993
1.690522445779
2.16544150443721
3.99955458976133
1.49226063505264
4.07498297286
4.70225926051795
3.59365900329924
0.0102469558894388
1.55004192804698
1.68011794287633
1.2151725208792
2.14424373601949
5.51612691518177
1.67140496575559
1.47640605073138
1.11103550100169
2.35764151359563
3.36123651631731
0.0102469558894388
2.40220573269622
2.90619335319755
0.0102469558894388
3.67461678147072
2.38490855714049
1.23864774578968
2.2202735764893
2.63310288706428
1.12991862234199
2.2878603277308
1.93396087043749
4.45097937780649
1.44139798399086
4.4580768364528
2.69665510686935
2.41733122598542
2.40134996888879
2.71642778891697
0.0102469558894388
3.18206663220981
2.4881426488753
3.29145917594335
1.56745891189626
4.53782377758229
0.794012986010775
0.0102469558894388
1.41203353722293
0.0102469558894388
1.82663694479297
0.0102469558894388
0.0102469558894388
2.62912972156871
1.12028808131764
2.04161129327542
2.06120678649982
2.91181135017086
0.0102469558894388
0.0102469558894388
0.0102469558894388
1.13865215759863
3.58480779932751
2.1263370010202
1.3817790224901
2.08029210986732
2.64334313690383
2.44801572963167
1.63069190835754
0.935406369967724
2.41039162234146
2.70817864053471
1.57117269870165
2.75460225245486
1.59161832589037
2.90702938862253
2.29489257873016
3.59638047400603
3.04900551140344
3.06183177576356
3.17020697319502
1.53820928213873
1.990919835697
1.41959273055349
1.60267833609867
4.04589461662813
0.758307526544424
1.70380086843223
2.1652554138533
1.89520062374155
1.39355022143114
1.61468105541431
0.0102469558894388
1.67514855798475
1.64157805670662
2.73913234482783
2.42461219870575
2.56530818122685
2.27411565085629
1.52950207138698
1.93133211159624
0.0102469558894388
2.65042472193484
2.40068298929065
1.49768692111359
2.00848251688993
2.82160750633405
1.81767342596337
1.94300644098509
0.881822011411754
2.31339639362294
1.68678206177762
2.00535246518412
2.14763435492791
0.607370891492495
3.09315619253309
1.24756647047937
3.40222321460593
1.97578251403184
1.09221955954758
0.661451101621002
4.73947622427931
1.3561814050096
0.0102469558894388
2.23916596539413
0.718957923878177
2.48576574901195
2.84518525397908
2.43334782967422
2.02194169330107
1.52339836677965
1.42646440837639
1.36071947481016
1.44503401495599
2.24493653555095
2.23438463404144
2.08159455037245
2.36599014354065
1.64881334343954
1.76953528983437
1.41771557518234
2.84140254754395
3.34701123102165
0.758900365599287
2.83426771427488
1.42304844669146
3.76055806123161
2.49791120829977
0.0102469558894388
1.10617682947324
1.44751104880934
0.0102469558894388
2.35242424601291
1.99260045926981
5.75085242970332
2.10673102948951
2.22288296625771
1.7953517354783
2.55774680763985
4.02137378284497
1.79114343757077
3.12596381485167
1.38167811977634
1.74219468869933
2.34940328115367
1.47675503920115
1.3526405079952
2.68047143774738
0.0102469558894388
2.15992403478817
2.31824759745529
1.35503838810126
2.15764137620222
3.07880258169116
1.19969184767834
1.17532286175412
1.87752099921229
2.92586675423028
0.582673747751336
1.52612036522779
2.14265386989389
2.88407872182785
1.55006143814701
2.55040163707108
3.7630924412838
1.97717911219019
3.08509646680008
3.91725981485451
2.74569688392791
3.45759523565664
0.0102469558894388
1.57758941901787
2.93304140482268
0.0102469558894388
0.0102469558894388
0.449647057501113
2.124981698509
1.42460884756841
1.83702105607893
0.0102469558894388
2.26208522562069
1.7924341971841
2.68789703221826
2.36871735038639
0.0102469558894388
2.21805564973833
2.50015133732436
1.91733296053691
0.969173376287215
1.77391590171907
2.38519903821934
0.0102469558894388
2.16446718801111
1.75915653318748
2.38661622724205
2.2329401181276
1.79985064134769
1.92354085541908
1.96177228474578
2.79498311796611
1.79254234840103
2.18283632245394
3.70480428304711
2.34103755642948
2.22569826327052
4.83915827033674
2.25706568869825
1.81051473211968
2.50779900292058
1.72337791462478
1.11420260031608
3.02584446222193
4.02912535426994
1.26750319681108
2.71437245784777
1.87886772250551
2.55449479376955
2.7638178429641
1.74102657519108
0.853535134162319
3.65088343883068
2.27038778484018
1.45350782801046
2.3501661617066
0.0102469558894388
4.31426521624748
3.24976838963277
0.874649030044547
5.00004450423626
2.89399826281925
2.90425347065198
0.792123197764201
1.96154802780937
1.30388794345763
0.712361441447796
1.03606674851203
1.3712167914732
1.29421543857892
0.84258686479596
2.2980363725976
3.80418343259652
1.87525701448499
0.886792514517125
1.83679232023681
2.92409145372564
1.54499154402869
3.19187586266592
2.99942869451214
1.94706682074267
2.12206305479827
3.10930959710024
5.78190563442569
1.06198871282441
3.22479522282641
3.62857054242154
3.43643715361813
2.38029933836959
4.29556338126073
3.65274636884109
1.98424196218884
3.34357105989878
2.05194998382246
1.30438877735222
2.94454861375703
0.0102469558894388
0.0102469558894388
2.49521868917059
1.68918178771288
0.960503220485575
2.02542566725002
0.666826757812548
2.70191669347342
3.57921273163314
2.24082408084932
1.76727383756874
2.57771559718847
1.41843186637481
2.3174216321905
1.81081504813219
4.87889821785805
3.12445131797899
2.76230478858217
0.789969715239721
1.72801511175865
2.0967337082227
1.62893326611881
1.34532190009021
2.08785656536864
0.0102469558894388
2.53691516237448
2.80288101309904
0.643961428600949
1.51109415868646
2.70410695781929
1.98081882097728
2.11697025752177
0.0102469558894388
2.81419801458328
0.0102469558894388
3.83089524118562
1.00073546078255
1.89926569098218
3.30008129905212
1.84069983939037
2.26062111125801
0.0102469558894388
0.0102469558894388
1.93260916308748
1.25396772586694
3.80265459227344
2.78526431356381
2.83018424624318
3.26077517977727
2.4914076913539
2.76620330331834
2.92736672422546
2.28207577858646
2.3251017937285
0.876762789819989
5.57895691321583
2.28708105025407
3.32449060859591
3.58392138306298
2.51217754863959
2.79212540303138
3.67058719280311
4.09353073101658
3.43126724950674
2.19730104488252
1.24680508059539
1.74366417699027
2.21964111789646
1.59833898975694
1.8289069071208
5.10214723575176
2.34835603763899
0.912499648569052
2.73595629574033
2.94916214015558
1.8307776952575
4.57312459768088
2.23194559156958
4.57151113370239
1.74659395349199
2.00054266069469
2.14216471942708
2.26598317338363
1.671718974896
1.40935730368044
2.83090506803192
2.75407355045024
1.06204551570972
0.0102469558894388
0.0102469558894388
1.16432516751405
3.84512477730999
1.67304023729955
1.38240149249453
0.308177329629444
2.34795707150414
2.38604782507256
0.0102469558894388
2.72750258279209
2.42173910310275
2.91794348206773
2.16184544189453
1.25326607158796
1.7903814912255
2.26178697806203
0.991927095151777
2.10850629113135
1.33899796930429
2.06718367357222
2.26957765157046
4.75307720600234
1.95665951271406
1.79440798232829
0.941699211561564
2.91043596392337
0.0102469558894388
3.0599262291156
1.99794645969609
0.0102469558894388
3.36386470003456
1.46020555266714
2.42924709946832
1.90807501527939
0.0102469558894388
2.30131261963113
1.78151400003032
3.22931035552806
2.87029699120549
3.64174362718046
2.1013045489007
2.45249580340583
1.99238264326868
1.70097750243769
0.670449051189967
2.68980547997958
0.0102469558894388
1.82091450168249
2.20508319873587
1.86477479554211
1.77571563819708
3.69015448332004
1.74370969114504
2.85765079433361
2.77082135150235
4.02496606630782
2.86904729613272
1.18503873750171
1.28368669633176
2.82079281149916
1.44106200721001
1.17701767803899
2.70327097667632
1.48878877489114
1.83368329581687
2.66820832357291
2.26359405820089
2.08592036715977
0.0102469558894388
1.0609845559103
0.871638780255225
3.64436548173002
2.02819350748544
1.56846115512575
1.18022642763487
2.72645816654974
1.12639460397211
1.22121634240357
1.28091805596199
1.71306707940774
2.78156168424819
2.10433819130411
1.55540807689653
1.38423627923388
2.25603086133867
2.45542696722929
1.42400274835684
1.22930783445429
2.59428860088647
1.76701286269479
2.69021531081788
1.83725178927223
2.55177916079125
1.91244549857284
3.42253957208045
2.32933798000032
4.22491900615841
0.952728101800496
4.09200321974478
0.662540489156658
2.35944161078188
1.50077512432136
1.8533642297651
2.10110665666386
1.48894358793207
3.41148137874888
1.59280636443615
3.03897216085897
1.50413051745636
1.77558929000972
0.925101875883281
1.8172557741314
0.386383143805729
0.822016914109647
1.80995683730829
3.15603498447941
2.02258539319764
0.0102469558894388
1.1486198816683
0.0102469558894388
2.35476122600949
0.950016562414967
2.33177597597471
2.85064594329161
1.31519826143435
1.72132561663225
1.02084107426448
0.0102469558894388
1.84635175661406
2.01052802759563
2.58302942042469
2.08953073142719
1.60032565338756
2.56569082550318
1.06605126423961
2.02532195200481
0.0102469558894388
2.01253911641372
0.0102469558894388
0.0102469558894388
0.0102469558894388
3.30587680111627
1.90613611167019
2.18568153691513
2.67195046602021
1.03542779016464
2.0791055496992
0.0102469558894388
3.47586160632849
1.71673093721216
1.65935075152488
2.16150894168583
1.7595660250152
1.64698944775844
1.63716284097643
2.45352794565685
3.90365592115512
1.24527293171723
1.18708974701905
0.0102469558894388
1.36343116891188
0.0102469558894388
1.3313303290082
2.42166462616078
0.470240581646348
1.76694330074173
3.48872843609461
2.99398860168804
2.68020797949822
3.28711300719905
2.07042449607194
1.39731182734659
3.92505498795422
1.26266848765584
2.60062249411592
1.56452992481319
1.74917043010938
2.42615889609581
1.93504382592036
2.00538423322286
1.78593644331653
2.79625313117707
2.38659737090846
1.88320506905572
1.66641940251061
2.52962284237997
2.91124611843969
2.61639280444341
0.0102469558894388
0.0102469558894388
2.01180983342393
4.08782579963125
0.0102469558894388
0.689337284229227
2.08971785160531
1.71829527971291
1.3981098382607
2.06967843549717
1.3701758936748
2.28298906055333
1.42860663402113
2.32338990002647
3.08482070071533
1.70100793438949
2.03910121938483
0.0102469558894388
2.90332280993586
2.36941696966721
2.98503756671174
3.12319937612919
1.73563558882226
0.0102469558894388
3.73319667691572
1.30910196787079
1.51841546902065
0.15905293631839
0.184948526414913
0.0102469558894388
2.23961418792276
0.0102469558894388
1.80335969530031
2.62129173836346
2.02391792289028
1.84584862009657
2.09865293454616
2.36665119098092
1.84023828959147
2.29728241340982
1.14644802513218
0.785174757129803
1.54551431700817
2.17404330089376
1.4142106534127
2.89561634452416
2.57729678066237
1.72224181262034
2.36295988072046
0.0102469558894388
1.12419427472713
1.70764192576113
1.32467149541529
1.46196814902002
1.78092623931111
3.01649053313734
1.91560156459031
1.47569727675887
0.374721903495825
0.893304411536544
0.69998340377892
3.11910509211263
2.45179981726433
2.24917404790828
2.70252694127297
4.21738965315711
2.46474282305592
1.64473926183685
0.0102469558894388
2.64915421560302
2.0065556322185
2.48326305148513
2.61352862350259
4.59532838713163
2.15687107091725
2.28561798633618
2.05305367114282
3.02845652641493
2.354031424957
1.96035639447211
1.89442345945161
1.883012513476
2.01484210347455
3.04622027474365
2.04313236336567
0.600095121893249
1.56730625547798
0.576942409014346
0.0102469558894388
0.454347333169877
0.178793320418909
1.1215426644476
2.12539205878857
0.0102469558894388
0.724452336082445
0.844400662550519
3.39417641262661
0.0102469558894388
0.0102469558894388
0.0102469558894388
1.49605910853363
1.25272011621901
2.81923422320451
2.24084698968043
2.46706863009481
2.72199693963727
2.3294537115904
1.46333159390239
2.43118974633873
2.46544274403374
3.19464803196449
2.621175033347
2.16511105125443
1.5679275607799
2.09217803421315
1.35399848633279
0.0102469558894388
0.0102469558894388
0.262525963899638
0.0102469558894388
0.771374327183478
1.4756645272858
1.3534300841688
0.587978870874091
1.66055014711719
1.47077056474221
1.03883365288602
0.0102469558894388
3.57112394041539
1.02492050981103
2.01665626470123
3.14337304158314
3.44901256035554
2.46288395007453
1.17258646201162
1.26095777338417
4.67247528066924
0.824885902464895
5.18778366471726
1.77509534544611
3.09344732822611
3.02567698925187
2.47676022818596
1.21793276039491
1.4056990933979
1.44697219260321
2.28850795988631
1.26019184298392
0.0102469558894388
1.77309270729783
1.80031190301456
0.0102469558894388
2.04999102064582
1.5270058592324
3.40779536869031
1.68679977872505
1.83817863500228
2.86365213301054
1.62450883618666
3.11833939391063
2.20639700269619
0.0102469558894388
2.89572106741736
4.23278631639367
2.73515133115258
3.18776038611645
1.44619217628443
2.39450915716128
2.12697270152815
4.48110377691235
2.24008594900902
3.75899016278856
0.0102469558894388
2.17624658050333
2.47136418416251
3.73273074527031
2.50799649903959
2.182911359484
2.5868007954923
2.18290024387983
2.99657851122643
2.46211750779682
2.82231688197101
1.72296008298581
2.62578434786737
0.0102469558894388
2.26016762023626
1.51948459575817
1.12305392038413
2.27408128030889
0.0102469558894388
2.04670128244347
1.14871688910818
2.97451138787529
3.92833462305221
2.19923207897179
2.5610107078856
2.08731261214149
1.84059347496748
0.0102469558894388
1.19167802045859
2.06674574309446
3.49738182315195
2.45790348883892
1.71008375125338
2.11549840282921
2.99779783960312
2.62257884058958
2.42730673117552
2.44398209385535
0.0102469558894388
2.81312752666209
2.31754251252836
3.18621759252164
2.49248360363061
2.75334333042763
1.09341911429417
2.95771779281225
0.938735067774011
3.22193749708998
2.61699994167506
2.21513899447396
1.79259384876567
2.2681386560356
4.52086187047198
1.37050149819125
2.67331900012025
2.64788577125591
1.32860504751992
1.9728586819657
2.56958031460747
2.03512420843559
3.82881106469108
2.08323618800055
2.18693624156254
2.49967786683006
1.19800644987887
2.65240160155332
3.02748753641331
2.20831418425969
0.0102469558894388
3.02543379810618
2.16251435882502
0.0102469558894388
5.15487281386492
1.40242604909073
1.57741167578271
1.98128462540515
3.30376117484164
3.28337683220791
0.0102469558894388
3.1240263102148
3.81855809171284
3.57212602200061
1.40553701756533
2.16937130467763
1.92880017962177
2.17034327247565
1.53336763736147
3.20874582760594
2.13828970383201
0.176147039034296
0.805087895105414
2.39159757119556
2.12454186711522
2.74763972774617
2.79135664176302
2.58718762566716
2.86214698415507
1.94487036858972
2.15993529075359
1.73942078009177
1.72902683934132
1.89172618585195
2.5964365367251
2.5705541513347
5.09157081658838
3.92281578240706
1.09316941699013
1.4433995306916
2.01504119211261
0.0102469558894388
1.60487585063186
2.09174605484173
2.03530432096069
1.35516567684944
2.41070976396773
1.34264194357167
1.26331507906053
2.2654140716125
1.33653274537957
1.38175852409037
3.98595715894492
2.20546937390905
2.30420197094713
2.1882251667235
2.62878003030818
2.66390534694653
1.57198715227911
3.33181758460352
1.674342177023
0.0102469558894388
2.35445016075538
1.82722447171551
2.41145847976082
3.6065394517834
1.24544671130919
0.822205253397228
2.76099487489837
1.55122317506102
1.87135573140874
1.28889615755684
2.13149665820396
2.29519712583658
1.60643968423592
2.48683394764663
1.69205014584714
3.5264892357522
3.07409418022967
1.37822779542948
1.96711133737308
2.33110459388402
0.913592633601537
1.01838277766093
0.805864426160787
1.58494101388509
1.92366559021789
1.93882422362911
1.88945818151107
1.68175635420143
2.69751057038141
3.01247963306367
1.81430645139784
0.0102469558894388
2.31226047677838
1.50823937764476
0.955278303269204
1.57171204731999
0.905634635660054
2.0656170050089
1.46143978575316
4.77950316756068
2.35108245622294
2.30610920989027
2.21306195840009
1.19270763724213
3.40665277787961
2.08139567836412
1.66602184073734
5.45060181281536
2.67140070008561
0.0102469558894388
1.37712918988735
1.78370828690061
1.68488684431855
5.68899364207622
1.2165953129761
1.45263646068423
2.00670448232316
2.08385508427498
1.82885808953388
3.74646007914658
2.84310287743288
1.19409700544537
3.27513858073529
1.52320441662172
2.46749666744052
1.55611369184211
3.77477434037001
2.1497586054605
0.0102469558894388
2.62018183956625
2.46584897402997
2.3313745472863
2.31109132612937
2.95508628032059
2.3801992340977
2.23984587605651
3.48453656655358
3.54549350010311
0.680124072834554
2.79184747724839
1.03717015458184
1.61479324271528
2.03020919313315
1.07379033662418
1.54101693854979
1.73124723026786
2.16211340050323
1.54368898557295
4.20586234343448
2.15075882011005
1.49448632668384
1.33036508145751
2.50123455732052
0.0102469558894388
3.19111422689009
3.68592238617081
1.13041335449152
4.25669286330736
2.59174499050494
3.20203806422001
5.97559127592246
3.30059399924808
2.34492413356532
2.90433422625337
0.904346216536762
2.16571170903235
1.45710987850566
0.0102469558894388
1.04832170622046
2.95094174469792
2.77790526677925
1.83049499701939
2.58420476960692
3.33147901514481
3.05743392926481
2.93013777178068
1.06679343299263
0.772384205921346
1.17722051309781
2.70485396423225
0.0102469558894388
2.21830010096613
0.953688645105443
2.58282375158218
1.69315106409359
1.13960544129578
1.44318724079384
1.83588876907496
0.0102469558894388
2.12719252971711
1.68807504488238
1.46542700147334
1.20874800248374
3.65013026260672
1.35660467377003
1.79563094890336
3.53799485822075
3.09703575728934
1.2607788619552
1.94694227073087
1.59379675488183
3.35917623621494
2.27892885800067
3.07600478611655
2.31382378617392
2.29006030907621
4.24428277561018
1.65942056813998
1.79110591263005
1.92695205632137
4.31108141250072
1.2384604443161
2.00945116061491
1.14571504219577
2.17355887248253
1.8527005558492
3.05293271076616
1.75171611276087
0.0102469558894388
2.0321400092712
1.82598049469284
3.89871130266602
2.58530264623446
1.90942449275538
4.87779823871455
1.36482445674798
1.59434786487003
1.58068518238891
2.93930218262047
2.09130122717063
8.45643740121197
2.17347933586943
0.712959605836629
3.00839078310514
3.60516411258631
1.70110209277497
1.52694300466998
3.12575762618955
1.63443115937971
1.33988555202028
1.6774094559606
1.57066034124182
0.808080832806577
1.40828189520854
1.44754777497544
2.87576682858119
0.99424392737574
2.57161226205967
1.13861400644202
1.15100532773051
2.46383181820218
1.6777093811975
0.854644932672839
1.3959014416293
4.91546999630124
2.76557019591744
2.55018365471406
0.0102469558894388
2.03166619669217
1.16971479776795
2.28719182201444
1.68848205691253
1.80529091489085
3.38380694280627
2.63501714107244
0.0102469558894388
1.65641794305523
1.24477072037145
2.38864125857565
2.20542534154449
0.6170848500498
2.8394869044365
1.1090914050962
2.55336714791407
1.07109531510346
2.77821602338468
1.18046743753698
2.2082556718564
2.46784176831788
1.92972681395891
0.0102469558894388
3.21467457663347
3.06270544518789
1.55883120519617
3.78966915603792
1.03711907379323
0.0102469558894388
1.48809446144267
2.58399915465487
0.0102469558894388
2.56682510622081
2.39381701796952
1.40808129103273
1.83357731349163
2.85145888882785
2.98570418359885
3.09445696988892
2.94438810011374
3.20570934432736
2.89119852704309
1.43516120797475
2.81484133795609
3.00080120320536
2.43381999024928
2.51473121034464
3.20510772960689
0.941717290426002
2.85764667310949
0.0102469558894388
0.0102469558894388
1.45275316724682
2.00241570881185
2.33126654594349
2.43523374965673
2.06710887073937
1.61186133025112
1.95060351720726
1.60032877934557
2.29710501958282
1.13228384086701
3.85928173849494
1.14718637821186
2.99374069999134
2.02480846400079
1.99558133579033
0.29337284162498
0.0102469558894388
1.79657514576802
1.60070827480787
1.45755533034902
1.29501811911533
1.05812160527877
2.9204448174922
1.26439262392938
4.46429073228379
1.74985129955547
2.65247932699502
2.45905839975906
1.70388516114651
1.15410894560158
1.26535421500859
3.09208617598095
3.29151909051094
2.68287894197554
2.36822962319565
1.26736500319066
1.49193753323043
2.16830604064546
4.52627029267451
1.87826555369946
2.45682150173598
2.75167178780611
2.51151319784408
2.51573444476176
1.80004472300257
1.30539310728113
1.82508496348932
3.07025407682641
3.25260394649623
3.47962683330112
1.95769828057657
2.88835190642881
1.95883337437808
0.0102469558894388
4.79601217961647
2.48555139629428
1.90420950280024
1.10452672715928
2.82103514104645
0.998901208560016
1.95636531488868
2.48417817092813
0.0102469558894388
2.89745363143727
1.67497445702062
3.28329863721826
3.47373086502717
1.5909935714157
0.941625348923652
0.0102469558894388
1.59825328886008
2.34419225569339
2.36508410740062
1.16683520100771
2.20133890702865
2.26711099293945
2.41047528450475
2.40271944433478
1.70836377735912
2.66941960241132
2.49239110065443
0.784148714329108
2.4879540939015
1.81873213507281
1.99163958735574
0.926288979094604
2.2923920782197
1.77376585923269
3.35349308643415
0.0102469558894388
2.89848901336001
1.80928000301727
2.96760889372474
2.28256673157955
2.29641628300953
2.19708732968272
2.59911575201792
3.1629153949635
2.29574042781309
0.928001486591405
1.50113016945689
4.0891905934232
2.47293833946115
1.91196551947971
1.77898361045487
2.10857390061929
1.98131879889707
2.86776550837519
2.41331415819211
1.30789944866069
2.65491950523832
3.81208386295881
3.03275504992523
1.42115875930472
1.705550591113
1.52027117848623
0.553862073496274
0.511834689164819
2.78066716086478
3.38935243213758
1.70772878692525
2.16826241794506
2.10653594385459
1.43255238193262
3.48987031889737
2.33944738523852
2.28124899369676
4.36709459158697
3.05653232197538
2.85195772621278
2.10036527014324
2.53236738382792
2.91407080788009
3.28338163693013
1.4873024959602
0.0102469558894388
3.1862893478108
0.0102469558894388
0.0102469558894388
4.17011388784153
1.69374188527952
1.42776131210445
1.31718445624918
3.63543733173882
0.838215864346729
1.25285188658657
1.48897292896257
0.0102469558894388
2.12567366523805
2.36391629111371
3.39119339616813
1.37452731372697
3.57896891294897
0.0102469558894388
1.91715167304932
2.54864387573186
2.48307430876561
2.46102486331659
1.64959620526678
2.71664189757482
1.42949150873274
1.26320439728076
0.0102469558894388
0.0102469558894388
0.0102469558894388
0.0102469558894388
4.45987074451378
1.12967141027464
1.53564817672635
0.0102469558894388
1.86365311082811
1.43516318378994
1.20112651271721
0.893252675301999
1.07891398954316
1.8378944420232
4.17704703778863
0.0102469558894388
1.85194610298612
2.35773994488223
1.48111199898098
1.38542235686927
2.64779674646325
2.39605296957007
1.85988917507653
2.40808674364463
3.0046015962604
0.992122496040542
1.3954811825532
0.726027554667136
2.29542107875935
1.97576292169607
2.13201732273928
1.38597374866976
1.66068616601261
2.39809883985464
3.12334187506894
1.83875372120439
2.36155299645518
3.63363916716946
2.68453100821932
2.54331148434951
1.65742640303473
2.54958599068084
2.04000267916461
3.81683809214509
1.77825918297806
4.38653943507984
2.93034801791111
4.07027584020486
1.20288291639882
0.0102469558894388
3.70929721827806
2.81266996873663
1.73479269381402
3.13315060596518
2.40616846351783
1.73276796131576
1.81403290666255
0.0102469558894388
1.5243026520139
2.32772437364998
1.85502136027066
1.78847296866597
3.59789963504837
3.74207333454362
1.61240621410001
1.35440830207776
2.57202665629694
1.91202248345798
2.34227019095472
1.03955544434311
1.34246312463817
3.33423670548076
2.55495277069219
2.62235807516106
2.03843247484758
1.95119690467934
0.0102469558894388
3.10721319706271
1.28722698300077
2.33936591492067
2.69751875468218
1.91462271533343
3.39141080630096
3.03050800030206
1.75388434574607
1.0632933608012
1.94154598260923
3.37312633786075
2.37176662464769
2.76089878926398
2.08486358255158
1.28700770353019
2.14899570935943
3.29052664868997
1.55277788748953
2.75861681039637
2.39206097894641
1.8968867267389
3.18128326394191
3.78956799235137
2.9043422229269
0.0102469558894388
1.24225492186463
1.99277804441046
2.26620411842509
1.97738918666663
0.967968951283572
2.39736875438852
4.61118756466351
2.78540738435265
2.02118726869658
2.76882493710397
2.18673730895504
1.76531230202837
3.11525273286326
1.04332377273558
0.665358215850193
2.49963986597666
1.24449711462596
3.53239905252982
2.79686191387533
0.995612309506866
1.49403971075107
2.48058128311904
0.97436207857076
0.0102469558894388
1.19534352897798
1.80524381070406
3.77730455457752
0.0102469558894388
3.02912975437371
0.0102469558894388
3.73524383125388
1.51652226156292
2.17695976185258
1.84561411988944
3.50458663717543
2.41064705050487
2.42058158428105
2.23677932627135
2.52712349431361
4.42083773251033
3.061767064027
2.1631924482449
1.28330608886923
2.0499344876142
3.00003931401481
2.80393410500393
2.20884537299798
1.37539771978961
1.36957530310792
0.0102469558894388
1.53600900883337
0.0102469558894388
3.44800094700716
1.01566068505601
1.8498082022718
2.61913715608403
3.74853074020208
1.55015961242321
0.0102469558894388
0.0102469558894388
1.92301399684573
4.27263247684536
3.23234663596031
1.09303926389904
2.16453471252745
0.0102469558894388
1.01275722210038
0.0102469558894388
1.13547546152351
1.70932494487307
2.21845212094982
1.61511697967616
2.88307944339158
1.94138203568197
1.58393330981222
0.997187655671858
2.34424221019476
1.7880455317972
2.43052039490858
1.40807032320526
1.40658471724017
3.20225554121158
1.84796946209089
1.19760868238991
1.49357134053605
0.0102469558894388
3.41891868509817
1.86779460643107
3.90614240098536
2.94125494578712
1.39240981245918
2.18280676958595
1.27523096670884
3.68365094797398
0.0102469558894388
0.0102469558894388
3.17891442656144
1.18622274001504
0.549168385182379
1.3814771460374
4.08629028430867
0.0102469558894388
1.05117009797802
0.0102469558894388
2.02125142536433
4.16778061020258
1.93121828254814
0.0102469558894388
0.0102469558894388
1.78041349616291
1.4083123838493
1.60524503723771
0.972047203039657
2.10990180274786
1.27030017428324
2.3312040722207
0.0102469558894388
3.94858783005752
1.56539395712022
1.74782985809039
0.995499804673127
3.37086465554933
0.0102469558894388
3.05302067278043
4.94624351835817
1.56118906478856
1.49960868131262
1.73140900598373
3.46831079366675
3.1739670447907
2.30657776775877
1.39700218321046
1.49559169062509
2.45641861851251
3.01389498194223
4.38909421847102
1.42410069042808
2.9876966358119
2.18498844048369
2.35475590412073
3.05176913293643
2.04404627959391
2.74507513307022
3.00379276342024
1.57251351028451
1.67164616320276
3.33237700327875
2.02778229623924
0.0102469558894388
3.21825066615072
1.79171863267852
6.16267020457248
2.0619914465882
3.99478317323394
1.72647667718548
1.58303937359495
3.48992739115984
0.494908153295935
2.34407032115445
1.1864442892133
2.15832047405767
2.15061213753443
2.29195113788641
1.97708270603324
2.80788927048313
2.47158124227499
2.60895567900579
2.50490611167633
1.95364981445242
0.0102469558894388
2.10046705644003
2.68372891440719
2.01904645304074
3.67127246053274
2.22718380054347
2.97706570482617
2.54838073559313
1.89041305756076
0.0102469558894388
1.66566839009652
1.97423851850873
1.77192257418687
1.83606337521145
1.97110493134783
2.01249335945564
2.94206667732127
0.0102469558894388
2.71903059725838
1.60100115367812
3.19287006686992
6.3970724099252
2.89954119514304
1.84829845191825
2.06726732616592
2.83887543574006
2.56487972281596
1.673870829526
3.1785966549983
3.15924497243305
0.0102469558894388
2.15890089402668
1.74236675960684
1.64768897308914
2.51285187441168
1.66470401392466
4.56242515543731
2.36870386024447
2.57114358889065
2.09586547550226
3.06704433697746
0.0102469558894388
2.20623558166163
2.33283245899587
3.74786621123717
2.20113050609686
1.49785988385475
0.0102469558894388
1.56442557445989
0.0102469558894388
2.1611993249052
1.22335268329358
1.30639877868594
3.17340209164213
1.35877944103131
1.7813988334408
2.34589793827704
2.11942204220955
6.22890801577694
1.78876722671797
2.34072819787987
3.02740873787423
0.0102469558894388
3.39629783371056
2.16185038512479
2.58459852379257
2.23200674155587
1.01768545225389
2.40410620977177
3.05727280918131
3.22814433533431
2.22514313351843
1.16135836029539
0.544507274865792
4.03906334166378
3.17684647555957
1.67319835835666
3.08067412855263
3.84994398123118
2.14058771882842
2.67299303903217
2.15466889921135
5.07956682580891
3.51692714589759
2.53755541356606
3.02667231506489
3.17771555630279
0.0102469558894388
1.51370716197578
2.29898441475416
2.84995072780697
1.87848510306451
2.37496843962292
1.1884756007892
0.397312865719342
1.67699085824297
0.750352861468019
2.20777885132996
1.34539285529983
1.18952556719688
0.906653300742077
3.21436184173213
2.33845997740394
1.64948676754401
0.939125966698005
0.784988220055615
4.61262029098319
3.27473771470083
0.735670666310247
3.14818795797609
1.85357343883281
3.0485720386914
1.14104773825388
1.2774032241526
1.47020413401947
3.7804538154126
2.97828667512417
2.52073783023838
2.45623319741343
2.81749335981996
3.37160766789613
3.02207741602168
2.28411968068407
3.42932795922458
2.0036626560571
2.42369596539804
1.19546307659344
0.0102469558894388
0.0102469558894388
2.18324176527199
1.17522736892289
1.7854356481959
0.927976178048691
2.66279473029256
2.81300590429652
1.97877555532636
2.54463303167428
2.94817794265889
3.98369115321411
3.0928265203359
2.50354426105269
3.17416859201991
0.956522463649523
1.61234308794796
1.00493699441242
1.10009541810616
1.80114658872983
1.61110508839918
1.56117274470208
0.0102469558894388
2.24820290989102
3.11498913324684
2.2900341523975
1.46322949583095
1.89412661460197
2.09139772528313
2.10832236695025
2.3070800013357
1.19928854874903
0.985197345217645
2.37352769761103
1.7431911380515
1.36049289699067
3.31790026088406
3.06244445408199
2.90180898926931
1.93797320598468
3.38991907049959
1.67510401203616
1.49091954158757
0.0102469558894388
2.75047221288125
2.12146640223871
3.8762637664804
0.0102469558894388
3.29218146422963
1.15301489366974
2.20479549201744
1.40207035435996
1.42858410256174
3.80759927543418
3.59199926767137
3.97361337128706
2.40952261827083
3.34371168293003
2.53444467910653
3.43767359214973
2.10969603810562
4.64455315485746
1.42142436455773
3.30247406485589
2.48314744845185
1.92440536434744
1.61465387404278
0.0102469558894388
3.08073539054042
2.21000120646905
0.849468365985424
1.71741834721654
0.0102469558894388
2.53280520917622
0.0102469558894388
1.09215679820261
1.35407485742064
1.60916877407316
1.42863193053373
0.0102469558894388
2.14754457977312
1.86992726714444
2.40937971611698
3.02146195545398
2.1168096071588
2.19272478668425
4.3242560725745
2.66055496158296
1.35103899470802
2.50271831445994
1.71631763516317
2.00512322514223
2.08910480219604
1.18878351359754
0.560749815049871
2.57166637809326
0.998747181368089
2.01494176563717
2.34969665407009
2.64036445112363
0.928678976200692
4.19063197463432
2.03534464587937
3.75913284647152
3.30734895623196
0.870415771801247
4.22875180156488
1.84578963435564
1.9969576344051
2.8415815030313
2.38715290525501
3.95246184443876
2.51280053878232
1.06757906152167
2.47344176585389
0.0102469558894388
2.80975875994752
2.12946606279804
2.63963030671491
2.52081727528278
2.17909207935429
3.72670826279038
3.24557371126087
3.2324140836489
1.33025110877945
2.00981128333558
2.60671360396145
2.43329019533796
1.87445860002253
1.73211790815233
1.03962294071993
1.85516836744442
2.86217698021553
1.93196867506848
2.52548426026921
3.68303558205039
2.08290739085619
0.0102469558894388
1.55031555048315
2.98234096910832
2.60928513901498
0.981309296261023
2.05457372473063
1.70045381106091
2.77991126317636
0.907154452684418
2.57932692959623
2.36188494810822
2.4422739389162
1.89447443343213
3.20021184963444
2.63184167193245
1.89954300122237
4.04026673254489
1.97297820990723
1.29726381661966
2.40443896935808
4.12344123730402
1.78219820738265
2.83780374689094
1.04563832680028
2.56905393946851
1.67663483845663
2.34950172441017
3.12391352364139
0.0102469558894388
0.0102469558894388
3.59886849269952
1.44263492417454
1.28732194840052
1.37505953323039
0.629814231388616
0.0102469558894388
1.47189194091646
1.87444884960673
3.33396254178804
1.94605365783716
1.55396665206253
1.6638500630298
2.16990253240793
1.67084089285498
1.69983568573495
0.0102469558894388
1.5253122827722
2.06008928455125
1.6141132972006
1.98772699787522
5.99348659472218
3.01886396312378
1.03107028712605
2.0900489579321
2.36041231045503
2.4720559829895
1.17900551945667
2.15087983032502
3.33116376275501
2.9190152708017
0.0102469558894388
2.23159920049075
0.0102469558894388
1.72717989523627
2.76951513859919
3.33333402390554
1.90628505307083
1.84409446431198
1.00612596806792
1.35679884770249
2.81081145582908
3.50307551379569
2.43777146275157
0.0102469558894388
1.48062218719745
2.78362477943273
1.77681273156312
1.81490821301496
1.35446307909301
0.867296596632202
1.81976556528798
2.04831921148877
1.35446762274938
4.47061749493656
3.26733267321513
3.1419419544588
0.961478137698253
1.06930614112793
0.0102469558894388
2.70846100644854
3.3417557256834
2.69338433819617
3.55255117631428
2.23035549911995
1.34969394412406
1.5752210660196
1.93691108504806
4.01808228649261
1.37738686627416
0.0102469558894388
2.41940437058357
2.29356259169059
2.61047973127111
3.50737026793751
2.40375765895078
3.7516032408544
3.13786449815783
3.90824027149664
1.88895299711472
1.77900109951049
2.03090916195408
2.20861464360108
1.88644658616145
2.32049676328524
1.36303691684224
3.04575444597724
2.38272799850457
2.63201138390829
1.34935693326003
3.66959218340442
1.97272879835684
3.33414615356795
1.59422469476477
0.906462437976369
2.96183693027737
4.40117725648572
2.13220072042022
2.19650912182624
1.89715819198613
4.24169499368593
4.24865778344464
2.27015216400691
2.64572029743195
2.72436458114416
2.24568764606309
1.44951515198998
2.73048907908334
2.48339995090257
3.61784291570412
3.47120665586865
3.62354507324196
3.8104481906984
2.55309905515954
1.62646319153697
0.752146031393351
2.06618077228918
0.921610649845619
0.630565691465729
3.88363432100448
1.42484082206357
2.61114871301141
2.39651692579192
0.0102469558894388
0.0102469558894388
1.626519325227
2.86007117997787
2.79303350085036
2.54275232653667
2.04087302271665
1.81935155211549
1.79874880764045
1.65939160959465
1.67045761615482
2.3307245086128
4.04394242620911
1.8724833925678
2.29430869525798
4.51832320016146
2.12562318143349
3.50310718854873
3.64431004766497
0.0102469558894388
2.38303714995759
1.66825115931503
2.2865208676169
2.29692658426906
2.98503618006978
3.05488637625302
1.33965908087216
1.81567135424099
3.31231066729085
1.67464190991263
4.24879117822666
3.95968779486437
2.60847432795539
2.24512153117942
3.91735527268814
3.24612538289246
1.15681130101321
2.53485294235115
1.94453439825382
1.0935639647066
1.69470225734317
1.55775124096962
2.71871308051501
1.40436111086703
2.64095398468247
1.00758860247223
2.8239154503025
0.0102469558894388
2.15719300999931
1.47934595627386
3.75090952127768
2.00022538416424
2.40774453748944
2.84067836379876
2.60061894801966
1.75356539636855
2.21972227653788
3.29636313998944
2.7202919209203
2.40902550176631
3.0362915440324
3.5288394178702
1.77275582874263
2.18845484891619
1.70304115168703
1.36829018256324
2.5212113492217
1.1274159384771
1.91882685629478
1.42392519920188
0.775651234534849
0.0102469558894388
1.36829632450503
1.17803658882508
0.0102469558894388
1.80237015503013
1.73901097804231
3.72343943080516
0.0102469558894388
1.78525360502132
1.96460337088422
2.12672376877169
3.85846996161561
2.82154107584264
2.18502254428551
1.50081264897874
4.29481091932734
1.20324127869448
1.29534190888558
2.91256100489616
1.74392096336534
1.91013902278997
1.84297492041586
2.06365006687984
2.01777118850022
1.23953054734445
1.19848930158133
4.50007635052604
4.74370239625035
3.00753070565419
0.0102469558894388
2.76579641939284
2.89339648881057
3.0020536495639
0.0102469558894388
1.31577551367981
2.59081576978787
2.61559809162081
3.27244947716373
3.38804852870754
1.54804392244819
2.16515302047689
3.52398411037758
2.01830239553981
1.15673823801276
0.0102469558894388
1.02847911648497
0.676932735825346
0.896073326409869
0.0102469558894388
1.97408051441139
1.64731818864636
2.84851388014101
2.12898010336947
1.17387417474903
3.15495010755722
3.28211248287841
3.18259046290539
2.05018995382404
1.74372114479701
2.44630707968939
0.0102469558894388
2.32048073206969
2.44705104087888
1.57123173129745
0.0102469558894388
1.44022702507671
2.62151100763347
1.57602309898748
3.97214097623889
4.03503404360495
4.37042686861494
3.87534151947059
2.99236747533621
2.70958370557151
2.1583985002677
2.63263526607149
3.48999869828728
4.23220476634233
1.51562126403965
3.42600609655106
2.49761974581335
1.58771717852059
3.48746729165317
1.99973793624353
2.5007515178807
2.31701092071245
1.84085846954198
2.51386249848399
1.94755650548113
2.91973316475929
1.14505772410154
2.51646540335645
1.22941702194719
3.98784428984948
2.38601630435632
1.69654558824132
3.07027342993343
2.94151277950379
2.52353597247684
3.43057956023877
5.5086163989366
1.64367234882669
2.66026469630107
1.26410313331505
2.08432668238628
1.13957708561885
0.597706101228465
2.40858747793714
1.65699873585022
1.7073934761253
4.02625267835893
3.24377343245857
2.46419945062882
2.75108346029737
2.63871134819208
3.12710387747564
1.89013719582207
1.42384157071135
1.8161342294109
1.8526223606687
2.12606884605998
1.84594663744916
3.18020490311692
2.20074344425285
0.0102469558894388
2.18711564265599
0.0102469558894388
0.605214429471091
1.93886601797686
2.23748809008132
2.88794183090943
0.955321593577187
1.74620235315754
1.83543411316377
1.10682085794547
2.6937860519264
2.43962377121059
2.65349935353385
0.0102469558894388
1.67545504750592
1.52488755624191
1.36999816958229
1.74725535597494
2.12551887350924
2.61169619035666
2.07224336916438
1.59828779870584
4.01544454129237
0.0102469558894388
0.0102469558894388
4.31341217905949
1.97309342558483
1.23861111068455
3.39162040612835
2.00461861242704
3.74167378463182
3.61880529603434
1.79451005816788
1.70110929828651
2.62187841385217
3.10253011620263
0.966857430599001
3.41190097064679
2.12682177878071
1.61276825250786
0.975155118424647
3.38138762698954
1.14109853712701
2.88998111678541
2.42465101625126
2.89428403896081
1.99721900228632
2.06952278444673
2.84460243619119
0.0102469558894388
2.28662175761585
1.30079302220304
1.79336757966142
1.78618099556013
1.28486841368784
2.2209894881175
4.04165016313577
1.20167111333984
1.55379724357425
3.8718419242702
3.22784348798498
1.98058972787246
2.82327954434808
2.11581843873911
0.0102469558894388
1.92366232682731
3.00844753991871
2.08017900223495
1.65643114986659
1.77024252388979
2.08025461730878
2.56564045347804
0.0102469558894388
1.44045565853882
1.24803628021469
0.0102469558894388
2.33146119918365
1.1650290523912
2.27747402963042
1.04397003151788
1.33239010612875
2.11904059804651
3.67914301227658
0.0102469558894388
3.71762922594621
2.94277664472512
2.36099469931737
2.54506115843079
2.51192816525662
1.00268364921856
1.00951326704761
2.78244747455572
1.96713002947687
2.42238947062041
1.32677900139538
1.70043741550731
3.42957871103557
2.59156676638959
2.17246585126798
0.0102469558894388
3.12346376621624
2.52654964931129
1.72358846952693
2.24846479344885
4.41019993854974
2.27255072782942
0.978976000269463
2.91854544372797
1.11902590471936
4.82353451709484
2.86813192358958
1.86373698179193
3.65056939240443
2.28906471527353
2.09301702762222
2.55130209417156
1.40143435574636
1.87029068419595
3.18681917807347
3.651648128971
1.67440996482762
1.08054878967877
0.0102469558894388
3.18838981733866
0.777442643679221
1.51133679859778
2.64218111161331
2.25347471985184
2.35092794437107
4.64939494682558
1.87806697257144
2.52170098156026
1.28453861028945
2.76523296056231
2.51270783512926
2.73514551927364
1.56523424540231
1.81871903227511
1.71999447337183
2.67576962223571
1.52999367459345
2.71267615223901
1.55355440046135
0.0102469558894388
1.08196867098297
2.6818075265149
2.98413512610634
1.6889783108044
3.68681311220643
3.50282101614415
0.0102469558894388
1.93235770093604
2.45915416956784
3.05341457029937
0.0102469558894388
1.75159447178796
2.22936330150351
3.53967489409373
0.777291390647762
3.04094638702226
1.08543845136167
1.15948980853484
2.41034827147316
1.65407136496176
2.89926192309726
2.09710771860253
3.1815983835654
1.85112234665946
2.34086847254289
1.96663919560033
2.16456911916555
2.03344859272686
3.19843182200311
2.39564035567549
3.19559144278357
2.51479747872974
4.14253044517346
2.48100069942666
2.78203259621381
2.61381886999692
0.982539000992776
0.0102469558894388
3.33399803907813
2.6757457074147
2.20090712014807
1.28801089566617
1.17049781019973
1.63068482538895
0.0102469558894388
1.33069539070218
2.19304519744197
1.76166700702195
0.0102469558894388
3.76137302652474
0.0102469558894388
2.04261573532157
0.0102469558894388
2.09156596395682
2.10901422999601
3.44963817301029
2.2656211669811
1.55948797249038
2.24347658741381
2.69915669477581
1.7160177417887
0.239979239279324
0.0102469558894388
2.94577023716232
2.52017791826971
2.20521802423364
3.06331074885452
2.38922710131609
1.47424872610047
1.53958325774139
0.506097667867133
0.466849080347602
2.92642880348407
3.75294204421923
2.04257071411825
3.31520433485284
1.29842801138456
2.72797998350213
1.43564089923487
1.84033804154336
1.0587068944673
2.58104512539462
1.69560021200213
1.42076310718371
0.0102469558894388
2.22877046715145
1.69719622900667
2.66882226379196
0.940675117485133
1.87553030149074
2.37897052186981
1.5365785915393
2.64798281449662
1.44034326470694
2.05302736420254
2.6517830723349
4.92749321079369
2.32214973071676
2.16266888209128
2.33532054246926
2.28897873249888
0.0102469558894388
1.49186732293838
2.61712011169303
1.38975199188876
1.82228838674362
1.72305992007824
1.32135509774989
3.93220948872688
0.878735040778984
1.30852095787017
4.84605659261645
1.6264519215321
0.548441827282587
2.77963234057829
1.80846769602024
2.63602571325507
2.2061769032484
4.33387965554384
1.77502664528856
1.40179001589375
2.89233944286152
1.95279761486075
1.4961312852665
1.22929450195596
2.76463401552276
1.65051222667524
1.51548258839098
2.74562400147099
0.0102469558894388
2.06025976895989
1.84489491322999
2.79871962755895
1.2583385434913
1.39947524990767
2.07620112522526
3.76334203560183
4.24805155930722
0.0102469558894388
2.85742674936434
1.77243750692651
2.07147747550298
1.52065707630842
3.11651856300659
3.4705854392108
2.19394365104812
2.36797601452317
1.3097522841972
5.61973089484988
2.10526007693925
1.25454018300018
1.92976877129866
1.60566986910239
0.572526442347708
1.64182420783366
2.13509085052884
1.90661897310261
2.45066377543961
4.5510792751087
1.61660945068136
2.51200058073736
0.0102469558894388
3.19955718953963
3.86277563392304
5.36912583875911
1.43333721725122
2.39170000165631
2.29137638074361
2.25321037434934
2.58700396340018
4.41673349340012
3.58118211479384
1.0206614884847
1.13549800825993
2.02785562186424
2.72526071781367
1.48557472485132
0.0102469558894388
1.64295406489678
4.11795760227099
2.6870985361002
1.32608655959401
2.27996756819356
2.86808638208195
2.03870218970573
3.55651261766022
1.37876780459691
2.96093604073187
4.15281265829288
1.61256758169253
2.45084350362825
1.32998347076173
1.68391933617735
2.67007164029997
1.60223516331931
1.51178019243045
1.68305871325514
2.16196677982332
1.82549631429174
1.15891135125345
3.29186009921217
2.35824281823388
2.67840671009286
3.25834868103418
1.91075910382738
2.72789321280216
0.616081730011961
2.58782999050955
2.12963347196672
2.29415564037674
2.11144287623324
3.08485844055405
2.70610266553367
2.21894894604567
3.11203951388652
3.80274461626443
4.93105282273859
1.47987156908642
2.54342581856056
2.61824975057538
2.1654626930423
2.71139998720425
2.51515997135407
0.931512555018836
1.18173749719411
0.867461004322517
4.87658303094469
5.10187236826968
0.0102469558894388
0.0102469558894388
2.94561071837829
1.86479189252334
2.21240321122883
2.01010266154155
1.90049535997429
1.7071221337411
3.71432561026134
2.0414733914497
2.20640512161301
2.88725838104995
2.21315614451507
2.08769118428794
1.98065442764851
1.51710772553752
3.00891025224134
2.2769521346841
2.34206310142056
2.19123889084867
5.73240146912558
0.0102469558894388
0.0102469558894388
2.12963047540244
1.47789187263765
1.39654235172407
3.6809010175825
1.75352205692535
3.62388014814871
6.35310956997944
4.03075670294305
1.50320124649598
5.88285217641307
1.72320323948667
1.01240960154973
1.32063809716937
2.27095545368857
0.0102469558894388
2.13964305389581
3.04830031041864
2.41029079108742
1.77087709225924
3.2261260232057
2.43086132527722
2.22519867284078
3.88045564719355
1.55486886765759
3.18058810342774
2.85782479607756
2.61353455323198
1.49914887561712
1.76440473280743
2.40055299361173
3.32586420061342
1.01446944276773
0.0102469558894388
2.89308178083254
2.657201632484
1.86474667175266
0.0102469558894388
0.0102469558894388
2.34176761524596
4.07719983082243
2.94706684234064
2.22288099250224
2.64079635806188
2.68571298396237
1.95153917877367
0.987773057585358
3.62235208289174
2.47927173674021
2.64117411889461
1.59131085919595
3.59604758423573
1.2238387609896
3.21132682014816
1.37956906383473
1.89326908500373
0.0102469558894388
2.67552684206106
0.414797376909684
2.1835618992161
2.09961982143054
2.4627940015822
2.57482688145975
2.77182152684322
2.31137637313627
0.502728515137587
3.22444197573677
2.70910884860568
2.36670274575744
2.07967822955397
0.0102469558894388
1.51161364266206
2.62519642705656
1.29756052278541
1.03086686321283
1.60393649126589
2.46102396123837
1.63683145933545
0.956156414350638
2.18848813456123
1.66246638275225
2.13929679712445
1.91529393667569
1.33073743041388
2.07489589437162
1.35197571246601
2.46832613275785
1.51812279620584
1.6876802743104
3.42186505489388
1.64422036806759
2.57498692121676
2.66535666550823
0.652836115029576
2.18169650863043
1.76988834647651
2.02301772275873
1.97193573873251
3.34716178485924
1.60114326327239
2.76086804582789
2.25177763557404
1.68253146569827
1.82014958008149
1.05994542973115
2.6847174324053
1.46855006421423
0.0102469558894388
0.0102469558894388
1.49705643766711
1.60299100121874
1.85985460690019
1.80324419205547
2.80964644308836
3.35416233603955
1.45109999388183
2.21442954223881
1.56455218060278
1.69306362381247
1.71077016827789
0.0102469558894388
0.0102469558894388
2.75589120745551
1.92406127142792
1.75417371459529
1.89795989380942
0.867027746732361
1.57322512747441
2.97923740952904
1.7904178284561
1.58931482939295
2.41569323741138
1.27820194732975
2.09666550594183
1.37541222515406
1.30365140274855
2.73047331719734
0.98072666556145
2.60984909756886
2.54599651627994
1.60006087903676
1.74070853503143
2.89582401516919
2.0514034104973
3.10983670675837
2.09066512593603
1.4516183532223
1.90284871325348
1.68581921866298
1.34377835001136
2.36985270164114
2.65513901399996
3.32236124080325
0.68607423895188
2.69499105521464
0.0102469558894388
2.02211706362055
1.63893529099507
1.37690273912542
3.37111387782414
1.62752223920867
3.60795015054479
1.71923501283471
1.55408660217596
3.09326532031299
1.62202973384862
2.94717521710645
3.27231391239266
1.24208521187522
0.365162944153642
3.70624248387344
2.22582996923228
0.98052202885599
2.25813946220931
2.8107526473868
3.12799792113102
1.3310658726065
2.18498290211613
2.88182741106347
2.78993159175405
1.33830817339791
0.0102469558894388
2.69134243251589
1.52202033928956
2.61577061152266
2.65222594763808
1.89917275109084
2.88393535796291
1.35609165394431
0.901418617603126
1.53344798314254
1.83258525695268
3.17245713412185
1.4399312632461
0.778502756036317
1.86156885748536
1.68134026513352
2.83152489801681
1.69051835366905
2.64950496375617
2.09374799661234
2.36591561377564
1.37793073818845
0.757446423269215
1.27049740478894
2.12645419548888
3.4284788192832
1.68362054965905
1.09982093165907
2.53995270373335
2.14940418857033
1.95121672226021
1.62462696690464
3.57441669928645
2.53211399789937
1.10897174153194
2.801252567477
0.636286228761397
1.55762548976754
2.06957457980456
3.76190728825498
0.518244310506008
0.676718801667121
0.856346773967553
2.38524349718736
1.51468277950265
1.75579011089373
1.82556308129191
1.55984936488222
2.95336627180923
3.13561413813445
1.03628065772308
2.44553533756353
2.3267992078555
0.0102469558894388
2.05213432620985
3.14708318792561
1.54887735759526
1.8798623468067
1.36850367776806
2.37809093897177
2.01063933923025
1.74664729685545
1.01020005423269
1.31275183220549
1.98782203919419
1.87976682491765
2.52045094608909
3.17569374242299
1.39785765964002
1.60566613276444
1.59200907664123
0.0102469558894388
1.74645731335221
1.16520412309694
1.3180489866314
3.20623071006129
2.844710141059
1.75197468280271
2.34192963933005
1.74610440897005
1.70147402565083
1.49437151382808
1.11426616293506
1.51991400757404
2.42327193739409
1.25531165134729
0.683061547202074
1.69732908557861
1.61254222454739
2.95077481283586
3.4283866757419
2.04205278503048
1.42602436371312
0.795017235377549
0.0102469558894388
4.70567561878079
0.763759829065762
2.43180539755216
3.17388895707582
3.79857795009
2.76422821868838
3.51018731571539
0.0102469558894388
1.73792783573102
1.39546463843628
0.0102469558894388
1.64060627458236
4.34555379886558
2.39926978323306
1.81148547349382
4.74760277243085
1.87063348104082
3.5367187157662
0.0102469558894388
1.45864724865201
2.00805010220513
2.99971127932775
1.95261990205007
2.52538560539038
2.35169856153954
1.22881839722871
0.0102469558894388
2.64559728576858
1.84586640248512
2.15885273194923
3.27903510313531
1.23136783832558
0.0102469558894388
1.47955143604648
1.80862891844242
2.04626580491229
3.58052105641634
3.87092153527535
1.46765283375311
3.06062240647592
2.09387566541261
3.43566925443499
3.30412357424504
2.231434493881
1.91885849698291
1.97285606839173
1.98563334569734
2.20870180529393
1.82019751399692
1.97921680418826
2.61112008089191
0.633357478174051
0.0102469558894388
2.30509637800492
1.33898306681931
2.1042369925375
0.996962667814966
0.720536720349808
1.09590554614427
1.72524922645136
2.00896737671587
1.59514962530344
2.93875306403894
3.23735144521477
2.31321679957107
3.92002101825458
2.70252967633326
2.79941921827253
0.731998750177848
3.10596027677138
0.0102469558894388
1.97568435831796
2.16105488300503
3.80531515223414
2.09108581714419
4.47413725242326
1.21308667365477
2.69174034144242
2.42918625967591
2.39686296838298
2.21383574807314
5.22030047299532
2.70407530634671
4.29473674094931
3.63097732386825
0.996366495194745
0.71183661467865
2.06323179642547
