min_dist_z
0.0102469558894388
4.12911831344548
1.96697666208382
1.44753394239381
1.35061219224643
2.58218129840757
1.80438020357301
0.696620063533126
1.26200209077765
2.33449324538289
2.9870690403649
0.0102469558894388
3.23936483751977
2.55108309566247
2.23645923016836
2.01313912273548
2.63180476114142
1.68513734220972
0.0102469558894388
2.49736904393124
1.81246525831129
1.61925871106679
2.88020576157075
1.68531483491308
1.58920921076157
3.69931484692544
5.85399986220414
1.11029635273126
3.29731234986301
1.84316327283409
1.22075188570983
3.94365141978902
0.0102469558894388
3.15575898242928
3.39181321491687
4.03186308301645
3.20960857120432
3.04833145665533
1.00964372457173
3.74018243676921
2.31181545097536
1.79640586450175
1.37531460275541
2.52915081916904
2.18461898798065
1.1856552121807
1.40307160852482
1.91221710940121
5.00485863121953
2.43260669950076
1.95831980337211
2.60026469874518
1.8397812754436
0.93285561273116
2.37722210017359
2.74318295743346
3.24863101656821
0.0102469558894388
2.50660364135477
3.29744059151727
2.91453783729827
3.87260238182798
2.09641024744848
1.83226907919338
2.27467026781736
1.6515870508133
2.91677802464972
2.55939222231151
0.422917003253025
1.91871464896267
3.8663564435533
1.80055003812076
2.14911367288133
2.98410593889576
2.72143685164935
3.22360172437442
2.20389575169102
1.48306348725658
2.09562915516701
2.26128130255151
2.16492404503426
0.0102469558894388
2.7211257177977
3.00777756004629
0.0102469558894388
1.79042737719625
3.46634094191812
2.74657097004446
2.92393964230529
2.94108051615449
3.32291264444971
2.8469821284884
2.4541846942174
1.65953173347768
3.10932388202903
1.20880951625683
1.50527348734415
0.587858436648485
1.527212938952
1.71513335911374
1.71365314422308
1.87203830230217
0.745518732469229
3.03400624803887
0.0102469558894388
1.26616505690105
1.31422419775437
0.581884603720182
1.47186619629643
3.01805682454724
2.74665578537636
1.58919428673191
1.82590442274901
0.0102469558894388
1.502942150932
0.869506486266393
2.28433562460015
3.28135313721552
2.62659379245255
1.65597581349097
2.67446617442433
1.70247791138643
2.11117455293891
0.603195848405675
1.41123632121406
1.15271510561273
0.800966114959442
1.38052244739783
0.781270412686212
1.27679537353967
0.0102469558894388
4.19050400395912
2.42034110653461
1.48234619647812
0.996414871360537
2.86429787586531
0.0102469558894388
1.49076919181884
2.52087570791447
2.03476826174536
2.21883055057128
3.47531669846904
2.22802517483706
2.7887112065417
1.69182543031735
1.6851852070068
1.89062238106701
1.28623452011478
2.21099530288411
1.38637339416157
0.0102469558894388
0.755264278971463
1.86055678788641
1.39653118484311
1.665942697724
1.23994917228342
2.14158702988639
4.13300138588325
2.73056086062694
3.08113411807797
2.61589775255843
2.66253473367396
1.5179686952947
2.38703005510162
2.04809244783854
3.8348166981404
1.3048336700157
1.98271030981834
1.38572794772118
3.37572637320125
2.72324044827596
3.17717870405163
2.6626278931967
1.03422771406956
0.0102469558894388
0.0102469558894388
0.0102469558894388
2.64085993110722
1.67032043497896
4.60818527336398
2.99107992720785
4.16719404724933
5.07197627587734
2.13699975640479
2.55581456752204
3.16235935102552
1.01865546310305
3.43931761986102
1.88566101189133
3.6782380345308
3.10824436105472
0.0102469558894388
2.11243862592445
2.94601350554919
4.51752411391712
1.30107616858538
1.76789620388364
2.24281784098226
0.461866525297473
3.82465782716946
1.59479746978913
1.91596782008659
1.42468582206725
1.37433066146024
5.63189910480794
1.94039769277218
1.77679234567045
2.3835449636656
2.24083898286641
1.26834556225438
2.40400654068255
2.05291657050909
3.18810451562286
2.03649627127387
1.38685649922143
2.57056376723476
3.39574017224984
1.45703439973279
2.47744039205265
2.57686498983611
0.780165956254231
2.45315782323507
2.36882108085819
0.0102469558894388
2.62735564416178
1.42151578322921
0.0102469558894388
0.980205487227327
3.32039526981425
1.02389268329762
1.4587368256793
3.32894568523009
2.55802354866083
1.61022523405563
2.56263421224239
0.0102469558894388
1.76281972379139
1.64978691998122
1.34674583258848
1.45021805228461
2.43578135009292
1.82208203773415
2.73743994185367
4.74022388468096
2.31843507315858
1.08256856465984
3.27993440668758
0.0102469558894388
1.30376906779717
1.13906004386365
0.960152917579685
1.25293614926798
0.0102469558894388
2.826212775852
2.64949930963351
1.41520213004262
2.07368650742818
2.41893291777815
2.10714209954889
2.83032480736076
1.83061755584449
1.36191003452362
4.00085422867086
1.4767923969646
2.06711544332545
3.83761592461858
4.07910283953495
0.437310442107636
1.00643798553439
1.27421321631575
2.51208219293231
1.36106184587892
3.72373489099334
2.24263060400197
2.92002049402854
2.58889222256375
1.17476012191002
1.97744263592307
3.0796313507286
2.12815273749828
1.30353185657461
1.48040673793902
4.45629760838483
1.66106632374708
2.19858850330766
1.87359476641401
1.75922545336082
1.65231250093632
5.53525460601072
2.34588640607559
2.74308800944708
2.65843530343072
1.79524207904461
3.17305024703911
4.16490721341972
1.65627223240763
0.945458518938632
0.0102469558894388
2.31994744070658
0.0102469558894388
2.05648061315683
2.44999505964839
2.05059068577741
2.14348881968619
2.40397243792342
3.37886216339475
2.21934401744078
0.8475182955564
3.71499975171713
3.1630310622676
5.10715432161063
4.12353745240623
0.0102469558894388
1.76002615914669
1.56317631009772
2.5515912967588
4.46403805997846
2.60374657876233
1.38569940356166
1.41467416755736
0.0102469558894388
2.69585762246039
2.17762311872271
2.70833567472175
0.729564924689167
2.51208947092243
1.50187914773819
0.864750447819447
0.997798931518016
2.31352409037257
1.91960538937158
1.89448000690522
1.55369211510845
1.55360097554786
1.79078322424436
4.73800505278525
1.40766226777913
1.78193971851213
2.29825855740414
2.63731211824776
1.08621692467242
3.23865381866044
1.45288957371697
1.64817008473456
1.81339180003403
1.01913161427999
2.13991478891687
1.41163157465667
1.60954740116143
1.59147942993642
1.98317201642712
0.0102469558894388
1.85891582255959
2.32889258303844
2.41127082674919
3.72455733697172
1.23225098198375
0.0102469558894388
3.16808996263319
1.59418687705821
0.0102469558894388
1.08205688076283
2.81778738673073
2.78726746298078
2.24962006203838
2.67162346689545
1.96429904962571
2.53406580405693
2.79824409159072
2.15039827726551
3.13099051831432
1.47957066928855
2.44454737197156
2.78885019902716
4.0721305886532
1.41788119186482
1.83524267304899
0.0102469558894388
0.0102469558894388
1.91427292664266
0.0102469558894388
0.626785857299853
0.0102469558894388
0.0102469558894388
0.501376889606429
0.296779684555744
1.16856975678103
1.13224780507223
2.02221896642685
2.68490638097325
2.54829680500014
1.91163589280995
1.34344485548278
1.80351652371747
2.05569798617997
3.15829482335671
2.19282177379974
3.52771664413685
2.35895833758385
1.72312516264511
1.61550543150923
4.24494228909475
2.6966561037521
2.22875329386013
1.59599985463871
1.21848305230576
1.36993439948357
2.35573902961101
1.37517635183954
2.75944094523212
2.4124642433149
1.95353473075878
2.44487886274404
3.17993060681577
2.19779551233983
2.59059230497694
2.48640798996538
3.93442446222226
1.97959248403989
2.30712748054596
1.47746713172449
0.0102469558894388
0.0102469558894388
4.68307787792965
1.77854849578557
1.93785611067487
2.03903111687482
1.50802665305398
1.11620814548193
0.0102469558894388
2.07089783290568
2.51460855321478
1.54320460792429
1.91458641705509
2.1863386642871
2.19294664539421
2.4609180182919
1.18457374641065
1.54884945232804
3.0951091420066
1.77942197905466
2.01182432092005
2.26863082276641
0.0102469558894388
0.0102469558894388
2.36402804045468
1.53004960029839
2.77290965861258
3.23925194304203
3.76409096503954
2.912739434085
3.0955374563934
3.25203891418255
0.0102469558894388
1.6726468408072
1.76232319103717
1.75492079137866
2.30065995598453
1.23032164214279
2.02505075058626
3.40407255649443
2.85148420601576
2.46473817820709
1.56233252390207
1.68401029577087
2.07276470316784
1.00836062104706
1.91787641383273
0.0102469558894388
0.0102469558894388
3.78844152428784
4.71980292274288
0.0102469558894388
0.0102469558894388
3.02225318922804
1.10267604738387
1.26339085039922
4.48380773825087
4.04717600223238
2.81157120899117
1.88003562774944
0.0102469558894388
0.878347910531289
2.88469137492492
0.0102469558894388
1.78873076536556
3.76353564360432
2.03798543805351
0.612806704273879
0.0102469558894388
0.0102469558894388
0.0102469558894388
0.0102469558894388
3.54392416209531
2.73116684146188
1.35085398821075
3.48407615037486
2.28782246604605
3.07196933167046
2.35961737507454
2.8602188366959
3.0962529679151
1.41624768896341
1.30194693051889
1.47634379223957
1.3324847774397
2.6135269310846
1.64421846683545
1.60032265048501
3.20822666309877
3.49381752433908
0.0102469558894388
2.97533824617293
2.16769542476145
2.1667926360772
2.15010498599276
2.43310945776694
2.21916916921282
2.40922887553307
1.83744281522457
1.8430226942583
1.07378116333634
2.68699259445114
3.10597889285601
2.51309644867117
1.1084986930891
2.19124491532083
3.22301152859113
0.0102469558894388
1.92150499203132
2.51199961642679
2.63961399739833
1.84589232452468
1.87117459517955
2.31422688386252
2.53725130136421
1.88396125222552
1.12151506063359
0.914568831580829
1.37043736932952
1.25506164632201
2.64206154938869
1.01849044185505
1.91194981766848
2.32162803154855
3.84985330142172
2.40315253541152
2.31120550981038
2.84338588961001
3.92783306711957
2.4874349906065
0.0102469558894388
0.0102469558894388
3.05250825374101
3.12897526656604
2.09404487165153
2.42092218657774
1.25665329599889
0.21948655082191
3.24582663698853
2.22379747698768
3.78090194778592
1.23075759288581
2.13987961033849
2.06994894540257
3.24188061196997
3.04118030348762
3.63077730796593
1.8700030766523
2.51855768943591
0.922815921120825
1.45874096230753
3.07349776604349
2.91583589538207
2.06345765445665
1.72233463147173
0.0102469558894388
1.93757747013117
4.02899058271277
1.99467379664191
2.96545841573779
1.38897231671302
2.23953742190002
2.76317425800617
2.14925558943073
2.49066783653034
3.57335527604721
0.0102469558894388
2.86597179750265
2.07244781263366
1.40717972881729
1.83471874581722
1.62824013795332
2.59978531256193
1.79347777103596
2.22888610565465
0.0102469558894388
2.41907942383449
1.39497009779889
3.19009945358466
2.01918970717407
1.75982988425569
0.0102469558894388
0.0102469558894388
3.86817125928744
2.08089830917617
3.20698056488634
2.55387180429474
1.75811187567383
2.57956043187142
1.54492819877108
2.2917234040656
2.93135402130973
1.67622905942996
2.07653795163709
0.731691229457819
0.0102469558894388
2.48210218451347
5.66926729615434
1.31148865837923
3.0152085529201
1.16902866927455
2.72564412978026
4.48836938138917
1.91995252937546
2.25815354712233
3.41610984748346
1.80882617361402
4.15643404235082
3.31803228152079
2.02267802933667
3.9433560050016
2.37215876503935
0.810169756924008
1.92866620360322
1.81387676594691
2.20189602824972
1.90264859777439
3.33576323408576
2.80835873137904
1.64802746390136
1.23471822383789
1.68838041657774
1.36709947202736
1.94501732694512
2.64853671108518
4.07618703221705
2.57614102123768
2.26984073539669
2.04783613168484
2.97866686361715
2.77787163213069
1.56493056411699
0.86669480856642
3.10625668950596
1.48936572139773
2.69015695800854
3.00406565752714
2.42857304039847
1.55623647252168
2.70127632240352
5.60626466853181
2.08988402500763
1.68795460240722
3.94611336413819
3.9078914075656
1.782036710599
2.46844027730079
2.28139621536706
4.0677346449519
0.908995615000626
2.98578182110738
3.15872439177835
2.68083052652481
1.57846001534637
2.68430167141085
0.0102469558894388
2.00370645024896
1.36536695307367
2.9934136759775
1.79190636024791
1.98517695327441
2.74417561182427
2.61435941749098
2.42945486691817
2.73104786378111
2.36607143247779
2.87714930007289
4.12255370979779
1.92677571992281
1.8150433235099
4.54581540441885
3.20247020159886
3.97467702106907
2.56092838641743
2.21064215883847
3.37189134420364
1.72886874000577
2.25036688617265
1.31035752288161
2.65026100699614
3.8817078553527
1.33392044211324
2.97127761036293
3.12851275765899
0.739437099620228
0.943357830440397
1.70100030647968
3.25154567822945
1.77509383496259
1.87805945887113
1.53860953459003
1.34830218970376
2.43109336061945
2.6505470279856
1.92449686952481
2.22363469047439
2.05675504492285
3.90863821024927
1.55222963508884
1.76157607787836
2.0893686679201
2.67125273075006
2.69908011382705
3.01246939430324
2.26218612844919
2.82653455055344
3.30779622656587
2.47041468790116
2.45215545985186
2.46872074073921
4.21666738285952
1.83656530307552
2.78587089664971
2.10580333631967
2.57835369479049
6.48432197557913
3.19495230991456
1.53963880538969
2.48653978307798
2.15909510982916
1.70263077467003
2.85616551279324
1.34856441352362
3.17109602548359
2.02141549239707
0.0102469558894388
3.45734947588161
2.49543429052454
1.67110519294727
2.62548569133167
3.01489623833421
2.5185374527921
2.23915742484617
1.05548006079947
2.8037288358202
3.09805437206646
2.39517759317908
3.15232436768915
2.68353669580082
3.12935911945034
1.7360942501776
2.00795083800813
1.8307865705124
1.66748869865258
1.61983885791422
2.81762753162608
1.85447299548132
2.93872615753392
1.87855813028506
0.544622557729676
1.71974348181435
0.835244370413142
2.84463757595593
2.58822905432705
1.76959398994053
2.05506267763782
2.01668176779115
2.22551421890024
3.10455503574966
1.93444445419125
3.10729917837622
0.0102469558894388
1.99909866743776
5.04711813122408
3.84665583994374
1.02945919230504
1.18844111949402
1.18482216466047
0.178359259174337
0.762406636964645
1.82927257338678
2.50602857618537
2.31639733241478
1.66471722858019
2.47632259059259
3.62647247854794
1.41364101057548
3.46520280294284
1.07487936911647
3.20050277209336
2.16349312662956
3.02949576678742
2.37791453101208
2.87949384923256
1.29381042658394
0.73386030204891
3.3246974748396
3.54489472402393
2.80897181761155
0.0102469558894388
1.76061942926996
4.0236853016148
2.18360516109088
4.0219168871514
2.24367487281851
2.60861282500248
0.838347456487559
1.5229723854695
1.06496292406668
0.724151151527624
0.977521825237585
1.35123861614334
2.60623937183511
3.91216088305561
1.6372955897098
0.0102469558894388
2.44804379814418
2.68079140136247
1.25712938060921
2.73225440995174
0.962471161487088
1.81296681213122
1.35957518204291
0.0102469558894388
0.0102469558894388
2.85572340857029
2.6005376198381
0.0102469558894388
2.04719810898455
3.87265500014185
2.70861370980296
2.56771068031805
2.43345278009393
4.39407913590119
5.8535391911794
5.01725709014131
2.32663098176692
1.55632931771239
2.45524984384085
1.42149565251727
0.0102469558894388
2.06099118985941
2.87839295879964
1.80840385650726
1.16945751298352
3.66682318796014
0.0102469558894388
1.00865612163155
0.0102469558894388
2.86704129316907
2.4944843720092
2.36814606066692
2.5024238379013
3.73006373449782
1.90003443644206
2.47866353367977
1.2548319093614
2.03273033627634
1.26658819245367
2.59921216372829
2.42250233677319
0.0102469558894388
2.38299225160298
1.9643322617171
1.49207051561884
1.50876651508781
4.67773190093486
2.98965970839858
2.14567166991785
3.23021234731592
3.99077044951666
2.17370739929642
3.2261621803249
3.35231215155759
4.05311007995856
0.697597145721042
2.44305718155818
1.72578117591603
2.19273885231454
1.46129547242563
1.3198138517967
1.67170469839969
0.956887370903927
1.1551283496917
2.21600514013683
1.11958853129545
1.65734129561594
1.55743662862903
1.9567134165854
3.30341439687452
3.22036243251889
3.18238608577083
3.67834083830228
1.61423850279764
0.0102469558894388
2.09588173242773
1.60143466012938
1.99710034481995
2.29527552196698
3.1328554318795
1.44064522627105
2.1205780465211
2.30609650281958
1.3448388129882
2.48016914042754
0.0102469558894388
0.0102469558894388
2.37105866943632
3.02096432383525
1.24321072963574
2.27588474439655
0.0102469558894388
3.7017306056029
1.74860578468766
3.00651795985891
1.80860571101449
6.02246330538838
1.97958246109801
2.2324554587645
2.00514577974997
0.96166002885201
2.99170728691168
3.2964580321267
2.98815200445237
1.99666306804648
2.54147916197294
2.20811660771166
2.4140346810766
1.48668834881872
2.84000605559045
0.0102469558894388
2.09140823688912
2.7889596769994
0.0102469558894388
2.32946795232572
1.54663054668143
1.09720965298201
1.9595237951679
3.79932776581628
0.0102469558894388
0.0102469558894388
2.24965851890463
0.963503636101259
2.26440438118636
1.64223937664933
0.0102469558894388
2.91428271878102
2.4857475506819
1.96723211768338
1.65270386340891
3.51065344347709
2.32851126142656
1.70065352418552
0.0102469558894388
2.91635125607367
0.0102469558894388
1.22830291208486
2.55476481264764
2.15546814041438
2.77150988140692
4.72505071254565
3.81734726919188
1.25584683287777
1.67700959775993
3.78690442863935
0.0102469558894388
0.0102469558894388
3.18178677396347
1.54058474497969
2.79061493879445
0.518732536018209
1.75166228212002
2.73576734861372
1.62911277651538
4.70324121294501
1.64896287774384
1.87778498323978
0.0102469558894388
2.03310577711727
2.666792821986
3.1648466889989
2.93132785396198
1.47082892905679
2.44456225468555
4.24294236055714
2.5363911863343
0.983947452351118
1.36114284340684
0.0102469558894388
1.27858780108339
3.32869703609228
1.68366725943096
2.5464914259167
3.50861459213216
0.0102469558894388
1.52990646137217
2.14190151778046
2.82821102140019
3.99693407736315
2.05490166485299
3.62471440118178
1.98363022969484
0.0102469558894388
2.38284594952234
2.3979573906485
1.6321749396238
2.01226657397606
0.997733002667777
0.0102469558894388
2.4562942620411
1.6984200906489
1.80420775893639
1.3978337833104
3.92584012905734
1.65825438373597
2.14955490726479
0.0102469558894388
0.0102469558894388
1.83547169666911
1.67968152091167
2.83201482707533
0.899128251807959
2.36194843180318
1.93752778887256
2.4985209162141
3.03915136058686
2.57277969074802
0.0102469558894388
4.72459642675774
2.03667630577008
3.00642270874341
2.38693884309956
3.60582839206905
3.73706093147151
0.0102469558894388
2.07099128747563
2.40539312684087
0.971245110296222
1.80178403276747
4.2872871377908
2.18112243266697
2.91115338554614
1.86981378223555
0.794683603683899
3.40883386363892
2.58737023102211
2.43615593467891
4.188942637762
3.43436690858946
3.65585991266882
1.90454263889544
1.90380607736828
1.22847795230625
1.13414915498936
1.48066622369776
1.99065435567568
2.4775031211595
1.05389352011338
1.15473641602319
1.14794601853432
1.72092821250578
0.0102469558894388
3.38289814164731
1.59998414254701
0.0102469558894388
2.06225003484359
3.49187906882003
2.16047121605097
1.62538430880211
2.34571214806716
3.21311304764753
3.15262106934792
2.57005677071858
0.0102469558894388
0.0102469558894388
0.97749011874909
2.92698937508202
1.47470836231984
2.50470180755383
1.52959116968167
1.87116189531971
2.44346384489698
1.58911906022954
4.64272344025409
2.15144580668689
2.79339230673254
0.906781716350019
1.8253297384301
1.75796205598467
1.78649259703901
1.66141433168733
3.22324638753574
1.00646573948108
2.46172324766815
1.73630642009505
1.20281588988788
2.14353709918606
1.09652683707335
2.62632982439183
3.58149142067533
2.18927776461526
3.92503934287287
0.0102469558894388
2.61711175633406
3.04127026161972
1.60441073850158
3.86943015181143
2.45973305967049
1.28754296520367
2.91338699851145
1.46794927629252
2.52579663001968
3.28136407980208
2.6222419107095
1.98099304916843
3.20368660330419
1.86125053457629
2.07460755621241
1.36677865413338
1.32621724379405
1.82679651254094
1.5811236492317
2.36694190683873
1.97240084646363
2.26597571442527
1.92262825107647
0.975476735222935
2.57297807571886
3.68824226110826
2.76485102787626
1.46251373293477
2.21906200197131
3.13397293563327
1.75133170274434
3.08852705619099
2.38148347353986
1.84154587985947
0.0102469558894388
2.67168545179763
3.02395152014563
5.2978326563267
2.25957765856646
3.26341907036454
2.91873950315831
3.44166555558935
1.18748903659243
2.00996326008076
2.25961113878441
0.0102469558894388
1.83931986039671
1.5604171265584
1.4216033257001
1.61714466410653
3.06152854396064
2.30844555681462
1.17815619181672
0.0102469558894388
2.1946987701311
4.94879634916682
1.96603895704477
3.03678995446519
2.32057747613749
2.93113730128133
1.81871835076634
2.6285575140141
1.222250846905
1.15651203051609
1.19909485291786
1.52938129482818
2.29061845613082
2.18533529111479
1.50991544889836
1.70880015769446
2.44541004154175
1.41202391207684
1.3923120083764
2.50034732997087
2.02956011343062
2.65938415267617
0.632204953470246
1.76334195521584
1.26239472397391
3.40763955500152
1.33578525372589
3.15972486837759
2.52497112107505
1.53616325439399
2.33577545522818
1.70965185879012
2.40728237674563
0.971647887071768
2.45271414587702
1.75166374551004
1.98653992685939
3.54506896279505
2.94674527384079
2.39189711970096
1.61887448207423
1.56815694891788
2.50284397782419
1.37307355775264
3.66568675911037
1.5753366917821
2.87775494171534
2.04367895624392
3.77359760797661
1.24868654393478
2.36397422166334
1.53132198733474
2.0614222572895
2.131950043391
0.0102469558894388
1.5245369527415
3.08172397479789
1.77883714825202
3.50307084310102
2.52509969479607
0.0102469558894388
2.20281233281882
0.0102469558894388
1.7355187855735
2.35241079597041
2.67565352911598
1.29339630865322
2.31076191812325
1.13184943592592
2.02073648243202
3.68598572661545
1.3841482024367
2.88977240711996
3.38815018275717
1.75505137213501
2.94033367550448
4.62038037061296
2.48682815483088
1.99899453499041
2.97573050447959
0.832573960853518
1.59074255398044
0.0102469558894388
0.0102469558894388
3.05716637014497
3.85063519994396
4.22751258315637
1.21393839860255
3.11907160763084
2.21786596217521
1.12737347570191
3.7115353940784
1.54511087203528
1.74071169037356
0.765220785205399
1.8541180833283
1.47664022288943
2.41584604053165
1.45477182450851
1.82373411898624
1.68130669581169
0.0102469558894388
0.0102469558894388
1.7095825415181
1.87443043584619
3.34543911781055
2.71279736990477
2.30792460625588
1.14615521758998
2.029762349065
1.63104566403529
1.24834205272503
2.62334381995431
1.18066316640974
2.11333668860113
2.05846936198842
1.06946924595187
2.58721720991837
2.34482685050789
2.21833508870099
1.30609228393825
2.17538445136662
2.44104384310789
1.67289690387666
2.76454435791642
4.01934286487929
2.16857245813162
2.19770154585004
1.0758641869445
0.89524268404152
3.27833812340203
2.95978316789553
2.97874986947807
2.39238445079692
1.56891629716996
2.43353015006168
1.91873817516132
0.0102469558894388
0.0102469558894388
0.0102469558894388
2.12064801731207
1.94657042203355
2.80923363808343
2.27885820055675
2.58052595538408
1.73081560047551
3.56883334750466
1.57771678780917
3.98563390976179
2.42109854810442
2.68816462166862
2.80487699762526
1.66432145549336
2.3304718452517
3.12894156880248
3.78851632319019
1.48316363384376
1.27993954480382
2.22232556319269
1.80595595355854
0.0102469558894388
1.5077789822075
3.85159870388589
2.95140161703544
0.0102469558894388
3.27132440740458
1.98419464260828
5.00057213635995
1.77416302985684
3.53372293843727
2.61919130574979
3.21024032494821
2.51833691424599
0.742013689247115
2.05541687663962
0.907580941029614
0.992428497331011
2.23995299947063
2.00240674941222
1.2794861316651
0.422883823278927
2.56378298802283
0.0102469558894388
2.72034728311598
1.98352661497952
3.51461803896385
2.9700220344893
1.96119935715791
1.72341073563221
1.81926792871499
0.913593981792694
1.955719932201
2.47997530165702
3.36064311116451
2.91446011353932
2.47407935903448
2.53430025720522
1.98479606465709
2.09123205199512
1.5462644864832
1.68746178850856
2.36942598045747
1.71500863825785
3.63951172598947
3.06310824794167
2.29132571058038
0.0102469558894388
2.77472365300151
2.82497973404945
1.25655551390398
2.32392567939614
1.79893221346329
2.77204729500474
1.45083710587858
1.61948845706708
2.34105588325938
3.41339519789525
2.67603785021233
2.06478922910635
3.30917839664735
1.32086973734263
1.02005536143552
0.0102469558894388
1.05391047213392
3.76756272201549
3.57951070012018
2.90499960956939
3.83066664718093
3.19854490610681
0.0102469558894388
2.64579662500295
1.94999507737355
2.332902731854
1.97660878439184
0.0102469558894388
0.0102469558894388
2.65120214932973
1.14812651723959
3.225916372827
6.4453051665368
2.50018779699757
1.54804033838632
1.10378762673538
2.87794236849468
2.57381840061312
0.625353001722267
0.805826595463853
2.17580140135687
1.20502668332691
0.0102469558894388
1.24439404302158
0.0102469558894388
1.61687222929303
2.25647751118008
1.25921819299412
0.0102469558894388
2.66859601645793
3.1323677552941
2.08941635575424
3.32200916156008
0.0102469558894388
3.38188825818546
0.585017628936079
2.29720774707292
2.30434372431492
2.03023829393682
0.876309352628175
3.09825176069802
5.03486739164253
2.02838004402422
2.19030735161051
2.90099517923324
2.48587362249959
3.27551100560252
1.30970976739448
2.37035312123772
2.81045926248103
2.18139678220565
0.942395812941916
1.95452819131043
0.0102469558894388
1.31901512248774
1.41499912930661
1.04471827712037
2.20888891155907
2.68095263146046
1.73267796044146
0.0102469558894388
2.81709675866121
1.74559878528174
2.1651213334041
2.52414673923318
2.51955905749817
2.34580888101973
2.58291393574525
2.7050572462027
1.65847051768394
2.1845279840889
2.05244919383088
2.37112895300505
0.721012418541516
2.06860614809601
1.40795803687916
0.0102469558894388
1.79543994360019
0.0102469558894388
0.455707403726852
3.14595523373376
5.40834939575268
2.25521584019535
1.55077331488028
1.05843259449429
3.48634622565844
2.83306154830991
2.88021416526944
2.75160641897303
2.05721792670805
1.95962170499102
3.80578055560299
1.56809573637752
3.12210568644143
2.24783303457691
2.4044749996884
2.50712999259743
2.3831186823317
2.12297026827157
2.26540393617371
2.37901387824937
2.30402618335201
1.72906680703844
2.6152045696766
4.62414159150573
2.60505475519658
1.92833653089272
1.5830796140903
2.41368147798052
0.0102469558894388
1.95518460687702
2.11383320020148
1.90310314696746
2.61991637886765
2.70035924469131
2.20978626906899
2.03650720505075
3.04898611356272
1.8001457378893
2.23951397983545
0.0102469558894388
2.38123572600623
1.3114868764385
1.90479136721911
0.0102469558894388
0.0102469558894388
0.0102469558894388
2.64299150039405
0.0102469558894388
0.853442876993934
1.65034573725531
2.07232509990127
3.264810985368
1.50615681954354
3.31309503092583
1.10245289911853
1.28776112054855
1.91950455709381
0.0102469558894388
2.18019597527774
2.04415228416317
1.83914403669986
0.0102469558894388
3.0118600499089
3.84598962704084
3.3608659621575
0.632729853707064
2.40072492203859
1.79913348229786
2.69548299902528
0.729377610615034
0.0102469558894388
3.59880653276102
2.77577906021205
0.404651835868213
1.46560670669638
4.30760532762715
1.4968545092722
2.61725735253484
1.94072934200136
2.89809780148963
1.20536143135126
3.76119472624068
1.66881942080106
3.41355755088005
4.16310586432586
3.37196197084724
2.2075510108553
1.19880832143128
1.6003054467865
0.650772287233499
2.11715640449559
1.06982575649216
2.75337558803807
3.55063887989412
3.40195300738704
2.66055579931811
1.79934841997123
4.03956791427134
3.01933778132206
3.40627390212622
3.39479926447644
1.19990431859609
2.39573023899007
1.23549958539619
1.3157873776036
2.20931308782504
2.42928406729884
2.01320040424893
1.5100896387181
2.3298269173833
1.01465135711038
3.09594655015903
3.07405769038057
0.0102469558894388
0.0102469558894388
1.35868898620889
1.65866790849489
2.97359377465922
2.91098190764257
3.14646540830746
1.87797993211985
2.98700526235798
1.76260841039037
4.19270436560539
3.92855958087868
2.67243390409621
1.41532380198457
3.18016343996264
2.09871470202696
1.64171032340166
0.844500294820443
3.02413350385616
2.11512669062106
3.41523353273866
2.22581811606566
1.80680922089025
1.45000203051743
0.889430805198584
1.46271631966363
2.82693072803438
3.53612907785723
1.42402388574567
2.78212977914903
2.57677446839946
1.06559298013802
2.24600212441834
1.96483660474374
3.06400790975208
2.11427853755585
1.65267060467715
3.280085055952
1.97020098142145
2.29057475209364
2.29133058534664
1.5443872576371
1.85736087913732
2.15724027161629
4.67382758950963
3.15780299460129
1.48602446039861
2.81253736184548
0.398881832878697
2.15317062277433
0.981428617850739
1.33376209306101
1.68139775426323
1.81176961414701
3.57005879747752
2.4746993698269
4.2897479910785
0.815378228307595
0.544122533209407
2.45454163777161
3.1416627998439
3.7616410082631
1.21290224270417
1.23677382500805
2.91461366954206
1.43952292595481
2.74498192306499
2.08259470968145
1.55798680582722
2.80235546093004
2.51585730544175
0.886813732980073
2.33928163670919
2.50334749714005
1.43010943526854
2.80875289767662
1.74134229482426
0.0102469558894388
2.97101359480675
2.85268124344647
2.74090467045052
1.30015845572492
2.25312316140791
2.92713416081213
2.86236538974608
1.40086583595365
1.58646080538089
1.90047024896204
2.69626778805593
2.43293729254581
1.28714050020833
1.40102444507496
3.98877375575111
1.57359576131424
1.65254714770353
1.92794251896164
1.52376655979483
1.37309766518923
2.73099860167622
2.07920644571019
4.35354658885512
2.17982163248503
2.39968114250855
2.28063452436802
0.934328061879816
2.08591735381965
2.78860086276148
2.52964964807095
1.57352283993469
0.722690787066596
2.51917518434367
3.33190853401247
1.55551876534055
0.798267393491324
2.3915617275047
2.33540382127373
2.01236499052093
4.08376091549375
1.1841753821286
1.59719852996553
0.0102469558894388
1.32010663425653
1.89976971880478
2.74252467778507
0.687791522824745
0.80623491786978
1.76657507491247
1.73718597902292
1.32705418348877
0.380947514074601
0.914048262436431
1.85773747889512
0.580985945615242
1.36663745706479
3.24704710626587
2.30367430966128
2.10306068657428
3.58088841470919
3.233554507044
2.19405471109563
2.86508859041423
1.91330550471867
1.56194794265801
3.21165982135275
2.35897597737554
1.48653456973829
1.5049934415293
4.09977494779467
1.30397639344697
3.79431875297882
1.14509603734776
2.24416718778301
2.86919937106814
1.62353547275176
2.9567632935903
2.01760107527155
3.84478794943119
2.21816094032087
1.56819672591915
1.50769539824422
2.11999909712851
2.5478078855879
2.73675288302549
2.9625927456021
3.31577686083153
1.50020795765922
2.01154970253171
3.7052825959415
2.72052357287333
2.0862983726461
1.57151963479499
1.6357129640932
1.53227475084817
0.0102469558894388
0.0102469558894388
2.22045652036145
2.38680627614707
1.41676663040252
2.25619398520736
0.991022306925505
2.26564598569026
2.68441432287237
2.73144424581379
3.53566739248347
1.06199046041584
2.78882430765264
3.01747300911618
2.08277764227386
0.0102469558894388
1.96085703708015
1.29897914165947
1.63511762329819
0.0102469558894388
2.97483923645919
2.36201625642879
1.85339030809031
3.01290347529219
1.51489784703689
0.0102469558894388
1.02404790706916
1.30254910877972
4.83366530290833
3.76103215878073
1.8438760627053
1.1882401592022
3.13407784944842
2.12576198806608
0.0102469558894388
1.99459760115555
2.15045884860084
3.07093712215314
0.0102469558894388
1.7162005545154
1.97980836758286
2.03872805833695
3.8203245069943
2.05588920763144
2.72055552863564
2.89218793665641
0.908074700382798
2.61476157485822
3.08124338749337
3.29055623269849
0.990867138631635
1.711935377581
4.80371195201922
2.87524152744785
3.2176472248648
1.51598435884309
2.22256265893788
3.09027154544322
1.0600729904292
2.25102091006418
1.53292176145662
1.51985980336801
2.1824644357415
2.13843118313351
0.0102469558894388
2.22665827954164
1.68566891560046
2.07228541798543
2.7160365271652
3.85162848691402
2.48984555965862
1.37424806473311
3.09421780462483
3.13766468308031
1.61737679909581
2.10150344156032
2.73135490715838
2.52464609165541
1.61796930330906
0.0102469558894388
1.72628513117123
2.7426187061907
1.66157642513034
2.2903858534187
3.30133263123931
3.40221405401192
3.25526425109658
1.01408650814933
2.47058802207882
4.34231065168848
3.33743796431125
2.66998062591198
2.77592128925238
4.85603767332522
1.57334566726236
2.78138425440229
3.73755856381636
1.89759023916435
2.61398806323461
1.59349232050314
2.37147934007206
1.61452123098265
0.0102469558894388
2.16704694019041
1.87004027621138
2.88971600240144
3.12384376003225
2.83993152698036
2.02711128243398
3.16287695238502
0.657909862253444
1.91116596678069
2.69632733957305
2.35953434433264
2.41433975599806
1.55739301741881
0.472149674978156
0.0102469558894388
0.0102469558894388
0.0102469558894388
2.02442248053169
1.21052070368831
4.26435729254557
1.8592717001621
3.40518499910776
1.78358462686526
1.88518785058291
2.1890411030986
2.06064668355445
0.0102469558894388
2.08114819378272
1.96749864247798
2.16105240072674
1.59929408043091
3.33277576363844
2.03736643790414
1.67705943897113
2.86092282697671
2.51170848838612
2.22506412146418
3.57781444589236
0.851134746219059
2.26419292801254
3.72004592917112
1.72148946469036
2.46163079790249
0.0102469558894388
1.11937416528039
2.49235769561536
3.07436920812304
1.61813772550638
2.70743346912641
2.21137827669442
2.66311366824658
0.0102469558894388
1.98887234307364
1.7051455150628
2.09591028829134
1.73126903261023
3.13393755443294
1.60379560437218
0.0102469558894388
1.05081404066564
0.924728260934834
1.63770346729914
2.07783919235271
0.0102469558894388
2.48941758926986
1.41001536944429
1.89274795958617
1.08068232750473
1.96172046171086
3.43239992416188
0.0102469558894388
2.08885086352754
1.01063667249932
0.0102469558894388
1.3262827288172
0.0102469558894388
0.690621742161232
2.93014797811812
2.27679294516485
2.87571889573297
1.24428110233685
2.56461408168759
1.73792137195875
0.867639511088933
1.4156671847044
2.01614045570263
0.0102469558894388
0.0102469558894388
2.4929217228579
2.0841128390849
0.0102469558894388
3.33272720491071
2.79668997167108
1.20663515589653
1.53541021379849
2.34403962514462
1.19137395752356
1.7352132196097
4.08898750876346
2.63794083796785
2.78307156051455
1.96853388915703
3.63010994692018
2.76026446516109
1.68958624929879
0.939218377575752
1.34090849004108
2.14163725265297
3.52013259235016
6.11722130323242
3.22978633381971
2.13170598931358
0.9395555292888
1.50522249701679
2.05257428161284
1.24710548561867
2.88753203207887
3.21583846294733
2.54679293194858
3.3550962493489
2.43000835591973
2.32502986482491
2.14281516951074
1.88418603781944
1.72444718000446
1.70711430120561
1.49679883119911
4.36997079909389
1.8195218585344
2.28495343013262
3.69095879072605
4.246181108366
2.58465679912268
2.67730981717577
0.0102469558894388
2.419069664334
2.48776867901553
0.924067655804604
2.72423006443248
1.85757045631441
0.0102469558894388
2.01166193051985
0.0102469558894388
0.960845924684555
3.11129034150506
1.62480743085103
2.12477283980497
2.18255598143687
0.955537158542225
2.3853276020087
2.31512239407312
1.98614874149702
0.0102469558894388
2.48870178460443
1.74632160961184
2.28866187954689
1.96929597395333
2.3922859220877
1.37203578596938
1.70457934925123
2.29351374680485
1.92535823954707
2.05755451861024
2.02869805606947
2.87935856912136
2.29202305842913
1.66699912865636
2.23587597155781
1.69944918403242
0.0102469558894388
0.0102469558894388
1.78856662646571
1.46897212717807
2.34740811124378
0.0102469558894388
2.0701801586921
0.7171835504223
2.07990572478665
3.06146910410761
1.04178460418744
1.68786572370173
4.0455546573312
1.88662323808811
1.83035904984167
0.0102469558894388
3.0469153900746
1.5700003910374
2.48148587149098
2.2409218457539
4.0980300994906
1.10608174117518
3.8095153281604
3.31489496383907
3.76727180019305
2.21815143834481
1.69291069672096
0.0102469558894388
2.71697514488908
1.98345889470696
1.86713557651492
0.0102469558894388
1.08324150707734
1.2561845110504
2.07681196851606
2.5601407450979
2.71913196467447
3.47420039479668
1.75066046809153
0.0102469558894388
2.47942116483932
1.89450565185266
1.75040861351133
3.58683924348998
1.99375171737878
0.0102469558894388
1.94210792198967
2.28845867850607
1.74978192165602
3.18024985454175
2.35248016140466
2.3090861464779
4.64609006851727
1.40723503045275
2.34307261191696
1.8060279291869
3.72401215683435
0.0102469558894388
1.75613590444413
2.85140821884365
2.54923176178987
0.0102469558894388
0.990601099144509
1.70075950820037
1.64200030214205
1.73089086714256
2.15358077292895
2.50179109908787
1.69467671386813
2.46431937060352
2.80274398474114
1.894274363332
2.56516100410086
1.07180336307725
2.47488820918874
1.30119398248005
1.48457483583203
2.1998889418324
0.691186102617393
0.578634622459637
3.18290921774316
1.94624030730354
2.95877849255736
2.56588844458472
2.26483908401189
1.98925326884739
0.0102469558894388
1.30533626102522
0.0102469558894388
4.27525325326604
0.980559004447547
2.09646384939386
2.66038440344692
2.45815558089054
3.23632202116024
1.28356090039471
0.720853051544432
1.17457724833825
1.68359009658992
3.32010574110608
4.01847783603646
2.04866044671763
2.08075609829294
3.12722941204859
1.65837514436733
1.9341503300778
0.0102469558894388
1.95927445450838
0.938764906831599
0.0102469558894388
0.982450329164744
2.55277238843065
2.00071631493105
2.21734289208471
3.57585764614826
3.04584044888865
2.05243377171423
1.5673019918119
1.66532660211549
1.01082181250405
3.16141329258636
1.04206383214998
1.83873438318342
1.74593777096274
2.89418734973314
1.0911992497552
3.78021014834272
0.812357991095505
3.66936756268806
1.75283873966038
2.00505721670447
2.42339722496694
1.94710919941345
2.71327127042671
3.54982975421983
4.41374236503672
2.60143320341133
2.10205337998528
3.22924813728172
0.703776125216376
1.75728950351569
1.79341872265858
2.24914748606592
3.11665017193524
1.9667130133952
0.0102469558894388
2.49268387298683
3.38356749280275
2.55477315219045
2.17190255154781
1.61785651697671
1.89701369110156
2.79197307656307
0.0102469558894388
1.67887281677615
1.79068275494267
2.96996491129313
2.66437741649858
3.35949978727528
3.0419658522742
2.85222641489389
1.23859511974976
2.79221869334245
1.49575843618825
1.04359714747525
6.14947395842622
2.34031758769566
2.46583430386873
3.08932486520629
1.84886348881844
3.26963803017989
1.82976305428419
2.48996179849454
2.73212576718442
3.17930650006664
2.15279296353807
2.6576272379708
1.40269367715905
1.89396158315662
0.0102469558894388
1.41670610914483
1.96456372933664
1.6971605357697
2.51559446665088
2.77578125699123
2.34164021727807
1.373930576424
3.26946222296355
2.62385947876865
0.818202067462452
1.86094591432421
1.95214457184096
0.518768827139913
2.48382127591947
1.26674110644655
2.49058860850438
2.6185500104855
2.10470087826794
1.99510773770957
1.74487143085575
3.61834938940871
2.36394558676614
1.65863533218003
1.6402916414737
2.06727248606103
4.52953864394853
5.59040557869461
2.49433195447732
2.93123308103703
0.0102469558894388
1.10873088236314
1.56752107859253
1.77484425546402
1.36572028653719
2.02487477714871
0.994982007250606
1.68536062782113
1.50866874510081
4.01261802100954
1.98210953053206
2.71951740330709
2.28915750509823
1.92304934768839
3.34183309836071
0.0102469558894388
1.59933578747657
2.49581520649073
2.5612613642134
2.76186552697415
2.42088172851388
2.82283679044724
3.61704449065493
1.4920736676853
1.17437992240398
3.28719326938259
2.3549240740965
2.03883626571224
0.0102469558894388
2.58792578453399
1.80034685498659
1.61863522968813
3.37230464519844
3.65575609906975
1.55880952238148
1.92180225440814
2.24630504769973
1.98023683372791
1.86466398635037
0.809731404914179
1.95887750559077
1.22700545884075
3.25236917311221
2.07009079933725
1.97860966349828
2.50836346319539
1.37496482249987
0.39990740171468
2.25973905761964
1.82350295357431
2.12452956626654
3.54288727295759
3.00240284030035
1.20916834558264
2.22035363974393
2.42631734263297
1.22341115428371
2.37820600852239
0.953141398674258
0.0102469558894388
3.52085082340589
1.74299654769187
3.56873096419025
1.77124256692171
4.18423206359804
2.22393457736882
1.83351753961733
1.88647450264766
3.02837021079036
0.422159996329802
2.04189828966371
0.0102469558894388
3.3427708413533
2.60565313478552
2.14106326626891
1.69465369147461
1.4067922931941
0.667796404079308
0.617264737704299
0.853888061674801
1.73645547570821
3.1365089494824
1.85704073915734
0.0102469558894388
3.13744289746033
1.99530246987792
2.00852231101616
2.58315080346206
2.38564345121442
1.95180866318986
2.08091639954567
3.52793830975044
3.17151980421622
2.32535313369768
2.26600487256603
1.53148690746565
4.11912307892579
1.2494303963731
1.88344079361258
1.47229426750248
3.37388375822737
3.48226762129683
1.88370786750209
2.30786636712005
1.49318757156924
4.21101943130874
3.55712877503874
1.87369786488802
3.45196501895268
1.69859328550434
2.11541895644029
2.54263114418367
1.12298203344074
1.63607698888066
3.93439094765388
1.72944334310011
1.8053313981756
2.60753594159607
0.0102469558894388
2.06235885079207
5.77806451092596
3.00709148055744
1.09736701268882
2.25333235466526
0.0102469558894388
0.596209871475825
1.95011552107108
2.70591380714992
0.746719867621654
3.15281021321993
1.68512087152933
2.82531555869671
0.0102469558894388
1.49953029287319
0.0102469558894388
2.69136833119515
1.54068362414678
2.28841072234274
2.02543851216941
1.27963183083686
0.0102469558894388
0.0102469558894388
0.0102469558894388
1.717891316313
1.33300396438203
1.13756538307315
2.00292527372159
2.30064456506649
3.48913319415708
1.80020341045461
2.92201944103018
3.56123777060915
1.56291399846031
1.62918272917087
2.31485033397557
2.59777872870464
1.40760289139715
2.00759240877318
2.43797240337708
1.59738324568812
2.16141912295417
1.84680813645664
2.38381431956205
2.36523588968504
1.87243012129831
1.98256059447573
1.88523682060258
2.13571873602428
1.28111818764557
2.42869789076346
1.10014191687165
3.72780123388997
1.58754417434523
2.3940993644102
4.02995562422056
2.80874107965344
3.10856856486431
2.08323181054121
2.90108974112121
0.0102469558894388
1.71568269044233
2.30733402280113
1.98740730200661
1.9754636400926
3.4535037835064
1.8110749124763
2.66520004950066
2.47311667428022
2.3888545259112
1.37376336766713
2.5288454045759
3.00648473869978
2.03593961171315
2.47837647453876
2.9256552063962
2.66807301413583
3.53865052336344
2.64129544520047
1.85398209269423
2.70806437099763
2.04909847470592
2.40260870433182
2.46056905789607
2.17652753057089
1.36837447071145
1.83151795895418
3.41450448972547
3.07829882080983
2.4167527443193
1.41634759846707
3.43068397765004
1.90318542323632
2.51477583641367
4.36739554067438
1.01852151805584
1.84641592578818
3.30562885450076
2.30782683146034
1.3547263281739
3.18598866193829
2.76528298448583
0.0102469558894388
0.0102469558894388
1.95526408999144
0.0102469558894388
1.86903098888659
2.50827668967055
2.78869498928991
2.73042747843175
3.57906648642446
2.88955370533731
2.73008354505888
2.61599684426551
1.43714045685567
1.99342869400317
2.50568196719166
0.0102469558894388
1.78623590192083
2.79272944140892
2.19074173881625
2.54472995139121
1.35312823599745
2.57828196056135
1.06319925445932
3.08996526141053
0.0102469558894388
0.0102469558894388
2.19226331199834
1.32394174794377
0.0102469558894388
1.51249899086753
1.97898406905813
2.60331340378049
2.3145271908581
2.55018156812459
1.82369879206402
3.10692882870136
1.99572229625171
1.37768772998593
2.78118870681153
2.58559294073794
0.710798893552711
2.66543353235354
0.0102469558894388
0.711153834945431
1.81026000290315
2.34267650421225
2.60485403723939
1.68194445832324
1.87136683079446
2.5119467771569
1.70290681553617
0.788327593694795
2.26165920864567
2.54091525541804
1.76464104461915
3.32796573491384
3.71972445830608
2.28490164234524
1.8306900057266
2.38255487295034
3.07960735935929
2.6498752756996
2.49856878779653
0.696856686402739
3.13322574112185
1.79587333734571
0.985920970988544
1.78299934437725
3.9367446986349
1.4139109713295
0.0102469558894388
1.99347260874518
2.91793169350693
0.0102469558894388
4.04427841266408
0.667169084811544
1.2322625039997
4.62721706994469
0.0102469558894388
4.16617722066156
2.08321684378228
2.33986228091658
2.58515698699529
1.67933199434862
3.55236345193063
2.04031981591429
2.71937778444778
2.65454403234178
1.64431106806632
1.82924870436703
2.08762707193771
3.11466463460544
1.82327489351967
2.12822640111474
2.14863788047814
3.50759993777827
0.0102469558894388
2.16042268642177
3.42413992235703
1.99021772742727
1.39431097772919
1.01947698108597
1.91498515709197
2.10266572165881
1.49800150676788
2.48976237660624
1.00052126178148
1.64987819929609
1.91675020341926
1.77204733130027
3.95396885351491
1.22469647692809
2.52653016795286
1.80729713744463
1.90121110793313
1.0991946451628
2.22529093750064
1.5756202686251
3.44661538974407
1.15645638042645
4.97956926474241
2.48188482382721
1.55853035636918
2.14449162665785
2.79747004849348
1.69408716834497
1.4907569108641
1.42766218821173
1.71227703536255
3.25711389742025
2.92247945910462
1.09940545979727
3.94024971956219
1.72902317599474
2.20109881673085
1.84882937251571
3.00080906253449
1.37455708108412
0.0102469558894388
2.8627613530571
1.97581546653275
1.77945859486228
1.96371054767846
0.856825238735835
2.76522629865715
2.75064685034941
2.36999545382014
1.55960023157879
5.03459150661042
2.02070207044366
3.17244981459137
1.65073141190872
3.3007455142568
0.0102469558894388
2.32209937381799
2.76189983778918
2.31601893906603
3.00003761840485
4.87388546111529
3.09249854254618
2.88213646251755
2.17684917404935
3.02757448316885
3.46397137962486
2.65844275105759
2.53239288891456
2.52901754918488
3.84280565885782
0.0102469558894388
2.16817982499669
0.833522216187538
1.43865418893611
2.3211773941247
1.44540347471216
2.93913704937023
3.24243870137535
1.70591670852115
1.75389025370696
0.0102469558894388
0.653044980987859
3.67292146248058
2.10447261390332
0.0102469558894388
3.55107504481148
2.60000208736605
1.23816671713201
2.57801740217245
1.09959998795454
1.37308366095599
2.12793265513735
1.85653437453144
1.26390672757758
2.14491419113384
2.1171484213417
1.07045755201763
4.39006971666969
1.87937152564389
1.90300920803176
4.99236544242973
3.84171378664669
3.07434471044927
2.20467273105128
3.1091554533525
1.07691840953921
1.79421112896993
2.68109397441121
1.60805239905714
1.50488872133333
1.62207517600771
1.45054627687383
1.48087943779005
1.38966051814315
1.85237862644362
2.38946443087838
1.33337788616473
2.26483156598463
2.97490259552241
2.59812157906617
2.59299784746037
3.92579999489404
1.27035832970615
2.08088672149981
1.55392257280783
1.78084084920672
2.42337648461219
1.00916172638501
1.85776066868481
0.745019948930803
1.41863230824561
2.17372362820358
2.25861062784843
1.34609048096702
2.84683699455457
0.0102469558894388
1.73298970174436
4.32322071151327
1.64848066587408
1.94567229194792
2.99514838342831
1.75050909889191
2.20062522038688
1.88767788830681
2.22512026919674
0.0102469558894388
1.92198000391188
1.63035640098786
1.92940200496748
1.6279094100797
1.72767698381998
1.0251015960919
2.12845807580635
2.04136375380111
0.977233630122416
3.24317033961483
1.48702508011967
0.56431558042081
2.84885374563523
3.27885535631902
4.25830631744532
2.48823265553103
2.54210468519006
4.20341409716517
2.41451668588966
1.61271847567997
0.63524129296733
1.39375637340923
1.64361456182856
1.99653586206716
6.1450602034428
1.49353773706704
1.16604938095983
3.83849164948591
1.6600987763699
2.36818435556939
0.0102469558894388
0.0102469558894388
1.76547599732134
2.37480850701073
2.09377025826958
3.70525038282799
2.41535185877815
0.0102469558894388
1.92433796071759
1.8554754001333
1.33760815979513
1.93688176982656
3.20056027085284
1.19387986060809
1.57506859525479
1.12269689927327
2.28421515301977
1.43963130176117
2.33648438817441
2.72110438391917
0.0102469558894388
4.48633389866409
1.40610429776863
1.27723435468999
2.35350420541997
1.25792223897711
2.96167182487354
1.8030915572099
1.29073396011391
3.26916289104027
1.50968621155839
2.88621671000409
1.73364261953418
2.13966803437956
2.05040458878341
0.724958728736226
2.57238371368643
2.26779465161591
1.41848485845118
2.15727037998767
1.53274096572577
1.61162878063471
1.63789939890553
1.995253811583
1.53169230234859
1.6204479120942
1.92192696528476
4.75808365735464
1.93285041677959
0.0102469558894388
0.0102469558894388
2.17019694168836
2.07703702283713
1.79703932969788
1.3689751713946
3.35150813836334
2.34644813529364
0.0102469558894388
3.56220580972852
1.61478796213519
2.14815884079908
4.24171312539698
1.17772356091661
2.61386970111889
3.23672170487186
1.6934971791381
2.61048512246442
1.21596892483915
1.29901097516744
0.875936516020458
2.50366775031029
2.8996748526362
0.0102469558894388
2.65335443277571
2.17336214103681
1.94416729841745
2.44726823664817
2.38701894947209
3.06404459113974
3.65791012896899
2.72483293616135
0.0102469558894388
1.16096341476195
1.69574237391406
1.15614299945552
3.60026652761077
1.60006065464337
0.0102469558894388
2.72994220252259
1.56606366871371
1.55546966199391
1.85642610647457
2.87789457721777
0.0102469558894388
1.97182675355996
0.686467798647618
3.04076818925345
0.0102469558894388
0.512760598835335
0.0102469558894388
2.66775196280051
1.30849808400147
2.67170795692407
2.97101788876899
3.06654889998779
1.97848653628236
2.02703701089166
2.54810505427881
3.32687407230022
1.86126383742098
0.0102469558894388
2.82903943053833
0.98342565367551
2.26086030424487
2.48283883975839
1.60922098570227
1.74768339663738
1.15269140670794
3.5858898370919
1.60932246603872
2.23095969035693
0.919681872983234
2.65438915139254
1.76971177199814
3.46638017771869
1.059490193101
1.81583609055663
1.02641048109525
1.1630930448933
2.08340785883672
3.11325181702169
1.46311429881951
1.36610810985061
3.98979812201393
2.37806321168128
2.36052052562087
0.937633926282822
1.90150820541416
2.43867706022998
0.0102469558894388
2.25268327174652
2.71485013172621
0.0102469558894388
0.0102469558894388
0.0102469558894388
2.48987955459383
2.80938212908455
1.03222324991067
0.0102469558894388
4.27018421908953
4.58433362987405
1.85717836725653
1.9379763719226
0.0102469558894388
1.52624122187835
2.16232092522443
1.29409795468124
2.10082425906991
1.84460007144714
0.0102469558894388
0.0102469558894388
1.68594699637694
1.35687108693715
2.48060963960203
2.88771950371798
2.27083387536297
1.74542688348208
0.0102469558894388
0.0102469558894388
1.26348868018203
0.950467663324846
2.49924172181319
1.96797551815728
0.0102469558894388
1.6625843398063
2.72751766932466
1.7201993497109
4.18014396318705
1.23372765468011
1.84774885982587
2.44468625056231
1.46362052816511
2.64146450086656
1.91915719958812
3.60586177528823
1.18501887597081
3.00168713519876
0.822428778465038
0.350109765446457
3.5057100443526
1.5101395896105
1.771622163951
0.0102469558894388
0.0102469558894388
0.983154972134831
2.47419311007317
2.26617224448402
3.34936934513188
2.91375281074787
4.53075711414381
1.33643750292215
0.928684958431272
0.947223847160931
1.49936898226995
0.583685167318401
2.11474338636191
3.20514531099681
1.71126760910868
0.782177046617661
0.859472658952858
1.22405586323432
2.54987487990006
2.63999276936563
1.75152428739055
1.50050511161188
3.0555794712371
4.44462090506674
1.54907809083481
1.64745111893416
0.0102469558894388
1.53262298041948
1.71147009816024
2.50538595569604
1.07124717671008
2.24396346034494
1.38054233051527
3.31660846463971
3.00138740620036
1.40686581942623
2.55023276610319
1.61860942543653
2.56986161885663
1.21267241927108
0.0102469558894388
2.02708126280202
1.94576306308118
3.90558343497036
3.84982606573911
1.37276048089369
1.54550146208725
2.08948665908965
3.74112458543416
4.83715405374752
1.75453521346821
0.763123666814303
1.87665884591479
1.5850369333723
2.24718941633385
6.06714266474611
2.30637806748623
1.76846487886127
3.05845879693726
1.52996003733966
3.0657924806835
1.10007026044998
2.64754035099677
1.36124521886057
1.92413646278147
2.68706765434641
2.21328528042494
2.80977562447678
3.00094712491731
2.78409971105876
0.0102469558894388
1.57657874122522
0.0102469558894388
2.53238063213721
3.08953157932327
1.85637020534375
2.35830294121428
2.16293172120313
1.24848250891937
1.99402100670779
1.59585773496007
1.61970728508589
1.0162627874372
1.7575645646437
1.79803999886869
2.76097703185235
3.80505749608525
1.18268159674713
4.32098741711677
0.0102469558894388
3.19075017672438
2.76801022808296
2.01133705032165
1.40641113921212
1.3546561621562
4.11690605304515
3.18688848053462
1.49870968534417
1.82938478287051
3.67662430655567
3.19977546357108
2.64571709960805
1.62042010575469
3.50465444894329
2.14804151129311
0.913378106051211
1.31413440632611
1.13231972843449
1.04442156519868
0.938736174268227
3.36921257480364
1.82350662385865
1.67490881754215
0.744722248963156
0.937590944409838
2.14907701887248
2.25347400954055
2.62314354021827
2.98820865043764
1.29398701608546
2.25103317654643
1.04761432666316
3.00426780743145
2.04920174356951
2.01888827299129
0.0102469558894388
1.23544037188894
3.85967425969147
2.40242224266946
1.22446923139814
1.44129896715386
6.33610061476004
1.99186203091258
1.95800067073017
0.82556110042632
2.62977342917713
1.73052777333286
2.97770862553711
3.16416378374776
2.10092065175829
1.05620619138053
2.75232926144889
1.08071342530856
1.40705224276603
2.06363586430187
4.02405063327911
2.54926617994469
4.24810279595577
4.15582749354799
1.98488239359417
3.66286423847302
1.98565387383258
2.78066765751379
1.38629767908162
3.16038995652129
1.7244639751425
2.01498283658845
1.60972104131228
1.41797437607911
2.55191836468174
1.38985859768607
2.56869491755266
2.15420137566724
0.0102469558894388
3.71251029415772
2.09510969514999
2.32186604535065
1.28955685113328
0.93264825406957
0.0102469558894388
0.0102469558894388
2.28069240302105
1.88083995101224
2.55714653820028
2.16555178878881
0.0102469558894388
3.23815143359423
2.71527686138107
1.5997605300041
2.70923118625884
3.0142641120336
2.02771083907424
0.0102469558894388
3.4006609867026
2.3956794785257
3.8983932922915
1.31413854093431
1.37181842298358
1.93419717952144
2.91242623554287
1.78761871632815
2.07471198654646
2.20161397922243
1.9745266473104
2.54929961502894
2.26947631010643
1.76915441725967
0.0102469558894388
2.5361985564355
1.72001518405192
2.77359110656012
1.99424038512928
1.00060787749185
0.637047713583609
1.3278868980799
3.03138215500806
0.880768923412978
2.54228678994422
1.31888742532624
1.99407220212434
2.00588868327727
1.76461894999566
1.71234634985106
2.08124025051456
2.79133329329716
2.59604187435016
2.07011080759679
2.57796047750916
2.62703715667965
2.23792434991174
1.90207747683419
1.39253564721281
3.27923067380677
2.44530199782615
2.21027202178592
1.9233609160093
3.51891152808926
3.03569553143201
2.83046355188063
1.20842948688283
2.96472068232531
2.57572852120115
2.10888838091293
2.04586744520828
1.57551492021364
2.59004699881297
4.25541779136764
1.29629381714803
3.43876668410813
2.6634744884086
1.60636231607695
0.990092746365962
0.90072779621065
1.81658775447562
3.23332290017856
1.26919938928909
0.0102469558894388
2.77721935500486
0.0102469558894388
1.92525901474601
2.39286474320664
1.46742674851812
1.82544433381129
1.94566331368332
0.0102469558894388
2.0897345957119
3.16116295614239
2.8204977603099
2.43124957758235
2.45250437615501
2.08902921184498
1.25669393835348
1.25562583498793
3.21985269212978
4.26717694008008
0.0102469558894388
2.04118194562
2.37540894462623
0.0102469558894388
2.29623773975239
1.59643162748168
2.06841694964126
1.7185274830475
2.36195482104557
2.63363187080813
1.57678092129792
1.65381810043838
2.68498535466779
2.48076406455446
2.22417121820933
1.27310054162434
2.60199784941802
1.23989168625535
1.31439352679302
2.34916887838692
1.10997707465711
2.12889077155285
1.0960659600031
1.23651443441937
4.17962928324634
0.0102469558894388
2.51150128094612
2.41270751342762
0.0102469558894388
1.74604583747629
2.2324857046657
2.3405597836114
2.85622444040606
1.49506733620556
2.92126415211453
2.57333852058387
1.85811029105362
1.89451004476947
5.21759586941037
2.00251191193911
3.50916498075813
1.90796919647644
2.26792022335388
1.86727597452522
2.35632872102245
2.68784274694788
5.44912602494769
1.55967349958842
2.42960638463638
3.79611608686573
2.19156549832359
2.03918547066265
2.46375250991467
0.0102469558894388
0.972599718706675
1.44068541680723
0.0102469558894388
2.11959702610854
3.1833737303344
0.0102469558894388
0.0102469558894388
2.85008592794516
1.30013157203184
1.28121853196708
1.66493536434841
2.07114511877779
1.21618638861322
4.48887816528865
1.48621421591587
0.0102469558894388
3.67491306590815
3.78114270018574
2.45794925073449
2.69022414798881
1.77947390327415
0.0102469558894388
4.24761122048428
1.47930449575354
1.93641989803148
0.367622956082826
0.430433697365414
0.0102469558894388
2.29196762352298
2.39335259753474
2.92099515308323
1.49519225182363
1.91070435620883
0.954255110094903
1.42236322529413
1.65458800444464
2.1822090224605
3.87537226125793
2.50793445436897
3.54233983208914
2.30475136074254
2.38025312339706
2.74399102257748
4.01023198667196
2.65464224379507
3.32984537481039
0.0102469558894388
0.0102469558894388
2.05754506671743
2.78571885491848
1.79275771160236
2.23639452399998
1.81416673906262
1.67256806343977
1.51374963084348
0.695756044976598
0.971012416426633
0.291301900152206
0.7961998158462
2.21507278485153
4.10426619751521
2.61412780700158
1.60402400851555
1.82419830479785
2.07456418830133
0.0102469558894388
0.0102469558894388
1.31123783528015
2.68057864089598
3.51870126440511
1.54339330452313
3.90918258999684
2.63750229940213
1.26432431109135
0.0102469558894388
1.13851752394185
3.08832423851167
1.56478048120241
1.62236888082651
1.42941934167132
2.40622028046614
2.10423205321817
3.65944461229214
0.0102469558894388
0.0102469558894388
0.0102469558894388
0.464560897003764
0.0102469558894388
0.351287316517657
2.50773412688269
1.57513310733198
0.373701223180389
0.27780130535193
0.973518852669628
2.18673403338201
0.0102469558894388
0.248994890510757
0.0102469558894388
1.97968987435388
1.42298830140182
2.33892048401931
3.34606986521612
3.54553942516486
1.42844137958442
1.98495349324367
1.40233425026497
2.45912279688977
3.09115519206445
4.05018050745209
2.572459262776
4.2166471890254
2.44335082416727
2.30116609792624
1.88080085447904
0.0102469558894388
0.258990280661823
0.595535631772127
0.811259872625524
0.0102469558894388
1.52566621844856
0.705531243696889
2.48279671013304
3.22198127821313
0.0102469558894388
0.0102469558894388
2.42205971887581
2.13106048476132
0.0102469558894388
5.28162626417656
2.02322941709346
1.61828510214651
4.46328874496777
2.88967783220968
3.35027215732655
1.73979685689234
1.80488305380682
4.53391028945028
2.23442741529235
1.99594378917831
3.62379689717403
1.85979828225413
0.0102469558894388
2.72256246119127
3.48470989293622
1.30113463403255
0.887580450318891
1.92965719761257
2.07303673656862
3.23699015666109
1.92263885195584
2.4158379209086
2.25584577020569
0.0102469558894388
1.92052948554834
1.68225074691218
3.37089103011731
2.1077390736497
1.58754450909449
2.45793598229835
0.0102469558894388
1.63814493922781
2.69004266311976
1.75373863308683
2.16736864141692
2.66770894638408
0.742246172590485
0.0102469558894388
2.90183840192403
2.11158123396173
3.83572403647764
3.77547080988362
0.628734367375268
0.0102469558894388
2.80110419877768
1.45919098010572
2.18033662044437
1.551399903291
2.79108032847046
4.27963714738168
4.23437682649885
2.2309561597766
1.60425937105418
2.5230065143537
0.845537482546256
2.34662692065082
1.35393360707543
1.59535746482797
1.71474271431791
2.99861623456451
1.27367832529848
1.85777666492361
2.17572547299038
3.4969433428977
2.07128133196495
4.5434181545807
2.12425569994058
2.65882484107602
0.0102469558894388
2.45528152775467
2.05295544255608
4.06553087471021
3.54232673270811
2.43474232849745
2.68819184425565
2.40597780248289
3.94607519661186
3.24489764288206
3.60961927478306
1.88989501798578
2.82195195949299
2.72749738486524
2.66974506949633
3.04509617043707
2.46966096926432
2.23821358297852
2.19089034707907
3.71508747690012
2.62597224145837
2.64489219097819
2.07538350690948
2.33751385100344
2.61815253291999
2.07444946080255
2.19458336866011
3.95366887220957
1.79948230332704
1.28141444565346
1.67487226741853
1.29684004221581
4.90022477545369
3.241925964618
1.71098866971379
0.0102469558894388
2.19234199847609
2.11157898989969
2.37001246684317
2.36254504334717
2.76110361638344
1.45128040009064
1.10384343513214
2.37092633844638
2.18825434931355
2.4050983535019
1.19619149563243
1.72367003112939
1.57523898069983
3.23043544114962
1.68721265295684
0.0102469558894388
1.09621804513461
3.66423107373025
1.62812648878433
2.85589170976885
1.65790317328842
0.0102469558894388
2.53027069379388
1.21821446523962
0.813594530602114
1.09934575302645
0.72865664423333
0.666769806419992
1.38193089080244
1.29676886863718
1.21265445596012
1.55791902194862
1.99693285031202
2.56521071534717
1.36190452066361
1.36165730751799
1.56503473475075
1.09017441476682
1.73907513737821
1.56626326397577
1.46292326706491
1.79509925207154
3.75009368308317
1.7406472007624
1.98323868242259
0.0102469558894388
1.90036908861191
2.27959764034967
0.0102469558894388
1.35490987396518
2.69069026725736
4.06777367819158
1.30135971297046
0.0102469558894388
1.30179941638536
2.75283577178764
1.01909401883289
1.1407454193172
1.24695989942144
4.58172963688365
1.98572123154583
2.43113775794731
2.89566561103281
2.84813302587989
1.81777013954203
2.90728352399988
3.25638866776739
2.83904405133605
2.23042526455456
2.3939150695322
3.47248438131187
2.11808159794257
3.40843173409847
0.933389244837387
1.023547640209
1.81359287278127
2.65576173513874
1.27090094672454
1.76603960327532
2.57426377637759
2.54773579898255
1.85924538257831
2.69829303484895
1.98795606579429
2.04600590921915
2.17122749070886
2.03918969817245
2.20139400390651
2.13420459695723
4.83986947683893
2.57409869369892
2.4287552129856
1.29659659617039
2.32595882666331
2.14964770170657
1.71384440419771
0.0102469558894388
1.82407566062734
0.0102469558894388
1.55719522752979
2.49876049502174
2.54239975438985
1.20349153998047
3.56866711964135
2.77587436310971
2.36385377883794
2.40931089561075
0.0102469558894388
1.9041667716372
1.29755255309945
1.13946524387605
0.915028325738576
1.3373263558689
1.3858410878091
1.96454596385042
1.52500876133742
0.0102469558894388
1.22895538333991
1.46283595673126
1.68176615949081
1.83415151925764
2.47767386944707
2.08595235001891
2.36425280443253
2.87376464760927
2.12199666084729
2.13500226461919
3.2416223411593
2.46439892115466
2.44007832910532
1.57173511607648
1.33552669199879
2.78192556845151
2.61279213331197
1.7202637043308
1.5151647630143
2.20037459601685
1.16251867501573
3.12240413316054
0.0102469558894388
0.795700728975093
3.44589553367248
1.92569960919275
1.67768383165184
2.39707397820812
0.0102469558894388
1.64005037059978
2.52051434888728
2.29124800985906
2.63072465218611
1.44027725113134
2.33908714610912
3.13055661557542
1.7079652174499
2.26539453710319
2.56106339345458
0.0102469558894388
1.54424946252137
2.09512062783889
0.0102469558894388
1.52239839731062
2.18211456586598
0.865053785273949
0.0102469558894388
2.27517375884289
2.52723547567134
1.41136634494509
0.0102469558894388
2.62185420237353
1.94851897107281
3.66323199049286
0.920591308545367
0.681249007960415
0.0102469558894388
1.29166520064459
2.36126989125599
1.66465917297487
1.40514384860766
2.10170963209688
1.13163600368303
1.18828831047374
2.89703440729422
0.809642373777688
1.32342124138223
0.720702452221274
2.27716924461668
1.70777603669971
0.0102469558894388
1.57115051992922
1.88433852486348
3.32864293262773
0.796961061127632
0.946990518046084
1.67583273598233
1.9078176648272
0.0102469558894388
2.16986084161604
2.12741261119178
1.76059412549579
1.80325520151232
2.01370537133896
1.38816615919356
1.30211872646816
2.41382119283093
1.8856417539977
3.56711666161451
2.05016474921472
2.13861039777214
2.31541180944891
2.57575035359709
0.769903971078064
2.49902647022224
1.36853817100333
2.27963913497551
1.72525736675076
1.73255427204391
2.02270472212537
2.68413324064504
2.1051337803715
1.52847163292988
1.75486954005766
0.0102469558894388
0.975822503613693
1.87972649866951
0.0102469558894388
0.939716761580423
3.60705299824469
1.49655304129985
2.30666749151849
0.584690528785076
2.06555215435095
2.58070531234204
2.84680979380729
1.57629657163573
1.07150666248827
4.34909064288551
1.79178421869881
2.45329105300838
3.05284098888646
1.54711415529749
1.69578100165789
1.50027707952672
0.520416018491312
1.79283022430027
1.87338537419566
1.35148457583982
1.21900961860202
2.51726037773016
1.43301163933228
1.77607156685918
1.9318645918521
1.47989778013501
2.10186486236188
1.21251983085462
1.32496443575888
2.93337846920723
2.71260801296931
1.92864686895439
1.56983494265692
2.07196671723082
1.37927340605914
2.89221852343188
2.32987645178422
2.06902033361497
0.0102469558894388
0.0102469558894388
2.28555010812263
0.0102469558894388
2.32398850032127
1.47924578772197
2.15654321752602
2.37044690761222
0.0102469558894388
2.48278648352854
1.32120266962081
2.36568467440278
1.39070103275447
1.77043233863275
2.66666571798727
2.00440324236666
1.93681811752476
3.38269487977972
3.97795257443876
1.60239351705245
2.94149328121053
2.1847214879434
1.0902797281698
0.0102469558894388
2.32112383863767
1.28647615660002
1.16351036840346
1.63133751240238
1.52431850706778
1.85594704010782
2.08000707274651
3.72640508732996
0.989855535781123
0.0102469558894388
2.14246264902823
1.86054514076799
1.40250072526481
0.0102469558894388
1.93663138236518
5.554460287538
2.41502248718535
1.14623764459662
1.73014342373717
3.05896220924731
2.15616168715081
2.06383123410852
2.4835222267171
1.8149822845192
2.8042080671097
3.200197250763
3.10564481603967
0.0102469558894388
0.0102469558894388
1.81666435008966
2.72112184262396
2.33623156857784
3.0869071582832
1.39259678410929
2.07050882929251
1.30094211853602
1.75284619966943
1.0278797919219
0.888834431179449
1.44324906292268
3.88078887965195
2.65566102748331
2.34465144569694
2.57554108450529
0.666352850147929
0.0102469558894388
2.21405099479863
1.98235473479473
1.61806970739563
3.24340187469256
1.99534264826412
2.27352052340754
0.403058309864818
2.2530251444765
1.76668591613224
2.07423697662762
1.15396130403846
3.27874146754237
1.47387510196151
0.563178547729887
1.88592252385491
0.717591439127132
3.02022996292603
2.91698222303972
1.8105549303261
3.06203801240005
2.46996877953982
1.35494082165938
3.73987468785996
1.89850417092857
1.68549716772113
2.88635943944194
1.92410016918018
3.14453591183984
3.03570446000936
1.57829410524876
2.56865641885509
2.39274235190955
1.53940199879979
1.93146479134037
1.85999628018976
2.80156140405515
0.0102469558894388
1.8728644648009
2.95924775969387
1.59574044309541
1.39442992913952
2.00553352481511
3.3269735694746
2.27198048738196
2.22214303419313
1.48655062489988
2.89291736395167
1.86655915050808
2.74798272070077
3.36854769695683
1.43960716911425
3.53885748439143
1.49996287982485
2.91179530921399
1.42440683633804
2.97161867376826
2.27533771108297
2.10741850134435
1.09973559489597
5.8812160512179
2.88934103660837
2.72636347860132
1.946773433851
3.59430651045991
0.454556078254624
1.84279004780768
3.13663079667523
2.1293663282654
2.14356895423435
2.37195779310708
1.49775606875697
2.89300873753008
0.0102469558894388
3.46498105714061
0.575588728470093
2.54694719374326
1.88083091984722
1.15181854617814
1.30413601957212
2.95788777282547
1.52501882760009
0.901239123859766
1.97109327777029
1.26987647422362
1.23152539293172
2.2989684607287
1.96805613497427
1.56384917053178
3.75785562597187
0.806576431008794
1.79431325895281
2.02231451385584
1.70032064676926
1.37000036611072
1.82246538672888
2.87768026372744
1.84477086603071
3.35726865228976
0.775294785517049
1.37907005680277
1.44496923923609
2.0471758289538
3.31651046890496
0.0102469558894388
3.12771065729027
0.0102469558894388
2.53752734937975
2.15926763755319
2.35335206661425
2.71729672223712
1.78974917127109
0.891724022021927
1.86098028813728
2.02792373793584
1.06291382318566
2.30704382498624
2.39221683364793
1.94126301665219
1.22929799141992
4.45737233197841
0.0102469558894388
5.51503285464568
1.83922118097223
4.00607734774125
2.50735144069546
2.5426151089898
2.21392850852037
1.50471563645401
2.88265361837423
0.0102469558894388
1.97336031293853
3.00084231827889
4.74832347497865
3.4763704296567
0.0102469558894388
1.37191731144424
0.0102469558894388
1.6762721945823
3.77610656746011
0.0102469558894388
0.7533495922167
1.39752888770817
3.29091550645866
0.752947242867688
1.4883904009005
0.0102469558894388
0.0102469558894388
0.0102469558894388
0.0102469558894388
2.17433815046123
1.66727885896991
0.0102469558894388
0.0102469558894388
2.73843306213374
2.62026369474269
2.02774100006355
2.07696742949145
2.08208694395877
1.93032676751723
7.61736022394902
0.0102469558894388
0.779009256008055
2.6155128888645
2.11301168810919
1.56704525051231
1.02995744029128
0.0102469558894388
3.19840906033408
1.30594301279251
1.13358236745711
2.16081052004362
0.878399554278521
0.797359483832165
0.855685323512295
3.08624010672181
0.801019215958039
2.17577587041724
2.51305019324821
1.82059927752542
3.58656725975599
1.15410770597489
2.02994559283692
3.52631285622754
3.56443594883188
2.12222177625978
2.02897991821351
1.29265852286324
2.09147504929484
1.53515820845975
2.73603033828775
2.55243809779837
2.05389082010507
4.19256138981504
1.00599134331662
0.0102469558894388
3.31798592325642
0.0102469558894388
1.39901970722317
3.50750129129997
2.07828233037655
1.55690308659234
1.47019543151415
2.53507368908188
1.97370818808908
1.8201692444094
2.39628137839597
2.44197242816894
3.38583573112379
2.41010513851078
1.33400834990982
3.06698360027929
2.96570842696907
2.13085010618325
1.13329365366509
1.85852720842398
2.16803990468573
1.52351816230819
2.02963430380057
2.12297103730364
2.76983625636565
1.911851286775
0.0102469558894388
2.01974575605077
1.90320136756594
1.55158257289448
2.03150593060129
1.56090461512781
3.56582341100472
3.0963263646524
1.50256567617591
0.66536515518196
2.89535678390923
3.46427602548929
0.0102469558894388
2.22781111701616
3.49025150350929
1.91025802922764
3.84570182980012
1.41684482312967
1.752105349721
0.83201547382792
1.96268823683445
2.71955253752428
4.0600008477065
2.29062915242707
2.05111477569676
3.12909390689702
1.85662165951753
1.54297296067645
5.23328002946243
2.02971004055856
0.0102469558894388
2.3203414942277
3.03735910633742
2.1221963753587
0.0102469558894388
1.69033273913644
1.24132061754853
2.57905569554756
0.768747136068613
2.60081434133308
2.21192075993113
1.49654857993001
0.0102469558894388
2.52919496301955
1.8919595018261
2.74974842379259
1.56070575929022
4.27281376724429
2.68608079822257
2.26449139824875
2.71990587565908
2.93412006153679
3.25570112510942
0.0102469558894388
2.549378516653
1.60924825377548
1.78454634195638
2.13811714372711
1.77033089724229
3.89194429912742
2.9216791105358
3.13775804429745
3.30147394933058
5.04149773902209
2.37703373267581
3.70774295406086
2.07063222407784
0.687040869503532
3.23748425171538
2.59755163571833
1.88833680066543
2.37869882141045
4.35201226158307
0.950252644334643
2.08740445180522
2.61764489261266
1.29556259684404
1.2831404199987
4.17458407836678
0.0102469558894388
0.0102469558894388
1.66960591735717
3.99601860828656
1.52541517662686
2.73114624810968
2.05270436422473
2.15809275260938
1.56756919238586
3.3278128672958
1.52007797299031
2.84910325973646
1.8623817364993
1.35834952801426
0.0102469558894388
1.53419788740411
3.51757316572194
1.06451055439114
0.0102469558894388
2.1082921246926
1.9135014215543
0.0102469558894388
2.2878777118821
0.738298717501307
1.72265744779353
2.13565811739876
2.94630348717441
4.1928130805782
3.40928646449132
3.87874496227551
2.02223074464918
1.46680665326004
1.41006972041558
3.11473266125407
3.34668024217486
3.44177908844459
2.47894809390674
1.99889125574382
1.59700021703712
1.93864026184662
2.4729499278368
0.0102469558894388
0.0102469558894388
0.0102469558894388
0.0102469558894388
5.8438162234363
2.10261740873307
4.54013720875468
1.26863476823507
4.13625942938025
0.0102469558894388
1.9479986263923
3.25157704584359
1.32480641694086
0.0102469558894388
0.0102469558894388
2.07435136323992
1.01223055263703
2.28584902244366
1.60826512571457
3.31764430863564
1.77040245906382
2.23953763824291
0.0102469558894388
2.8306066047741
3.96360580150553
1.07940991417803
2.4843662022118
2.78138117648065
1.59093513504403
3.52818112062135
1.68826046264305
1.93939357224213
1.00106448987708
1.76244601123012
3.20810869104045
1.55642245253534
2.57238146452766
1.07174454464436
2.33847624054187
2.30208152356179
2.26028183878796
4.26994435414889
2.60962067529519
1.93138409946034
3.73415626756313
0.939693296179227
2.44358859373748
1.25500003353124
2.93161680016293
2.56228324432339
1.74592593408832
3.07402230240696
1.76829554791597
1.07358109329333
3.01979604898258
2.30336591007569
2.78657513156889
0.961976226533886
1.35869314505819
2.93174492031684
3.020342977235
0.96209223502236
0.812755151546708
2.23899791784695
1.97232641553067
2.49392362379115
2.27852420052493
3.22658005868564
2.14577616702631
1.25473496952064
0.940666180704861
0.0102469558894388
2.6049221925839
2.78438489162837
2.05392146514043
1.70197526887484
2.83423707472428
1.99075976429258
2.63184909066867
0.0102469558894388
3.41088864221746
1.95125098018598
2.80799634616421
1.74747599949848
1.80024232944267
2.86688387664158
3.30337404040147
1.9819070668786
3.14671315676734
2.38525916329511
1.98282612602904
3.79186340045731
2.62598843444039
1.58245422471891
2.95869395791818
1.8392752486333
3.83883927766614
3.38926670336721
1.55735879044008
1.93694880742868
3.41433291723706
2.20346467793603
3.36149558982792
3.35492905191806
2.94007164333574
2.34004654239219
2.14466995167892
3.70815844745191
1.30532399015878
2.7485654020415
2.06010045092783
3.48287598827783
2.51639985566735
1.75001739161118
0.0102469558894388
1.25428555027313
2.94767994036682
2.46697668197248
1.96213316006778
1.66388775685745
4.44514050286578
1.84410232613008
3.66073926360769
3.0439559315716
0.0102469558894388
2.37647339746296
3.11182148431372
1.48657558414342
3.62631690452363
3.76040275663722
0.0102469558894388
2.53281379537178
0.553792113695783
3.76578848533836
0.0102469558894388
4.38394180816602
1.75934653813406
2.91408092924156
2.09117555676533
2.4728372292746
2.21271489659903
3.50847546445584
1.24217014574893
2.65852280003022
3.42249900299601
3.68769805553206
2.82357231139918
2.6986972986936
2.24461943157948
4.22433564480415
1.93047534958461
1.6926055331087
2.68831265480695
3.90249981493508
5.90503251603653
3.1116778504364
3.16124255943479
2.37555329090787
0.957508367042807
1.38137673336861
1.65532112344285
2.3232692027242
3.59221771305048
0.0102469558894388
3.66344720076253
2.41070195556999
1.60228422297937
2.3800570935155
0.931257359339239
0.751604928706936
0.937023358247597
1.1213921050146
1.34716668686719
3.39633162400457
0.0102469558894388
0.0102469558894388
2.90771515918349
2.77434550494069
4.31319792300784
0.0102469558894388
2.42376275695583
2.51549296520507
1.47229114615778
0.869809050896823
3.96679727138438
0.0102469558894388
1.60478235904381
2.65150311632386
1.83033291973122
1.60462320042348
2.79852189270656
3.54368368295506
2.41782459371527
0.917190077126407
2.73264072569689
2.73314885535895
2.02451711275206
3.26157907399083
4.03384494274392
4.08767381969471
3.0465310318853
1.87582857377462
0.0102469558894388
0.0102469558894388
2.40933230957579
2.86769658447051
3.04860331795964
1.92983623871886
2.48179243618347
1.88740920145153
2.47809791202158
1.88491236392661
2.17526407193709
3.52762491256093
1.91539431221052
1.53943307494948
2.66730170849203
2.13920776033642
2.02458746442248
1.74635582402055
3.88239135461276
4.39524590551393
0.0102469558894388
4.73903928515905
0.0102469558894388
1.63657741606273
1.79698132161329
3.38901691210592
1.95584858278531
1.76590146568844
2.0861414668496
2.36152484260502
2.74091937912344
2.47389894458972
2.8628916931885
1.4166432059081
1.76178534001907
2.28239700129286
1.17846790695652
2.04572029475592
1.65623245167042
2.10341133073728
4.02194185200163
2.79210815887845
3.32282530130637
0.0102469558894388
3.7128001324764
1.35967826334865
1.66702850277521
1.0165054164147
1.01832160323269
1.35752587559052
3.5659102872632
2.38327498183188
2.70828139413501
2.89575401802901
1.4617119645327
2.42087555109053
1.50363171383953
2.4928079393178
1.77527138759039
0.702142779842172
1.6153188803203
1.16592846242008
0.926842557446499
1.41538424788131
3.99372641018347
2.17365011845879
3.40599760054862
0.0102469558894388
3.17540559289794
1.05124483716111
3.00644388226855
1.60835438634324
0.0102469558894388
1.83294157798399
1.2953214598494
2.82294080166767
3.39691559407031
1.03982717417631
2.49162230114783
0.0102469558894388
3.38837906159117
2.55236793609899
0.0102469558894388
3.71099664106654
2.08425034658807
2.39831847543661
2.03816662415241
3.77751793892779
2.58599309896644
1.34677738668574
1.95923189396257
2.95288830143466
3.30496074108089
1.79008916743101
1.51698249464326
1.92048630636585
3.56818613726445
1.87313455179256
2.74497285605646
3.27329513604915
2.55879026706447
2.87472306218693
2.08476772391635
1.0484020226123
0.922386884904705
2.87396759452411
2.96983728553055
1.91521530512347
2.37267854213669
2.11677335402823
1.50232065120715
1.97883937324215
1.64766661646711
1.56325874668487
2.3831807066436
2.14753967711248
2.1450944415698
3.58493129797069
2.98663085733127
1.74872619132353
2.17046642295291
1.86182560678303
1.64658736362942
3.98195850926944
2.67227162060104
2.02480989677294
4.01540478804734
1.62708189473995
1.73483681316884
1.96816195649709
3.06338638970061
1.63717075685234
1.47407002262933
1.73248544795485
2.23879888055405
1.21671907533714
2.09551532283548
1.24056772880716
2.36586776101931
4.63203043120122
2.43095656297477
2.90325792867867
2.65181422718071
1.60571165910975
1.8664180500001
2.57299027940609
2.48896468592325
1.73901662545584
4.02964118386421
1.47165593115856
2.38576813719561
1.99468665225462
1.93689695989366
2.13470779677736
2.05035970726119
2.51070248458961
2.25645252662724
2.89957989403284
4.43036357326907
2.2324011097092
0.975145867005257
0.889401953226527
0.717770645233063
0.951442955880459
3.60450415397542
1.46974234602799
0.0102469558894388
2.83559281689604
1.16975407733223
4.30114728668699
2.03072186820579
2.67242155910502
1.73468471705855
2.06009654310298
1.09584225117186
4.25032835706062
2.40440791733939
2.3048850613956
1.66066550971218
2.29673582942468
1.57734806416069
2.02931487256566
1.73787935292532
2.23938099802965
2.2657863113864
0.0102469558894388
1.34698040913951
4.10305174504574
1.2124439053713
2.1693487871479
4.12817274263976
1.49050666629795
1.65074566238176
3.78211664150817
0.0102469558894388
3.67246858895307
2.49821492579281
1.93023813913207
1.75619080870346
0.0102469558894388
0.0102469558894388
0.0102469558894388
2.59437752771177
3.83542831698646
1.96537065012748
2.60879024879074
1.93329918253545
2.14516679935836
3.99199805150705
2.90106322176053
1.45736128337108
1.76538213227024
1.67440441080665
1.6166494941029
2.66373203745285
3.48062198121755
3.36934958403819
2.32840559989468
1.68731877731473
0.829739375447718
1.63844744204172
2.00326299594972
1.44787218325837
4.00106187020228
2.43015685020386
1.41416096440136
1.82531616600805
1.66223372175686
2.47358040926504
3.93196851916288
2.18212723137254
2.35095044501312
2.09103560679126
2.31342183114573
2.18534730414204
2.03127480369322
0.0102469558894388
1.79097542940232
0.615740378070618
1.33629231442679
2.16661757124108
1.65833371888834
2.98451221455155
1.65937337885018
2.58037127336466
4.77545814532003
5.05712476530752
1.76019856218937
2.13544721850463
2.90423831329763
2.02536537465765
3.75657286145423
2.04344275040541
2.65643701173229
1.56131696696112
1.83229625748277
2.35351161020135
3.12701348280988
1.99587911383107
3.00897478361694
1.95481727587141
1.13213348977881
1.99254961811309
1.86511094344741
2.92812934860035
2.08364062776576
3.10901560791005
3.59830423283446
1.15999880094315
2.90153169593549
3.11784769597066
2.05837509642383
2.93515667800501
1.95891723657247
2.40724918068365
1.3395596066898
0.0102469558894388
4.18968584804594
2.96732630016063
2.5873282435527
1.1039808769023
2.78254738268303
1.72485406665433
0.0102469558894388
2.76373613601749
1.04329273284001
2.29527760799876
0.0102469558894388
2.2903250059951
1.20025635626358
0.0102469558894388
2.80938188401824
2.28614499457215
2.56414909360553
1.69282520961242
1.30941756978059
3.00468809515582
1.47542516759197
3.48665528853537
1.6454550948957
2.0370298255669
1.89910014240977
3.3969812300017
2.54586668231257
4.46096801658823
1.95037632706393
2.33223845039645
3.21610563298763
0.0102469558894388
4.69458490314715
1.51633953521109
2.91299611892704
1.29260190612824
0.653819249715823
1.78244198915408
3.83349224769451
1.57000135408759
2.05836836011444
2.54002671915308
2.9100378531439
3.29818631671766
1.41122170213602
1.00538344141815
3.24888955352351
1.94111155437877
2.2186923478219
3.41476095757984
2.19453897023898
1.1090074224573
2.77565400878613
1.46349317784414
0.655516156973583
1.66560847598751
1.90235149630671
1.13858952187643
1.33151223235489
0.0102469558894388
3.08867318421793
2.91888573486913
3.25280050973249
1.72764339255875
2.3143332715644
1.17265590127738
2.64639285530083
2.56222512228297
1.79805235502369
2.67125118921677
1.82994134704081
2.00915122956074
4.97064227849744
2.86521751540159
2.51385008928686
3.47084862477798
0.0102469558894388
1.45964414259051
2.0937832885672
4.28851068488073
5.06654925223663
2.90181247293125
1.28499420111474
0.0102469558894388
1.50983422429175
4.64939878978189
0.0102469558894388
3.63581809285366
2.30565879106721
1.8436295104959
3.06092466947965
3.19775729451086
2.48034709380626
3.81780053460587
3.66952899180836
4.20454310951861
3.43102857412824
2.14127551286726
2.36881737546027
2.51919584977271
2.05950557771325
2.01031272923803
1.5057607497648
1.50985729210519
0.0102469558894388
0.623071127956644
2.22075792616386
2.44949397538957
2.53896185611192
3.59977356574596
2.86772333735382
3.12008845106266
2.68989669374812
1.55349530993322
0.764559254093264
2.49387371500023
0.0102469558894388
2.78392002968113
3.25978898521146
2.1377536027214
1.52471963291075
2.06866441642879
2.18454659924341
2.04929828732246
2.14762183495522
2.97454713222922
0.0102469558894388
0.0102469558894388
0.71099768386431
0.623192012442764
0.5692222467821
1.34566967748348
1.69680401640053
2.49452153642727
2.46195359511078
1.80156648266949
3.64686184621404
2.18078153504069
2.46577001291105
1.86865803738427
3.44779248671636
3.1254700737726
1.4259345627885
1.86590183830736
2.02155161184038
3.81270683388056
2.27384497681041
1.66509965406163
2.6277432485675
3.15949290960941
1.39339373119712
2.60268402923413
3.72628190604558
3.08425703681004
2.82024291659345
4.23013032993082
1.91972956888321
2.37062604274981
3.126662155422
1.97936175564915
3.59307112688256
1.91974907055228
3.20389542849321
2.31285478008614
2.93741568386271
1.39458577012353
3.6872453421894
1.93318350503423
1.62915508031154
3.09397376425952
1.82358236399473
1.01104326241272
3.3422486949724
1.59306280782643
1.20650268897029
1.45185337058095
2.0869668913856
1.85988902164667
1.34734052362766
2.67212294233796
0.354339147042113
4.05643987365751
2.09284279094646
2.05897777481674
1.31833071877496
1.43972734719589
0.0102469558894388
2.46363765800337
1.6858751027705
1.24190012584068
3.97642514806032
4.69895179238743
1.10244523680369
1.49527198005562
3.83800301961629
2.68402108272634
2.08712472486854
0.898618924133089
1.90655451614217
3.63976440155751
2.77203785840981
4.24931012853261
1.40392399044577
5.12663212761915
2.47706520427694
1.98827666349754
2.53768423097375
2.47482513564083
2.0198654002718
0.0102469558894388
3.29480867176073
0.0102469558894388
2.63088296594412
1.79816214462464
2.75635873389516
1.90179150737951
2.08509349162659
1.35960962316916
1.04254242714452
2.33625912964377
1.76730463783682
1.06288583037893
0.0102469558894388
1.94312095618026
1.50803043064939
3.33618709139723
4.6149048954392
3.85030917496605
1.83582866259117
0.0102469558894388
3.81524496844843
0.0102469558894388
0.0102469558894388
3.13023778482229
2.0034542414492
1.2756358284514
2.00083367756567
1.78590999269235
1.93192372447121
1.71646159560477
1.93714531966535
1.1498491224104
2.18538042785232
2.05618048316072
1.39921975199164
2.9109723088003
0.69736511299599
3.48375245507146
1.37590938879958
2.05258168493498
1.99629927533003
4.35912848121263
1.62870915033568
1.37276253171807
2.06490774693422
2.46440079183202
0.0102469558894388
2.72321237962792
1.52000709783741
1.63205802370199
2.06157370912736
2.53554780061489
1.82235246375646
2.66362758587688
2.85679139225618
3.578560469906
0.0102469558894388
5.2652116674692
4.47998568278831
2.57797481733688
1.68364603437916
2.12771790162403
0.0102469558894388
3.22904147494074
2.10387884022353
1.92852176490686
3.8566551298866
3.40750005843421
2.96627298686462
1.45556153634745
0.0102469558894388
1.41746740302204
1.91440718252833
1.46904233594924
1.59410959275164
0.0102469558894388
0.0102469558894388
2.00249221928122
1.83152348574448
0.0102469558894388
0.0102469558894388
0.98936197619327
2.60470773640287
2.87974279215825
1.90250616755336
2.2940067150462
2.33093856483387
3.69782393962379
1.9608144469605
2.06149799885015
2.96477899053969
1.30918488594246
1.81925540932065
2.37682022682561
1.67945111770583
3.60519263720732
1.63118739131836
0.0102469558894388
0.0102469558894388
2.60667231798306
2.42559746874532
1.98887753485355
2.93522375698649
3.76691561995225
1.99831731841739
1.10601183675274
2.82153352751913
1.89549863632353
1.38453085046468
1.56658386080012
0.854530324263324
2.20777878102693
1.4208413490193
1.48666854959892
2.37390716333237
2.14960642450746
2.90642395325007
2.3931640494516
2.12363917207002
2.10719381164215
1.90287872247326
1.67231759331647
0.0102469558894388
3.60159307013389
6.4208289123158
1.82860254919161
2.52531692561104
2.68674690470482
3.00004188864608
1.99993358667551
3.64557302157602
2.44048120712527
1.37448617014515
1.46890083377846
1.15067977325222
2.7550794246634
1.68975423143194
3.48511176697457
1.49397893690749
1.65076797851992
2.97688987666407
1.59267739765292
0.0102469558894388
2.31560914107435
3.28812221720771
2.50237931093631
2.76449523234909
1.87947956908128
2.08939371856163
0.0102469558894388
3.50042637656302
0.0102469558894388
0.0102469558894388
1.9301402007887
1.61439973304896
2.81217250665392
1.5603085575665
1.02611311129473
1.70751702601935
3.42060250667142
2.00996800097998
2.26494630038838
2.78441331812374
0.0102469558894388
2.28873810841093
2.18382278040931
1.67230505255742
4.79503684238342
1.97188821236921
2.24865433103242
5.46441849814782
1.30965415274417
0.616640206744837
3.84031855090893
3.01565566907509
2.26111735158171
0.0102469558894388
2.0692314764408
1.21646835817951
0.0102469558894388
2.90972071785143
2.77419302318326
1.70443471650305
2.61138243199383
4.18463244455652
1.0796437022036
0.0102469558894388
2.61687937143659
1.43760190797424
2.21177559756387
0.0102469558894388
2.26051263580975
0.793955718881286
0.0102469558894388
0.0102469558894388
0.0102469558894388
1.59262766992197
2.55325615350291
2.16024564283269
1.95602735573182
1.33671390126244
2.144423206453
0.0102469558894388
0.399553393611758
0.0102469558894388
5.18246214282838
1.97796822213408
2.64773149574417
0.580953426166921
1.28960886318359
1.54062440322638
4.1339412350521
1.01260812455497
0.553691700286855
4.65327820744975
3.49410344486234
2.54543906689587
2.72778347793574
1.36943683695753
0.837178028811869
1.09458734516065
0.0102469558894388
0.0102469558894388
1.37818821172547
3.2441816972405
1.32403070787507
0.0102469558894388
1.75508904896422
1.27482608982793
2.05698468414186
1.93182542610469
1.36128231410845
1.01636572364014
2.62559089564772
1.59911680202933
3.0583490436787
2.29017672351139
1.34610860668811
2.29420285814934
1.81659008481899
1.69297117392292
2.36049614890164
1.23452898184328
0.0102469558894388
0.0102469558894388
1.87267244153826
3.41453533284187
1.37903948522744
1.21934147212287
3.11568550457486
2.17066101029473
2.11103353435256
1.22355424556583
3.46664090742419
3.75712515086133
3.30718098159195
3.18195695540686
4.02664127350318
1.78394058622042
2.7648039385684
4.84182026986869
2.43480211886426
3.26333335232468
0.538042457721263
2.93155745292028
1.78266214515324
1.4160694110683
1.98626798715643
4.80106550226358
4.26155639951448
2.59804624966758
3.18724542054921
2.61159009063413
2.207263310475
1.21721782458077
1.73677854164985
1.01743977567787
1.63822445367659
1.68447455950387
3.28143833332039
0.0102469558894388
2.40102937249838
1.77203407940647
1.898654614621
2.58244088709168
1.60511784166871
2.95387916319683
2.5583061039597
0.338429140003173
2.24707675632335
2.14453815564849
1.99738990113984
3.25645060081312
1.69380333158672
2.27624706481122
1.42902996156071
1.82771476894229
2.00115350648699
0.698151761835697
1.98055033261203
2.3174515497875
1.81887859954077
1.21995946333254
2.03517602353513
1.69034006632141
2.82103119713643
2.15058047285475
2.30017132489399
3.09811216031534
1.65088288127199
2.83743211749478
3.8085635426033
1.91828119230411
2.22998542354584
5.19773845334513
0.87539727398102
2.5844326572814
1.49580011377308
1.81717528068504
0.0102469558894388
4.36384490035355
1.10099751947112
2.08137469388531
2.54621396516531
2.73077471196148
2.26932128256086
2.67576230751901
1.77871981440982
1.7222874283479
2.16316583878753
3.90246830828028
1.63516341846653
4.00063391484196
3.35756846089319
3.23006485369234
2.91623804532194
1.93321928875135
3.44011055634398
1.36903488460711
0.0102469558894388
2.08378045441117
1.47062287563462
2.45567714382589
3.23826426937673
2.23561992811168
2.25930518379335
0.557170578954693
1.94953678770454
1.95938922836205
1.83484428140861
3.56239785394078
1.25108266275495
3.31401883864429
1.51254670686697
1.24795147637752
2.87697387544294
3.07490611096489
2.93150272716164
2.64275669388133
0.0102469558894388
2.67421379760167
0.0102469558894388
2.87080720942585
2.50677109314984
2.68890604888426
0.608236223667658
1.64525488870308
1.43885712181103
3.22232604941303
2.12855531072289
0.0102469558894388
0.0102469558894388
2.479128548329
3.49917301500541
2.76609339619491
1.94197741792348
2.61945604194072
3.20119724302145
1.46265828070392
3.55547989093138
3.72249557691348
2.22901984163902
3.2684927421402
2.45081497917688
3.9804542464302
2.45643302262344
3.76939943756036
2.25372523975589
1.78788966489579
3.07069937841916
2.30298770474582
1.03050003822184
0.0102469558894388
3.08609201346561
1.86065948520539
1.03794253867527
2.51909964148338
1.91465890065865
2.00606569551765
2.94245587610051
3.44806992637759
2.56791405686293
2.69804565041013
3.26660025829903
1.81680750372639
1.93637897392322
2.73935803868363
1.46582948303987
1.50655008399476
4.60955744396721
2.23426243312429
3.20936961633396
1.25736637589215
2.45375180695586
1.9010774328154
1.99259277403028
1.35090405260429
2.03413689089336
4.539784833896
1.55999105625675
1.39112756480878
2.21672373526783
1.14837258788855
2.05373539668036
2.48695612709749
1.92418807133732
1.17909209792536
1.37453525638965
1.13543524379631
0.0102469558894388
1.95719349780587
2.07340286335136
2.87648729078158
1.42103075119027
1.7315764427575
1.31215135454409
2.37314245240876
1.06858925178635
0.980654157116705
1.87693008976645
1.98402755503351
1.51439022554947
1.01379035714787
3.41624886654731
1.70204395717788
2.4657131434505
3.29889112251761
2.7300542285703
1.33955315161862
3.54859197547252
0.36818903172169
2.16787735672597
2.73281878872952
1.77785351067197
1.69742173678321
0.656330462735258
2.03941090699256
3.20690989344294
1.37604933043458
0.714445448727436
1.7301726503508
1.57592864960523
2.21137499655649
1.15068623927777
1.49090194484738
0.547899095873013
2.32525234608456
2.74734222187483
1.6392980809497
2.46969998139493
1.5414825789776
2.36495490618773
2.76660495950321
2.45802512734758
2.62980138601078
0.552331770293038
2.284351673137
1.22802734284662
2.056801815136
2.59843094622922
2.93790674659842
4.83525261106437
3.24731761419884
1.50930670382151
3.4322964651789
0.198058836956831
2.70186173159615
1.99521257058804
2.75148582573256
2.9067851388169
1.87320624119784
2.34310440101167
3.68309281985362
1.5753290482074
2.77141168652849
1.71894482560919
2.60805995518355
0.0102469558894388
0.0102469558894388
0.0102469558894388
1.68251532088222
2.88231350370272
2.48992716606648
2.15934775581785
1.14768091640339
2.28142981783678
0.894577644435502
1.89131665372605
3.10401304300186
1.57285658855834
0.0102469558894388
2.56674438974849
2.97632941287696
2.06617105107875
2.28757552699941
3.31865904810619
3.27445041701191
2.2135621048889
2.02366473033748
2.38106108401504
1.62194236477702
1.54923506407332
2.6954876838278
2.1874455833286
1.87728119741149
3.0069239698
2.25315221219397
1.07721766369286
2.6127576956171
3.13440174361272
1.75272487339195
1.85063523238158
1.34972277167083
4.00167297718756
2.90350662566549
1.45927950602598
2.44846534215056
4.23381508026775
1.82976148135191
0.665133875906744
1.20647154230357
1.84176043741513
1.18696356437569
1.975936269847
1.70991162961345
2.16855964996868
2.33556665663
0.0102469558894388
1.65960089341741
1.82195594368665
2.55601037618186
2.41216651547653
2.0141180573419
2.20842036818421
2.42272527421828
1.98917560518617
2.2223457980574
2.3789214840921
3.33419634419687
2.58974115652949
1.59051331710052
0.175534472048705
1.27693625489502
2.89655447585242
2.6710477292485
2.22525367307917
1.05027527448286
3.77114537400002
2.9747003153855
3.43904263588439
2.47686741307977
1.91194550891396
1.9542457313721
0.0102469558894388
1.64576656037043
1.1786048428308
2.32628135125665
4.05520102680495
1.08722903643163
3.20379165761272
2.3100318616987
0.0102469558894388
2.29291352262669
2.5113094125724
1.10660832281772
1.97507297925392
1.83039593969595
0.854115865803998
2.19959717245814
2.55786204591417
1.73833124763872
3.37884191794409
2.48637856840014
2.36003319788206
1.95951989189831
3.85122803400845
1.29582928377924
1.2665336465529
2.52533533765738
1.54298379567064
1.98003739608552
1.12634563120518
2.13318513697836
2.36399346072179
0.0102469558894388
3.58338344982057
3.33412425053521
2.37549201501249
2.12874607331775
1.17971753396614
1.16290834593251
2.80159975900604
1.77044879075345
0.376782770801423
0.358761120135162
2.10118722893727
1.84614823838793
3.19126779709565
2.21696267657063
1.68401655166128
1.90211487453772
2.12071370752842
1.11925784699799
3.03528770803851
2.09599744931053
1.09160338775434
2.42881713793493
3.03823946855902
1.28914834271947
1.04697540201787
1.089509339322
1.29260227425916
1.54213726989769
0.936802444996523
1.55066611954224
0.920415046793443
2.08659764905437
2.71105902819428
2.37983056060203
3.04501970710247
1.63639496939082
3.01318230993644
2.88908146217286
1.64331920400422
2.71027330135444
1.59521389193991
1.98945107065602
2.22311384690567
2.47565753730724
1.58424273650523
2.80742059678177
1.37815219544769
1.28042784320239
2.14486215568997
1.93170561842542
1.70346708595488
2.65864655979596
2.06407912976127
1.11333430665587
0.807890980614304
1.40266961867685
1.87293561445237
3.75679276686177
2.99359646328579
2.05832624249908
1.89422709497358
1.43920060689457
2.34164078533613
1.85491322961572
2.05961893036297
2.38739455478763
4.1724218428178
2.89118639429332
6.229300623308
1.28442339705203
2.45775210089988
1.62095866117941
1.66204563142456
1.67454224214605
1.97278041328003
2.11099852866831
2.463716818676
2.80378268399305
3.38049622721834
3.1904832592763
1.61668161406629
1.52000214387747
1.11064787464526
2.14265787257079
2.81270178504118
1.38947403464012
3.16732828587671
2.31182098577952
3.24307227371893
2.14638653582971
0.766656789844729
0.552721859946118
2.16615827608453
2.07537806539909
2.3569386231273
0.0102469558894388
2.38596847344186
0.764751230189334
1.26187082074673
2.13986919196978
3.01010839593778
1.26733083312935
2.15221145172946
3.29321933625785
2.61115488995895
2.72712649603464
2.51935950268407
0.676974928918468
2.49283545973503
2.3787793757652
2.70053763582268
3.01545271269548
2.14157979640916
1.89597471224644
0.44847152535889
1.02773015821357
1.63093835782602
2.34194114398565
1.24102522089988
0.755298566813767
1.90789083283732
1.64401872129284
0.744906582158904
2.45221433843202
1.31439889429891
0.607749217075357
2.04025656446154
1.08032155077621
0.0102469558894388
2.30817222945528
2.91510001990933
1.1848858546915
3.39022068319923
0.0102469558894388
1.7721952721184
0.0102469558894388
1.66507171281135
3.94511828044225
0.96393112293265
1.43738060361703
2.4084170590667
1.4156166823058
1.3664368892625
2.89139758730901
1.88146691366452
2.26145425241466
1.97525986808234
2.36923559822027
2.11857215398687
2.50311247735325
1.71183626951925
