RASTERVALU_z
4.2804163348482
5.28113782004579
8.39756791955779
4.70786092041883
2.07306879776813
5.74057174916416
1.2660990949495
4.07828067975378
3.33338104736814
6.55966671401196
2.96178680334463
3.9525538512075
4.61436840236528
4.25254930631614
4.81150080646232
5.30793525245186
3.35422522165314
4.13356563864828
4.37428405888214
2.80962605958491
4.28328228375235
2.07580812263196
8.57956459086647
2.31052866801832
3.10858193982879
3.30426048915825
7.64168690528413
5.65566249434969
4.32464545017953
4.15210735224517
3.00324148874101
2.08983715824127
2.91202097101276
2.68362227810918
4.88457256801106
6.4872414022674
2.85340381642266
5.9573241328188
2.92583778032885
6.58254472769156
3.87743375402468
2.49486579279047
6.31823436831538
5.08500216271341
4.38210648426581
1.95274518292327
4.47989882351343
5.40891226108696
4.2993451137112
5.38838631760227
3.86099011900547
4.83619537344845
2.67365975265388
2.76812768522058
4.34626665082492
2.81389533936469
3.5390915527955
2.64995820413301
4.82128076718234
1.80534214562357
4.8926359723994
1.31774832956352
3.43543590417846
4.53516743137041
0.845808203466661
2.79699572187651
3.35263483755251
5.49672931709698
2.39860815009488
3.31127490223161
4.44797956030909
5.65940644225452
2.19042614247854
3.49240758219493
3.48331549656766
6.98840701367512
4.55253602340324
3.88831226286722
3.002103522032
3.56967668013982
5.01642964464931
5.12710283512329
2.39351357732385
5.2922610489817
1.26351068349535
3.61176458279335
3.05029945266179
6.02004726884838
6.69724956733701
3.06997815561263
2.35259419031119
2.09412291590958
2.54808903369973
2.88451827233908
2.18587691557896
3.00108881512868
3.43152551499741
2.99251941944192
3.55310619746197
2.47144155699585
5.76394135282829
7.00410922295122
1.90232276630958
5.23109483708575
1.91707276616136
6.14048942609499
5.07873225060177
3.27001674185139
1.13979345302483
6.01099368522436
4.31464143861075
1.8401513442133
5.86370039262334
4.67039781102663
1.46946769141005
3.02190209317955
1.66182369242383
5.58029188740837
5.09984889444526
2.42011266876596
3.56987148124677
4.19272103503631
3.75033193182038
2.49018755886243
1.37141274500804
3.44037324332319
3.82825932919895
4.43578970865317
2.37541060525366
2.30166846046932
0.747014686902169
3.56853729457984
8.49578957581208
4.28420753756249
2.89523818250261
5.77052674953076
1.80614694014169
3.66710701409946
4.79007737869456
3.74276296882592
5.99917878577632
4.79383891427593
1.1403917393194
4.02854397877158
8.09995097179288
4.33882560082223
2.86634842537007
2.47523313399557
5.36292506951684
2.23122762090546
0.00260629423676176
3.32185836704598
4.27357349668213
6.48709525518396
5.21562984896665
4.48489905375886
9.03073938050319
5.79687238781669
4.22615507207648
5.78217308525252
4.09814423827637
2.11536113204435
2.80378660762551
6.05528747306636
2.30059247392161
5.61668510917734
5.64584584216426
5.09174608328119
5.32655673922386
2.80670135806079
4.69876933541997
4.28711286297199
2.39423688358614
2.09415557214933
2.37442976829112
2.69667736900558
2.04405157692797
2.5686583925558
2.73618442656771
3.79732544043012
5.46351649872478
5.03858234382022
1.97810109732644
6.13230660288211
2.71644392954487
2.28975849670402
4.85135292882682
3.25224063794697
2.92894170770943
2.15364543535204
4.2572228857955
4.07729238133461
7.80886849182498
6.26399816876342
4.55718734308997
3.13917602456972
6.52834894010003
4.33906299530584
3.87059376961363
3.70495111296007
3.37872614243659
4.89851993744568
5.633388156577
2.26658963074876
2.03433381421822
3.54913866727481
3.78958969964414
1.538497414617
3.08870123162305
3.48942036584723
2.54516902503157
2.72282060086976
3.16077494874377
4.70979377758911
2.08190821436961
6.60131665896802
5.26943435992376
4.12040208234454
2.89369682874847
3.47730718556234
6.85828151142779
2.71978685123206
5.77736102337588
6.94110893126642
3.66200068771961
3.94715585046394
3.71643688787415
2.09808408243506
3.90158634123257
4.3657718600881
2.76904522074641
8.06464652452297
3.05465010351357
5.14343063095965
3.22245551243188
3.21493917564363
4.26151608909591
6.32729941205737
2.76412986568258
1.91011141887869
6.02350951734472
5.16264739412343
5.6515104982655
4.17164087490606
3.37061378790368
6.98833421541552
3.35127492814282
2.56805188345436
2.49523040105433
3.95736527747802
4.26256664160885
9.07296039233314
4.11468619879365
3.61134530874586
2.26675709640462
2.99608256954007
9.04600544638834
4.48948883364247
8.03798197149882
6.12426108591186
2.71578493288572
7.74637029904618
4.02912982079166
5.09689836880921
4.83229206616439
3.99029467783369
5.12626168681612
2.00203611419353
1.94516500927082
7.48982879127693
1.36798981986832
2.56346696703357
4.4299501150533
6.31489636331944
2.78525902509481
3.88306696951181
2.87396536839888
2.59167841400858
3.14042279776625
3.49737295567717
3.12157109373675
4.98096047532121
6.16534720624119
1.84973916253321
2.6398189854479
1.20652809029775
3.27306134546197
4.54035386253443
6.9654053028324
4.04188567369993
6.88983253466346
4.6310715266441
4.10766796677995
3.76361022498974
2.99079052109064
3.85820039767402
5.04210823481196
3.26780689861116
2.54484500251743
3.87346417811208
2.19596187102
3.39282254458213
3.60696509221439
3.1790273603292
3.13970475183862
7.49441239448994
5.39035684664728
4.32850606380741
5.79095497324397
3.40919250412321
2.97910356568869
2.20419703797186
4.6235299630671
4.00890404525936
0.36853959418345
2.36532704841082
3.74576812938615
4.37176438786128
3.25666877614654
2.95919906524915
3.90265785883236
2.56780926260633
2.11705241941708
3.36925906226685
2.73236553591554
1.50962896735766
2.52291809843763
3.13568295645469
2.41847843509177
3.28312790436196
2.11531088015945
3.39774956810704
3.04322463413061
2.9343450380998
3.56793652817931
3.55096727158436
3.39827397474151
6.02807646660046
1.82819215250635
2.01321038290008
2.60381017836705
4.97241118133384
5.11482087638799
3.89541894810807
2.68757495746668
1.41432411877302
3.74771240679186
3.48808240538834
3.98100883785084
5.79733247157513
6.6845524664996
2.84834488932288
7.13942304027338
5.8059770523975
7.07775525540578
6.8314902308515
5.98796011713465
2.06195458050663
5.69753985689031
3.64437520340555
3.28928181404606
4.07171064862104
3.60473404072273
3.90270101907608
4.7859489678458
7.29871953670719
1.27938346691629
2.88195208813829
4.69297980184362
4.39367910380279
6.87588861674797
2.10235687308146
6.79348980692802
4.22862227228341
5.31425184410971
2.35606661334189
10.2197525263962
3.24477749877522
1.79833438141104
2.85801519651029
0.810125794021957
0.731588876685507
0.882699646312395
0.228149320048598
1.05839929014176
0.940801117836621
3.47410723426016
2.94725333260473
4.5381746764457
4.08066724164455
3.29456095071212
4.21569367866261
3.30017572809246
2.75854690297698
2.15269960359189
4.05054922592353
3.73522419163019
3.32198485403067
2.0136796373864
1.37903765430837
6.97840343421684
8.13855049696184
3.6858207343294
4.31555396096792
8.92479522569956
5.84038466260616
2.08950645098185
1.99206058089372
4.16738499511271
9.83345088408041
2.52440038728859
2.68372148622529
2.3323442285214
3.99072317440686
3.74490149324369
8.06306619275796
3.84651140176846
4.66648905645236
4.19838083897342
5.60244801386758
3.76901290324404
0.36853959418345
3.16400369984118
6.29591869931495
5.81876043819032
5.74794589824057
2.97888873031022
4.59952393530193
3.99836926492311
2.671587429245
7.18712743774533
4.77693280975435
4.53704199246477
1.72928161968991
1.17622698752294
5.03891129914726
8.72307879928509
5.76395965766304
4.82010200702047
3.75514968619972
6.30628286382419
2.66814309203285
4.18770091376049
1.37741110926789
4.64615961347211
5.140492661809
3.21783509950557
6.25412825090487
5.80580235639516
6.4917414306543
5.60579042710713
3.79877323582161
9.36734305521452
0.36853959418345
5.19449913993474
6.66006916614388
3.43614816367851
4.80730877779687
3.33176265681492
7.86080514180016
11.8030388620017
8.86540757693434
5.18905650781693
7.80611363959714
5.07416765506574
2.68553589467163
4.16986745561418
2.07050693917388
0.285928836769361
0.00260629423676176
4.98459252593967
4.20635217446897
1.28168734012882
0.554554310944503
4.96802570380892
1.51013232908792
2.33824590924028
5.31012038811454
7.19338444707747
2.80627825217814
3.05254755238472
4.43244894145638
8.43517378178192
3.37358442321635
1.65599362311438
5.53673997149486
7.17652734857768
4.06214963608156
0.120700005623537
0.427550668867894
0.298037106588791
0.00260629423676176
0.320851270855255
7.20592655859887
3.97634032589176
4.30172119515343
5.31832191865466
4.45934156936251
2.64460810937616
1.81797920273101
1.96099181932806
3.99311661531475
9.52076418481671
6.81664777369842
2.36903933365036
3.68731375629228
4.81053874182873
5.75844228042411
3.69407609211547
4.57368371569521
5.18935860888959
1.15717785109041
3.34742379424004
5.12010430920957
6.55105745439444
4.21300117028014
5.60547014874479
2.719478989673
7.53069657779308
3.74678048793992
5.32358034021676
2.53298509057857
4.23641345261227
4.22910970217379
10.7873950327493
5.8539143685868
4.75058476373973
2.88956752670044
2.97719549169236
5.37760931386355
5.50002126876
4.78595423210574
9.29699923947336
1.25635242379937
3.22360719646404
10.7129233280408
2.49461875449325
5.43175273019683
5.61745493966431
3.16555327659358
4.2407013414058
4.16565219956021
4.85364718916108
7.36418596518248
2.63496166165999
4.83385196646834
6.6502907571017
3.33571992144763
4.74696623398851
7.99777323313777
6.5847514791984
3.91333357241675
2.07195120621114
4.53064732051438
4.41156072772452
7.87522849688959
4.3525230061877
2.99419766764319
2.48054764420686
6.5687990114058
2.71252351442274
4.44400872771778
4.32327030083636
5.57283428300369
3.31562154337172
0.36853959418345
6.11335346515837
4.04132276506983
6.00383875184691
2.86171120161173
4.08347165090568
3.99500926562489
5.3381750065228
5.88816998721339
3.22447267006572
2.9463768321327
2.66973036766963
2.61216936841007
3.65302222455623
3.18305119747298
5.09317083755448
5.12662642067186
4.48739893499402
7.40722902036656
4.32015859162696
7.7356415969842
6.39945052899167
0.627212654383592
4.70548501455595
3.54394298972618
3.37928122088935
3.13276989451241
11.4961925996969
2.998082344462
2.77821180242121
6.51907250497488
2.22464691886662
2.4657551353094
2.92573609488121
3.74970508702244
4.54717274512622
3.4876893758744
2.56548460697773
3.46833627820992
2.6386806025068
2.13149911627232
10.1196413773494
4.5644449489487
6.15946229065201
4.44694710819552
3.09137963949132
4.24939070377901
4.35851283973634
5.14668079690903
4.58375713561075
2.56587768818666
2.69960279674872
4.74682828361027
7.24843671621458
2.95279483546895
2.93878073273664
3.31809007355865
6.65468148717159
6.28715334555055
1.1857350304806
3.05657745988602
8.84255839100275
3.15317806248708
6.20451439185469
1.85424063729585
3.42661643319592
2.74844510297428
3.85747804385705
5.31479790722934
3.20458035877718
2.497698537953
5.508887164464
8.05091652815094
6.60079815607175
3.46631443553607
2.54682256033513
4.52897872197258
3.55597722318154
3.51622796788897
4.97257871581555
6.86760046464311
6.94487443714582
4.645457220562
4.59821788856531
4.78901791456759
5.50332556485549
2.83803398719044
4.96897164670006
8.76494650108821
6.87440070492106
2.29431345894598
2.90553679218649
3.92258143264475
4.7576932914125
3.25098293338789
4.85742505900531
2.62403957214161
7.56509807405514
7.46360423109795
6.78504503450114
6.37149151660423
3.15840507014797
4.28937816194452
4.99854162799326
3.24345013980133
4.16596704282078
4.02258967295286
2.97135514886436
4.81821056737222
1.62479079199774
3.13250655938317
3.79344125856329
3.09940585913055
2.01057143837898
8.83425099883364
2.95119592372789
4.53492419339887
4.79358097306973
4.93168054773828
5.75509564353918
3.17879695890083
7.11326792329127
6.85988330780705
6.527122096451
2.09462695491523
3.63882403520584
7.44668909251073
4.83684783161422
3.94405184392939
4.00383835614089
5.78578947062464
3.77492102075507
7.42277593019777
6.54727414434922
4.30864999006475
5.75949476004799
3.73264811337238
4.22730281326721
3.43991725514425
3.66808111837334
2.20878960461
5.61481441363117
6.88602427218125
7.54785048799635
4.88449736216381
4.13049061895628
3.75302698103971
2.67501573946092
6.20876437493666
5.68239577313883
3.93364490427215
5.16482971372315
3.52419936266695
4.32059058995374
5.85986631039914
4.78325733139514
5.42880358264912
3.03911072147328
2.33299533863971
4.53427011230333
3.58020041605727
7.02068071498107
8.67002101996753
3.61361549075442
3.05119425236438
1.98878099400962
6.89304957847798
3.06012778858047
5.65425778451296
6.52622214841146
4.31152996623231
6.24173303019354
3.24957200069982
6.58835338855005
7.40018380522559
4.46790925748125
3.2461436697611
3.09737361495095
6.30213837336595
8.25271090729121
4.35623506406597
2.36395397952534
3.35655138661352
4.43537452398123
6.85958536123754
3.06593596532752
2.74642711064338
1.97922403535188
3.09895477938547
1.89383952937389
5.92191232512143
8.14200937276426
3.39075722412999
2.60904343169119
6.71084621924883
4.4218501010555
2.23644108893869
3.22653980662654
4.35431957460111
5.49658300899461
11.623693986913
7.16527730402364
5.91568655019683
6.06413398949647
2.65774349927539
2.36741316704438
1.90216890087123
5.00947456570984
1.9003775475406
1.96757684978636
5.87850106897357
3.59717871866834
4.81831475273862
6.91315417323812
3.82986845899671
4.61783263680638
4.33444908870496
3.20953663796639
6.08735864846631
6.26731561428161
2.3336020894624
4.4781890836024
0.811810105867944
2.89369961420279
0.408370892944734
0.557482340025573
4.32539331216311
3.40704682692051
5.32054444971244
0.36853959418345
7.82265716029858
6.06355291284447
5.19217457322023
4.1312551148676
5.37212442846932
7.19494130275679
2.50257402977776
2.31738025537954
5.40464796443351
1.11098871132564
5.08497268614817
3.20643031277618
6.85490360161454
6.19310635235097
10.3063660635242
1.73637324943063
5.95791467568639
4.47633773619168
4.49266333529186
2.18815950412257
4.43055892450223
2.95802440660337
2.29414126679991
2.25788377769402
4.98147962149768
6.35891106302985
3.24378150440884
4.5819540786704
1.22696120137212
3.21313494222644
4.33179519546456
1.90229833289153
2.76823897794594
3.37650198157353
4.94778384124105
3.66956928781702
5.14940625798123
8.54897735384776
3.66247363152443
2.30877350684197
2.14412221291432
4.71906983909709
2.81348292976384
2.34601837207463
3.65521642631126
10.051446961726
6.80956048374133
8.35511869018265
2.94680321678892
4.0543096738557
8.06348614201335
5.5443026428753
5.42204215436823
4.07990691446425
2.90378779323615
3.07555315938435
2.64969657000428
4.11540493137914
6.73752963481929
3.10448699255461
3.72490737658474
3.73159247506826
2.28689593094111
4.56183668471445
3.09612247874747
3.99935969864495
1.05267080171988
2.82570168616992
5.21797107689497
6.10972904772555
2.63474069803074
3.62494353839744
2.66132039911812
2.67949148993032
5.20619934575883
3.70096334465537
5.96056210304822
4.11302330392191
2.70127860852157
3.58700075397943
3.62349185573047
2.44622622390966
7.89235849075761
4.72686028727942
2.94781730847453
3.69023660969305
2.56676660461121
2.56903109475067
8.32048306001353
4.30974531839914
2.46862537141403
2.66987176879505
3.20481019993001
5.08835909928762
4.13144382346081
2.64360329147205
3.4105644377395
5.82193368928174
3.87257102263379
4.87033891025699
2.98038789110202
5.31378021753249
2.48028481445817
4.84804557707892
6.12816743330882
5.12420801105944
5.87876734946265
3.57483885996668
7.32109887728394
7.01475732106586
3.51589937367404
5.6541891864366
3.11119705006735
2.0334034779895
5.93763231245616
7.06150248421531
1.98892182797319
4.10927331882095
4.45205980292411
4.83167860118928
5.89384350947912
1.5652406139087
2.20614959021239
3.62156858445329
5.72829779043578
1.77608016990235
2.68852951425246
3.12115471582314
8.70064027299623
2.01104738151774
3.01870799914631
4.58640866387582
3.29786367715616
4.31403107521148
4.52946458381162
4.70527044302758
3.39084310411764
4.99987057738698
9.75174195602528
2.21275281549975
4.72518595551276
9.97600579643625
3.14986810941678
7.76971525234529
2.70432354064922
4.73691425623801
0.709050578671475
3.13524614040453
1.49502051186387
2.84614980499398
2.58335698665134
4.10869830266344
3.13741367245194
5.23094375856861
8.57218301892585
3.27453990199699
3.40496168831749
3.48633362259466
3.27205421076103
4.5629901733547
2.93194640795059
2.05180498354819
2.43025438131826
3.34048430621361
4.63420433455038
2.80002538272779
4.56545913770418
7.1516231018085
3.94793614006164
2.75740021175708
4.16634136777427
3.07421946165478
4.04577894691691
5.5309614385591
6.38382227616186
4.34735713198091
5.27653608238614
5.11227709144476
4.57722574067494
6.89762298414079
10.8812566156499
2.07035449486839
4.6358330362179
6.17070611531774
9.13583239563111
3.12671078483197
3.4026137870418
2.64392235987464
1.12333221925799
3.04018047431901
6.51951028992521
3.94528476268138
2.26638921309459
3.1383022969072
3.29364840274753
4.34205802787676
2.90771591039449
5.6983121304163
3.77766420978868
2.94156371145491
3.43704133074989
1.46277220828088
6.27768923237114
4.71338050859538
3.80211561615024
2.21906426579413
6.22828729219219
3.00014279031234
3.25539465762576
2.56956808497121
1.81824248517448
3.99516450365142
4.83008593266012
4.04350758503703
6.28230142879575
3.39819174338132
4.80628938031315
1.4297615468577
2.97561460102924
4.44736131730574
5.81953160414164
3.69646001405094
4.50505395972852
3.70102275484995
4.00800299268325
5.52686657039106
6.13074242273984
5.16531917179649
8.83742998877688
7.14698984051086
4.9637144771278
2.1981246796748
3.59212290667488
1.92570111051163
5.99302989072919
2.45753150865328
1.95694047034548
4.17255873720982
2.83943648354193
3.12297363610977
6.01820288923231
3.96780906343123
6.10317487417542
3.22934755977539
4.39914257762494
3.67372074661237
5.21795392809065
4.24952521945022
5.15247084953872
6.95797367257869
2.51947543039034
3.26110941355479
4.34943341749154
2.95423058254597
3.97601069942871
7.31594291157271
4.33855640746305
6.39940662320471
6.82306330513781
3.67540551697701
4.6122195030174
4.20203636543015
6.70838512964967
7.56541396773772
6.14350713172692
5.21519668904158
1.96357931215968
1.60150889541595
3.94341124784687
1.96133165114151
3.52608470890808
7.27595003678375
7.90114232289987
2.56011565287648
3.20846884166162
4.51200207617693
5.9367519477776
3.4935350861841
2.28658749523842
4.49094545417635
4.93060517254734
3.85849409059902
3.30069526854771
5.41245383918741
3.46535086053649
3.5470243875924
3.25304681441794
6.63891017366193
5.7677704570804
2.87741725649941
1.9685955226026
6.81127998094731
1.32002710409319
6.7466592740983
2.98596278722223
4.62610417987649
2.35675241845554
2.98046108652569
4.55723104768603
6.79298248120172
4.66417488566018
3.44922304327001
2.62336077465469
4.40380428326136
6.51362318101028
3.90679127775645
4.49577508072426
3.14257262812247
4.51144718629672
5.79074332347555
6.76376463922531
3.70600743945876
3.14128602572156
4.3245099633257
3.54624212841404
3.2747871764301
6.54396781142592
4.90740949531038
4.00704296309656
3.97487529308463
2.32721601442604
2.83223034762881
1.51665156688701
3.36773666565081
2.00951128173439
5.90996911164934
3.03085863746744
4.95887521669903
4.9430284040792
6.29621865015247
11.972355239951
3.14014188810157
6.62444066918167
2.38506687675507
2.45296310334074
4.6801896738364
3.66607140009933
3.49957972188096
5.31607234922449
5.55499472918703
2.21430517954684
6.16327152322475
2.52556622469519
4.23010017764931
6.20269306960388
4.07881752744603
5.22830856778913
5.96413786917678
3.55044063161328
6.87331056427448
6.73471046637205
4.14870858618305
4.10603464582129
4.13437450774819
5.14772314743426
8.039008108478
9.9092996052434
3.35146863495871
1.77031167600444
3.17296082260856
4.27229541940804
5.16406434355228
4.2185239125667
2.07713187426046
2.16078790300834
3.14746810037885
1.71173257010903
2.77711189454024
4.92463794248218
3.12912272712519
5.21519997039701
4.32102766054537
2.17077036930529
2.96300139146094
6.12002083809214
5.27488497221134
8.76734673393587
4.6494666908505
5.74761257067274
3.22832719106362
2.38115459498857
2.96745762286143
5.14274391649127
1.64117935217712
4.09948630480257
3.41270826296509
4.24597342322381
3.76560592544335
3.65938997540426
2.52524160028714
2.71335938794094
3.39934944954587
2.42748568987487
1.3117437154827
2.09425565986729
4.66025557924445
5.10549193117398
3.88760251766393
3.85317390405651
3.28205283194166
5.40731475105409
6.70691208234803
3.08367292000107
2.70093492106931
6.20984186103088
2.2377179708771
3.3179977579526
5.21381122727749
5.35974486530872
7.58354082889764
8.28412155565884
2.79284857164404
2.99890872548368
2.8133632028119
3.80577694310829
4.22381716457243
6.04373231305255
3.63362272015757
3.18472657581041
4.38516910408856
5.5695796983142
2.32329629410582
3.15733101908772
5.34728436839529
8.35895354414114
1.88156773305646
2.50371092376526
3.16436446211724
3.18365879764348
2.80188560837296
6.42220371210325
4.32146459928045
9.95043092071398
3.21352752866576
6.65261778722366
3.45763325088447
4.52447718328295
5.40686893050452
3.34777728277128
4.16465039976511
4.07987810343966
5.24799716660527
3.24197213773895
7.35288105292124
5.21065504275712
6.98409603349586
6.40764658595974
4.94271194095589
4.0829544601963
3.20186160449279
7.92911264695635
3.73659100998413
4.31825783593733
5.79965905327606
5.9401488150061
1.15553111286366
1.42242340849388
7.26454317973154
3.14911839875496
5.27111262338141
3.0768577533642
7.72965535216136
6.84732498043825
2.96991772658623
4.46417763258428
5.97020483504245
3.72989724743017
2.92868380953487
6.43081121840829
2.51321124640278
6.0193915524925
5.51127488737743
4.07590422024013
3.20650645649998
3.9233048326174
5.96750139421592
5.81615733606079
3.69244408153738
4.76139643140815
4.75802744755333
5.00648940969599
4.44597094380862
3.78698147482425
6.03331336191317
3.94836625321521
3.16070281413046
4.67654026248998
4.03291092629395
5.27782577019975
6.64878166915639
5.69173636522742
6.8399021231804
6.03823316642326
2.19881292658285
4.84938106676499
3.84649481054451
4.24503995334849
6.39630277192168
8.54290583769074
2.65314049787776
5.25745105981276
2.82683496948903
2.29796796903626
7.02606780560314
2.05531081036592
5.94162808149338
3.65960530002857
4.61494311000731
4.75863838792854
3.37876365814676
4.19490033163594
2.3361399878518
5.37029862502758
2.30942496674598
2.55171427593614
2.29976728417854
5.13875941936579
5.65034420856256
5.69189849468463
4.42833642104323
2.85431089511714
5.52457314519965
7.6568279814308
4.44587691081847
5.37208026452327
7.52493811231929
2.93877733714274
2.70138186597644
8.57364816830685
6.7141533580104
2.93662717438873
1.24823398772404
3.43737476912988
3.57097435811856
2.00155834737507
1.83454847744106
7.167042164688
3.23656707928941
9.78597264081785
3.93029006195303
6.53191509743191
7.19446373788633
1.80309525178421
4.2798213719413
6.91315577178666
5.59720157011574
9.46626066345129
4.30863518309667
2.70869372499099
6.0251246175493
4.81804077248546
3.80605520014379
2.12038360560039
2.57737924972792
6.94252255637477
4.36317828958244
3.81876437440853
1.14708620465965
2.31783543774301
5.79248097878504
6.09449812582685
4.96832640874706
4.19277240334532
5.19862641827817
6.65461245676334
3.18819702361068
4.49703019008795
2.82636617908276
2.57044747220012
4.75859604396991
4.14720217041264
6.68603261490904
3.84117604349135
6.94713163147757
4.34532488203965
5.55892082015275
2.84830787439256
4.05146742466868
5.78178177558846
2.97856189266795
2.53793033550256
5.00329932067974
4.89609086125583
5.84166031312918
2.95508268267414
3.75439182304056
5.32072344457686
6.48364095631475
3.52924989346108
1.99209529491451
3.4986611149267
2.80755849551613
3.88938718412215
7.67804503087647
2.00975590831253
4.01888295505041
3.25765699390068
4.18815142350347
6.02004086548318
5.21907991925098
5.20131387286297
7.71125767251933
3.84734583706612
1.39624713399654
5.11061558111811
4.55270191094793
3.34961058072915
4.50690618200695
2.48055363895654
4.42647961199106
5.19198973028985
5.26032099350633
4.8754619554888
5.85374243945396
8.78733267909846
2.50865215377436
3.27439158728336
3.74707470753367
2.1509775218994
3.9649745605497
8.3631995987274
5.80754573728862
2.950125478694
7.2949383663634
4.87290320857251
6.48114437915833
4.33678154672515
3.65007032921044
4.27618617093085
3.48507193315557
7.6437577239512
3.2899028391124
5.63027150458816
4.7407911585983
4.20721148390889
5.82388918435599
2.10875696413187
4.84446073528844
0.937530799731992
1.19665626501608
8.11606271002469
8.65463632037202
3.92256969608744
2.44649618214525
5.53638064097976
4.22263719596836
5.16879211962596
2.24422935091702
3.16224159470322
4.76043213169585
3.81860232123125
2.76961183823975
5.96785397225641
3.33454796210977
3.78257232425002
3.51843856904912
6.33142509826702
5.58606244041775
2.52639737098053
2.13698748899751
3.04079963875992
1.67612823425401
7.1611661891132
1.76559490122305
4.45662142775246
4.29229266458581
5.52659489118126
3.69322411298505
4.05936379921154
3.23118799495412
1.97372928702096
9.65340756411488
7.643241988476
1.99386999733062
6.20730695214316
4.07408939937073
4.13950766729701
3.0133391268773
2.72329892813311
5.05127687390109
5.69261594617485
4.23808071001966
4.23958440364989
2.09264789939592
2.68317828624103
5.83329614393444
1.76148400160044
4.14191911736578
3.65662726067443
4.03481246744218
2.41397372745175
3.76222077335568
2.79870097718396
2.36500590315203
3.80089305078599
4.59563254565937
1.04814458969835
4.08034981834901
2.79735049199413
2.53301284606091
3.85716281307192
5.11429936242362
2.90547766278105
3.42652452093979
7.84317285396388
4.58911194434713
2.57831292932477
5.1127425016409
3.02760380557192
3.27289183551606
3.84827500853236
1.36064863386313
3.71952645320969
4.14044350480724
7.67722939886855
5.13225117131358
3.04306781525889
5.874468896334
3.8370849727212
2.83589685288796
3.96736402028946
5.71338098833434
3.29632911427991
2.20408609742344
1.90164516238165
3.35861510970574
3.2017914711992
4.26701199410857
2.77531873873627
11.4627710830118
3.21562600525088
3.23828895327291
3.41432066328108
1.07545838305594
2.85224334836531
5.58909967131805
2.2728425212883
4.16481058446159
3.13630757491135
4.38088376781008
5.77721989027752
5.6263416063194
3.9581690843761
4.11817960038138
4.3821843600254
4.44069944698897
4.10598883454709
4.6400766537361
2.35542506056322
4.44528008151809
4.59791575984327
2.69406523176175
4.56128286500243
3.42173267348988
4.1258346113979
4.5759941382638
4.06960516978959
2.81666799233974
6.82293512970403
8.77167685167418
5.42813940414323
3.57031707617413
2.93606871721022
1.78656246288277
5.12851324759215
3.66130238395327
4.11088417923399
4.49696850528092
4.63146734562268
1.87493905598159
2.8765890599618
3.69200497419517
2.17268110333711
2.33080502579674
5.43957932540151
4.16107087483487
3.92057050086292
4.69038202948549
3.51198596231225
3.77378232923501
6.74817740791137
3.54093515093241
3.18599988972726
8.2022317525694
1.72376391033163
6.53449319047806
6.42528749089765
6.90908111280994
5.54729712850886
9.05056523037305
4.324366450774
1.86851556751976
5.2382687956996
4.10117376558359
2.03630682543213
3.94623137892021
4.69859239946925
3.35679428962371
5.92877703718284
7.42392212898305
5.7466120021123
4.59018746538792
8.3097375324628
7.03635832492738
6.16359257904236
5.82632174898477
4.75741107035496
3.58274602756679
4.71364280178915
7.13339451940928
3.54023632229957
1.80442531017815
5.39371986163232
3.08887590332078
6.23971218663835
4.36656608260669
1.40911471586707
6.84545586384509
4.40902584252969
5.69112400645105
4.8411822181954
4.31098354409243
2.00996474191359
3.77541648161228
7.49220396732022
4.47172705561085
7.35617777624366
4.59240437551885
2.47468307658338
4.363874385716
2.75742799773515
4.46933284791481
2.98310617653959
2.64593645076982
3.79090856280173
4.50159122730838
5.30316148359378
6.32053303504956
3.94150870506794
6.24659182380409
4.51806330986943
5.36515169663569
7.12011162799437
3.03032279026369
2.57746861649303
3.10821702388305
2.31930509081841
4.02667743302914
3.09637669857704
7.16199018349909
6.76819159984359
7.2390172806587
3.36736880870549
3.27879216015885
4.79915792038562
1.93985152508964
1.6220493914839
5.46065055108446
2.75817599340012
3.25019243056128
5.98266678973887
6.74614710818808
2.89719667932304
4.64693461727868
4.75175391969954
6.62322158600702
6.04768534109417
4.40484797436552
3.91213143057757
5.86785777269555
2.17460348319452
5.14358856057719
4.76745602660102
2.47315748389775
4.6528088440652
5.95679995405599
2.58277307453542
2.57020914882168
4.50730214029967
8.16383210710576
5.07050373430628
3.50172896018593
6.55192060214219
7.02623770450624
4.80919540508752
5.47879904646133
3.66577023336267
5.41016867413185
3.09920901904102
6.68646007730298
6.12700813850798
2.63028174911798
5.71963513866683
7.04513004445134
4.1508900954152
1.98633601392051
1.9779343292565
5.59642635383002
1.1488962471288
6.07454845058805
3.1237813447845
4.19229644955437
2.88920148308323
5.12372433666996
2.62591449700219
6.62422682454037
5.90322310562391
2.17847498533842
5.03089565424854
3.90139687624773
4.94634013453476
3.11240657162024
3.56328516915264
2.1444929830158
2.6252720022934
2.12643113168664
6.7897536163173
1.39813321363038
1.74877456452109
2.84376280139684
2.89890434553823
2.97874760877766
1.34310520666226
2.31359644174164
1.36561462882518
2.77076850724674
2.09798407678367
2.53549243827553
2.0191421597717
3.92447196833383
1.93468644284799
7.56864544984594
2.02495554292126
5.38862443812507
5.48698682406244
6.34844090435473
1.55520733351772
5.59577826560397
4.41672506313812
5.64164301763933
5.16226673086559
3.79419412352851
2.04332176347125
6.2602094295515
7.54047532589516
1.48016002374602
3.81288373296935
4.85680394268827
8.8011287448598
4.35201636782561
5.62304864033174
5.38939162384207
5.51281155702524
3.54335770269597
3.74661110997999
3.07334830987698
7.77552579708933
5.14443555917211
4.73255850103342
2.48454380580666
3.11761887061838
5.90822834030834
5.20716139049575
4.35764653572072
4.59484112293261
4.92021172526632
4.62239830085901
4.35326916363523
5.152852920672
4.69471658735205
5.60754307809556
5.15921372797022
1.78050521552287
3.27351957024394
4.41386225537089
8.25367029360942
2.44910546080259
4.6617553462837
6.31318044269246
4.32308045285593
3.99973476510498
3.40421741207221
3.66244919530629
4.48494890599745
8.39560141487657
2.41365682871227
8.77241274788125
3.1398115066371
3.01175489454173
2.0191548814841
2.4074886157746
1.95269244391304
2.21137431521498
2.00201232381822
2.86726911907022
6.32452228277723
4.20035057502823
5.75425105688244
3.2218528221503
7.45535651326035
4.66018223331345
4.51490535977454
1.89122021159487
3.61369825366115
2.47466968735542
3.00184212349588
5.33064585811121
2.34822120554934
3.18393246077951
3.69614835654165
1.06365906617846
2.54255847002168
6.18482375070351
3.37884077771449
5.7603485304401
8.55987966516868
3.00821470891759
7.29489403058481
3.97078100007461
6.38217335991761
5.43218571415184
3.78813014898029
3.84995820600102
3.93047724150098
2.08443819994993
4.84128594426322
4.01809787508323
4.85197220056248
1.19385331328573
5.8514657693785
4.9820960645371
3.65071159177894
4.81151222911566
5.46863802457934
3.04144219306496
4.29732989700601
3.99842653262696
2.10576624579735
4.59799927619134
6.53611029185903
4.60535293592325
5.46053897242282
2.08608375420282
4.31827542363526
7.02487949925507
4.7234259353991
2.18158496099091
4.92907578207962
2.73486456570692
2.88818867118546
7.30425095747256
6.04490645887298
3.77866784409359
4.59766282872692
4.85675764631143
3.93779830099039
2.41551628426886
5.07484261580375
4.97167467182733
2.83438551583958
3.39599112222895
3.95858367742866
4.70952729582345
7.74306619078534
4.98517600732275
4.00997659265042
2.9455514762214
4.07408290423109
3.68791665939408
4.19706703017241
4.76627715952678
4.78120479229671
5.32842571626755
4.1607019660667
4.00927011227165
3.57475996019161
3.55575058971069
4.18423968339259
4.0492061088359
4.52716871422711
4.09617555666285
3.80473261608936
3.7924208989192
3.80832646328034
2.05682173899135
2.57388985416729
3.69993697139572
2.21261706758958
4.46876067921137
3.75706488931258
3.73169145952277
3.99837871783537
7.96876452095445
6.03805391755331
6.78824164353997
4.03703857164676
2.49141357423147
5.53579001982763
3.97586307558736
1.58099639574211
6.29927363684606
4.94772938878954
3.55587543283898
8.02382811596387
1.11403601416728
9.11699257266967
3.94175586608325
3.58582905587125
3.2422863370813
0.36853959418345
6.3157438872091
2.09762075853044
4.8623029586455
3.63285926653558
6.10391220833093
4.104199002678
4.82876757815066
2.58909189758497
6.05058973596058
1.88062699420276
1.7813239879276
4.49669292350039
7.36266707939916
3.88411772104594
3.13259808734329
3.06983635306573
8.34307571329601
8.04696874965233
2.44228183234812
3.25135517985032
2.54939663802183
2.14147614913645
3.59962353096971
3.08124235483538
3.07461378038379
3.50774371069962
3.08963479437567
7.45106449317335
3.71960272634941
4.90125105819219
3.47892863093381
0.36853959418345
1.56791645445643
1.90721551093932
1.41660945852334
0.36853959418345
3.8465423086414
3.36316809195545
6.84212458340433
2.63565253201132
4.29838978513183
3.3633162690117
5.26692471781218
3.72298356979191
5.17089673199311
7.0183631264072
4.99603625884038
4.43905292962866
3.18528817993901
7.38393778884602
2.35764605934197
4.30933163478027
2.98123020838228
4.43031311023634
4.68081327217249
5.69589163590212
3.0687178231451
4.34734517933195
3.86792637025493
7.48839498602644
3.58610510334459
2.57562051261723
3.07772396929843
2.51976922774232
2.18304411521848
3.62723096548123
3.03003955731836
8.06513530791499
7.25153758550141
8.06491078837871
5.67684082243219
2.14278590047389
2.42418542978831
3.46646671975383
7.6345385083417
4.67274871545081
6.66931852392975
11.0585747399172
5.71221634019439
8.80773328677514
8.04852870386598
3.76932431245051
3.54893310197438
3.7858941801898
2.91945093073056
2.03137127514028
3.54816897693688
4.59552342918197
4.29278847387378
3.18980918925392
4.08834886121691
4.67309351409665
6.22043162343166
6.07833634085072
1.93711581155542
4.89808870409323
4.60630174049926
2.54359413954154
7.4292320783624
2.02514589867867
2.76360260429443
3.76559786039332
3.67711119123749
4.30930703363531
4.36450880691552
2.65229801491667
3.87101925120749
5.13163320351031
3.66816126487868
5.44866553437186
2.57615130426919
4.45077065824481
3.83896520681965
2.87646772885363
1.00218327368714
3.12543483049764
2.20049952611832
1.98062854627854
2.50424397731595
3.16704133888806
2.67868834545683
3.51498671309291
4.15149849190749
4.59731832893895
4.42423792277193
2.16369965770599
5.04446604189331
3.26595785499756
6.37451499398926
4.72098050013824
3.47804227793701
2.99252663990489
4.8706426797884
4.45046080129954
3.23528554460733
7.87789959364725
5.56954683539973
4.26775707868865
4.09710406426082
5.87498618312022
7.14143768348233
7.79748676461753
5.58170354336931
3.79945054966472
4.11367684359936
4.88746149818692
1.96239682979654
4.12966448344221
2.31606740725027
5.56959516388991
3.99601744965126
5.86888343715561
5.90191856915424
3.48067308363129
2.57925386816083
1.99929606851522
3.68317948244797
6.85481542008314
5.69067812507947
5.41949972773085
3.20389835796658
4.7374862456936
3.9413208983693
4.80028905525943
5.06385380557712
7.02328709009514
6.45145271536562
3.62275398758243
1.0265500208194
3.73752027283601
2.76412785924175
0.753711048253884
4.82611157764193
4.86286520963148
3.38075264563143
6.66807227050685
5.26412927282937
3.70681199927012
4.15451344321885
3.39736282268804
3.3158864524385
5.04049386384544
2.80574486938087
3.78315097541166
2.67900246078182
1.97444720974362
4.18559594137233
6.39567646132421
3.69294439377932
3.1523309575785
2.1489304535493
3.31381152949371
4.21389217660139
3.75802105078879
4.78409219336953
4.32645711028288
5.95871760079965
7.88623632185875
5.22168248721011
3.1658634674387
4.8027464597157
3.46479033495257
3.08633016808043
2.0211632019195
2.51937714310004
3.13947841162774
2.71574229247871
5.00997620244188
3.87403057763315
1.96255767644437
2.63615217087113
6.03099206728131
2.22474032748026
2.26216424133552
4.25147636094305
4.43083192052422
3.55769002757117
3.03612974945171
5.57221130000713
9.77824255600606
2.96171416570723
4.34498833854159
3.06258265882534
2.70456126833571
2.63418562772633
5.52865246665245
4.87148689552194
2.74455539891808
2.73292937788708
3.22253055359842
4.87671127261503
4.60260426713967
6.38535544404824
1.48305683189729
2.87755873690018
2.78751685790738
3.08176790951007
4.55927723865507
3.43561571107503
5.54910536887998
7.92637104369088
4.10764872845537
3.80335646810679
5.08514228610569
0.772480191042145
3.55719163936205
5.16816405011253
2.25371267911215
4.24496812296293
3.40768843582285
2.66712882968733
4.53832649329112
3.97422255906838
9.26245180619877
4.10196646632456
3.80899999023152
3.7920075316238
5.05291842953227
3.1568220989416
3.68078855972744
4.00605207680517
8.04147112572221
2.35540930859315
5.24546013771983
3.40237266986424
4.64429279603284
4.86339484666027
5.52438154356057
6.06601040982056
3.33163932055471
6.1081195357819
7.7186794851485
1.79744039155884
1.08363988730887
2.94082593863435
6.30862810021454
5.30392424679588
6.30640127104245
3.27854375296974
2.83769374946959
6.44867236280879
4.56832859366141
4.46829145897259
4.71444861730689
4.73675500545994
9.75450461700883
8.21075899004425
6.61148144843331
5.01116830738754
3.94674554524231
2.95715087485047
5.14952685141407
2.82560930424693
2.60334954784657
5.45444281768172
5.16939962281396
2.3938791186132
7.91133631557543
3.38533384823747
4.80027899957547
3.10082649918135
3.31833144829898
2.75137197819106
5.97317986306117
4.53519280072409
3.98553986285034
3.55818429030288
6.7151223745294
2.31453117810918
4.9188804329111
1.47715316069822
2.64468044931028
4.28588247345834
4.24461243590989
5.13102301922381
4.72696674262366
3.34160879590679
5.47826488107258
6.1748697239637
9.31821822165462
8.66519164517019
5.61536992748785
5.42133811329851
2.37157830937268
0.36853959418345
3.30156685571911
4.59712368511236
5.70323896509457
1.40398893464092
5.10219926513
2.81522783892801
3.25739727355653
5.79894988413491
4.38423243182299
6.948804289962
4.84634486248312
2.90749713064332
3.19910447054808
2.20891420319984
2.31452619955359
7.23527571203064
4.54054250870345
6.70399147250459
3.93123751549622
5.97095831883233
3.90813928409063
3.86047937823031
9.14164983046659
3.2973326695043
3.02666470893785
4.05825075775763
3.73465484867365
4.54181830252531
4.01056882938599
3.31399940476388
5.10087457934793
4.10934991526081
6.04209437918426
5.4410758930083
8.97722241712904
7.10785663012872
5.9487833249103
7.15130097138259
6.10920793154511
3.54362601660454
4.12973687360856
2.26281404650077
3.61171516822279
4.661823713413
4.47796275178201
2.69881438653503
4.82836344949424
1.98820545444873
3.69535660078497
3.42554585684633
2.46125500159069
6.99874639421172
2.55291484752441
2.52734436989294
3.35497147637948
3.09612708007656
4.40596616798472
4.45026323507113
4.13761193253361
3.42428350485181
4.4141980188207
5.23865311825363
3.42895919595278
3.94987117896503
4.31062368194522
4.48038390932673
4.30624536688128
5.74318461390072
2.88293065185703
3.66896247381005
3.18504674316273
5.88196694519087
2.81163283698414
2.65431022651582
5.11841256694287
2.6749001061811
4.90493814994302
4.18053244622565
3.19564023597188
3.75380730345735
6.35992634290846
2.02022493179253
5.5744874745281
3.69796608878182
2.44549748137274
5.0843205013723
5.10318526260264
5.857932133795
1.24279868674813
1.98298661956543
2.01653094247425
1.13332703668151
2.29036807817131
7.18710626463377
2.2835650780928
1.81367889732917
5.30406956397886
8.5933641890415
5.75268578042115
4.40089344933103
6.32042490734961
6.05318814219929
2.53271093829045
6.16420146207029
4.6913808089625
7.28265390709204
3.39326716164088
5.97690570290408
4.19433386843743
1.8438098496966
2.2784040351691
1.31870690454862
1.41699350386721
7.50997993118713
8.40297390538303
3.49490791906176
4.5571543214428
5.13444544239854
2.00810536114681
5.58109101841824
2.55099656564881
4.6382238576161
4.16538218558951
1.95431982436376
3.20831438285013
4.48372205770898
2.5569288736637
4.62449570534954
7.49189920822808
2.47090613756789
5.21262363686737
3.34510256906357
3.75880306208812
5.93247957188385
7.79435062625699
4.1589062126533
4.71546561677003
2.83004941038612
3.54064322109176
3.77111527949765
5.26803685473153
4.53344486683725
8.61411900281196
3.29217400508988
2.1655700028054
4.00092179281642
1.48375259678141
2.8761068751523
1.6449811252942
3.6170117295838
5.6610167728505
4.56727687248917
2.64493776022452
0.349590998695246
0.75612818963024
3.57514120152762
5.95994820980231
2.77000425898082
2.2111616446402
3.58192718376264
3.76659720893875
3.95225298338896
2.87824298530906
4.85028822257258
3.91624942462843
7.26477022415949
4.59402462933664
5.11231931608539
4.24084058544206
4.66561263932014
2.6309086379867
4.56628669249729
5.00430388525229
9.1433357525006
3.38454734233624
4.85047068948374
5.99376065560917
2.87683846803785
2.21451925701992
2.97062776754683
1.71107075024119
3.48810721487642
4.60436463451059
4.54688030696947
6.58309283438796
5.77206781577822
10.668201690543
7.23016792927509
6.84971780224438
3.19549733828721
7.91447987516365
2.08741473242596
2.77559217087909
1.8324066656976
2.84518761831356
2.41572580197287
2.27376059698636
4.58936010021873
4.83471123157779
4.96607194861562
4.41410844205328
1.96664626310717
2.25356487244073
4.61307834207189
2.2925928419603
3.74013143852145
2.0726279948451
5.19326688899483
5.60112700305465
7.16939088813152
6.66287830602656
5.63724153118877
4.89353162370573
7.64875578774786
7.13379111663866
5.96757214796119
2.58534588843071
1.95193142436114
5.76882615561587
7.38365915082989
5.47915337147768
4.26858651433788
5.01681617790864
4.41984689694746
1.72007332067655
4.90908571360111
5.57670337172406
8.57086311251904
2.10475574155587
6.90755985537722
4.3243557339218
2.32472452458024
8.27109541496212
5.22947776579686
2.90014139695292
1.23527916995316
2.50926449597893
4.00419139166673
3.30972957277791
5.51811675857398
6.51907142173171
1.26635793066696
2.1914167898888
1.36978120351332
5.05182621155941
3.09455541974435
5.05422720723001
6.49864719214201
1.41305876147241
2.30391370567814
2.88931888126248
3.65176308112983
1.9764615085803
3.62110269754347
12.01497069777
5.39969092861311
4.23963295374774
2.85831694128215
2.60725382973323
2.75769849102288
3.35541994631254
7.76133124878147
3.21109381727519
2.18394100770649
4.71070944177021
5.85006145220377
3.50185445144908
3.63808102111833
4.6903606043618
3.22083400973817
7.10610744986682
3.0302185931065
3.43402553707865
4.41174314736137
7.26360737236928
5.07536462627665
3.86264686218453
7.64669785401273
4.45121831563042
3.74290650272525
3.63783761703064
3.79456218320618
1.40625876895265
3.60872727397852
2.88322769713157
7.92032634670084
6.11660355822691
8.14284639166554
4.75373045944992
3.80056427728926
6.41744444960805
4.00742046861757
1.35092020598531
10.3023963142819
6.00403571546965
4.16079196412857
5.45175195877642
4.41837409153048
1.01860632117672
5.83804373277955
6.35485643976689
6.5573465430447
2.81949270956099
2.26698618415748
1.63792566722193
3.40432951593808
3.23618057259723
3.01816572918598
3.35998920856674
2.76647817418665
4.0899997610883
6.74336197745344
3.84719886482234
3.48305572999253
5.70349244112659
3.9128274153439
2.94968001515939
5.71385072649623
6.72117845276146
2.37166432987992
4.35366475912472
2.6579728218837
2.37617774302774
2.72629588388353
5.64711097374092
7.82275724279453
4.61007204330621
3.92398864338826
4.07173280588047
4.46174486173099
3.3583645031152
2.53192239902488
1.77381921760966
3.90483155799248
3.49946426339572
3.57564844862185
5.49415575813893
4.00162743406829
1.80873140601399
4.28327258331075
5.22050343208954
6.29566903827451
2.6579481921419
4.1629267464058
4.215221760255
3.67493874049126
3.83436268366301
2.78885037959686
2.79717351192611
2.13795159109318
1.98947608460766
5.74201481591386
4.19920924493958
3.63484045512006
3.33020448391364
1.51598852615621
0.948338184962967
2.6668185747312
5.68529754664939
2.92559094245075
4.49031662809522
6.91670677219264
2.84082346814151
3.90328162550644
5.66046160817599
5.43143034820908
3.83879717054716
4.09926723767761
4.79788701938099
5.19669632282062
2.87660227302713
6.2022842304836
3.32729379191878
7.29658382675889
6.15736139098655
5.24350023385167
5.39168693776941
3.10313293645324
5.5954695161531
4.02859017830618
3.7723378302779
4.69357419638461
4.10732421932603
4.16327479796945
5.47078859367736
2.26651620249509
3.42177750977308
3.34299386164331
4.97776139602147
4.65173915381338
2.09056096973363
4.24402707112031
6.3122813992346
1.67249805933776
2.67370598747056
4.18238343844017
4.25971163414004
4.7962533297624
4.72916245777873
7.46609697480986
3.6323951193351
4.4190334742329
4.45974688842118
4.65520658930275
5.3880379889622
3.33651739544997
2.5748035414923
7.4226233395843
7.30158293823056
5.59160112161473
4.16503780010949
2.41392049691746
2.22170037577143
1.9295883289504
1.03319044178094
2.63868902655447
3.57079760737826
5.3223972638719
3.00882287132128
6.73476432531053
2.68003125071391
4.84346650572171
2.62713521058506
5.49384586372399
8.64821494275732
8.31104350878209
2.79588590738101
3.46019049060568
2.79030788987489
5.40833760654051
5.29036449734954
4.11681327997336
8.41921135716331
7.58699194759887
7.06387675194184
6.09496585965837
5.41884158796346
4.98591932412956
5.67178300363824
4.10302752792667
3.36298439848683
5.94357419409596
2.53017015905654
6.47135435526578
3.48979587723305
6.54311167834272
4.47979756970232
2.70011296318554
3.65862936103286
2.42428973654528
2.03540264077207
5.31103183818548
6.07172606887419
4.02704512998429
1.90891688298706
2.7077751873766
4.46113061879844
6.04903391040196
4.08174410712687
3.31664131330932
3.77191024175362
5.24096093917263
4.42592663511705
2.96809651909524
4.25696645878304
5.54205009339088
2.10740235775598
3.16893459404648
2.98001806349802
6.09031957664428
2.46411602002082
4.56811584622747
4.47312594083399
4.99018775852112
2.08890443784608
2.75902978048019
3.02008985134075
3.12439943830419
2.18277980816036
2.14132650939884
1.12004470668674
4.42678485918177
3.80501303148564
4.83621678227213
2.35728648123571
2.37640367383661
4.25847714005177
1.65868526113667
2.31507431478981
6.60724398731128
7.68467006639103
5.28537371977836
4.89004708598751
4.16415552256311
8.07176428434417
2.71018804132295
4.14170225407926
3.65050083003253
5.08900210989473
6.83131952320006
1.85354060997394
4.30562750447929
5.48805677084746
4.72110802709911
4.1165710064559
3.40339308944709
2.77277016787679
2.90944072920663
2.49657195342235
3.10167497666638
4.47673963092374
5.50191255689052
3.50137035310924
2.73648319857237
3.89917342055667
3.58139402656017
4.21199857852276
4.47163766894068
3.30299898652475
3.51536111468301
5.05441089365203
2.39437328313928
12.1832497272623
3.4142266375917
5.27913562225184
3.69980127520528
8.52006919615734
3.57426794124368
3.56074311687001
5.18273947435523
2.49135043178787
4.85786508420714
5.11575813719937
5.76192855665857
5.70847972845491
5.88056650871184
7.16578068942992
3.97602219761746
3.9679809991662
1.22367852980977
6.92754668890641
2.9246897153019
4.61204844676991
0.941033524013791
6.96469522696284
3.07022552476535
2.85701203919357
6.02660934237267
2.67194099454009
2.60534342995771
5.37025166018314
3.55170925796552
2.92548382922525
4.0442202987678
3.46485727665776
3.78171092565701
4.51456040618936
2.57660297243138
3.05022447517873
3.66568846506751
4.55951498020912
4.67056992659677
6.81739822052134
3.99771293049911
3.66084572002146
2.87336425491466
1.98538705451766
3.45930101614036
4.4266856524102
6.10082313545898
2.50952085713643
4.84908013570327
2.93575582828417
2.40404267077405
7.16908327336301
3.15112770114559
1.89150919368243
1.92332931645013
3.70638951605135
2.22299888036614
0.687204054632187
6.06342954846896
2.43371516124754
4.17176436081299
3.27518737903222
3.1255882163311
3.48287360128655
4.24125087102273
4.59535497786477
1.6886276951492
6.51986713559159
2.91222523400363
3.09286198989017
2.67525916010125
3.02240165569133
3.70780224446997
5.89230467775856
2.38646567114384
6.02817197779746
2.907278916928
4.56693243801396
3.57264731445466
2.36095477307258
2.71934432548229
4.26888881124168
0.00260629423676176
3.49672029336432
1.16008694333915
6.43892758530326
7.21376402773526
4.24559307690099
5.38717067858974
9.24323374427299
5.97131240667292
4.40419960814097
3.22208122558901
5.87571162767224
6.11110947063101
5.15907812259015
1.86310180553822
5.39532290047531
4.55284669447976
3.00904352077933
2.03297423573415
2.55666798378461
3.50980225277581
3.1213606504158
2.71189611863896
3.63421149149951
3.05960155757335
3.62040196834208
5.34467973791405
3.47800681896185
2.617619747748
4.0240557240435
0.643997833523829
2.57208020425054
5.28962370950178
7.23502404414136
5.47179629542916
5.16292184285501
1.82834920769121
3.04595612566218
3.84002654293497
3.30293332871745
4.19028640881604
4.84644022878751
2.15749179096543
6.22766428693523
3.58427872989512
0.702106875801272
1.43316853279689
0.429215697084135
3.86123799187952
3.53220641742626
7.31217696471161
2.31496210992946
3.63810066993538
1.68557003015232
3.09786277330477
4.78390786928829
5.56797495257115
5.60426814584271
5.06076806212307
6.03998086905925
2.55247847314082
2.61615571115714
3.00156681852527
3.13944905892911
3.45433405278416
1.50157545008935
2.24619160454467
5.17854727147943
3.01949471717052
3.98533442261078
2.9359872662597
2.9005876004849
3.23760249799194
4.12149023551114
6.00226598854547
2.93134503841983
1.93878959913392
5.61678352902074
1.7388192398933
6.99661030773943
4.59737550556714
5.92343037585689
6.1140653063459
7.22819076388054
3.97608146754962
2.3654632433137
2.70612098143942
5.05317154861969
1.81453222534509
4.5053747973771
1.56067472107474
1.03200402372263
7.28708117144915
7.19970604233003
2.74606538115971
4.23960901511106
3.81769788234249
3.36897897170288
5.45690999849058
5.17154255684504
3.03521823117068
2.38514337619851
5.15582830341569
1.33459853856086
0.9027126939408
1.12107218526474
2.06279663066172
0.748622536058473
4.98221583239513
4.94439221150892
1.58016467968296
4.08630323598749
4.35037779625679
4.67348795133888
2.45419871356735
3.98206807150154
3.83023992647016
5.98354252287952
3.30279604147312
3.88579990077173
3.17420162117212
2.20233849878947
2.78886588170657
2.2348313871564
4.34809492856683
2.68738362045062
3.36427714696865
3.08465760968942
3.67408927587945
6.96174512931407
7.15389571752477
1.56200241150378
3.02064138910224
3.29843982620619
6.13115395221515
2.53376623914709
1.70150618402211
0.999295641536253
6.65968711410302
5.62654276894762
7.03209619395763
4.01070333276779
1.83695768893477
2.4105317754956
4.55859340562375
8.64780282313559
2.52630419231698
5.85343496238279
1.66438926593
5.1098457842378
2.75729281466177
9.04726393195756
4.60693210119534
7.11647028798624
4.59193226765877
3.57425945963677
7.08773718915181
5.46959590269358
2.83860440754582
3.1086707619794
2.9951620058791
9.97099796939827
3.30681740898847
7.45211991058515
2.56738049246292
1.06560777415006
2.77519054796481
3.49975375472026
0.40349718228905
6.48134795279398
5.86649036491044
3.60843864883471
5.26718979521451
4.19629626418605
6.19290081820193
3.55662322307481
4.11058030802414
4.53406725867038
5.18375569051562
5.86837319572605
8.09859251109097
8.11555357525774
6.12749225992523
2.18876832417376
9.53458592897919
3.55633259435778
6.43274626548864
2.94866720783417
3.83141427049662
3.72640703266214
3.91682834312321
2.46928643653606
2.88874896901766
6.97508861910888
3.49969150693667
4.66044335242606
6.55718341230019
4.06221883328517
2.14054421574804
5.86099416424516
3.76170099658353
6.87314085325117
2.97778493141015
4.52971261460467
3.14070539427281
2.36623913864527
4.2144960668324
5.46131407822695
4.44958449048058
2.73557419674956
1.61459837954233
5.59434665883867
4.35920972694245
3.71513644662968
4.3703746166006
3.48435277652497
3.59693311156604
3.63326857055315
2.67810082269173
4.68478339308426
4.40757265907462
6.36647002643705
4.07521346640851
5.08165955986007
2.78764971992589
3.33957348165161
4.45336994600577
11.2924627909213
5.00466197593578
3.06389730662202
3.36929502697992
2.27604117724777
4.13925334501803
4.79595091598544
8.05234294946043
7.52433013610715
5.54313955663034
5.35897516015734
5.59256048930205
3.42708218792301
3.42339477115375
7.52867765945826
2.90043189366008
6.76173867242021
3.1899748329468
4.18129781908229
4.17193643934529
3.04992023930987
3.15312703473389
2.22925110207267
3.8873953348705
3.11012335594037
5.34004732300988
3.87836830605594
3.78955631321082
5.49523808343455
8.60079614522678
7.19722942807889
4.6904326027997
2.39712421202229
1.82705680527143
2.31644831968877
4.49184597596487
6.25366616413079
5.61224215718781
4.58373558294331
3.65668186498241
3.19547966372313
6.90300438269789
5.55369895111034
6.175198062937
1.19976010992716
5.18277183430233
4.2024139000832
2.86553598327244
3.05452337895433
4.2260553199945
6.86888151738644
2.30471735945107
3.51787700536994
1.56529299565886
3.56822445356498
3.05151407982385
4.22468546005335
5.34202199754252
3.00989173235973
3.62169669676498
3.0037334471435
6.85278383903504
6.3558800683697
3.11919666848928
4.63898318760581
5.58406433805452
2.38586233792448
2.39962682704671
2.51572663424156
4.25701985730572
3.81552721133282
3.19480179054413
2.66576477118813
6.41008294485971
3.25307662648604
2.83128881903114
2.73200537864493
2.69544205542904
1.27615486808975
3.25669561750301
5.3886118999157
5.37035877624065
5.18189540316339
4.99540129862572
3.75118140375226
4.11148404026998
7.06033860082422
1.77133870271252
7.03219500011483
3.34532552020425
4.55060819460843
4.68758783830604
5.61617073388865
5.56457782598675
6.20998980075895
6.35670790998188
4.37779587450012
1.70381627936978
3.97209122485976
2.424502102663
4.07646567971994
2.12490088743576
2.35315211844835
5.38148086966925
5.16668139418708
5.15050143208468
5.1130457040932
3.01755184175646
2.54068842878855
4.01096409315016
1.82553453297408
3.5835133133416
4.6932042302997
7.74533568777958
5.8459063925992
2.6498163245432
6.15110149699347
0.00260629423676176
2.12846832691632
1.52661915542019
9.30882131207564
4.29174131143976
7.52072182756292
2.51674598807823
5.01384759334266
3.90472577359794
3.73741074167472
6.44656761801304
5.280620012664
4.33838700671088
5.60335099571822
6.38954864737487
4.9953087932478
2.3147838722948
2.88530342324941
3.75647635250094
3.95941714127478
5.94803241740147
4.56317531950394
3.7523172899206
5.73425250483484
3.63393839957694
4.58218798402264
3.77893091241509
4.32296178713262
6.37951235533175
3.52803642415574
1.84041642591114
5.12124910006536
4.8145126664277
5.60644291649015
2.72453443693789
2.16201299991754
3.98881033013843
4.27280054038107
2.27393282890093
3.59122279868365
0.470540726196134
3.48127229444582
1.35559199245055
5.24123274982126
2.13062838627316
0.0938923474561257
4.04061441220896
7.92676899758806
5.60702323872062
1.46567925142985
3.62358379480692
1.84580900667802
7.97586115994016
5.96919724674217
6.22898133785714
2.2979711745813
4.20447111557461
2.29365732072922
3.92925341898397
3.23400951143674
3.09605543427112
3.09163035827932
5.23397962186059
4.52206540527956
3.30153894718075
3.21379407041509
3.63964502060803
9.33033482086819
4.66009334040345
1.43296931115765
4.75727744805411
5.71720474287268
3.62205208983806
2.65114933130371
2.35765223617666
3.0889192834642
4.34250351023992
4.182555219724
7.26127608102496
3.13992811165428
7.50103506705237
4.32200757400296
6.0156128628169
5.14660153248185
2.80696127944101
2.62935196608455
4.07153969245447
4.58320818024832
3.90241091254699
3.95433005273582
4.28013769959883
3.34605635872605
1.82204758591147
6.00209557393242
3.55222420053499
2.16960854138003
1.3928685031167
0.336819123395621
3.95958747975073
6.05200717108679
3.32008752698376
3.14183397154088
3.18927532041024
3.60032667979754
1.46532416521947
4.51754944088797
3.55549084305941
3.03880987380369
4.30462389555877
2.99027053397702
6.02600453747738
2.6233452946731
2.73343163768329
4.10642807764575
4.0066468982316
7.83873900225527
7.3636447385857
2.13795583265102
1.67411858567681
2.28114774468998
2.65361791210609
2.80075578547309
2.29884244354637
7.0501785864363
8.19915227640552
2.49655668513592
0.661855857386008
0.651326752650769
0.844545806454408
1.83018132133634
8.84960876641385
5.60427001042682
3.4424758545298
5.31057495908125
3.24018805656674
2.22180481076453
0.36853959418345
2.08664597696879
5.45824983872675
4.81112225543782
7.10414034496761
5.29086034754002
10.5390099005545
4.03876605691189
10.4500111466172
3.39968663652764
3.26929678981467
4.30049241339298
1.65007638303549
3.98437195109921
4.89741794216351
5.61505061900848
2.68679848999567
4.43654223892509
3.70702229999839
3.02254730303963
0.329492752979374
0.180135096824875
0.554362887789419
0.200822325260958
7.42177089294603
4.06370262750161
1.20164145099836
1.3916995352438
0.921575171123116
3.42389116756686
0.999804165493787
0.617925913019016
0.415979714502392
3.16783080898123
2.49386637879546
1.36398791865943
4.3685622687207
3.24792085511639
5.08426583683303
2.02992465654415
3.39922606390981
3.85886949281919
5.24507412213754
6.00366426947553
4.39146744698097
1.41260365810548
2.69736219676023
1.54352068757106
4.15444603580481
1.18121049941337
0.923418622048844
0.813552097804953
1.00084299306966
0.793943525790955
2.25786881148218
2.3248286414648
7.12712352246486
3.99829298517701
1.82103856746834
2.94355635601854
3.4833600274766
6.6343379346723
3.73434189830817
9.97340746877123
6.47974441241139
3.77562423735185
4.01577503747777
7.21883955700328
8.98447158553571
2.73276784555755
8.13942574705143
5.33711992137737
8.38798751671142
10.3806649345033
3.02034587378954
4.05073177380879
2.33194036456141
4.15562012712528
4.02525119633963
3.27174811956838
3.58056091947385
6.20246319598882
3.80689004036959
6.57451898747516
2.91701927066451
4.60788636864713
4.69968266502005
2.66230387883433
2.78354533063414
3.1120065450102
3.17077112509313
3.89852199942712
3.41580007866642
3.76334006329761
2.21566429597163
3.11765670602841
8.07483306261204
8.52878702664196
7.53702708142637
5.80703568854863
4.20683974595116
3.78015476750289
3.84163738526929
7.78499825964916
5.70521227231209
1.96379818006718
4.12815096645843
3.73912657593516
2.85975965802869
8.15159858814833
2.36960643498152
3.29391728744222
2.38202739586593
4.31370288375861
9.19339375393427
4.55415836849761
4.44585969930141
4.91181690697936
1.03155919956314
1.50558563045929
5.34691270003059
3.22536359181186
3.94184216968657
3.17793366623152
5.17739301708795
6.93457278406044
5.64829759209483
4.23018711406054
6.05360652171821
5.27909357378071
8.35557747714681
3.66677655890791
2.78454399105014
4.24779566671884
3.04218522425528
2.60919574067546
12.1750062697324
4.17493800121834
3.97376978938248
9.63557282695889
5.0544476609234
6.02863547418153
7.60308753833671
0.36853959418345
2.0652559583363
5.01637901153671
4.25198063415723
3.72094160648417
4.22385406040688
3.92170698386728
4.00776489379306
4.31718337277644
3.97878239805264
3.66295163972672
5.03012923069237
1.52935489362668
2.78996842380209
6.02981224212631
3.93359075441385
6.8104926840301
1.51218815097191
2.39832848159943
4.57464365215057
7.85027101008683
6.19625030421566
3.37216736054481
3.19941583669364
2.47286577556364
4.49819964198196
2.53740341213293
5.26225199886309
2.42265751292442
4.71592150319348
3.46680179834313
4.19718387080138
5.98335786017285
3.65472147546081
3.8958679051186
3.87917807853374
2.79552763841085
2.24873619929535
3.57497817388479
4.1242602191937
1.55714525447007
3.3861713653354
6.57022609948799
5.33527330255036
6.92970673984679
4.89717016246485
0.36853959418345
2.09482519626678
4.68118141569551
2.22378851793666
3.33966881323754
1.64900414709423
0.803126221715495
1.98800000386654
4.60789107681353
3.12301542703192
5.76969531841607
4.4280665066778
9.37131412925804
5.4429693198993
4.00161044707213
2.82310650374321
4.2140559952489
5.2744152170294
6.30899550338545
3.99974470717506
4.09935479954296
4.11724738746712
3.91394206949984
2.37117686367065
2.29515647410725
2.98750195840226
3.40793552927283
2.05607021559602
4.49355228937872
4.54530520937927
3.88787899612071
6.08851529105781
2.26452364969341
2.82539940576222
2.77321714207969
5.23401904031931
3.90852895693938
4.65448993414261
3.27324859120879
7.78560096246875
4.67448992427032
2.32364121867228
2.95138910834124
7.69266201086103
5.26397059066787
3.73629582512772
3.21799236558045
4.43641654052015
2.52432885991298
5.51259767351019
3.4666490660924
5.2693975601342
2.66798860379821
3.69622913571137
2.80630350000877
4.67873114259236
5.37994347678877
3.01694320518333
2.496541384602
6.13276370342907
8.7858112396975
4.09590633487629
3.00229835094872
1.77382615137222
4.79644555831433
2.75598531531821
1.83501313424525
5.30453362403397
3.00386761329903
3.95900111847781
5.43651453152998
1.95669554642236
2.42942227722061
5.69641438942183
4.31954953322278
4.09392170166006
3.33973348624419
3.13880511131296
4.04024853170471
2.38774027491221
4.98061126907515
1.38290683195017
1.89050658489352
3.10031032800868
5.62805844984633
2.9177809558364
3.74520990202001
4.2714377292104
0.942210554020558
1.71313578358886
2.24134321635838
5.84259317203355
3.85441499433699
4.61737374069038
4.43197369863076
0.36853959418345
4.03392386004787
3.29134855834712
3.51397143280709
6.23011894028261
2.13691950069368
2.77189504675801
1.74723536639967
4.94314773485531
4.23962699011469
2.69305053887887
2.02001334998283
1.67127155236325
6.41454790307005
3.78964334369605
7.43183419793771
5.31682095282575
2.32299032530761
5.74377475913299
3.73429190471724
3.9883174004374
4.91053160390453
6.29437376061399
2.76044607624278
1.02165701375859
2.25957753150416
1.43497634787958
5.47408031130204
6.54330407835575
1.71875993273224
2.77957780411583
2.43283269443388
2.20060805069424
5.28403836768225
4.64470269396443
4.28815687421337
2.12910993688101
2.57698642568417
5.86214982342639
3.74463809324571
2.9673668526342
4.32148819616697
4.00733817931769
2.71074633388045
3.33651068318038
2.64350576007282
4.73881312752846
1.81996421511764
5.60422640610832
6.33968630803081
4.98590818494822
2.87816579052374
3.63363919266114
4.15139628410495
1.57010977313769
1.70369849950302
2.51872424765495
3.0712900820943
3.48609139588993
2.99441443324886
2.29425705159647
3.14292054716933
4.18441646447859
2.90355222081633
4.25823888609281
3.32097248446123
2.33913946260515
2.10767729824521
4.87213678409801
2.36825673329417
2.87648518729032
0.36853959418345
2.91316344288022
3.50992911975555
3.15763948833096
3.85705957286432
2.83652243911577
4.18966306262929
3.71486724649839
2.36253049284522
6.10311155123443
6.00114653038048
3.51491767388761
4.98590088040274
3.84946599910876
2.75980810081212
3.91640540480959
6.78628968969855
3.86349070481365
4.44659361750577
4.5326440101478
3.78778552378535
4.89535829570383
4.68687906075415
4.17613957667868
8.80468670981384
4.51444979277694
5.60488073907849
6.67714838489776
3.17556318746126
4.2390289376983
5.06171843115878
3.26358507996019
4.28624327327084
3.76538200494485
2.89490738543078
3.74612318181737
1.77563104236516
3.53973152889891
3.06542156083762
4.55904500002911
3.89730107535395
6.9322935813681
4.24895878408962
2.34809065463552
5.42920193282625
4.32002109898861
4.53306464791425
4.20524265810865
2.94246918380523
1.66699815689302
5.72368603533533
4.01208171297247
3.61290306044121
3.32150489753414
3.73494246879073
5.46857694277721
3.24702585773891
4.54504260071142
3.96196927023981
3.06809993100684
2.36019767671344
3.09960986091226
1.69247873326925
3.0705624563947
2.76406515351627
1.19596766871342
3.95276465490845
3.65932930107481
1.626259437059
3.23743814528713
5.18937261915465
2.68054291608813
3.88925504400871
2.38358578291378
4.30620878180028
3.88284111038093
5.24201110123599
3.4766812100783
6.6987352787905
4.93099696432045
3.37724714305547
5.9796178052238
1.65580109977697
2.39989696642426
3.64105202217005
2.00481001968015
3.93236022795846
3.36172396190377
6.66553491943092
1.14536024332128
1.18177120501851
3.50327057400053
5.16224051626517
4.51628277508697
5.88998290027172
6.50108387263125
2.33656384454694
2.62778917385144
4.21871644188251
4.85624629035257
2.16435628891028
3.64814315147339
2.36489066282635
1.86964520428034
7.14782218273507
4.46562082740121
5.28990594170496
5.76339372425564
2.46274146489423
3.0776881198409
2.2193623511991
3.77629957396976
3.77085603334952
6.53258376711592
1.47186583347579
2.21447108640657
5.88570641406434
6.69927740072303
4.90583385740899
2.58606500635026
3.67678066681148
4.77227218071844
8.84802761828551
4.46951292485382
3.60339645280004
4.98676988041963
1.90245389025948
4.39918484403722
0.00260629423676176
0.00260629423676176
2.32900721567617
3.76963508748106
4.92300435328496
5.27940067215207
4.91779841795076
2.21031266922922
1.93705086759125
4.88860431362303
4.30035104906839
5.03623808899525
4.24633051667136
4.95185627788483
5.45155793301815
7.06338883876523
6.61682610490098
1.66747348032081
0.482707753453882
7.55922593434242
0.859171861341262
3.50814571304839
7.29824679598116
1.6979942107089
2.25722390505021
1.23505999785551
4.91160171579098
3.02461804704781
8.40496897841541
2.1609439666776
2.73746009008922
1.01939597424991
2.53719959281146
0.709216408690904
4.92808856361272
1.529364722795
6.62033868852021
2.98891057719882
5.20663694918495
6.34963749362243
3.55735629503183
8.48694827316675
3.0157956626387
6.38696643928423
5.06059951236304
3.72715404802327
3.04896132429799
3.74101898316422
3.68745790453867
3.47296053044654
5.76546674288603
5.04411487551941
3.96910825900961
4.57314227424651
3.1426556013701
2.92831845188432
3.82894448816571
7.92871255259306
7.02491445780664
6.78344040033891
6.30715387024766
3.14416235168642
4.27104089265936
3.59272918072242
2.10631780301357
7.19760300200941
2.8929202353262
3.86414315818937
5.12636112205751
3.27382161410665
1.06711712557053
2.97804285294827
4.87189721160732
3.79337481865815
8.85839596314248
4.41865345603313
4.49236068681165
4.92896742748436
6.96043441870509
4.77757998072596
3.43538799459199
4.76760913420825
3.54692622175255
6.53302803293359
6.230423199516
2.5292795074436
4.80943102213907
5.25264493055622
4.69145213877111
2.5741189932354
5.33433708510077
2.01619253768146
7.12956242283691
6.49960888909228
3.43850519231304
2.49966782314936
2.40777967456417
2.94770146939112
4.040816590785
7.57125098689218
1.35586674918831
3.37305917536572
3.94764104311439
4.78988178577612
5.16474156471463
1.87130495825925
1.69847909756788
4.30024839322301
2.44454970031444
2.22443462469997
7.38234387081624
4.80535625061729
2.98589191839944
9.28920911977721
5.24840833436241
3.64795320985978
3.41327076241296
1.99262259037183
0.962272590674751
4.76699997587782
6.66292667343455
4.36275652998559
3.52405565175157
6.02294495508638
4.65651575275778
4.88923786189098
3.6376975110787
4.6199849659989
4.5083889362809
4.4682333970419
5.13222600992985
4.98293819436621
4.24964593593493
5.73281795956414
2.96615841759769
3.38306197810875
2.1283343803538
2.85098942946927
7.99660879004954
4.72773698512788
5.2447495646693
3.27706735755777
7.4811152640492
2.17506870353556
7.43008202404641
6.22467514105597
2.74452768103748
3.87824770727023
3.95278487896458
4.34391533594801
5.98849441814751
5.00942891858938
4.8884119295953
2.09234695005407
7.62892329316368
2.89733474305674
3.93657493837564
4.85767313478422
2.14972771151153
5.34845352527272
2.56643892344481
6.94341544776328
3.00385896756759
4.57748840938832
0.161609514713147
0.00260629423676176
0.445939911347904
0.00260629423676176
4.85176998771715
3.47476372860145
4.28274999151353
4.07322334307542
5.99893984928821
5.15489463690479
1.38761394076829
6.42794101752294
3.75156580029473
4.27439440899527
8.86394366194115
4.1717206452409
2.25832929430457
7.78225655858088
1.96562119754046
2.84335970142177
4.30285692488843
5.56016167340908
2.59089311761464
8.23330990770007
4.85450339328085
2.8588702078497
3.68136126777249
2.97623892211249
2.38017725175309
2.26953799901161
6.51330593859985
4.5326551181641
2.93414228028263
4.57515371450511
4.17077887346764
5.55365478633161
5.17260755592824
4.67062007194168
3.98023661977185
3.56985716491174
2.55752166768268
4.35679697114914
5.13820202932057
5.59613618458248
5.32080304731493
4.39747449898176
5.88149231869204
7.51050437544343
3.21393168348692
2.77978551991747
3.19441688480202
3.61919290918074
7.02710037253065
10.3742751212429
9.88416092926627
5.69498009849732
1.78273838560707
4.10042986418248
2.62984518705149
4.60073328275214
6.10576665939
3.50225581973176
5.23549662826986
6.3143095458564
6.72451967199517
4.01568516628081
2.04235844322597
3.97105867740317
8.76925872400028
8.46309133679074
3.84924197845369
4.89330950792161
6.5696717692348
6.76112841332153
4.98330635812145
4.14175363517014
4.02317181509014
3.34188036428936
3.66947688921962
3.23805724879118
3.02660918907063
5.24767881627342
4.21907134522055
6.16521258971783
2.48730421953728
1.5696419140752
6.3626000955974
3.76734892684927
2.05509132767809
3.22093219981986
10.6378997928745
5.19944286627326
4.26996786188742
2.8545361066332
5.19959770615369
3.42568645727385
3.92688489920281
5.30446868594683
5.52241891084544
4.58004284731487
2.77568785892846
3.85263663124134
3.02390272403504
4.09712273143818
7.12549707995647
2.91019537029716
1.18161641453209
3.7724077014731
6.49157235837595
9.61780071752668
2.22208759765679
4.70361281776543
4.93057319076765
3.32481203254456
2.82930135296804
3.36091896062049
4.29093714561533
4.05149250336671
3.04855209738916
2.04241846645825
7.3198701830528
3.43138509641302
7.64849968544237
6.22814144729772
5.28772124168155
3.65737582528843
4.60174538685317
3.36854574126216
1.69391611944496
2.97818687462451
6.86067998007421
2.80216898818879
4.05678756310789
3.63734746809665
3.12449488362935
5.26453429192145
4.77605002945603
7.26700701461055
3.86141622854975
3.97837774762344
6.58093245239312
4.67409312223175
3.83612453563886
2.75927423907799
7.6996740924889
5.54800780878433
3.40144780554093
7.45885183483451
0.36853959418345
1.39063637789381
4.8379031370054
5.39791724361381
2.12530366139619
1.14693149904981
9.07074043153115
3.89986488683486
4.33598077788772
3.65750613839409
6.44874025348727
4.92265065028867
0.36853959418345
3.80389726813683
2.42640848015168
4.45567595876008
3.36791624055732
4.85663764581922
2.76862598527395
2.97002401142109
3.11057565854553
4.18052896031789
4.82462512681481
6.194666185274
2.21389702576103
1.62728426327096
5.61476117490698
4.32933870670379
3.77092469498364
6.49793891154642
6.87555258193016
3.68357052005812
2.61137222065399
3.33908943099072
5.16116934827917
3.16192055362226
2.53020228025384
2.1574566430254
2.30059201970111
2.70163441407598
4.98806811303892
4.54995939080516
4.92209364599102
3.31422792344633
4.09705456767753
6.64632299729935
2.03218073769762
3.43732522815612
4.22361396492062
4.36470157020569
3.25320593020244
2.19479670105762
10.4972298795885
5.86965968833241
10.4675268749564
5.26458550377416
4.64905340323887
4.80040778583606
5.21403984620623
7.02657379014243
6.11617360405387
1.45998172831535
3.90037921713656
3.2366789311498
2.92035102348241
3.39202395796218
6.82611211151191
8.03927737084399
3.95174471318305
4.06785654267661
5.13122607927912
6.79067075709304
2.59032704116377
2.7286532245095
5.17392085870742
1.47741507468094
2.15528576132248
2.44377084484268
3.40229697468015
4.8789036761658
3.78893156898731
4.22368545727119
1.63768732520893
4.29609382182688
7.30348008705462
2.01690467006355
1.67362947650267
2.42952746297265
5.06959186159032
1.80567624468455
6.21202785482543
4.08815689305285
4.54921986954446
6.35694501327895
3.3399621909254
1.45079226597405
6.38323240757597
3.30510618729181
1.70416006889839
2.3836636448149
4.81153635774984
4.44614010310824
2.64784366370262
5.01741849429754
3.70393391653486
2.29390107508493
5.57839605092231
0.986380567531631
4.83148036420508
2.48647313454458
2.20847523061885
3.54377750523362
2.85255307759077
5.1470734935572
3.67203077885244
4.50791452003845
2.83455403690131
2.78578859827303
7.1238578128838
3.0241135742884
1.9022480660828
4.24197017582898
3.94298228643793
2.17529626232936
4.07910783252784
4.70700685087539
8.07759871029791
2.74587703575258
3.75582255270945
3.32992286034391
5.0738373637017
1.88488805592178
3.67621111123113
3.46714048095337
5.32912588855908
2.67887371167306
1.53193717889907
6.7107407104828
2.98078911959465
4.42044173001502
2.72185356292896
7.67748987943715
3.49770228315518
4.73989845581711
5.29551698971852
5.09574943151305
2.46049042696504
6.05058464855367
5.82799254235347
6.05796187999408
3.29010293844329
6.98727352078731
8.21368844294699
3.43201038992798
3.07553675956877
5.52476164928371
5.73959426603902
2.68214023942036
1.50925694377972
5.72758156265774
4.78821528548612
4.26862189414154
4.00748179709396
3.09783887487723
2.82555260230081
5.17662273746461
3.01023201366247
10.7615801906777
8.54888306132986
2.6298677032363
4.98995511858606
2.86296584115791
2.99735180907263
5.07462560727457
0.432066764602913
2.90144102830114
3.77543417620498
5.47723228537244
3.22212292079441
3.82577648296712
5.09300600230073
11.6515692859644
2.42499223909098
5.71639334670379
2.32506044075268
3.20199271620382
6.55108303964874
4.42146760887653
2.13780504134286
6.5035347595085
3.72787138927981
3.46164684601241
2.45108449972962
2.23409633658047
4.97723190092715
2.41259862454615
6.25284685096426
8.94606909560799
6.55473439293109
4.11416175628782
4.74594682928197
6.44339500489287
2.10921785716395
3.92147871412758
1.54706911218393
4.8594393678704
9.07536953538961
1.51536962475967
3.38380683329591
4.43319326128394
4.59547829318851
3.11282662556326
6.79860804639584
3.89185931822345
5.02427610407582
1.79188253698566
2.98505304183681
2.88786760406674
8.22111206798777
1.58949113513015
4.74313630300754
6.51397689550125
2.95575998514424
1.75372034580193
4.09919207436088
4.93111120611569
6.65454822315377
2.07657865647516
4.36459364053024
3.13135737861978
3.15009391971849
4.1375430086017
3.53035251636122
3.53150409273236
4.03034273771054
6.29427582860721
2.65289215288312
2.14307315113687
1.87419456948481
4.00981030807586
4.59591531471295
3.93079154290406
3.23058907058978
5.98621119218922
6.79678786569897
11.0971059123115
9.27113931485639
5.55419102408743
7.19739703260571
3.39199029307197
2.23278514870992
4.85026629817965
2.57901753818379
7.01020330185263
3.11532188708522
2.27992935903514
11.8829600278151
7.78705427345074
5.20258372346573
5.29020555077423
2.68762693987523
8.8814703925748
3.3407152616144
5.85855099256235
2.54940281960711
4.34159149003255
2.98060644063027
6.82196633093812
6.80884168835684
7.01477434493574
3.43580007634881
4.8448874726319
6.20981233206011
3.30197941004251
3.99457868852134
1.56293084997576
4.81018880597688
4.03501505185074
5.6341870113322
6.605598047582
2.03021372081095
5.48652440961332
4.16498012884976
3.91608613856488
4.65235599026736
5.38919702709179
6.45701825682125
5.20750249502349
3.90944103766914
2.73431692465963
4.08071458216137
4.80263463724075
7.45726398766925
3.30030019722417
4.08896850139396
5.51879295458185
4.30888938782167
2.39169133472569
5.27519156542305
4.2252066612962
5.19704004463963
1.77439492540785
6.01848783246936
4.56651348201647
5.33973876576303
4.80225634576405
2.52694689374593
4.48265194768902
2.8252550318392
4.64615676654572
3.1890326751536
4.06973253506701
2.41370692339592
4.74544003058317
6.88803223059362
3.79371515901476
4.48360235116654
3.0406884819589
8.23889175052847
5.13205297344962
3.90469333544638
3.16289475211323
2.55993705039746
2.55806940714523
2.17569028983273
3.0727787008654
2.55174044221546
3.83048271708451
4.41557194737044
4.47163952957713
4.24299899633232
2.5874746653132
3.94461253479513
3.62091462518755
6.51799651275411
4.00203751738823
2.09867424213051
3.50838978552618
4.89508554481689
2.49503401018296
5.4957397668202
4.18660985893332
4.7612650957691
2.33923690433473
2.95762319685665
2.57050229161178
4.11358170621055
6.02363167196145
5.44301814226649
5.94508798551615
4.59345724977321
9.40070591753603
4.79119275907804
2.55362943059228
3.99468433881556
4.12363575059935
3.9710694124194
4.64204353237338
2.84245315237613
6.28157807219567
6.68219575221365
3.62071848148316
5.22951304949017
3.0107307205923
1.97845702811294
2.04187998609114
5.47321255887479
6.76730352737981
7.23278877734534
3.51855049500018
1.96528348668881
3.57567013776326
3.83623979992171
2.66957520092466
5.23831397026312
5.36520842203731
2.2672988864282
1.06540496906722
5.80980428120026
4.58115189574787
6.3346473633396
2.17976142169804
3.26769338179026
4.85103916125609
6.41861950770373
3.59781753287574
3.92629292400449
4.50163372517237
6.36288209259635
4.90883730544475
2.81198773582777
7.12683120012737
6.31923859253701
3.28720060047501
3.04480943783002
3.39993363176248
2.51268861934287
4.93671245120188
3.31052338120318
3.11925011899589
0.496044371166576
6.6959544008266
1.1776768656735
4.35789974074411
2.06196936512305
3.07377754107858
5.60018430730274
5.90256758735553
5.55526082336666
3.3431253666411
2.53584777525187
5.43716536626494
5.01275827340178
4.90426039562506
4.31201656990424
4.07010847765171
1.52040700108228
5.21163684372103
2.39863351819761
3.24749784027803
4.92600602432997
5.05153458392048
3.48255706214297
2.57618921620151
1.04142040166672
5.17755452806521
3.50837524991622
4.16993126993898
3.34435474998651
3.49395158477625
8.53262594211064
4.93745179856765
1.64348787594196
3.44278791314967
5.11446633699004
5.43360051836077
3.77410492225227
8.48172495771629
8.25318390584178
4.03509187372582
3.75350828056629
6.04414283694983
3.81894804576777
6.25070766664284
1.83151808892851
6.40662605246419
3.77140475075178
2.75883073510781
5.86475489031793
2.27079843969939
6.99420485430577
2.08136718972521
3.98955920279498
6.21217377529861
2.2138736945697
2.81616953219279
4.28759112371138
3.36767020985731
1.04914960957277
3.05459352720873
3.34550193542192
4.16462712525231
3.34341187635706
4.60958069189208
1.56741692567007
4.5188589566243
5.77358330910323
8.1055150956836
3.3602723917384
2.70519082471196
4.29732727710008
4.84611033815997
6.69266686447845
3.79138469472102
3.86833902878489
5.25676297686193
4.79469819650936
5.55254955220433
4.71107229522986
5.35050052097927
10.0262698656004
5.0022363091795
4.6417207415971
6.66155342176028
5.96535436005668
5.1867069813693
1.29609135623784
2.71874554824136
4.54591798029838
2.15868988037604
3.64583040746565
6.83283096739047
3.30009078700823
5.36609247219097
3.61950922221573
4.2301174747328
2.7398356831397
4.31046996813004
3.20103156672564
5.50284942960328
4.68634536786956
1.58299774313277
1.50536838123711
4.70463612080594
4.8183502972793
5.9435806435267
4.38567621531179
4.51005449361192
4.16198621084932
4.89512046373858
3.90274037894436
8.08185803740293
6.95881891154772
0.541612499417672
7.16641042820875
4.10522715747656
3.73579997986605
5.32870666521257
3.11801244872679
6.43880407550119
4.31131033790366
5.20064715167816
3.04169235667202
5.60587745687068
4.58941779731857
3.59082305066395
2.1682841001647
4.23481088018208
4.05937460541326
5.64060764228167
5.41001032679554
3.58480232942585
7.23084077688115
3.43731593847406
4.42673038224396
4.94103164895823
1.28625945440341
3.52903267035815
4.90311836758909
3.84092151665417
3.08819471619351
3.7092664709172
3.86673983212009
3.54444595266979
1.06551315492221
2.1735745466591
4.5732910687334
4.09516605981651
4.8849633409853
2.77820329096588
3.44832481392198
2.26494091865818
5.97925164398042
4.59049603611723
5.73879098718492
3.99791375719407
9.15568264042362
3.85108985747425
3.41871883642782
3.22949036931686
4.08848885768901
5.30190515318225
2.08481497781607
6.65694512431205
4.58650559894332
3.73003026430354
3.72426255239282
5.35609687492001
4.76842415459126
5.05258885625468
9.96100933623516
4.40814704576954
3.28123965654031
4.99158229406762
7.40226479088562
4.04130802703559
4.32595596450116
4.27521663993455
3.64494028459463
4.78955740411356
6.0886603419011
3.81469859600429
1.00918676486582
4.3563577388938
4.29635472616029
3.65147613909918
2.6023566257372
2.78719456944677
1.81564313628941
5.61347618699177
2.24394308966008
5.83180812998299
4.99002182076837
2.92042199562453
4.5522864415676
2.85998064493532
10.9861506881203
2.30945038635163
6.09973673380637
4.0789263199878
6.82903671943298
3.73934015858306
5.18549202589804
2.73732255007643
3.45371915807227
4.23330433329581
3.94568562501032
7.12835192545923
3.65546244736803
3.77649452161617
1.29379628540063
3.94946449283332
3.69097758424805
3.1646019792487
4.7792705405355
2.46760530760254
8.25184992583696
3.88692967204781
3.36831973018992
4.75081264306168
7.56231877519783
7.62549996166365
11.3300809634805
3.57725021383072
4.80344542127804
3.01671538828861
1.88009357061808
5.70747137944572
5.96220778966595
5.34715335859124
7.17826479775336
3.07587893483039
2.7529662454297
4.444867872229
3.08484313095151
6.06534278206876
4.6307307746431
4.64586303074546
4.83825773129191
3.16377005744269
4.20125043297045
3.93911803791806
6.63264986359153
3.38309733449155
4.63140612409622
4.93093135927745
5.80896530552046
6.53161761678716
3.37294425506783
5.11921491658486
3.90241902250954
4.06527419909317
5.26190061709322
2.0395679517808
2.26956088173448
0.832181528234469
3.39200927220498
1.90646910701217
0.36853959418345
6.37352413905591
1.14569445112701
5.1760397630179
7.50125991336356
5.33081759908215
4.89575433555493
6.06726740158644
2.49768857625673
3.23290056821193
5.1493350995668
5.07128587850237
2.34825941397738
3.3555610460062
5.86801365200639
6.68180255565341
3.42566829043515
7.32161424283657
3.65566436960485
4.79719863620366
5.73063765438714
4.14712387235452
4.64565237193603
4.12664043314908
3.92094921621849
7.85013912854817
4.39261999151903
2.38742296499848
2.32832731632509
6.74595820096009
3.03482248152708
4.40335958678704
5.77694843518634
5.0265949552756
5.52288038370169
6.41752693392564
2.78797028049995
3.34746943289882
4.63028542979491
3.09463071697318
4.85543044440959
6.15493684264268
3.95389044797287
2.57141555254566
2.64623246677675
8.35932644550938
3.15111082388801
1.4934320555455
2.33339075631945
4.05784329227544
5.76762546035228
4.12112090916079
5.12066809762731
5.01200874668622
7.04777324826651
4.37998482945823
3.49671652778589
7.11116710133668
4.66823232693024
2.77658994107892
6.33949863636547
4.74383319910371
1.12551668223226
6.56827668048642
4.35015970007998
5.1415354519821
4.61590244739266
3.87970314796754
3.33816226613076
5.19781265352653
4.98291441738789
6.27520943654625
4.46536142941919
4.42593927244983
5.32426217455057
5.2307656486155
2.34969017031584
4.36661434195254
3.74836192705208
4.38144581752517
5.52068754585988
3.07732006837893
3.18544174209689
4.47360854581178
4.19039613100367
2.30034614157208
6.94998465727724
2.07948875797331
6.3234710699442
7.01075108042134
4.46813517411116
3.87775160168202
4.13392213524789
3.79475578687945
3.29956777568028
3.95842352304405
9.37425772864027
2.30406073065512
1.87657027137698
5.0963251977956
3.75274224961008
4.08415720052081
6.54517413699909
4.37079266764579
1.82710274108762
4.00619175141993
6.74504768233994
3.35968918656693
3.99338618879969
1.77466055441716
5.0868991082318
6.68119115049879
5.62131879275551
5.93458110208356
4.0303724869468
6.66293386195709
3.80324480386079
4.14512433187296
4.02921163124301
3.65853114025104
1.83608156760186
5.04636849319722
4.88798469924096
4.24664955869098
7.6120146663421
2.83115323113278
2.52948268622397
2.73270552624664
2.2473244534114
2.31112608784051
5.71188096591164
4.74692353309792
2.54631269158671
3.79869583709072
3.92983773839015
3.31691726234639
8.28255378059342
5.88404429982531
5.75764834882634
1.98831118014453
4.98486740311658
2.72242755118943
4.17176836605257
3.69466787733162
3.76310943182877
6.73901683766176
4.35269842228324
1.61568331792213
4.55729867567144
4.718475463729
1.33438326291862
5.03486586895495
2.19376118906335
5.37272139657757
2.05604731646015
2.33331693000554
4.08107872594352
2.33067381713098
4.27033714964885
4.16360426645194
2.72984829088806
3.73164306409285
5.80444241907541
3.2833163745238
2.09783326833011
5.75235727394264
2.62572871117384
4.31484501366349
7.18816189659829
5.60716782782452
3.6862424099619
2.08378274989604
3.00420247015429
6.33080223190257
5.73938660421371
3.09405774797597
3.2395077759774
1.70412327227431
2.7192756538636
4.33638306426229
5.02706438736837
4.53543944859267
4.82956427505345
3.45135767577817
4.32177513120816
4.41048916649445
7.33355312907533
4.03398112243196
4.01554193223438
5.56644300968174
4.25998826997368
4.92824505810824
7.82881296860129
4.00262403406226
4.83686049748709
2.28367041228074
7.70402654478287
3.81625870954395
6.01634655867587
2.37403938616371
3.28775161337149
3.46787368257711
0.747354773452632
3.88093553451047
2.30079680318444
4.43280819368927
3.79561139248455
6.13819272766392
2.37793271458876
3.24398370842987
4.08896852331669
3.8923529708401
2.32211815857427
3.69426214431261
3.65980481760261
2.41261305941613
3.62267631390881
3.75822252328576
3.1570626552021
5.5301124589266
1.79607400230783
3.38894190291885
7.75920349844528
6.15396764725567
2.3372911640348
4.55679444570176
4.80049382082557
4.46125603061861
5.64868244627602
5.42625002846991
3.70896257119559
1.81710204701757
4.38103022273411
2.62001339497818
4.7150331020122
3.77519996314611
5.86375178652253
4.34223057827912
5.21427055154945
3.22613694913146
2.86956694393423
3.77188480955507
2.1977831528471
3.70392415953214
4.62896272712581
5.20506018521461
6.02263755550839
3.00389083540982
3.27728439706832
6.92234312321769
7.90249511593299
4.44808777425758
7.16002683189729
3.30611725562992
4.48488940272164
3.90492872731157
4.46910350292386
6.13221800425008
0.36853959418345
7.61410257385883
5.37779412344494
3.98529700615294
2.96394779136233
2.92246095886783
1.45530780795636
2.20841458547635
5.10478162759465
2.40656039360633
7.11149608866449
3.8533419032867
2.56679481222009
3.43598634154146
2.04222541698582
2.59636067335975
2.24646894468102
1.92877172664571
3.87669775055307
5.48343049162008
5.9692548259204
3.06494166831414
6.48393287120994
3.61080334804187
0.00260629423676176
3.62409753745997
5.76525854152033
4.32077747222785
3.345632667742
4.88462747878783
3.50617402139338
7.95256016064986
5.38540637018032
1.49483026179649
2.44886262544105
7.01353952900335
3.2919835368102
4.76680457169857
5.21127116912762
3.86261205862579
6.1352874877355
3.37684313912484
3.08587563763124
2.69607059486916
5.4526321872974
4.33450712872851
3.6418932596169
3.18329710076299
3.27795484364048
2.3375792838172
4.68895540113003
5.789655890938
5.15084224449781
3.19722069250951
2.23582039464808
2.82125488090774
3.45748772105062
7.15585384098126
2.98903335088972
6.514784160916
7.97700234482918
1.72005866278375
4.84619312132457
3.71311147089159
3.57854957136186
4.30462591848802
6.37870420231655
2.15035673331575
5.64046601862624
4.80234739785498
5.80825743798347
5.39842222808084
5.03337751089821
5.78962688990178
3.31314019007784
3.47674525463881
6.22460685024862
7.44991776099773
3.67770260039688
3.26611213951216
6.00157842159331
2.58107944704521
3.09766435223684
4.38802131677406
3.10760613161576
4.73115972229329
3.12968833632257
4.55469208890228
5.07135966742981
1.00143353633756
1.13877516069098
3.52541390022878
4.11428266047125
4.75159519707814
3.52537055711939
3.5248389483251
3.31753493776893
4.71789856416718
6.88817377044307
2.65742639852239
4.69537038427275
4.42986527430571
2.12399186297864
3.99919650195824
3.4038888101465
7.60014069637277
4.3937419064664
6.53775020259608
5.56604941766192
5.41938715299105
2.10908302313968
2.80244971699066
5.43532799852485
2.61596635901925
6.06455447409342
4.93041152877196
5.21149263263262
4.52054276909228
2.41107493148332
3.04284529102615
3.60564005978157
7.75578331188005
2.04002529737468
5.48732201819816
4.29650770052918
3.55513976738847
4.183421921407
2.38810939796311
5.96341155886717
4.73181125489566
4.21638510488004
9.66847264405044
3.00350135704539
9.71650921655288
9.43153082215571
3.33748102431045
4.47848276801074
2.65423292326427
5.16049199196769
5.81003034760066
2.0481914349301
6.45957806871499
2.76518129392558
3.54385498899346
5.89831775111473
6.48415210638073
2.36205075883115
5.80970744739541
3.02009608984601
6.42200290326754
5.02188450279223
7.36022766464708
6.27293428810175
3.35679459916589
2.13672770248379
3.9352969824507
7.78729684613174
7.8964249260527
4.76305375488242
4.13999604013297
4.03509906910661
6.50378374604659
2.92098123972852
4.40206559282113
2.83556501078608
8.40263283534137
3.08598762133146
4.60643788593818
2.47040192642852
3.68484616722787
9.47079056988712
5.4606715591775
1.96668780250476
4.4709370771155
3.1221627019997
5.00851096272323
2.95922592907359
8.31620587760173
10.2706167694242
4.31874799837807
1.38299369227597
4.62364023403117
2.6962353731899
3.13457353123917
4.31212564916429
9.04600904620845
5.92266289947775
6.19147764031836
6.49330405663594
8.43542792120238
4.66153400977988
3.74570193551286
2.3129107744018
5.30134644541555
3.2455418023092
2.36765398004812
8.10971004792627
3.40888277791315
2.28843537017216
5.36796818000312
3.84383484119579
5.71579140653218
7.63439052316283
2.36642731096119
4.58840975348163
4.35013949058369
1.48697351687206
4.57757311705166
5.73626089469908
4.22172347359354
3.86768782329778
3.59123608723923
3.70906971064376
2.70864583749765
3.61574610595795
4.88097267347687
3.65106817111042
8.04906943185924
4.08048613438839
4.93451604408128
6.46123157070543
6.79007646102843
6.96332960623258
5.7972754933199
3.96639333921285
2.52075515252411
2.14133526099883
5.26583300223174
2.22754763650395
3.55763722686015
3.38960925699649
4.65483230359225
4.61100959271372
3.64837066169807
5.71762343899649
3.58822480940529
6.95093314097258
2.71315195023553
6.1886030149289
5.81566011088461
11.3765818990097
7.98066299808094
4.01601547844779
3.93274194072303
4.50343276666162
4.19577411118165
3.77431838759177
3.44404761662091
2.70349320761524
3.10545398808566
2.45052827884582
3.5412230229988
1.25722386514523
3.96175468101862
5.90180037500152
4.28553550039352
4.11682164777986
3.05265728005648
6.31345415076332
6.86778690936359
2.10583708300809
2.8453778609922
2.77228081297179
4.34376762716327
5.38222282572733
3.26388586472916
2.7671022126114
4.69591049888529
2.89560681687203
1.81982170119565
2.52727563451913
1.81863164515623
5.55593485751116
4.27458300704189
2.68157555866276
4.16065563387846
3.4438050743071
5.25940403756451
7.48781904909613
3.51313201416185
2.00861287462613
4.48295233320149
2.99954674306298
3.18549222245884
5.04987877991747
3.89052833762162
4.41809867715139
2.41083478698799
4.3985741915328
4.74670714691833
3.43131246109872
1.90064823766065
4.99062666887335
3.44136522519067
5.11370541301527
2.90502813827168
2.16049214645842
2.49277935270945
3.77892995178118
4.87429496056701
4.2774741126894
5.47611357602399
3.67353958461262
4.02771336615397
8.794269485205
2.7375935226044
2.16642258905377
8.49455507479438
3.27571844798294
7.92586677413483
1.83610788586924
4.54820592558336
3.28886461688277
4.42487912879347
4.72648089361586
4.83628934351348
4.43643834254543
4.3956763087534
2.24395383741815
2.14635153243264
3.6507874688253
4.10398968589075
2.6525425792631
6.46640313222605
2.98291164528473
4.46209455654266
4.87098093015053
4.85256839639043
3.20237930222505
1.24928776451617
2.85603209960358
2.71422922848164
2.54347118309558
3.9104359950652
3.0015783329794
6.14770397276471
1.59521533735622
3.46955223326118
4.64190940249579
4.38615205180439
4.25471700447214
3.05481248027568
4.2737727773368
5.55613406476169
3.68729505306478
5.30796118745801
7.04598697306814
4.90369787053264
2.6608069710834
3.27405214384985
3.1990356447109
2.86621319509407
4.48459089257136
1.90626259827534
3.9103960687035
4.54797615132845
3.83363812003669
5.37802994952293
1.42312072184902
4.70360912631662
3.78468596023917
3.07813633789305
5.6126066348803
2.97068428750207
2.33319900119663
3.58585598173455
4.09688455246319
4.2317002277782
2.63475991504739
7.87871405269773
5.30595103645543
3.89646341361542
1.95861377308681
4.76628560103811
6.84954100724372
4.9411912461879
1.48361869959142
4.06640700569428
2.85072846336234
4.87042309432884
7.27662902499229
1.79624517222292
0.637460872963729
2.3617777298235
2.64964507461771
4.22602238118931
3.66664697810713
2.59201466691168
2.83855023496017
4.13398701337809
1.50112149413241
4.94443222036161
4.00154969786575
1.9964902751275
2.98288007858375
3.35958800671771
3.45329339384584
2.43852144653285
1.02597230897851
4.74503153647609
3.79328054122418
6.35342709927896
2.98895948662977
3.52766282645327
4.69265144477893
6.46349696520349
4.50845989945607
3.74457289167481
6.53301377026823
2.51269490235254
2.40189135005778
2.60946692821963
3.23843416892738
4.30238323068663
2.78174373843384
3.29122961616502
3.12636069217523
5.75774133923872
3.99930706291375
6.03910211986401
4.66664875114955
2.79936827898091
4.33108166647244
3.35126231366332
4.86511896377508
2.54330299886615
3.17828357594897
4.77507605269241
2.73466225614716
2.10054571901525
3.09400821927227
5.5371572641145
5.16181700326768
2.99253025585746
0.867496134019291
0.699584808198883
3.57033878887614
1.95486166226058
4.71756730886022
4.01535220358876
1.867007825975
4.72776501699809
3.3177496711351
1.40522854396257
2.89778286035357
1.3126418751562
4.84460366060959
5.0472439778725
1.64936360668383
2.10562178584954
1.90877915794243
3.36810429892008
3.83626446264837
2.80077215612649
1.14619994446811
2.4377569614196
3.07901968440103
1.79091746121357
5.62734416892087
4.87394487588386
2.49266959180887
7.25556565038093
2.59118275833708
3.9704520842131
2.91033730113243
3.29672790230107
6.72884658747053
3.67354281903707
2.92671933659691
7.16444393374559
3.54226283674898
3.81508811117803
4.45439271969683
5.44469883936975
4.6958863063607
4.98168495742729
3.86360476762376
2.74012164039406
5.28989987559611
2.41335609992538
1.12236613800523
1.62792406983361
3.8591434873013
4.74289826284793
3.32347264962044
2.8399369400993
3.32016245355076
4.70244013245995
3.44258802811963
2.18101822363544
4.78314095217413
3.01221558643906
6.0085022051901
2.98751464109042
3.28721077459013
4.56464881905087
4.93600938951037
1.88363927037878
4.82134266546689
3.28578178424566
2.58159425363324
5.22055918755198
8.60723794866671
5.41722274588111
6.24802473743764
7.07971248886181
5.25071146616895
1.74302682098645
2.52991965868825
4.50904960400282
2.35441834989566
2.77406374707651
5.44181781254364
6.38722104350574
4.75286463303614
5.11508377861971
3.33999983879678
10.0338771880318
4.98003466429534
3.08866140987671
4.12915042966149
0.36853959418345
1.64988631230179
3.50740642903104
6.02075801346935
4.97358604210926
5.74547765479804
2.23004352554728
8.09130029263294
6.5903799097344
5.24117017191475
2.21302796009763
3.09731328020385
1.25217398624354
7.77889091192316
5.07075888225523
1.78390975732442
3.83314409231891
3.57213385468133
1.9424021797541
1.65380421282539
3.50948811515798
3.03867559155939
4.16275271494836
2.68889373368929
0.845034796915366
2.98868206433513
1.82387402124062
2.68956658784844
6.07722892345451
2.98540962242251
3.49001529038736
1.38788579341886
3.69497199911214
4.71198297843473
1.86376574253646
5.8920812967086
3.02618772847013
3.75389477547315
2.03863233413982
3.98879926058384
4.49060643153182
7.27710020601046
1.42186100097892
2.97327178292497
6.23040482192245
5.88837233077703
3.53981952870215
6.25000186334085
4.06351037543131
6.06942270233763
4.12890398286343
7.65110827534538
4.09932350724007
2.77201094087947
2.13926952912117
4.53715705786332
