RASTERVALU_z
1.1868015
-5.850025
-5.34449
2.86325
-2.15949
-3.48437
2.12928
1.99578
1.62293
-3.398685
2.251165
-0.000942999999999972
-1.89906
0.910797
1.26835135
0.2448395
1.301984
-0.7125035
-0.0693585
-0.2924905
-1.0754385
0.029025
-1.292375
-1.978995
0.1533
-1.5339755
-2.39167
0.240063
0.368151
4.19301
-1.48139
0.2862375
-0.22013165
-0.8784
-1.990475
5.346605
0.21214
6.093805
0.37995425
-1.56978
-2.67443
1.3968695
2.8084
-0.9234338
0.616006
1.007019
-3.360255
5.47021
-1.46856142
-2.27157
3.349475
-3.418175
-3.964385
0.1541175
-0.00997700000000001
0.70471
1.3988025
-1.319765
1.4162925
-4.19922
0.186251
-2.207245
-0.3606885
2.67775
-2.0247565
-0.720344
1.2137
-1.3110927
0.377257
2.038595
-6.6544
0.21829
-2.052635
0.3070845
-0.302915
-1.95945
0.716425
0.401078
0.484575
0.36984305
-1.60925
-0.99528675
1.572396
0.63495715
0.1403315
-1.771838
-0.35253685
-0.1416185
-0.768597
-1.58795
-0.307236
4.82777
4.028235
-0.804859
-0.7626531
0.259162
-1.2569185
-1.6665435
0.0719555
-0.1328205
0.7022975
-1.599325
-0.797449
-3.595205
0.68879566
1.716348
-0.440245
0.692641
-0.344427
-0.2693675
-0.90142887
1.13375
-3.7569
-0.349454
2.42029
-2.20931
-0.41558649
-1.2321185
4.18128
3.90866
4.564705
-0.602809
-2.422375
-1.75472
-2.737035
-3.02025
-2.10113
-2.66438
-0.988459
-0.085321
-0.8208165
-3.479115
-3.71067
-0.736155
-0.529907
-3.69022
-0.0200835
-1.2065185
-4.88408
-2.14797
1.103131
-2.507475
-3.46328
-4.64908
-3.09313
0.324073
1.040503
-1.5913785
5.244595
-1.0281325
-1.33454
-0.4046855
-1.827725
-6.226245
3.798865
0.820993
2.70381
3.248275
0.078273
0.3779005
1.5138955
-3.90796
-0.084105
3.30141
0.241785
-1.36329
-4.023785
-0.1791
0.401077
2.683915
-1.9664
-0.474674
-0.259304
0.284422
1.535835
-0.0424100000000001
-0.3164205
-1.62154
-0.1258995
-1.0001775
4.259595
-3.590815
-4.87743
-2.226149
-0.293302
-0.7980785
1.48073
0.530012
-0.756683
-0.7014415
-0.846573
-0.159359
-3.41191
-0.18562
-1.680705
-0.4032755
-0.315528
2.36764
-1.310485
3.048055
-0.1847485
0.2987345
-0.00351000000000001
-1.125226
0.838126
1.75113
-2.49164
-0.135939035
0.7365485
1.75859
1.7521885
-0.950272
-4.33129
-0.282395
-2.68429
-2.957085
-0.7866245
-2.48553
3.086195
1.1011565
-8.24902
-1.598935
2.963195
4.17737
-1.499715
2.50513
-0.26072715
0.02103
1.2764435
-2.868905
-3.664185
-0.0147285
1.45261
1.4474125
2.89585
2.613995
2.66572
2.330525
-0.796221
-1.67413
-2.60005
4.584515
3.77019
-2.013695
0.976939
-3.338555
-3.5627
0.5800415
0.095107315
1.325355
0.8477235
-4.099675
-0.1342835
0.8158375
-2.470665
-0.345781
-4.601755
0.449753
-0.7045819
-1.5996355
0.2466065
-2.78806
-2.99761
-2.626335
-1.468462
-2.343835
3.378995
-3.404915
-2.827365
-4.840485
-4.385355
-1.285277
1.868923
0.975972
2.322025
3.864265
1.2736055
4.09264
0.73446
1.550388
1.464195
-1.1560505
-2.466015
0.1368245
0.10787
0.1841755
-0.447666
0.378923
6.41834
1.756273
-1.854825
6.98953
-2.56509
0.777847
-0.304792
-0.889772
5.3158
0.43129465
0.4662145
-3.08942
0.0322615
0.567587
1.778435
1.506975
-0.490175
-0.702414
-1.0083535
2.09062
1.76235
-1.619275
-0.5722116
-1.73438
1.2109935
-0.145465075
0.5803665
-0.94223
-0.531454
-0.7518715
0.58997645
-0.21337
1.80828
-0.141148
-1.9497905
-0.133946
-3.94729
-1.75998
2.554205
-1.0842885
-0.713691
0.2776655
-0.745599
-1.673791
-1.484893
-2.828295
1.2592425
-0.065535
-0.3362575
-0.27071115
-0.2004155
-2.29678
-6.1204
2.117935
-0.41922736
-4.697575
-4.04715
0.044707
0.1429166
-1.92698
-2.89116
1.032535
0.265201
-1.31875
1.062803
-3.31745
-4.16185
7.476385
1.006371
0.28440325
-0.72443
-0.031986
-1.104429
1.886391
-3.21649
-0.5951445
0.079041
4.235785
-0.5766305
-1.535375
-0.76214575
3.94136
1.9053935
0.5122675
-0.205889
1.910285
1.548335
1.97685
-2.361555
2.175685
1.932283
-2.923965
-0.8699347
-1.402263
-2.17056
-1.2007495
-1.0068315
-1.466635
0.65493
1.786152
1.33641
2.462335
2.681995
2.741195
1.79971
-0.555948
1.262017
-4.081535
0.225808
-1.3548585
1.2249725
0.0010746
-0.18396
-1.615285
2.320155
0.22845
3.093305
1.1478375
-1.313835
2.389095
0.671488
-4.804615
5.320855
4.749795
-1.6783135
5.94019
-0.7609953
4.67107
-0.1946335
0.632291
-3.259525
2.68292
-2.13273
0.698334
0.385415
-0.4154385
2.565585
2.0995795
0.632008
1.374685
1.0406295
0.233059
5.442265
-0.1186771
-0.339594
-0.21852835
-0.966883
1.174717
-1.0080395
-0.2516285
-1.47831
-0.3831183
1.015766
6.76952
-0.9592365
1.848645
-0.8254129
-2.615105
-0.336175
1.421675
-2.93479
0.159311
-0.7053575
3.952375
5.129605
-0.360122
-4.642525
-4.293045
2.04234
-2.972105
1.056775
3.89986
-2.917525
-3.14067
3.626305
4.66053
-3.112375
-6.351535
-0.9943255
-2.41089
-0.6488705
-0.3473855
-1.853283
-2.094015
0.1777835
-0.626329
-2.000755
-0.408374
-0.863998
2.4595
-2.658325
0.139897
-0.422406
0.642311
0.425956
0.496326
0.6388165
0.3661955
-0.422972
1.1084225
-0.0651875
0.8027995
0.0317765
-0.08804595
0.0709984
-2.77684
0.255045
0.487873
-0.5566625
-1.48645
-1.117798
-0.444317
-1.569555
-1.838315
-1.833451
-3.22355
-1.7896085
-4.94849
2.5552
-1.3006405
-0.27157
-2.61087
-3.355135
0.8398085
0.9638015
-1.75884
-2.356535
0.445637
4.012345
4.216955
1.9765525
-0.2962595
-3.95055
-0.2540865
-1.1435285
-1.038699
4.99833
-1.936415
5.88784
7.140805
0.189164
4.09767
-0.508109
3.70973
3.380625
-1.2381065
-0.757325
-0.294694
0.522272
1.433235
-2.921725
-0.4437294
-0.565714
-0.199613
-1.615475
-0.28888038
-2.55353
-4.56589
-5.369545
-1.2422475
-1.718195
-3.69629
-1.459255
0.7950707
-0.562013
2.220405
0.2979175
-3.56998
0.40201
1.54214
-1.557165
-7.388255
-0.9909115
-0.6487185
1.003994725
-1.741275
0.0556965
-0.377277
-2.665085
-8.11874
-7.35524
-7.17327
-5.78298
-0.5786345
-2.836235
-5.197975
-0.96087665
1.077284
-0.5767505
0.853574
-2.565895
0.0447765
1.2371975
0.3462365
-1.656835
-5.64132
-5.242145
-5.215425
3.926735
2.62081
0.8074195
0.0642205
-1.875275
0.657822
3.367655
1.85133
-1.3234775
-1.766205
2.68798
-0.579175
4.5434
2.71805
-2.655125
1.2489135
1.0974525
-0.558012
1.738855
-1.13072445
-6.937635
-1.1704125
-1.5005605
-1.692795
1.536009
-0.8224865
-0.911647
3.10282
3.46696
-1.0076515
0.858978
-3.25998
-3.98456
-1.897755
-1.1774625
0.0323765
-0.9264695
-2.87303
-1.3828855
-0.3628219
-1.024866
-1.032084
0.288988
-0.6770205
-0.358289
0.013765
0.4899225
-1.837518
-0.388548
0.3904425
-0.936604
-1.433405
-0.4262345
2.507475
-0.5287725
6.526305
-0.505844
0.9212805
-3.71886
7.904645
-0.6554425
-3.669735
-0.44236
1.372208
1.2133725
-0.431264
-0.515341
-6.42397
-1.60278
-0.35771
-4.671685
-2.207462
0.701738
-1.124319
-0.2884857
2.962405
2.78973
2.064203
2.906205
4.66132
-2.692645
-1.10497
-0.54538
-1.7729
-1.5425115
0.9084955
-1.6647185
0.466409
0.06336
-3.274095
3.44593
-0.5709795
1.1690055
-1.576825
0.2119465
-5.153345
-4.780465
-6.014715
-6.230865
0.4902959
8.36705
-2.27904
2.47539
0.366039
5.8631
2.108196
2.05727
-0.8771985
5.203265
5.97809
0.197050715
6.275
3.95248
-3.895565
1.198302
-5.31491
-0.045818
2.978375
0.10796705
-0.2259
-0.700473
-3.13415
-0.032808
2.84654
0.3738239
-0.986593495
-3.046415
-6.388195
-4.122055
3.464885
-1.186651
-0.7558645
-0.31189735
3.837975
0.3156385
0.4398425
-2.13459
4.34375
0.2237455
0.8722505
0.749957
-1.1858605
0.311634
0.4089665
-0.3949125
1.655649
-0.8154105
0.123019
1.051658
-0.610695
3.32324
-0.8945765
1.5157355
-2.5652535
0.017255
-0.8853025
0.596524
-0.9702229
-3.816975
-0.3204535
0.3963395
-1.404246
2.23924
4.04807
-4.523675
-5.05012
-0.364525
-1.62716
-0.711042665
-0.6022385
-9.145685
1.443685
-4.51523
0.826197
-4.150775
-1.65498
0.312123
2.977775
1.92357
1.525014
-2.3193135
1.27153
3.56497
-5.3388
-6.19346
-0.6918195
-1.0951195
0.46567
0.779955
-0.334102
-1.5119195
-0.4530265
-0.966869
0.1522715
-4.12891
0.607475
-0.113881
-4.466685
-2.085662
0.62593775
-4.83907
-1.215952
1.5035785
-1.6767055
-2.519435
-0.508557
-0.44593245
-2.623875
-1.003588
-0.662264
0.24986
-0.884543
-2.496835
-1.563172
2.665885
1.92732
1.3602335
1.0093435
-0.0598315
0.933809
-0.773517
-3.68516
-2.091999
-1.53922
0.3908605
-0.614427
1.0654905
-1.196025
0.34868
0.53388155
-0.4837205
-0.5756235
-0.368537
-0.66391495
1.122945
-0.3609435
-0.4037875
-0.06819515
0.0551135
5.91504
0.3543716
-1.8735165
-1.4654685
-0.820674
-0.71989765
-0.9114165
-1.74119
0.0284549999999999
2.400665
1.72523
3.028154
2.556605
2.720725
-2.74208
-1.0015095
-0.592949
-0.9768485
-0.9904955
-2.0304865
-3.939525
1.9999875
0.3361555
-0.2074255
-0.5210165
-1.3076155
0.6511065
-0.3652425
-5.95296
1.391275
1.5605565
-0.62554
-0.6868355
-2.93945
1.2971815
0.6367765
-0.4456395
-3.46959
0.5340965
-3.51087
-0.204689
-0.8907545
-1.816605
-0.7999965
-1.8161
-3.0677
0.31288445
0.1318775
-0.62732
-1.0400515
-0.197889
0.8942815
-3.63916
-3.283815
0.5922045
-0.044045
-0.819473
0.034551
1.82197
-2.846685
-9.240225
-10.333145
-8.862605
-0.392167
-0.324484
1.07777
0.1576045
0.3096247
0.127945
-1.3162185
3.290285
4.23246
1.9785935
-1.676579
-2.0848505
6.179415
4.12026
-1.0799715
4.575865
0.485844
0.4936114
-1.1776103
0.73370655
-6.103285
1.540055
4.592605
0.21178
-1.0844715
-2.735605
-1.1298405
-3.75548
0.213353
1.784865
1.97768
0.616188
3.244055
-0.245636
-0.9440035
-12.55742
-0.958281
-1.060258
-2.870805
-4.170905
7.453145
-6.44264
-1.223853
1.577895
-1.86655
2.84503
-2.049395
3.84613
5.50489
0.6712455
2.62672
0.1006895
-0.839044
1.992245
-1.243403
-2.10692
-0.6285805
-0.986638185
0.1555545
-1.0811605
0.04788
0.552727
-0.78192915
-0.4086015
-2.06217
-0.2385835
-1.478105
0.9142915
0.1529935
0.633389
-0.186265
-0.7912915
2.091255
3.05647
0.283381
2.28231
-0.9056975
-4.92391
2.041135
4.97803
0.0953376
-2.87061
-0.959006
0.8267605
-1.90879
2.123745
0.1030538
0.5905135
-0.58497595
0.3710415
-2.654035
4.73816
-0.434752
-0.1936285
0.2602325
-2.605095
0.001793
-0.00103500000000001
0.087081
-1.4552005
-0.440895
0.4207401
-0.856406
1.032826
-1.5478
1.32039
0.5456945
-3.932545
-3.317685
-0.6507495
-2.804295
-0.343126
-0.9188795
-3.85434
-0.161802
-0.5586495
-0.3298315
-0.2141245
1.1534685
1.151245
-1.5278855
3.27867
-5.43187
0.922349
0.1185845
0.6895945
3.26915
2.68695
0.5715943
-1.379115
-0.6336691
0.51830685
1.47118
-0.0481549999999999
-0.8813495
-0.603054
-5.182115
-2.27324
-1.56092915
-0.6987215
-0.4070335
-0.8154435
-0.2023
1.2624
1.318825
0.33385
1.63972
1.040287
0.018455
1.5433905
1.26741
-3.34779
0.1651465
-0.721269
3.173225
1.040217
-1.39424
-0.9241995
-3.873915
-0.876248
-4.886255
-2.89076
-0.2082048
-2.60746
-1.57381
-2.676135
-0.41968435
4.16351
1.224008
3.7877
-5.310235
-1.9327065
-1.205175
-0.288965125
1.41037
-0.2642775
-1.440555
0.1122285
1.56397
1.777694
0.48792105
-3.871465
-1.39435
-0.693787
0.2725475
-1.099008
-0.460947
0.6448655
-4.084275
-0.5993465
-0.818899
-0.7063945
-0.5911308
-0.9623655
1.91594
-1.2437408
1.1380705
0.38632445
-0.5036665
-0.1116175
0.3184945
0.063323
6.433275
-0.7428755
-0.8302065
-1.262675
0.01278
-0.084955
-0.3912645
-0.653209
0.30834435
-2.3736165
-0.1122325
0.785921
0.28523
-0.062267875
-0.1052915
0.2621975
0.430773
2.23574
-0.1338765
1.519488
-2.328536
-0.9394895
-4.927335
1.695825
2.521435
-5.159255
-1.611735
-1.1414315
-0.0270549999999999
-0.558168
2.27294
3.384715
-0.0914447
-1.20928695
7.673305
7.984745
-1.3527255
-1.6001205
-1.0440865
1.117032
2.65257
0.4837935
-0.7610785
0.651578
2.12883
-0.0185977
-5.60843
-1.10374655
-4.71502
1.598425
-7.00076
4.453685
3.65788
-3.342255
-8.562205
-3.73454
-0.58246
-0.7177215
0.7615855
-1.8428575
0.595945
-4.51456
-0.3976435
0.598249
0.27294645
2.9076
0.2240905
0.1967795
4.457165
-0.821376
-0.6372191
-1.313685
-0.24979745
-0.820867
-1.781723
-2.33743
-3.14446
1.272688
-1.800975
-8.398865
-0.1521315
-0.06572436
6.35958
-2.5448
2.28101
7.56315
-0.687229
1.0441425
0.6179032
0.185659
1.518684
1.23537
1.85744
-1.808115
6.49999999999817e-05
-1.479511
2.332605
-0.9343985
-0.400089
-0.18677
-0.91447995
-1.025493
-1.664348
-0.982462
-3.48092
-3.680005
-5.69373
1.1340945
-1.817181
1.753905
-1.774595
-0.27368715
0.45663305
2.434605
1.851095
-1.982425
0.38127
0.378145
0.96305
-0.2624675
1.8246
3.66514
1.2640185
-1.99184
-0.14164295
-0.1075885
-0.574384
-1.5722425
1.63218
-1.795845
-0.3062545
-1.900675
1.1306365
1.5477817
0.11638
-1.45223
-1.762245
-1.504075
0.7882125
1.685485
1.063948
1.396865
0.04172
0.1336075
1.121698
-1.0198555
-0.040394
0.2885715
-4.307635
0.1976895
1.76254
3.43643
0.321018
-1.1475745
1.286224
0.121191
0.771652
-6.11582
-7.695635
-0.17690385
1.4090105
0.501293
2.19524
-1.3444755
-4.697685
-0.4455465
3.31893
-0.8636835
-4.886515
-0.304373
-0.12334765
0.5493155
-0.6799565
-1.138044
-0.518701
1.8210205
2.3888795
1.87545
-0.02974324
1.3897125
0.724573
2.735585
6.94725
0.9483795
-0.901140065
-4.73199
-4.898905
-3.780515
-0.577192
0.205542
-0.561639
0.7380296
-0.125355
-1.339443
-6.23382
7.904
3.79326
1.123818
-1.137742
-0.35125875
-3.332685
-2.97304
-1.18177595
-2.24645
1.19635
-1.978715
-0.600143
-0.3029525
-0.2873465
-0.2803655
-0.774952
-1.783375
-0.5746245
-0.5915595
-0.0829785
0.6493145
-0.772125
-0.381155
-1.0839335
-3.2766
-1.351595
-1.369937
-1.17897
0.144908
-0.9925335
-0.302243935
-0.66413395
-4.684465
0.5263565
-4.175845
-1.190964
-1.141226
-3.438815
3.447645
0.6378645
1.188196
4.8052
0.050227
-0.854446
-1.16366
0.0581015
4.795175
0.3079185
-0.8332605
1.96417
-4.59066
-0.2253135
-0.407783
-0.9683335
2.44372
3.15656
-1.47548
-4.628685
1.840673
-0.425513
-0.4148475
2.58879
-1.861835
0.4117945
-2.2790885
1.89073
-1.584465
0.32309
-5.15082
3.96116
0.217605
2.714845
-4.060565
0.400362
-3.297615
1.244218
0.73175
-0.0240455
-4.424745
-0.663915
-1.8776405
-0.594567
-0.9029265
-6.23578
-0.9056436
-0.140489
0.2651255
-0.1605985
-0.6426085
1.49424
-0.5768155
-0.00425050000000005
-4.040515
-4.106425
-1.160358
-0.40604525
-2.549745
-0.8699965
0.321132
0.6343125
-0.6694601
2.4208
-0.1896475
-0.397982
-0.06845
0.88592
-2.155525
0.9924615
-4.4327
-2.91586
-1.199689
1.7432945
-0.8263387
-2.64651
-2.11841
-1.6590305
0.752669
-0.940525
-0.215804
0.570503
-1.18331725
0.87686255
-0.514922
2.390867
0.259018
-0.742517
-0.59639
1.92605
-0.039938
1.0380725
0.4859075
-1.384485
0.4168995
-2.91505
-0.66021085
-1.74148
-2.003745
-0.4882725
0.6856795
-2.097485
-5.98376
-5.20284
-0.0388299999999999
3.330555
-1.342251
-0.0302165
0.02906
-0.34065025
-2.100229
-1.81261205
-0.099664
0.4640035
-0.2493195
-0.884383
0.5214395
1.9515615
-0.9850805
0.9108425
0.460744
-0.9500545
-2.0836665
1.1359045
8.35415
3.59452
1.078369
-1.1619474
2.24187
2.532895
-0.641055
0.812091
-1.056522
5.188095
-3.2668
-0.497483
-5.992025
-4.97236
-0.408111
-3.941755
-2.520415
3.788335
0.5814405
7.20168
2.72516
0.477733
2.708885
3.830005
1.4130105
2.42047
0.1524525
1.2087825
4.88416
1.7808465
0.8439565
-0.741611
-0.6519505
1.8778635
-1.9191865
0.9206765
-1.587615
0.29816
0.616817
-4.0375
-1.4965565
2.25925
0.5126825
-4.11221
-0.095638
-0.1196995
-1.4561185
1.417035
-0.2865525
-1.6894335
-0.384444
-1.06288
-0.010807
0.263456
-0.2664375
-1.972005
0.8631815
-0.53379295
-7.085545
-0.8820805
0.13623
-0.79633235
-2.2509115
-1.4309865
-4.312445
2.79348
-4.05515
1.67864
2.18703
1.5107515
1.112865
1.2605715
1.0158505
-0.4022025
4.3185
4.67599
0.555058
-4.86036
0.8005295
4.67169
-0.6450995
-0.874567
-0.4993375
-2.96887
1.73183
-0.011583
0.2268215
-0.10573245
0.5844705
4.08077
-0.370541
-0.7693405
-1.5170035
0.99224745
-4.33588
1.46989
-1.2309615
0.9651795
5.821305
-0.15623
-2.185415
3.69733
1.4360802
-0.00134925
-1.4827095
-1.948644
-1.85922
-1.3606055
0.3859175
-0.518468
-4.441635
0.91843716
1.5559135
0.58948805
0.44459
0.636202
5.708135
8.526055
0.534091
6.466605
0.9163715
-0.321084
5.51954
1.3233
-3.170955
-0.9487031
-1.592821
1.1742025
0.3417842
1.893225
-2.45337
-2.741735
-1.428195
-3.35597
0.4428445
-0.629219
0.41243
-3.632095
-4.795645
-1.1870293
-1.508
-1.358476
0.661889
-0.0803750000000001
-0.930683
3.939415
2.494205
-0.65235
3.74334
1.5674445
0.440825
-1.05815365
1.034563
1.482451
0.592212
-0.029064
-3.21393
0.385627
-0.5241215
3.22901
2.870575
8.0544
1.409787
-9.577095
-9.503885
4.079885
-0.0946264999999999
-0.55439
-5.3298
1.455855
0.546002
1.5682485
-3.477115
-0.5542486
0.599034
0.030025
-3.03112
-0.4526345
1.770225
-2.0270725
2.83927
1.1404265
-1.37725
0.511501
2.092255
3.30865
3.44772
-5.06626
1.65598
-3.320065
-1.17002
1.55256
0.7578075
-1.325274
0.85605245
-3.1567
-3.54549
3.801505
8.99814
9.94285
-0.4209145
-0.148368
0.525035
2.282795
-2.02303
-1.862069
-2.415215
-1.544052
-1.881082
-3.482205
-1.84855
-1.14745
-2.63757
-5.35004
-0.5582065
1.896146
2.16448
-1.006745
-0.8413905
0.9206505
-0.5576695
-2.34566
-2.530165
-2.199635
-0.536301
2.325895
-0.9776345
-4.642515
-0.258852
-0.879429
0.460584
0.6564925
-0.10634
-0.372341
-0.08667955
-1.006381
-2.248565
4.33524
-5.973265
-5.7796
0.1565385
0.71207
-1.748485
1.2938865
-1.277765
-0.743377
-0.545783
-4.24397
0.94694385
-1.7794475
0.4451084
0.255171
1.64830855
-0.7414605
0.8027825
-3.677495
2.024175
1.0415125
-0.5512925
-3.012045
-1.129283
-0.302572
0.3084925
-0.587025
-1.80982
-1.032096
0.15319705
-0.3986785
0.2521445
0.7157675
-1.2971792
0.41094575
0.1011245
-0.225
0.15720097
-0.705501
-7.91501
0.00151950000000001
-0.763789
-3.041145
-0.3048879
0.2932525
2.45088
-1.18095345
2.32581
0.432744
2.195665
1.42693
0.6431995
-0.9299625
-1.744964
-0.050202
-0.03238
-0.082215
-0.05582
-1.260276
-0.217631
-4.82755
-4.099405
-1.619396
-2.635275
-0.268529
-0.398622
-4.065845
0.0980704999999999
-3.16988
-0.8612885
-1.5833615
-2.86026
0.549171
5.771595
-2.82979
-2.297555
0.0186299999999999
-1.91506
2.096875
3.43649
0.325797
1.2077575
0.771061
-0.570196
-1.206159
2.78365
-3.581815
-0.8249205
-1.3883655
0.15037035
-2.1325035
0.0782795
-1.394841
1.59189
-0.9391995
-0.2695505
-0.5275595
3.355695
-4.78171
0.532282
-2.577765
-1.00943
-0.63133965
-0.1362765
-1.4131625
1.391995
2.908225
-3.706225
-4.033195
-4.143145
1.169978
-2.74523
3.617085
-1.7698555
-1.3517235
-0.23194
0.659316
0.07589
1.4751745
-0.412093
-3.254185
0.152346
-1.692505
-1.0629225
-0.876774
-0.2191345
4.909715
0.225433
4.81314
3.30693
-0.291615
-0.0782999999999999
-5.6184
1.798395
0.9834945
-2.482715
-2.50786
-0.8334555
-0.9052105
-0.4752645
4.102125
-1.5985555
-0.0282707
0.5470315
-0.1706125
-1.2509005
-2.019079
4.940995
1.7511285
1.622909
-3.56002
-0.112002
-3.71326
0.034277
-2.192425
0.804964
-3.87634
-0.953184
-1.48243
-1.14128
-3.77971
2.599775
-3.35762
-0.2473215
0.36108
-0.227027
0.051914
0.211335
-1.81089
1.82888
0.050173
-4.458715
0.678931
-5.107195
-6.60449
2.80269
0.979103
0.2690285
0.49622
-5.054245
-2.246345
0.6329265
-0.33098685
-2.32207
-0.9316845
-1.2071355
1.733875
1.104703
1.316965
-0.48120395
-0.5569635
-0.3632159
-5.669265
1.159273
-1.87872
0.50475145
0.8794505
1.11381
-0.011295
2.313575
-0.853089
-1.25557
3.108155
3.13921
-1.48886
3.30541
-1.32924
0.1506855
-3.23179
0.878586
1.147626
-2.241155
-3.222425
-2.29581
-4.106425
-1.813485
-1.382575
0.092222
-1.130161
-0.1955079
-0.9033454
0.2457815
-1.0105135
-1.2891613
-0.4194949
-0.8703825
1.005898
-0.131616
-0.792542
-0.694626
-0.2029885
-1.0246545
-0.9438517
0.4958008
0.918037
-1.1630915
0.188111
0.8441315
-1.6972095
-0.0247695
-1.30763
-1.388955
-0.781706
-1.688465
-0.42507645
0.1030655
-0.6704315
-0.1581725
-1.266105
-0.0191222
-0.2119195
-1.47425
-1.1325615
-0.883775
-0.954878
-0.542683
-0.388228
2.05785
-3.750355
-2.84703
-0.012124
1.1058005
-0.186879
0.5474675
0.1990925
-1.45133715
-1.79458
0.1338542
0.54114565
0.505192
-3.475425
0.3506295
0.2033215
1.527122
-1.207685
-0.392292
-6.429475
-2.196475
-0.1382545
-4.041535
-2.5647045
-2.69723
-2.80072
-4.39421
-5.314765
-0.484076
-3.119825
-2.055175
-2.625995
3.07926
-1.2200765
-0.17435
1.378876
0.4855365
0.797928
4.631575
-2.14936
-1.38281425
-0.917362
-4.40259
-0.9119285
0.140575
-3.79197
4.104635
-4.560355
-0.560653
-1.78577
-0.121126
-3.187905
-0.3653405
1.21196
2.430372
-1.60809
-0.816395
-0.777284
0.6242305
0.185299
0.32515
4.47189
-2.903695
-0.11246
0.022404
0.0081775
1.064895
-1.970365
0.254805
-0.647991
0.1660395
4.256875
2.99716
0.5624925
-0.3458925
0.251854
-1.2169345
0.3789645
0.812434
-3.54835
-0.24976
-2.616165
-0.603585
0.20885
-2.84087
-2.775525
-0.256842
-3.875705
0.1819345
-0.137336
2.814635
-0.358577
-0.9598375
1.71844
1.0049755
-5.52989
-0.945557
-1.003129
-0.76395165
1.0252188
-0.5777589
1.762115
1.2340425
-1.998733545
-1.566252
-1.0193045
0.3469605
2.012525
0.199025
6.717835
-0.2888545
-0.2331395
3.435995
-1.462645
1.395195
-5.577675
0.349543
-0.3522461
2.533465
-0.641102
0.10949
0.1854405
4.980265
-0.9072435
-0.2318105
-1.14298
-0.2286045
0.2583295
-3.34135
-0.4114195
2.089845
-1.0196365
0.2793955
5.26412
3.974305
-3.997655
4.470765
2.16841
0.79481105
0.216684
-0.7210975
4.41517
0.7720705
1.23862
-1.1056525
-1.256525
1.980295
-3.17488
-0.8953625
-0.884704
0.3689505
0.4181125
4.23408
-3.42262
0.935387
1.490957
-0.519415
-2.10479
2.92922
3.40281
-0.705302
0.298365
0.66367825
0.2806005
-1.654095
-0.9811165
3.87314
-0.261225
-2.316905
0.2998685
1.2039475
-2.0642625
-1.55044
-2.69933
-2.50369
-0.9052245
1.0612265
0.5039445
8.91586
-0.70871165
-2.022305
0.0451485
1.4901245
-3.082795
2.694565
2.63015
-1.1962515
-1.174135
-1.3027655
1.40727
-1.4773875
0.8950925
-0.060683
-5.050985
1.788845
1.077962
-0.5530985
-0.254663
-1.0663735
-0.4883885
-1.0156755
-0.955102
-0.3650185
-0.9486595
-2.0101425
-0.85794
1.058113
-1.834419
-0.8688645
-2.626725
0.668931
0.017026
-0.525732
0.810953
-5.250855
-2.378635
-3.600145
-6.06511
1.5385065
0.92937965
0.0267755
0.4738765
0.8070315
0.933816
-2.117785
7.31819
-0.6870815
-5.23908
4.206095
-5.904035
-0.8771465
-2.472654
3.088655
-1.1655175
1.4519095
0.8790015
-1.3219465
-0.44016885
0.861008
1.093855
0.73094425
0.086545
-0.7696875
-2.03163
-1.244981
-0.087378
-1.047551
-2.99475
-0.383154
3.19884
2.08439
-5.346275
-3.65866
-2.0107695
5.73648
1.509635
-0.672756
-1.1054945
-3.55081
-1.1549095
-1.200095
-5.343745
-2.21775
-0.8705275
2.90366
-0.1248648
-1.91796
-5.65828
0.3592565
-1.287894
-2.33383
-2.53409
0.6955275
-3.63944
0.074996
-1.7332
-1.7335765
0.9277545
-3.642035
-0.450693
-3.47847
-0.5891525
-2.669425
2.269225
-8.49718
-0.6185385
6.716895
-2.06739
0.7074735
-0.488355
-4.47245
-3.1202
0.657549
-4.7207
0.9906735
0.7967005
0.1226085
-0.1232005
1.182987
-5.133365
0.15472
-1.1944095
-0.399051
0.232161
-0.228877
0.6410385
-2.923585
-0.499711
-3.382475
-1.833877
-0.711115
4.1608
-0.232217
-1.2939565
0.295994
1.6127716
1.322142
1.879855
0.550213
2.08502
2.263177
4.73724
-0.037205
-3.42617
-6.38183
1.1407115
-3.20372
2.90733
-0.8802213
-0.073662
0.475528
0.3056
0.02698
0.879309
0.925765
-0.19917
1.093994
-2.649495
2.0304
-0.494532
-2.67338
0.06810595
-0.0273425
4.89764
-1.9187605
-0.8349105
-1.565045
8.31011
-1.982175
-0.352139
0.3336055
1.67133
0.2166515
-1.3891985
-0.4078786
0.3011605
-1.4311099
1.0215965
5.672845
-1.24472
-0.669966
0.1513585
-4.04209
-2.947595
-1.578964
-1.766145
0.301478
0.631742
0.7215843
1.2822135
-1.19097
-1.3351685
-0.830363
2.04387
-0.673021
0.692961
0.58237
-1.923675
-2.065705
-1.979775
-2.426055
-2.359145
-0.995802
-3.52073
-0.5771535
1.90738
1.0127925
-5.12621
-0.7637535
0.5313579
-1.36462
-0.838552
-1.456747
0.6690425
-5.377085
-5.371935
-2.812115
-0.812524
-0.019723
-1.2036
0.5017685
-0.8398195
-4.951865
1.529408
0.17123
0.300813
-4.106585
-0.5359445
1.3430245
0.977212
7.17616
0.14052285
0.635187
-0.8033745
0.7026152
-0.00763200000000003
-2.591485
3.29259
0.787509
-2.6151
0.266619
0.198316
-1.88087
-3.220405
-0.32862
-3.591165
-0.6537485
-0.1658393
-0.7048495
-0.6328465
-0.55729
-2.179271
0.71982
-0.9382675
0.340219
0.3132677
-0.0857245
1.942316
0.5258895
-0.650151
2.990985
0.5277895
1.2750961
1.5520345
-1.31410325
1.82263
-0.6033185
-1.047057
-0.9977745
-1.1866805
-2.466495
-1.668906
-1.7667755
2.00734
3.27731
-4.29901
0.072096
1.328125
-1.2673175
-1.239032
-3.24796
-0.7607185
-10.83656
-4.223675
7.96551
-3.06791
0.9119375
0.910778
0.94875005
0.6420315
0.367607
0.8695565
9.10117
8.6299
-1.322845
3.81656
-1.475546
-3.760125
-0.44444
2.82475
0.40601925
0.031465
0.78159015
-2.0577
0.605923
0.37955185
2.68547
0.4037515
-3.420115
-1.996665
0.3251295
-0.2591185
-5.178445
1.5635765
-0.6110767
-2.46593
-1.887034
9.884725
12.223065
5.8662
-0.4740765
-4.64145
0.574064
-0.251727
0.9402625
0.0664055
-1.876113
-2.658985
-3.583195
-4.46214
-0.414033
-1.628663
-2.47153
4.00509
-0.8723215
3.35253
0.337541
0.97381
-4.837215
-1.441025
-1.5713905
2.20676
4.52836
0.13845125
-1.4770135
-1.9821715
0.3074116
-1.56856
1.3861415
2.978635
2.808535
-1.24093355
0.5776815
0.447215
-0.831935
-0.761293
-1.5704795
0.7445025
1.892015
0.2512775
-0.00944
0.031634
1.388543
1.678705
-1.62061
-0.4119995
6.3415
0.34594
1.272282
-0.561425
-2.010225
-1.99727
-1.0916815
-2.687895
4.266605
0.682060465
-1.57316
-0.644786
0.119161
-3.07018
-0.274301
-0.060548
-0.09710875
-0.20348115
0.4856045
0.7596305
-0.143865
0.33387
-0.131234
-1.47699
-1.888285
-2.656515
-1.0409345
-1.4002515
5.776515
-1.87203
-0.4080074
-1.45462
0.106096
0.242705
0.95377801
-0.173635
0.4657735
-2.232437
-0.120245
-0.1035765
0.9478755
3.479095
-0.308886
-1.15651
0.5471725
-1.479895
-0.4164645
0.7242925
2.4765
3.223215
0.503982
-4.607385
-0.638631
-0.545844
2.57887
0.8561253
-0.3519575
-1.2894275
-0.8869305
3.02798
-1.3600215
2.43687
-0.406383
-0.450532
0.27089
0.7588615
-0.472219
2.176725
2.33819
0.31579535
0.791771
-4.968905
-5.633695
1.98464
1.163422
1.31514
0.815645
0.461327
-1.20239
-1.91493
0.3230485
-1.1958195
0.8559285
3.722155
0.217027
-0.9804315
3.188625
-4.197285
-1.048702
-2.935145
5.742715
1.546315
0.0817315
0.5459885
0.501273
-0.736506
0.6174301
-1.9815935
-2.562805
2.40363
0.8246085
0.168365
-1.4351405
-0.5181065
0.084273
0.055009
2.274815
3.146835
2.733165
-3.553695
-4.46559
-0.76850495
-0.1135
3.730425
-5.8135
-0.3659525
4.28079
1.353995
0.396178
0.467124
0.390795
-1.2827995
2.39019
0.472941
-0.679555
-0.6051195
-0.405133
7.183545
1.3175025
-1.843515
1.63846
3.217935
-0.0810695
-0.1056195
-1.056333
-1.021829
0.0779735
1.09732
-3.826675
-1.80383
-4.21573
-3.35801
-4.19702
2.08383
1.860485
-3.268975
-3.2823
-2.843525
0.0280105
-0.3222385
-4.93265
-4.58879
-1.064519
-1.32702
1.289644
-0.5237175
-0.716022
-2.31059
-2.189465
-0.928083
1.467025
-0.703015
0.4021215
-0.190749
0.8866925
-1.5822035
-4.40539
-6.94307
-0.4119555
-1.001569
-0.700914
0.803911
-1.86517
1.071965
-0.70300135
-1.529266
-4.62059
9.21292
0.7079465
1.3532986
-1.7354115
4.8983
-2.25646
-1.983965
-3.71281
-0.0564765
1.3186125
-2.207005
0.101118
-0.719066
-1.828385
-0.186716765
-0.42527
-0.4571155
0.481691
-0.1527335
-2.549705
-0.4470639
0.5938315
0.397065
2.006545
0.377645
0.4569265
-2.53145
-2.001238
-0.07705
-2.193715
9.34211
1.07013
-2.395585
0.535337
-0.7895235
-2.012115
-0.6254015
-0.7316235
-2.200095
-0.6152875
-0.700856
0.3259055
-0.556838
0.1236395
-0.7813345
-0.4832539
-4.440875
-1.18493
-2.31836
0.033034
-1.708655
-2.79412
0.33101365
0.335322
1.143819
-0.1088705
-0.2401425
0.7946315
-0.18163065
-0.3838645
1.70858
-0.8117055
-2.583125
0.5369724
2.90344
2.293012
2.35889
-3.52871
1.910908
-0.227543
-0.7823405
-0.7861695
-0.1470635
-0.1602195
0.2800255
0.963444
-0.0921405
3.22194
-1.365499
1.432013
1.73431
-0.0385945
-0.4184062
2.821985
0.513764
-2.226125
1.83444
-1.952245
-7.01752
-1.71171
0.1448675
-4.62223
-0.0881485
0.07648925
2.9582
-0.4330075
0.47456915
1.753
-3.241545
-0.5301355
0.54061
-2.5253595
1.76687
-0.3904725
-0.8153875
4.56467
-2.561695
1.6739135
-3.5240555
-0.0612905
-1.096231
-0.020851
-0.9830555
-0.784846
-0.66783485
-0.7793155
0.0221399999999999
-2.75012
-0.5175625
-0.73346
-0.0241335
-1.196639
-2.42969
1.71397
2.28895
-1.2052855
0.18776675
-0.59257695
-0.599809
-0.98274
-0.041452
1.231787
0.432015
0.117535
1.92835
0.097533
-0.29137
-0.2242805
-0.5146845
-1.137921
3.059125
1.4577395
1.683838
1.1090885
-1.734387
-1.7886195
-1.0986215
0.1837735
-0.315142
-0.0616075
2.672745
-1.820495
2.307765
6.72083
2.47381
-0.314727
2.926485
1.207388
0.9391055
-0.170956
-0.637658
-0.401944
-0.5928768
1.094775
-1.4322105
-0.808602
0.616456
-0.2816253
0.684108
-0.929667
-0.606133
2.1909775
-3.9112
-0.607467
0.811123
-3.23005
-3.385735
2.23827
3.5700935
-0.7337305
-2.5756015
-2.291625
2.16877
4.90717
5.265825
3.14576
3.915195
5.036625
-2.06477
-2.514695
0.0593399999999999
-1.968279
-7.664025
-1.70911
-1.0755825
0.3366755
-0.2624085
-2.08001
5.26262
-0.216976
-1.351335
-0.962495
-1.2549
1.547325
-5.424485
-0.9571625
-3.093855
-3.21229
-1.4810115
-0.5481675
-2.28582
-1.1535665
-0.721506
0.076439
3.541295
1.1633284
0.518667
1.38427
-0.233273
-0.1084545
2.50528
5.173205
-0.1156855
6.9214
-1.239335
6.26132
-1.610285
-0.0349035
-0.4281729
-0.732891
-1.565255
-0.562935
-1.33875
-1.348342
-0.44129935
-0.9213165
-0.0559598
-3.075925
-0.8695383
-0.5340324
-1.0870035
1.3012315
0.8645525
1.328673
-2.982065
-1.3711365
-2.169765
-0.5711645
3.033765
3.09818
3.042215
-3.88403
-2.683595
-8.01056
0.243145
-0.231765
0.1123985
0.12094065
-0.380615
-0.9857225
-1.90823
-2.28826
-3.28034
-0.295095
0.44865205
-2.73828
-3.164045
1.0274405
2.51588
2.362395
1.250979
0.0010005
-1.616415
-1.538001
-1.533089
-2.397065
-3.118415
-2.04823
-1.66411
2.49104
3.20158
-1.03659
-0.67877
-4.785655
-0.882179
0.820597
-2.88563
0.2347155
-3.137355
-0.50909
-1.146311
-0.111918
0.2017625
-0.270436
-3.25543
-0.37867425
-1.5785005
-3.030825
4.31869
0.389318
-3.955085
0.93616
-2.651915
-0.3478445
0.9436535
-4.527975
-0.20527
0.6203094
0.340608
-1.8486245
-1.3973875
3.09414
0.2265205
0.4709287
-0.0848545
-0.2860575
0.982802
0.7780285
0.5850765
1.710895
-0.942034
-1.62322
1.92766
0.1981145
-4.61815
-3.939345
2.99893
-0.5031355
0.188881
-0.4223941
1.2971385
-0.61777855
-1.413117
-1.58009
-1.042799
1.91076
-0.226764
0.633745
1.0578362
1.5685
3.77265
-0.51893
-0.054411
-1.302135
-1.3333855
0.797114
-3.92102
1.636035
0.424825
0.5574365
9.90961
-3.077474
-3.00304
-0.1108785
0.76129715
3.471265
0.23416
-1.462932
-1.7303695
1.436507
0.21450805
0.356005
5.79018
1.242427
-0.0134635
0.55897085
0.5744495
1.0820555
-3.126635
-0.506397
1.2920245
0.512665
0.189755
-1.2289895
1.82957
-3.02086
-1.516735
-1.79009
-1.5407465
-0.3471175
-0.6303345
1.644355
2.081845
0.78156045
1.219238
-5.25139
0.3077785
-1.545845
-1.4078845
-1.619635
-0.455544
-0.1883385
-1.7062305
-0.35070585
-1.92568
0.76645
-0.00445999999999991
0.312066
-1.48699
-0.31558
0.1519795
-0.95038
-1.26429
0.849623
2.148082
-8.000675
4.595575
3.782455
-0.9355315
-1.3486395
-1.828645
-0.183865
2.41765
6.583985
3.784755
2.139545
-2.29073
-1.448845
0.945275
0.9341695
-0.308268
0.596099
1.61224
0.7099785
4.183825
0.928913
2.050895
4.79082
-4.51433
-0.164139
-0.1927992
-1.52575
0.3976755
-3.699645
-2.44885
-1.719695
-1.3338975
-0.5801155
-1.417249
-0.07352
1.94529
1.236339
1.276167
1.708715
2.39034
-0.29161
-1.4407465
-0.621825
-4.131355
1.23012
-0.6845075
0.332741
-2.473935
1.54831
-0.700402
-0.6890225
-0.6083555
-1.2117605
0.503511
0.5441195
-2.502125
-1.5770695
-0.051261
-2.120835
0.0991005
0.2083965
0.0943735
-2.408126
0.42614
-1.75848
-0.9214255
6.801625
3.15433
1.741695
1.639416
-0.0294315
1.284495
-1.058765
0.00815800000000003
3.168485
0.847879
-0.010725
0.68575825
-0.267185
1.798315
0.5632285
0.594603
-1.596665
-2.2236
-0.9220855
0.380863
0.3518715
-0.10973
0.4945855
0.534302965
-0.315312
-0.9808365
-1.1803255
-0.6185
-0.460175
-1.5021085
1.393
0.981709
0.8703235
-1.679025
0.730904
1.0791025
4.038965
-2.020915
0.10314
-0.1190665
2.081658
-3.257865
0.027345
-0.889919
1.640815
-0.754345
0.739947
0.582575
-1.61876
-1.4106315
3.052815
-1.3024485
-1.826775
-2.382075
-1.2282415
-1.119839
-1.590255
-0.71033998
1.2671645
-0.539378
1.891305
0.6502375
-1.009513
0.1215815
-0.00958049999999999
1.3950485
-1.16622
1.6935405
1.08736
0.402215
1.62242085
1.570372
1.529767
0.7271455
-0.9522925
0.840376
0.892558
-0.343419
1.2937655
2.871885
-2.60084
4.455045
5.81683
5.32493
0.247443
-3.32666
5.048175
-0.7115771
-3.206345
0.0311075
-0.778611
-0.938492
1.72308
-2.9942
-0.37693
-1.406466
-0.9758515
-3.748125
1.0968315
-1.2713995
1.33151
-5.439255
-3.800805
-0.6421498
-1.292975
-0.382295
-0.1881645
0.2797699
5.07258
-0.020631
0.0428305
-7.122575
0.191031
0.5615845
1.35435
-2.023345
-2.063445
-0.084035
-2.742685
-3.138055
1.0317535
-0.00844800000000001
3.865095
-1.7101045
-0.6555595
2.415965
3.40778
-0.8657275
-4.08356
-1.863459
0.147278
4.91484
-4.24046
-6.03098
-5.13019
-0.8399665
0.23705885
-0.665132
0.3732755
-0.439397
-1.4857835
-1.45557
0.20898
-0.2558045
-0.283751
-0.43963
0.63885
-2.63105
1.264169
0.296996
0.32737815
-1.44399
-0.63057
1.48831
-0.3200165
-0.8811615
-2.01085
-0.485558
1.19117425
-7.84665
-2.980815
-1.186755
0.601855
-0.1087625
2.258975
1.64941
-1.164299
-2.862945
0.616787
-0.8948185
0.857264
2.1302385
1.1437505
1.10951
-3.952775
1.50378
-1.380328
1.2394605
-1.6961125
-0.7767915
0.0737725
-0.204356
-1.11307
-4.2147
-1.3845615
4.76722
3.715485
-1.1150615
-3.863095
-0.5302935
0.374697
-1.493425
-1.186565
-1.41291
0.5418885
-2.33276
-1.249535
-3.55938
0.15661725
0.0141215
0.1547615
-0.56927
-0.368658
-0.4136415
0.9921305
1.6276865
-1.197792
-0.6814325
-0.537783
-3.091375
-1.651155
-2.3022365
-1.58885
0.944914
2.69131
-1.4408925
-0.02635
0.0052085
-1.209395
-0.717959
-0.360251
4.13484
4.4515
0.732202
-5.397425
-5.277425
-1.5919925
0.810588
-3.133715
-1.936216
-2.82329
-3.24731
-2.67591
-2.555275
-0.6997595
-1.54186
0.0954499999999999
0.4712849
0.417685
1.72135
-0.1625645
-4.818785
-1.9363
4.72632
0.54418
-0.5969226
-4.144205
-3.55646
-6.450185
2.00325
-5.201685
2.17896
-7.470925
0.3628941
2.584915
-0.1920425
-0.458608
2.21707
2.100285
0.2398125
0.407666
2.299545
-0.2307385
3.206815
-0.3267635
-2.688735
-1.204044
-1.247479
0.958612
-0.766612
-3.223475
4.423415
-1.623305
0.865385
1.99148
-0.18298555
1.972545
-4.62387
-4.872135
-4.598405
-0.8580755
-0.7977245
2.67166
1.202646
-3.6057
0.77107
-3.78883
1.526635
-1.30019578
-0.527278
-0.6172835
-1.32183
-0.494885
1.885829
-1.371787
-2.240905
1.843089
-0.0918355
2.21396
-2.615915
6.939155
-2.338965
0.11224
-0.8629785
-3.92036
2.52631
3.3343
3.126265
1.1610594
-2.638455
-3.68477
1.845405
0.1324005
-0.6983165
-0.369919
4.07945
0.8352845
-1.127424
0.87163025
2.752545
4.158045
-1.876702
-5.106445
1.05149
-5.203435
-1.4706895
-6.88469
-7.40631
0.102315
-3.20164
-2.07488
0.7858515
1.46376
-1.170755
-4.17571
-0.8819685
-1.749387
1.4900565
-1.0191315
-1.996255
-0.6893765
-1.0676625
-0.4827765
5.00069
-0.7839265
-1.75428
-1.184974
-1.0678805
-0.327332325
-1.625367
0.978772
1.0398695
4.217025
-0.0474735
-0.141921
1.5495195
0.221871
2.75173
0.466603
-0.2855205
-1.537415
1.873975
-4.022055
0.4848395
0.467565
-2.427465
2.128095
0.3527335
2.630355
0.77507
0.00471050000000001
3.392605
-1.2405025
-2.348735
-0.318835
-1.136125
1.0155995
-3.66732
-1.172505
11.5445
-0.1425135
-3.447975
2.51518
2.6543545
1.01902
-0.2902645
2.57974
4.014275
-0.8660625
-0.02428
-3.717625
1.63587
0.395929
0.7546835
0.6127925
-0.431289
2.327465
-1.2072505
-0.496536
0.401736
-0.4020414
0.1158205
0.3736205
0.612456
-0.144374
0.00789400000000001
-0.361085
-1.81231
-0.4673345
-0.200533
-0.46815265
-0.341096
0.25141645
2.529205
1.752175
0.9793755
-3.91323
-1.849453
-3.060935
-1.865875
-0.45124415
-2.0614
-0.6679305
0.7776875
-1.5724135
-1.810245
-0.6193795
-2.88178
-0.04692
-1.827665
1.15055
-0.391627
-0.953688
-0.123213
0.634738
-1.298374
2.723825
-0.438991
-0.3706545
0.497012
-1.359386
-4.784185
-2.48507
2.418725
2.912375
-4.73311
0.829272
3.127035
0.494813
0.6819515
-0.7196415
-0.30689445
1.35745
-4.09512
-2.660685
2.099615
1.0424945
-0.6739937
-0.2543655
0.802854
-1.072276
0.3744265
-0.3729405
-1.74091
0.20464
1.449236
-1.117563
-0.72361
1.706405
0.749954
-1.82
-0.6298265
1.16936
-0.6835715
-1.150679
-0.46464
0.0128057
-1.378831
-1.17519625
-1.633845
3.17039
-0.9783215
-0.789408
2.62683
-1.876515
-1.02
0.818511
-0.0941383
-0.822011
-2.493665
0.485502
-1.440288
0.483632
-0.2631529
0.3857205
-0.2902837
0.208234
-0.202069
1.503168
-1.89956
-1.2120655
-1.770127
-0.7056405
-4.00563
0.6369115
4.169945
4.06406
2.578395
2.131575
0.36726205
1.96797
-2.101145
-3.39461
3.55376
-2.889755
1.487825
-0.92028835
-0.983501
-3.311735
-2.46597
-2.776185
0.6489135
1.568679
1.1608785
5.77523
5.38716
3.84117
-0.559261
1.397475
-2.09823
1.3763425
1.4728375
-1.605908
0.35887135
-0.666941
-0.4348885
0.351145
1.922905
-2.754215
3.11475
-1.1965775
-1.027068
-1.2370353
1.0276595
-0.4604245
-2.200415
-0.227198
-2.17642
-1.086827
2.51749
2.67112
-3.523915
-2.52743
-3.052055
-0.839539
0.2169971
-1.439325
-0.352781
-2.614435
-3.09582
-0.737375
-0.2661345
-2.022071
0.42984815
0.9895715
-1.28222
1.295628
0.84595275
1.26479
0.1443325
0.776891
0.82114
-0.0241225
0.626021
2.520955
1.48526
-0.2329545
-2.957005
-2.86798
-0.992448
-2.27358
0.399162
-0.261438
-4.552095
-1.484155
1.7292845
1.3443043
0.632429
-0.424071
0.4468065
1.162225
2.80749
2.938875
0.7008345
-1.811125
-0.3078295
0.255893
2.38654
-0.54540895
2.05773
0.2359055
-1.758475
-0.569983
5.56538
2.18545
2.4832
-2.011285
2.753115
1.860815
2.6583
3.096955
-2.894535
0.856286
-0.30471945
1.057562
3.884535
-1.2021945
-1.3107755
-3.20422
-0.369552
0.5900045
1.10119
0.68676485
-4.330545
-0.624717
0.451319
0.2150425
-0.283616
-0.9107775
1.5029115
2.724985
3.838775
1.957285
-2.8175
-1.427092
3.18835
0.3432775
-1.18409
-1.488848
-4.97688
-0.8011595
-0.262595
-3.108095
-0.302295
-0.700604
-0.7840475
2.92116
-0.2533785
0.17222
2.43856
-2.285625
1.65678
-9.71555
-0.048941
-3.010895
-0.0436125
-0.711638
-5.696725
0.685027
1.9322
-0.225486565
-1.88357
-3.423305
4.61938
3.513015
0.434599
-0.055922
-2.147245
-4.414485
1.79162
-0.7162725
-1.2188315
0.59594
-6.193755
-0.51063
-0.421367
-3.17461
0.23893515
-0.621509
-0.9756635
-3.035585
-3.196335
1.3354885
-0.870704
0.999464
0.9600755
0.287262
0.152042
-0.4715245
-0.4547775
-0.0658442
-1.78884
-1.0561495
-2.069655
1.1976975
-2.229755
0.374148
-2.565105
0.178195
-4.46893
-0.05216383
-5.911565
-2.97589
-0.3207122
-0.06095
-1.895855
-2.92578
-0.5484685
-1.402465
-1.608235
-0.858367
0.199707
2.367015
-0.589667
-3.23614
-1.30962
-1.2568945
4.71715
1.273427
2.22567
1.29382
-0.451013
8.64078
-2.611545
3.53944
-1.2528345
1.4652825
-0.284861
-4.4759
-0.3608375
0.977291
0.8550475
-0.61257055
1.008831
-0.52250855
1.29048
1.63568
-2.877345
0.223895
-1.5605695
0.373489
-3.738045
0.6460883
-2.8123885
-0.621378
-0.7444485
1.3353465
1.139408
0.583733
-0.659694
0.0308055
0.09311
0.9023715
-3.79194
0.1975025
-1.128407
-1.931955
0.362883
1.158295
-0.780868
2.717685
3.239355
-0.26117
-1.2550155
-2.7525
0.00405425
-2.03861
5.10581
0.5591955
0.3836335
-1.90633
-0.8565645
-3.52192
1.676437
0.393383
-1.455845
2.23748
5.89108
-0.097207
1.300935
-0.9853375
-1.93024
0.00660756
-1.5683385
4.0493
-0.309258
0.3710935
0.83540695
-0.3169645
-1.65149
-1.8965
-0.837313
0.02804595
-0.8468145
-1.3750375
-1.0850545
1.54792
0.20743425
0.1828685
-1.339005
1.681822
-0.9774105
-0.7451695
-0.32838
0.5419225
1.6562764
-1.553055
4.17409
-5.446345
-4.11192
-1.43735
-0.7460245
-0.8627735
0.099606
0.2012455
-0.9518575
-0.4414665
1.979198
0.139656
-0.6000765
-1.63498
1.0204975
-0.147493
-1.3235855
-1.6217912
-1.7475905
0.2076315
0.6413125
-0.062272
-0.4266767
0.547309
-0.7414085
-1.786881
0.590171
1.0413025
-3.19619
-1.63943
-0.15909
-4.35932
0.292929
-0.141956
2.085155
0.73987778
0.0893200000000001
-4.55316
0.740165
-0.328033
-0.255402
-1.204551
-1.236589
-0.8388602
0.347235
0.215445
-3.305765
-3.808145
0.761432
-1.752272
-6.43936
0.994169
1.77238
3.898655
1.5067925
-2.08838
-0.9179735
-1.54894
0.5067385
-1.1046195
0.006795
-2.15182
-3.65323
-1.021287
-1.7524671
4.2022
0.121927
-0.848477
-3.171265
0.2405635
-1.3443875
-0.6941404
-2.862235
2.55386
-2.02238265
-3.019635
2.055255
-1.2458095
0.210944
-2.473875
-2.95521
4.74734
4.678825
3.945645
-0.609979
2.67411
5.6571
-1.3037685
-2.154285
-1.193845
-1.1816505
1.827725
8.344495
-1.543405
-1.597645
-0.7315806
0.674127
1.864085
0.5878865
0.460031
0.1374847
-2.026115
-3.539985
0.0639269
-0.8260055
-6.047705
-3.735755
-0.5375681
0.95553045
-1.620674
-2.93079
-2.460955
4.00523
-1.906965
-0.6467535
1.3050255
0.0960838
0.080143
-5.028645
-0.780473
-0.9494055
0.965385
-0.0825765
0.6727875
4.939725
0.4617654
0.7592815
-0.48951
-6.1179
0.646022
-0.4652425
2.58677
-1.328541
-1.797175
-1.46922
4.006395
3.04399
2.34623
1.316092
0.843083
1.640591
3.856985
5.02631
5.676525
4.76892
-0.4793455
-0.5972335
-2.53469
-3.80979
0.6920615
1.031446
1.2200135
-2.199535
0.509436
-1.98212
-1.94396
-1.466995
-4.481305
-2.695655
6.04044
5.983115
4.795165
2.375955
0.5070248
-1.074627
4.04901
0.3280345
6.335275
-0.3384205
-2.0111
3.24609
-0.76585205
1.202826
0.0453539999999999
5.15284
-0.0563875
-0.3328755
0.105954385
5.545915
0.439062
0.0693445
-0.4782165
0.646979
-0.936773
-0.1653421
1.0178375
0.3926875
-1.165364
0.8512975
1.138143
-3.068025
-0.63196595
0.892149
-0.244626
5.15583
-0.5304815
-0.2326875
-3.00478
-0.139863
-2.742485
0.2268065
9.12416
4.92468
-0.57950535
-1.262898
-0.4913135
0.482917
-0.9007875
-3.020445
-1.28284
-3.02655
-0.16147
-1.35896
3.514055
0.2187135
-1.920815
2.610505
3.048505
3.467195
1.1819605
2.560715
-0.90246915
0.561758
-0.637847
-0.431897
0.0552035
6.54747
-1.262249
-0.298415
1.1137265
-0.4458328
2.2061025
-0.2713995
0.3395535
1.0767235
0.344256
-0.2571056
-1.84317
0.9650565
-0.562053
-2.643365
0.370565
2.274255
0.80573395
-0.416103
0.321388
11.5112
-1.552428
0.4172965
-0.5295645
0.22784
-1.92869
-1.790554
0.6723455
0.387709
0.46162
7.92743
7.226225
6.801155
7.166265
-0.8960525
-0.3842265
-0.766147545
1.1686865
-3.320785
-1.961065
-0.7165885
0.255585
-2.455605
-2.549645
-1.286956
-3.57864
-2.359375
-2.99314
-1.9188065
-1.3531905
-4.26715
0.9045845
-1.0412385
-4.55322
0.0176755
1.6222985
-0.2290595
-1.8854555
-0.7498153
1.2757295
1.09299
0.3232035
1.342065
-0.451279
-3.16296
-0.5916535
0.218755
-3.32126
1.0352145
-0.8501515
0.73068
-0.3937375
0.0475565
0.9307975
-0.493078
1.9121665
-0.7915855
-0.055195
-3.967035
-4.372855
1.886495
-0.19415
2.57511
0.072925
-2.429575
1.8642815
2.41751
2.54049
-1.600115
-5.54611
-5.930515
-3.61572
0.673825
-5.837255
-2.354315
-0.1160825
-2.46421
2.290795
1.74373
-1.675144
-0.837033
-2.596365
6.99256
6.70158
-2.780615
-0.3961205
-0.589207
-1.915185
-2.0855505
-8.27771
-0.35444
0.5323825
1.22259
0.266755
0.316426
0.22908
0.3319475
-1.1563595
-5.156915
-3.52816
0.36223055
-0.4072355
-3.054475
-5.796775
0.1608335
-7.0369
-0.81253815
-0.31541095
-6.49515
3.43065
-5.130745
-1.695745
-1.2318505
-0.161894
-0.868996
1.214778
-0.715533
1.76153
0.31344397
0.509413
3.35948
-0.66367
1.356472
3.14933
-0.767067
-3.9319
1.377515
-7.839545
-2.543305
2.20933
0.5955045
-0.125492
0.80474365
0.07275
2.49881
-1.2022085
1.2692625
-4.036725
-2.280345
-3.2551
-9.812815
-3.08927
-0.873812
-4.5097
0.492553
-0.934604
1.124732
5.55617
2.79914
-1.239047
-4.55568
0.6802015
-0.628679
-0.7056306
-2.69469
-0.039755
-0.237117
-0.5356785
-0.9408276
0.61123
-3.01925
0.786532
-2.49752
-3.728185
1.9139
4.4991
5.156445
5.839025
4.694435
4.40291
-0.54849
3.2362
1.377684
0.63305645
-0.644907
-1.6451465
-0.958993
-0.709256
5.771115
-0.0556055
-0.2907385
-3.28606
-2.451965
1.10824
-1.4255285
-0.5675125
-0.276895
1.820925
1.979765
1.0969445
-2.994515
-2.77295
-0.2412085
-4.991335
0.030543
2.2156
-1.135542
0.40948095
-0.333335
-0.306357
0.1772525
-0.321629
0.2333815
-0.80234
-0.8426015
-1.29192
-0.207318
-5.295705
4.84727
4.17631
-2.34577
0.1545285
5.34623
-0.441978
0.682561
-0.3137505
5.87274
0.625237
-2.777265
0.385827
-0.32834
5.80308
-1.20342
-2.04912
-0.573366
-1.0684145
-1.0091245
2.29488
-0.341359
-0.73469
0.24471
2.696455
1.0367715
-3.73716
-0.4324445
-0.00366749999999999
1.24222
-2.08215
-2.773755
3.617615
-6.94002
1.640075
1.491277
-0.301021
-0.4602165
-0.6459445
-1.2325685
-0.9353645
3.795805
4.67695
-0.553312
3.7052
-1.725495
-1.440795
-0.2419605
-1.2082565
0.33067
-0.7492695
-1.170146
-0.66046
-2.615905
-0.6579435
3.76256
0.3259
0.63728435
-2.46274
-1.89823
0.5200565
-2.254425
-1.98981
0.03354915
2.34349
-2.256095
2.05713
0.95708835
-0.7767705
-1.0569845
-5.157075
-6.03406
-2.58198
3.991325
3.187755
3.762865
3.86012
4.221015
-0.9859415
-4.20673
-0.338437
6.56644
6.28469
2.960015
-1.528345
0.6304035
0.326472
-0.2857604
1.8350835
-1.020439
1.073212
-2.54583
-1.129589
-0.953395
-0.0763815
1.80061
1.0896675
0.1296825
0.8320155
-1.486998
-1.9956115
-0.152733
0.0592875
1.67618
0.3822285
-0.8695185
4.421645
1.917715
4.41292
0.0988975
-6.265405
-0.2357985
2.15485
0.5355
-0.302103
-0.134396
-1.9666175
1.3661525
-3.033175
-1.953685
-1.818523
-0.6723805
-0.0995450000000001
-0.868404
-1.738815
-1.602815
-0.829941
-7.72593
-1.20991
2.9166105
0.443359
1.3484935
-1.044285
-0.8001465
0.480233
-0.0753555
-0.0721725
0.8037575
3.525705
0.6376417
-2.051865
0.196752
-1.73049
1.981285
2.014015
3.448265
-0.1105712
0.3159
-0.3908375
1.326617
-0.9985585
0.606622
7.360805
1.6977681
1.775655
-1.3464135
0.830819
0.806538
-7.72311
1.420325
-2.622155
-1.6556685
1.443475
-2.14952
-0.243793
1.97397
1.2573935
3.49105
-3.606645
0.6607895
3.343155
0.5705225
-0.710978
0.1438425
0.73942225
-0.283542
-2.488985
-0.04289015
-3.849485
-0.6021715
-0.7366705
-2.2498
0.8148525
0.678873
-0.112848
5.52065
4.82305
5.504605
1.65498
1.826345
1.800995
-0.6610175
0.3067405
-3.06331
-1.8067
-1.4486665
2.27991
-1.86641
-1.061672
7.40434
-1.1238905
-0.2676535
0.269426
-1.273579
1.8024
-3.61358
-1.677471
-4.10123
3.08843
-0.2790445
-4.995965
-5.81009
-5.04459
0.615229
-0.08741
-4.478365
-2.19533
-0.251085
-0.0430665
-5.95606
2.23808
-3.06524
-1.077481
-7.850935
-3.484285
1.316851
-0.2573185
2.6175
-0.7448565
2.3886
-0.784296
-5.089255
-3.812365
-0.832715
0.9270035
0.3100595
-0.4225601
-0.184275
3.50608
3.39028
-3.05699
-1.122975
-3.18799
-4.037055
-5.39291
-0.860503
0.284993
0.900929
1.3452515
-2.662945
-1.922765
-0.013261
-0.470412
-1.80017
0.1808285
0.2647875
-0.4542175
1.4501605
1.033907
1.3628035
-2.080265
-3.604645
0.927751
0.829326
0.9347105
2.901465
-0.1119855
-4.60904
-4.16594
-4.76871
-0.8612632
-3.692705
1.1850035
0.62233305
-0.8798345
-2.74619
-0.3569692
-0.7821729
-1.85446
-2.046375
-1.59595
-0.3747445
2.47667
-0.3572585
-2.575765
3.29196
-2.35811
-1.1892315
-1.6502295
-2.378125
0.884163
-0.0544035
-6.4988
-0.306475
-3.881045
-1.9513
-0.1981625
-0.9764595
-0.6949675
2.020595
0.1473965
1.6345805
-0.2995815
-0.733958
0.17797
1.63237
-1.461878
-2.0640945
-7.49845
-3.55177
-0.00983450000000002
-5.31305
0.8820655
-2.316405
-0.06634
-4.193625
-3.049055
-0.6359
3.06037
-1.728665
2.867475
1.418611
-0.2464342
0.29542485
-2.880815
3.519755
-1.88329
-1.40578
1.140863
0.4788545
1.295164
3.33104
1.068473
0.991935
-5.261375
-0.99383835
-2.539495
-0.8570145
-4.26678
0.8597365
-0.3892625
1.0015118
-0.545443
-2.08473
2.520655
-2.110095
-1.216787
-0.8491095
-1.747465
2.84176
-3.568095
2.831785
-0.70672
-0.608255
0.4312285
0.4116415
-1.820435
-2.3146015
2.344
0.280825
0.021665
-3.03138
-2.674095
0.5833605
-1.20114
0.19293
4.12845
-0.350275
1.4439335
1.307884
-1.670315
-3.44632
-1.669355
0.84126725
0.3846855
0.715425
0.3042181
-1.88984
-3.19348
-2.24253
0.176704
0.878379
2.69666
-2.31375
-2.886565
0.04077
0.0185215
-1.886005
-4.02841
0.763559
2.11525
0.0924435
-2.698305
1.392841
-0.860954
0.7846465
-3.048595
-6.88854
-6.12708
-7.322185
-1.27272
-1.520285
-8.04741
-0.1800017
3.130475
-3.98302
-4.368525
3.561155
-5.94109
-2.09036
-1.80288
-1.942446
-4.135205
-2.706165
-4.107605
-0.319471
1.0411705
0.3109015
-0.75862
-1.729478
1.819909
-3.258515
-3.146735
-0.9811805
-1.059009
1.492508
-2.2549595
5.658095
0.3077765
-0.895597
0.47101
1.6522475
-0.1514915
-4.083905
1.570413
-0.8549645
-0.14513
-2.29663
0.397091
2.05531
-1.2765975
3.2755675
-0.019805
-5.418645
-5.289905
-4.99911
0.33891605
-1.740095
1.84082
0.234607
7.278845
1.813025
-5.37866
1.479305
0.544703
-0.787192
2.73534
0.11236705
-1.62906
-2.946795
-2.786885
-0.50373
1.78635
-0.7223065
0.4709175
-1.0689535
-2.43745
0.4306205
3.560525
-4.97372
0.97659
-0.831412
3.94451
-0.7816365
0.95537545
-3.774475
-3.909115
-0.831126
0.444437
-1.82504
-1.142965
-0.82741165
2.26116
3.716425
4.37939
1.18546
2.9888
-0.984668
-6.1786
-1.039998
-0.2351315
-0.2623
0.106567
-0.8209315
-0.3658515
1.5942345
0.00469305
-1.079794
-0.072086
0.17759985
0.48772945
-2.786545
-0.426192
-0.514154
0.6934705
-1.2662595
2.640695
-2.331065
1.5128915
-3.05126
-3.637895
-1.720364
0.336487
-1.81872
1.45000000000006e-05
-3.87508
-0.3356575
2.13263
-1.72028
1.1700315
-1.603425
-1.1295365
0.16821125
-3.123535
-2.7833
0.6885715
6.93693
0.1337945
0.9182985
-0.697367
-2.330365
-0.2350035
0.270648
0.5370205
-0.56911
-0.3357475
-0.5169048
0.3210275
-2.164656
-0.7044615
0.4795415
6.43907
-2.345425
-2.67098
0.73145
-1.2596575
-2.412095
3.005105
-1.379275
0.5704505
-0.501284145
-0.00285299999999999
-1.46959
0.3039935
-0.499154
0.5141095
-0.141614
-1.908955
-2.548945
5.199225
3.305485
0.5153325
3.496135
-1.269825
-0.5701655
-0.7095925
1.2221196
1.753598
0.031627
0.23783
0.3039885
-1.271409
1.645785
-0.290444
1.0187678
-2.537535
-0.4060135
-0.840067
-1.29707405
3.06343
-2.0072205
1.481465
-2.991475
-0.6371325
-1.326073
-0.42588555
1.284705
0.605971
0.656948
0.8144788
-1.1117265
-5.48467
5.493475
-1.555475
-0.803432
-3.749175
-2.75027
1.377455
-0.325757
0.10095835
-0.9225345
4.299365
0.4171716
0.301705
-0.766455
-3.074874
-0.2688686
-0.9742105
-0.83868275
-1.59532
-0.39241395
0.42680335
-1.23725255
0.0260135
-0.4396125
-0.063769
-0.698899
-2.76041
-3.083215
0.116345
0.18135825
-0.3493751
0.535835
1.54383
-1.128827
-2.37036
2.15259
-3.122735
0.020498
-0.1529203
-1.10371735
1.824719
1.561628
1.054626
1.051543
-0.40175
-2.979395
0.949303
-0.142001
2.922545
-0.440225
-4.269595
-0.1720765
0.06162133
-0.476507
0.190465
0.32205
0.271694
-2.14897
-0.6754095
5.407675
-1.7607565
-0.1683995
-1.72312
-0.7961935
0.5455715
-0.956913
2.710695
0.06146
-1.0907655
6.244635
-1.801622
5.162525
3.53835
-0.2393075
-1.23965
-1.37398393
-0.6974035
0.299919
-3.475495
-0.846994
-0.194346
1.88948
0.7467375
1.82281
0.6337305
-0.123483
1.638095
2.55261
-2.814475
-2.163785
0.64246715
-0.0283815
0.981555
-4.24519
-0.2097905
0.0753965
-0.986881
-4.294135
-1.2633515
-2.827244
-2.007647
-1.4364095
5.74245
1.55382685
1.47675
1.173185
-1.1080255
0.0219900000000001
-2.759635
-2.88981
-3.34033
-0.346276
0.392145
-1.1388555
-4.86407
-3.271415
-0.7908825
-0.5877245
-2.696885
-3.70854
3.1939
-0.6509845
-3.24696
4.346045
1.486267115
-0.10555185
0.6624265
-0.80603
6.393615
-2.214225
0.4184265
-0.5476555
-0.187227
-2.3336105
0.0344200000000001
1.242363
0.3318475
-0.64925445
-2.3176215
-1.14544655
-1.2290025
-0.537972
3.898045
4.75883
-0.9327315
-4.815895
0.02085325
-1.34068
0.934486
0.035028
0.0257725
-2.18815
-0.4540477
-0.166245
-2.7842775
2.81369
2.834555
-1.26131
2.715015
0.319332
-1.0911133
-4.786315
-1.0151145
5.715255
0.3281935
2.781265
1.5328155
0.680503
-2.704095
-1.168797
-1.0727245
-1.4932975
-2.334865
-0.091154
4.14952
-10.070485
0.16072405
-1.74737
0.9353135
1.5015765
0.07874415
-1.895805
-1.2693555
-3.736125
3.063235
-0.1369815
-2.1040275
4.90995
6.04013
-2.183495
-4.920305
-5.66822
-1.25828
0.758432
-3.466925
4.58176
-1.7619
5.560015
1.3221525
0.9717326
0.2519705
-0.159359
-1.148281
0.464155
-0.359574
-1.907215
0.10661335
0.0727015
1.7713485
-0.044355
0.8435605
1.9420745
2.03183
-2.12991
-2.759545
0.1621445
1.0076181
1.8739235
-1.5659735
-1.119241
0.7353705
-1.64126
-0.502148
-0.595912
-3.02267
-2.125135
-2.13828
-1.50165
2.919995
4.948815
-2.237245
0.1742547
0.07123385
-0.9123195
-0.6539645
-1.686694
4.567745
-4.33722
-2.497215
2.4863715
-0.9517185
-4.557545
-10.9812
-0.664221
0.3802515
-4.80826
0.827742
-2.19043
0.6446765
-2.48278
5.96091
0.4675805
1.3516945
-0.630315
3.620235
-2.446075
-0.08853635
-1.898906
0.197286
-2.37019
-2.18035
-4.32456
-4.26111
-4.79424
-1.3804815
-1.149589
0.3934605
-1.3606645
-0.8865255
0.27833
-5.267395
2.609025
-1.70168
-0.372005
-0.04576
0.8975355
5.83604
-1.603607
-0.1875715
7.503925
-7.48108
-7.75867
0.3013625
-5.392455
1.562858
-0.1361849
1.906165
-1.86061
-1.219536
-1.423945
1.0475915
-0.7220715
1.437926
-0.5674465
-1.3642
-0.5952505
-1.4365775
-1.0036465
3.36674
1.40802
-0.754672
-0.697532
-0.568161
-1.8471755
-0.301149
-2.05003
2.05189
-0.5629045
-0.863388
0.2202155
-3.087855
-0.6871195
-3.29758
-2.886215
1.006606
-2.37413
-2.818065
-2.299495
-1.738935
0.1236805
-0.929748
-2.034545
-0.111237
0.0278745
-0.332665
-0.30064245
-2.89807
1.276575
-2.108045
-0.265676
2.238605
-0.1130087
0.091987
-0.154745
-0.448626
1.6069485
0.840463
1.574488
1.7776715
-0.21019031
0.32248655
-3.89892
-3.501
-2.87779
-3.42308
-1.5749
-0.339864
2.028135
-1.2978485
-1.590855
-1.6827375
-1.781945
-1.363511
-1.1858895
-1.969854
-1.246202
4.23868
2.1224405
-0.9125255
0.9933835
0.6349905
0.9571297
1.1342
-1.466095
0.854479
0.097253
-1.793485
-3.23079
-2.5129
3.278225
-1.252454
0.625688
-1.2552865
0.8751115
0.359114
-2.810665
2.874975
2.26596
4.78473
-3.449155
-3.36506
3.27855
-0.268749
1.120992
-0.45017
1.3934485
-0.12074
-0.9792685
-2.86199
-0.2736995
-0.3426945
-1.511515
-0.430355
-1.578045
-0.3881105
-2.081885
-0.09840935
-0.423665
0.96949125
-0.79356055
-0.4964945
-1.1757005
-1.105044
-1.2123435
-2.66118
-1.86847
-1.62885
-0.900889
-0.2025225
-0.00889499999999999
0.296502
0.110166
-0.00961400000000001
-1.4422205
-2.37005
1.268545
1.004002
0.301139
1.65711
-1.0777345
-1.484865
-1.91789
0.41216215
2.66562
0.1663722
0.29606714
1.861605
-0.307015
-1.778445
-0.8930765
-0.600827
-3.154635
1.393565
-2.21246
1.232887
-1.55336
-0.1536415
-0.7271855
-0.00668999999999997
1.7914685
-0.7504575
0.572741
2.335335
0.0012925
-0.6279965
-1.953669
-2.513
-1.577141
-2.407975
0.0741475
3.734925
-0.98044
-1.3394475
-1.959985
0.236787
-0.23497695
-2.63789
-3.534485
0.00539000000000001
0.5917655
-1.489755
0.0919045
-1.26622
-1.0547765
-0.004242
0.5755485
3.54804
-1.2340415
1.244085
-0.4182415
3.233975
-0.8037705
2.492885
-0.2167045
-1.793935
-1.8587
-0.4237755
-1.864405
-4.43276
-0.0380335
-2.800125
-1.848125
1.0052675
1.6294675
1.479855
-3.32714
-2.45768
-0.5806864
0.379235
-2.91035
-2.167815
-1.9092
-3.806355
-0.0103485
-3.281945
-1.63642
-2.91283
-1.748145
-1.022576
-0.8521275
-0.887323
-0.1871075
-0.4446855
-0.2973555
0.3003715
0.0341065
-2.547525
0.913112
1.1370925
-4.043495
-1.82898
-1.61219
-0.906399
0.7008475
0.00160149999999998
0.13427
-0.835615
-0.377311
-0.000809999999999977
-2.90883
-2.346715
-2.49196
-0.659408
-0.745
1.85626
1.169634
0.2781035
1.0221415
1.1718255
-0.3595445
-3.078125
-1.388845
-1.279379
-2.990475
1.1148825
-2.6081
0.7754475
0.3131235
-0.14756385
1.345022
4.62659
-1.0221205
-2.30638
-0.925465
1.776723
-0.0075124
-0.929668
0.5036185
0.0528365
1.367369
1.4597545
-1.702405
-1.786583
2.2341
3.484035
2.45231
-0.354473
-4.087565
1.554355
-2.36012
-0.314361
-0.2869965
0.285391
-2.567015
-1.527525
-0.929769
-0.661595
0.243309
-3.31311
-0.0249975
-4.610515
-1.2040405
-1.184932
0.6909705
4.58962
2.24163
2.36013
-0.4133095
1.515565
-1.83473
-0.9551655
0.4166335
-0.678805
-1.042321
-3.37113
-2.90103
-3.88999
-2.53358
3.62787
-0.489581
-1.2382958
-0.2576805
-0.55116
1.22672
3.624655
2.884945
-0.8866015
-0.5088
2.105715
-0.670568
-1.92933
0.5262445
-0.9531
-1.2668325
-0.0884665
-0.5447005
-0.416342
2.612485
-0.120205
0.780468
-3.07494
0.418369
0.3786895
1.725355
-0.783428
-7.188735
-0.34542485
