RASTERVALU_z
3.43487496526279
7.90513731438309
8.20669350071275
5.26262314978519
4.08296767184952
2.53248863405792
3.31862913257417
1.97606420588948
2.30838763518329
3.88301633879065
5.33662047525733
2.39004034969691
5.28997815500077
5.52068381653427
4.25948076816303
1.50906384152988
3.51442037290409
4.19713389901881
2.36707448812418
2.48918797737306
3.99249501156897
3.53490890381793
6.43813891977901
4.347690964202
3.52966051515759
5.50957238553365
6.13190302993903
4.27496462615681
5.21142243098353
4.01991176514359
2.83487044230995
3.61679753238287
0.865835598732453
3.42418384454193
4.63777578611295
6.06744574824156
4.72676778144039
4.68462872038
4.13611820257814
3.35355073863592
4.59798793535638
2.75710619271615
6.18887759337753
4.95822063066072
1.79015524720103
5.02417674546766
5.49350403041497
5.37484758775898
5.75971054252566
3.68089929383422
5.84704582655456
2.6806910921923
4.16933344220962
2.98325757796443
3.04676040840066
1.15568611406851
4.24516610682503
3.3575457182135
7.16468803244895
2.66817112892576
5.41179056961742
1.60848870227024
2.11043843012658
6.04796583544529
5.37955910235305
3.72160669470635
2.90374817555369
4.56876138315507
3.37412281537441
2.07859494232359
9.43778389849536
5.14182805746379
2.12207812382948
5.04423990764578
2.21363223491534
5.84882054186707
5.89926027114156
4.44167047258772
4.55704615717355
2.65811710815013
4.41199391633286
2.11116119214521
2.68409318320255
2.58448356847789
2.61683231011198
3.0933526886344
2.67857932344712
5.66181862958702
5.79955948642796
4.69517468691039
2.33386603711746
5.2381527538156
2.74181172634799
3.21225009947132
5.38054516175801
5.28076254035365
2.91673373415219
3.54333170355245
3.51423344969308
3.5058214495136
5.02070339272604
2.65819111720151
2.75441545535714
5.91527061869707
1.1750634497833
6.17094334306505
3.09509491299227
5.74091324682194
1.5520492444904
3.42854935474175
3.84792727681349
3.25403242089309
6.38692512027387
2.20350428630812
1.67652400050484
4.45551799327706
2.71287401736443
2.56825735777872
4.05340397664359
4.97202497245832
5.73587394785914
3.92302936894363
3.13604906883036
2.27686786480954
2.04862332958496
1.30896966167837
1.84239667357003
3.9031604299853
2.3039423394841
4.62900639779365
3.26674493762472
1.64916730007121
5.30207344773227
2.96708497343107
6.5206944923753
3.87423454819628
2.40205443645348
5.36884747876175
4.13791911361521
4.34015939672332
4.73987553530447
2.56117194589268
2.52744317301959
2.16480346817388
6.302980318762
2.41383372931334
3.58681768720658
3.53922147260478
2.83993711623494
1.6361550058855
0.00316402987268325
4.39179675731149
1.67809924468055
4.13635982682169
3.9506410958397
2.01259872279349
7.61393568950745
6.41397106812378
5.96371347585147
6.9907009064361
3.06747872708656
8.51708161936124
2.86178101502919
4.57410257494084
3.66597749419128
6.27322898916938
2.26552310374609
4.74978514050955
3.92736365923699
1.8441911274841
5.75707632047992
4.45485243819784
2.44902889607826
1.6733326010061
3.12911661796337
2.3540848528676
3.75538022236917
2.28729658909053
1.97999043645747
4.41305131253468
3.42350584043565
7.70265617586203
5.09887917036492
3.60444428958486
2.11962289721966
1.69049608086395
3.59738204208527
3.63449892854607
3.68830727096979
2.53003841634944
3.52062973439865
3.88348506033037
5.81510608073234
8.46702424296321
3.07872525725517
2.27563978723313
4.80242757413559
5.5178684662312
3.43356540230128
3.54650246796605
3.80112074577396
4.45642729352593
6.42049468734587
5.06837588728919
2.52018014156738
4.26469192377822
6.41760403418948
1.55930201350075
4.40910205553613
5.30749961318332
5.38218007863318
1.81833261284094
2.15759570542779
4.37910469711941
3.06100353896873
4.52908134267518
2.28734902675635
3.05204633002844
2.68237916324127
2.88508884376986
3.43947690310659
3.58886894608026
5.02908452925808
9.0313626541336
5.81579200353803
3.70616754513587
1.87303046177674
2.12461992236716
1.72912266367244
2.96382809477902
3.27929207200756
6.03824957350631
5.1658890305354
3.31378484070345
4.68501842458217
4.75966856111942
4.75667736878472
5.50684139626382
2.03556739751342
2.25790348736116
4.23869086201928
4.14474681541207
4.27016226855508
3.13176219937608
5.90932139318761
4.64271931278154
6.20575379300902
1.62156098210613
4.5695320780012
3.33223627514411
5.20552173298783
6.81421539171672
2.25577640104726
3.63851840082602
3.37596250401907
2.54112800708038
5.93082764177832
2.40058404482855
6.36865795062199
8.03896191242084
2.81735846894996
3.07929437523577
5.56045531493858
4.02595923626314
3.55351880585251
3.45496614962935
5.39328432681466
2.36628785631763
2.06905467862398
5.64895700344696
3.0084763215368
1.84171499600144
6.5942778929089
3.90040471882729
2.44372894277174
4.3474487930477
4.76641557740073
1.90443822526951
5.36638617584178
2.76939973191673
2.64647442866665
6.44604569216782
7.81098586622795
3.82507566715627
3.99726036489399
3.8452228492179
4.4698104348498
4.76398832322395
8.74249980255202
5.62759544094051
4.88428082040247
2.09935520966183
2.31675979164188
3.37747656792776
4.16608323023166
4.44898646856728
3.63606948043734
2.29977817234984
5.68776273930526
6.20073317868435
3.72227251955668
2.43561236251132
1.74971260164175
7.68746049667626
2.71348459335169
4.85361667469453
3.21159911492211
3.42016148398055
1.27466873456225
2.61002221472304
2.86791520883286
4.66000697193998
1.09932114683178
4.02802192958069
4.66784032269566
3.03802485090908
3.15915759457318
2.25582994238498
5.20030035169139
3.63599363393937
3.38260597022671
2.05683365609303
4.3740394026963
1.56174258359435
3.11728331972643
3.35181490869905
3.36191963781062
7.27046325204988
3.25197480142971
2.10133882831826
3.82465988860009
5.06165878226762
3.46659976200571
2.73357184308335
1.46281019894151
5.71240604234612
4.23732492540281
1.87989187755889
1.49179452614785
5.08422330963692
1.41799331127507
1.72011841150526
3.82565491974198
5.28175933521397
2.49678408516642
4.09551036029627
2.82496049506281
5.25022755173869
3.60489768265347
1.15085800702558
3.9807217686807
3.53834817431482
3.67283899979696
4.28496652952056
6.57635699562687
3.70275339916084
3.05027203406612
2.11523889717972
3.18790625288215
1.67629188094559
2.96957875475213
3.99326470957752
6.88457890247729
4.83300656022559
5.82070299560573
10.9994127736552
4.29689114649703
4.15139136178227
3.94777357017574
1.54364738612825
5.41071012332689
3.66355144575829
2.46523867741097
1.61333200507107
5.43621645343054
1.88802899456911
3.01701892712058
4.78410276825349
2.78953843160386
4.36446978899652
1.03274117073974
0.493791341947467
1.33446138773852
0.569334195719697
0.540953699238538
0.904491336878704
4.68643594525529
4.15486159610393
2.5476650155782
7.02707920063792
3.34868301393031
1.55986421937138
2.8932050440014
6.92161888089565
1.45228194100122
3.71613350850911
5.14750984766015
1.20031739723408
3.01476454529645
2.35759559091566
6.44201477581145
9.330662224832
5.37870641279096
3.85911368332732
4.86172756990888
4.0882315587649
3.341917544291
1.51236520392522
4.29585737986185
4.80198771147961
4.83641186924903
5.75541489669749
2.76137696881226
6.56264399831899
3.81306732922427
4.23056723944044
3.09828558143307
5.76877598211021
2.20761314041808
5.6263342440932
4.23762516489287
1.0137988544933
2.3649696328355
8.14228819445875
3.60014458510148
4.40854974008329
2.3685137750157
4.43709194710008
1.05450138590304
4.33951911063833
6.92648296079501
4.73213140826355
3.22683150537985
4.72054860767353
3.38445329474501
3.74936972677973
7.23954353070779
3.540164691958
4.40014615425737
2.89852898104963
1.69590247075468
2.39654827182243
3.23646773719698
2.66621502045568
4.03941642197697
3.82153091548035
4.00633197226433
4.26314138172272
3.62891512606688
5.39644602963639
4.47918522031991
6.79540551202578
5.83020832834036
3.11324659109425
4.24116973060899
3.92757572725461
3.00500765318277
4.47779157956799
5.14700259728448
5.99976909926937
7.28462576912677
8.3566806745297
4.20292857581923
8.62073016805506
3.37539795545582
6.22556233059656
4.04768718907163
4.4342072409362
0.521210807172035
0.382931369950958
4.04908916588169
5.22506853380522
0.888856383254176
0.695358457786782
2.55806460493158
0.367263732466574
3.51223484974236
7.53148426041527
2.1557148716866
11.3095394430756
5.17730073384555
3.40594742517031
4.06935512572735
4.72673959472101
1.26827878818251
1.62675277292765
8.93841503343561
3.7999601727053
0.00316402987268325
0.485910474183636
0.209611396137174
0.00316402987268325
0.231956133452497
3.93091915928364
4.11192703708661
2.58862191525681
7.33117005855616
5.48004265087506
1.82472934605674
3.54830655374208
3.07699603901717
2.33330361344627
11.2321198704921
5.44352828402738
2.63959828401841
6.21371424985527
4.06834498786999
4.24660462258928
1.69311649932638
4.39286061897845
7.21813554170243
3.02203269033078
1.19791544159668
2.02020563157213
3.19742698413776
2.89231972317007
5.2447020544425
2.44450388645436
7.22125524950747
4.68480497632045
5.63022214309161
3.91618718140588
1.91396023832689
2.17722428105679
4.72378608338596
3.58322435156651
5.87331946490459
3.25804730291234
2.97631981459349
3.39250663477897
2.0329725140465
1.12235535664664
5.54482336027787
4.37993958599122
3.03421939841657
5.8815908162814
3.70707257071107
4.48215306576211
4.621831470973
1.65944554365991
0.793760591390552
3.33324676651026
7.87587791600036
5.20120548610789
6.11295464738729
6.31675098356464
6.88790198005312
2.84253883838156
4.87980668682578
5.4773219351694
3.34650732268127
3.68060631596572
5.21455977953458
5.9296227461711
3.82130308046556
8.77923479461056
8.81926735952947
5.4334272598832
6.21732418506126
9.75396188507041
3.90710000672669
6.00414672933002
3.8002532400408
5.3664653499555
3.23077335249311
2.13250484201319
6.05684259883888
5.07258593544827
5.21401919764409
4.80781843685252
2.65787052225599
3.72929332096233
4.19333941177102
3.00263437585661
4.84246480933285
3.08331999783833
3.92289618738421
3.31097316644173
4.44729633796196
4.2832207638903
6.16060195969083
2.83253283580542
2.29077967836554
6.18092000859428
3.41631464820224
7.34310790253586
6.39643406204101
3.74332999380759
3.39347144370846
3.20701529876932
4.31926689620553
2.12117809031386
5.904377840572
3.43650059326095
1.91395189632414
4.39154311305463
3.22661692178991
4.35715962832229
5.32408180511809
3.76456042844983
4.04648848783718
5.06108527696535
4.03196405427747
2.02408344274043
4.64659836498164
4.68467001127853
7.99775562408565
3.38596507458031
7.8736685231859
4.83037805438043
2.4239687719979
2.69230750998276
7.45194121830222
5.32196003070055
0.921297858509064
5.27617174896561
4.29788556471614
4.08387137291992
2.95185574430047
3.57192169507136
2.98120802328446
3.16665361348653
4.15624896391046
3.04070921635456
3.6695206559931
0.447405465405969
2.16338246203556
3.36975558883274
3.52375464586505
2.51784760987824
3.13107214630848
1.52052752575659
2.89332330187985
7.40964157555631
5.16783690902388
3.08975782086662
2.13235777464002
5.2420787927595
2.25388981543244
4.76937279124456
5.84060436046222
4.15430604596966
3.20067691942236
3.2874946561572
7.5581587457621
3.07307229459158
3.79528983286694
3.15327301827132
3.88499734379905
3.97827755357642
6.64310177186108
3.76276210740802
3.86411296417805
6.59481964332327
6.41078500857532
4.99704384400633
2.34091771316808
4.05217470917983
4.19472701821898
4.0592699545698
2.94162241497762
4.67889577242467
7.00100247315276
4.18340109127339
4.2292799834573
6.43521001123721
6.08325112300248
3.25984635767887
5.68414802862827
3.51960013376461
3.38693259884949
3.40766754681748
3.31489080981353
3.20207857546113
2.02316939119052
6.22447835025669
4.4952963956668
2.70765679673202
2.29075843806047
6.22279765403859
3.04240341752734
5.67133941624645
3.89725792446138
9.1149311550578
5.25222723898018
3.27218930991085
3.99594437108931
5.29654973489929
6.59261468345996
3.26836251966442
4.05829178941625
7.13986612112818
1.14426095895194
3.38639647220786
5.70241338742359
3.69421829877383
2.15550365509624
5.17448106287815
4.63457994258591
2.30328719500342
2.15481218071162
5.65572712926943
4.71542430489026
2.64355559865281
2.23503245335415
3.5222620938607
5.37187902563953
3.21379701354001
3.39181029316489
3.56906629004028
3.37546665221929
1.80001989288202
3.08925937701102
7.79828642099978
7.96604770856
2.67584532702201
3.20894266487251
3.97671701079382
3.00911848445743
6.07477732011377
4.10922873984936
2.60358252185953
3.55964290841136
3.28943123886536
4.4891155353168
7.26585733749821
5.95052249455304
4.90891695364552
5.23731251604663
2.2166179917441
3.06738726881609
5.16940738038031
3.97548601921373
3.17682509614297
6.42464156141883
6.60915297758308
7.39667224123574
4.39876880706316
2.96589541655724
5.07640334832314
4.51074753612282
2.09889395909202
4.64898024267387
3.33214342041077
7.00592286730191
3.03861600991641
1.59237078939048
3.54890709485376
7.00801576566777
6.40182251154386
1.11281366344335
2.61986214617918
2.61953434422048
3.90498449805183
5.16403210203906
3.25220867597174
6.56974085778384
7.73453771252953
6.70013298983865
4.04034477324503
3.52222446383084
2.79239835297168
2.95479954842304
4.93572805144579
5.43892160812953
6.6818309419565
5.3242046271307
2.85555119465196
4.1141229991134
3.90391600090189
5.72170090716393
2.63150326061047
4.96151235678101
3.71955355068154
3.51694034586074
3.91135097300948
4.16371928338687
1.48011220339172
4.69589476601982
2.41411062432206
3.40867686137246
5.32411294935653
1.78053283962227
4.97309322821299
6.54760274673345
7.73182223352165
9.65291843865873
1.11129874333646
1.93247660641885
0.959801253815108
1.25902017756191
2.61823082083898
4.77174311472165
5.03443333489298
1.05227498038813
5.19949021270021
5.97402665803037
2.05562342223293
5.60303652318675
4.90390192559273
5.38280161243068
2.08542362972141
3.2511066429725
3.007123285499
2.44084052341826
1.7790533368873
2.63072466724911
8.9939416536049
9.27397152221492
7.87589781812296
2.06725130881279
7.13580431836123
3.11728980414371
2.97434325894223
4.24252601724306
1.93575439358854
2.882132296468
4.09111821518389
1.57981707071824
2.50677304921439
1.36708597709349
5.42164927331289
3.11773025379587
2.60433412568577
5.93548998347387
7.13041945550184
0.447405465405969
4.90195742482582
3.28443728251513
8.5345212692385
2.39777189275127
4.67330682857183
1.53105915593001
5.66862277462025
1.98923485514876
2.64390107424927
6.3555997162492
1.46736224130301
4.30712891562466
6.77006459290144
4.95370673078307
7.56916240073978
6.63734433961857
3.25107412080459
6.83608939639406
5.93852939242478
4.44678241616603
2.28782167746652
2.8739540084507
1.90390566851768
2.21494830920141
2.06805459086999
2.32623828574238
5.98501362903194
2.98703219130778
4.51526180040979
3.85324471619384
4.20017580873794
4.04537215629314
3.35719506566616
2.29523318817123
5.08000537471112
3.20506522048818
3.40031031808032
4.69130880473711
2.29908472455952
5.14700664599899
2.13769239146546
4.43541124752977
3.98624196049165
2.68638753444684
3.78993142890941
3.1705782543296
1.61326112925458
4.30558471030791
2.21306111822518
1.41953621074771
9.44216849021907
4.70092905433455
5.3009765926323
4.63177633853993
2.57796319576006
3.14492800895927
9.38526563289545
3.5395281086831
4.58056223389057
4.55881304784074
3.0340377654365
4.02715509602837
4.99652538180121
0.763664310447231
3.7714086962374
3.5168102260596
4.51653015783711
4.07544564910723
7.09251486429276
5.73864276079806
0.466284110590014
3.94313896974903
5.70095833376989
4.55697658818481
6.43076877819873
1.84658398403374
5.57535831206536
3.27597123696226
3.28132534221945
5.83959335012072
3.52739903695447
1.73847130327827
3.50698799296321
3.09757647232211
1.52007035287326
4.09689548465675
1.83611991387988
4.71417506576991
4.44787994422436
0.447405465405969
2.95646534093329
3.02392859323323
5.98090346541531
3.30304178383791
4.20075861837168
2.9640935527508
7.89596739575722
2.08043526280411
6.91922872955811
1.63341806924722
4.70164260877886
5.61477626444853
3.39039281550813
5.89283636431131
4.12583918647579
5.58806748997332
10.0512322667421
5.5477892894185
6.34038102292598
4.63688929927708
2.98563151897766
6.10884604963554
2.70989719161437
5.86853145841905
3.56654536243052
0.962754243886001
2.6745110813969
4.17527275382964
3.10577847458756
2.03718006476873
3.34288097088699
5.19553685575697
2.38415458401719
3.14405169268617
4.55312279339
1.38582710737207
4.10346131177721
4.2381044435183
1.63604366189486
4.18618149867342
2.59532642422003
1.88326265162991
6.2608431663901
1.98266947253068
3.40237557041047
2.73015631381425
3.99061337484558
4.17376880658064
5.32374556325879
1.94506671965356
7.23589934953604
3.44528163236269
3.27936533228677
4.23034303130442
6.15431110860297
7.00959071085849
4.31761477177005
3.43269385521374
2.58777832707177
2.05562647341678
3.95100886883128
6.07308387134775
4.81218019119497
2.59437121996815
2.26743743821463
3.08515690304607
4.91539608407956
1.7784649322317
3.35077328453147
4.99362989718868
1.82170708937434
2.10772244210004
2.99376558096982
4.84657174305075
4.40632047362198
6.18806926079518
2.65032908540981
4.12607118921606
4.72246698238219
5.21950385330259
2.12344460084431
3.43352740781271
2.97094109401338
5.8051563097292
6.42306380900734
3.99361492918625
3.99594931809693
4.22869925239016
1.51205948471603
2.5070646326588
6.12512972898256
7.71536211985047
6.13295896547075
7.59792513976208
2.98123112733784
2.72975027242711
2.1896086234053
4.11782797802575
6.33978979396118
3.13076969251183
2.919841659742
3.84955927603515
3.86966398476017
2.84788001059359
4.42901099973685
5.94084552894231
7.47750735111977
3.23764070784266
3.42736247614772
5.26858403474895
2.91193064190953
1.90291748072748
2.76690990806545
2.46763608456926
4.89491461618555
5.26251959543445
2.76003709104941
2.82129948161435
2.86397909427142
2.01488065089851
6.07465085402725
2.66294674156847
6.1199227789033
3.42251596472552
4.23061512897169
2.5083462377123
3.80033361045655
2.69768892434006
3.84527205470357
4.44377533772144
1.2670028133504
4.02875091282269
2.87016069273221
5.91416122257309
4.18141086811537
5.18840035480951
5.50600662211947
3.95940784989089
6.62947660137207
4.25855583802835
3.1037036322858
9.39939103669051
3.54634412027666
6.2230747796748
3.30723157534673
4.78783991639358
2.66075054533251
3.50038131283551
3.64925332895394
4.99637423059195
3.4558396321304
2.89092581229327
4.47029823974282
4.98913087194507
2.08939097815669
3.31501473622871
2.51797793223499
2.57769140360313
7.03650899276855
5.03739947378956
2.16512943210119
4.49216801006655
5.06020945779695
4.39661941919661
5.61680058866115
5.01496538691712
5.11710014324162
2.67091088921764
0.989477230799108
7.25216642185588
3.81522024330498
5.53631970581127
1.69801879408802
11.037220989866
2.42000285860261
2.88797278334229
2.96502368256727
7.46907556361065
8.2444621947726
1.90458382112818
6.44693728907867
1.52309742065536
2.94077394474472
3.04128283039867
6.99405824143713
5.71994302529647
3.57550727762828
1.63837129985976
1.73085287602815
6.47726784842488
3.58987489383994
3.30393147406038
5.25592950620879
4.73670986806898
3.82970646320677
4.54366818025234
6.2263169728808
3.90560860721893
3.57333665590919
2.69454792986354
4.75240420843025
2.31756465158608
3.38355449096169
4.86766916234486
4.71903294766604
3.13717812560259
4.50866811041098
4.07532419744103
4.57293275386162
3.12599370538301
6.34689081632429
2.87065075076519
2.50782505696336
4.14678529552202
3.02099619080019
3.86636204417026
4.86748944543875
3.44849730059626
3.08350667613153
7.65199496759756
3.51849734505508
4.01646449868447
2.88203702757453
3.94071600015905
5.01821189023425
4.22484010698659
4.12904369506364
5.04598457214521
4.20616726567247
3.89121207252685
4.705588308505
3.09471671710971
5.07068631644764
6.41581753870302
6.11842875264294
4.37594468553499
5.44828839683017
3.90933270292049
2.58631328674241
3.29198582133852
3.60336896528301
5.0049318940978
0.739777581411114
3.20256257428855
3.21061254632698
4.70767637490734
0.447405465405969
5.48667170890566
2.82608401048218
4.0306592143823
2.79843281729115
3.60603900932088
6.87685715884957
5.79387725874248
6.00500188441701
3.47585060597149
5.62534182797195
4.60859311192586
7.69174787843699
4.32639771127427
5.43361656534174
3.20041355893643
3.77338568477137
2.75274091884889
2.94860172149062
3.9673305418842
3.82960794398198
3.3014066290802
3.15413110149535
2.22090138706543
3.27394914366452
4.98840459241528
3.21161603892977
2.65699125091717
3.47237355542595
4.28534034043462
3.30036741887017
4.98551709413301
1.75038886040339
6.66212810305113
5.10537492801125
3.83423401519728
6.0777173645603
3.84203427676509
3.448581067353
4.01787239428081
2.25710395941715
3.28350609911814
5.23174833746046
1.90975706675974
2.68821091923042
1.39077975096886
2.45965815467271
7.01139071208267
2.44495488313934
3.13911124243655
3.04570023810289
1.48450371268081
4.36713144937718
4.80662912767579
6.62460618340618
5.99610833565607
5.42131748963587
2.62648149437658
4.55401772595418
2.689737693456
4.58236346364974
4.204415326559
4.93042925752614
4.67460814985845
6.64104814177171
3.04135300200881
7.4156033577195
2.79584118359397
4.98909188031303
3.68006028356222
5.19207780502854
3.10673326043066
3.66797934555765
4.63398427714612
3.10698313829137
4.27903540397071
3.53335888220597
5.91533952015103
4.21074153604457
2.65645774102369
3.08018866043943
2.16998990811418
8.15419608823217
3.89695591442804
4.41439363981669
5.4493348180388
3.49683208802221
2.70027944306116
3.02107597963751
6.22577078639424
2.17904262207625
5.56471993485163
2.17262872695638
8.11171596262051
3.28062513087416
6.08384703606507
2.78599353933948
3.65253147379261
3.55190936235374
3.64784122984719
5.84686426790317
6.51601515930848
5.8638231374212
4.89131043506566
6.60068714179689
5.44745232196523
3.4965384997341
3.8622640316418
5.91755549458195
5.35044730848307
4.5790943756401
1.93647418350802
7.22727018184662
7.61519955898587
6.04786184721971
0.656291797091337
1.12817937280682
3.92779966686269
6.20115387023016
2.39466668649179
6.40244358049351
5.36816649366808
11.3703447542313
5.43474812432656
6.59224518211022
2.02955111266536
2.53445916660467
6.10303272181259
4.2758255378343
1.99214320575741
3.85632131785071
1.52067676980752
6.94872909216161
4.56234569996279
0.447405465405969
8.18417765239441
2.79777913756605
4.62490964068136
1.51071204355659
3.20985134581921
4.70355442694843
3.83858593210475
2.93013165003096
0.447405465405969
2.74261126213618
2.06862349130544
2.18528434910403
6.5405442200177
4.28350527375158
2.05129220421084
3.431161493755
2.02501610653935
2.26768543509159
3.16305216852055
3.03110733397753
3.11858528999001
4.08097803884232
6.77776040029755
3.96351460970227
5.59396963028891
7.80912553614076
3.8680205647737
4.61748702022759
1.51409588621882
3.10739579758419
3.85580471303736
2.24864865393391
4.95570518599953
3.63025792550104
3.58244461688458
4.02016936323756
3.70649132076354
5.57703293499902
8.1198512909836
2.87810000760934
6.17313506118159
6.84806241311056
6.69543892057111
11.1337877459231
6.25554042122675
4.17242972710597
2.87380115613173
3.23769488156657
5.76534069309497
2.12240271790051
2.15294622882815
6.61880336065748
1.75348825974501
3.49229567330106
4.39627798500974
5.4617918369974
5.53349544084697
6.40687296119591
2.66033681748487
2.32859634077671
2.66981628737862
5.57947814472165
2.49801946534803
4.55178673739321
3.00588840040656
4.33756137041808
4.34001616898709
5.67228719676241
3.74375070112432
6.06134259514612
5.40528024994473
2.91183132969717
2.86526785198176
1.44317188699694
3.06104181831872
6.17768360885618
2.7745520211223
4.81063791935888
3.68166342479747
6.28604919938356
6.0565294954582
4.97022684996463
5.13470835396888
6.6295765539365
2.84649735591682
5.42038299081148
2.3485682471399
3.25797625786856
5.52012167143857
5.07342875391136
2.93461783377734
2.76508562217509
2.16616494726279
5.64416523116557
3.62993243729189
5.9114819652566
3.99496547661789
3.20182570528597
10.4473448133004
4.351016495334
4.89866560178736
6.05173088064056
6.61327011063574
3.96275485069736
3.63142837699502
2.08396899113749
2.4484131475157
2.85558257781908
6.85581578361779
5.84500888988719
6.79980248884102
4.05989149220963
4.2949885963277
3.69858189959626
2.69360609740841
3.1806843097111
3.11012183439766
3.16261311152195
4.75139305876985
1.80607696345031
6.58271777988224
2.14611303362361
2.39676572508899
1.90349791965409
3.60638252174593
5.15260775291144
4.83312909734914
7.83700508579486
4.31283618775623
7.52729129588759
8.00809022001014
4.1239944260638
4.56452091928548
5.75351263994871
3.15059494681104
2.52275397864743
2.82963444355384
10.4816613230428
3.74167257221634
5.30613085036442
3.53726841926963
5.50829219424943
5.97341609215991
4.34940665651768
2.06636363023164
3.05144046764643
2.22970725440088
1.952117846466
3.88231247401155
4.15589161860212
6.62174306865818
4.65198670048006
6.2946976690882
5.8099905841067
3.66005469632538
2.96678234704267
3.69015333961123
2.5008656645162
6.12621117818092
6.28351625545694
2.09367212606089
3.27300609215843
6.84125567731272
1.96770140088012
3.91243843063427
2.93444138427429
2.57938789352161
1.80142655416345
5.24379811737506
5.8991638268132
1.78428979450295
3.88309381809341
3.43744832131785
3.26755090123545
2.11158580055769
7.50829556391471
4.03819882240333
4.46732010903363
5.66511740507219
3.92561322536475
3.69879293487236
4.38169688568268
8.60294473737516
3.56986466133389
2.46878025764924
3.79692155257258
3.12904020018749
3.02207818915162
2.96275533994283
6.48188229043428
3.58732921987192
5.48043812459275
7.46609138242629
2.30146274350341
3.66597758860976
3.50984578043794
2.97309868908981
1.31378494128306
2.26887545834478
2.32096720798302
4.31114644001428
7.82949838595207
7.28811695775455
3.93831254104581
4.54807245066279
2.93125826072683
2.56950218369499
6.18510347708122
3.76422047964702
5.51840714048972
1.95682376893045
4.22086400621917
2.21781352223461
6.01325399298745
3.82720222578566
11.2766873780073
4.07459170792614
4.17152367835462
3.15658868224666
3.39551198648115
2.26045329943676
3.76997664878422
3.76922960911352
3.19681132448657
3.85821556714249
4.36406813360816
8.07691320597882
2.28218096819987
4.62416523094593
3.42606456506398
3.5876166010122
4.39714808308264
7.30807666247185
2.5248862285527
3.31044556075894
3.95319906849646
4.21169004105672
5.81590352374597
4.6699745715825
1.01508024227451
2.57376329472971
3.73981362725847
3.45198097305394
5.01318592603557
5.03422069946425
2.78046983876692
4.67569710091866
4.13628055468563
3.57747951321841
3.20974991406047
5.60120652040302
3.35792044617379
6.5138063584891
5.19908555530681
4.63603912977884
3.31215839047397
3.84242701274085
5.14363823107682
6.89312640187005
2.9590949473202
2.24528088197198
1.83190708486509
2.15598172900196
3.29764433920293
5.75597371221832
3.09765566645793
3.35859989088035
1.11475410519796
2.94365952774075
2.86207217934689
3.67495849435672
3.58361868686258
3.49653327264692
4.52016625018638
1.60795625606633
5.1043760000451
4.15981541413941
2.31823709018022
7.63883310169923
6.28450726800776
3.16336429769159
2.8023334429071
5.07341331553483
7.04956042053184
7.98200407919445
5.53062841011486
6.19724017976577
8.01042812931749
6.21525897534201
3.14871920964732
2.65891780838466
5.25015105687012
4.22446090335401
4.33856126281915
4.78932169353106
1.1370314104701
5.95082909097587
8.54908024812355
2.62970224963651
4.51262347846008
5.64292580647625
6.3867947302691
5.92511465773715
5.36650044662957
3.55777946173822
7.47075913000232
3.91112732844916
2.58636565114395
5.60716158835963
1.32679926276241
2.46511381530195
3.47346094581967
5.33362030867324
5.15654061598218
4.62899646415199
2.64832127742864
6.78515110160116
3.74383673275953
5.84982769926631
3.7513150955721
4.95126351728394
6.45020817988717
3.1509409019693
5.92896871422844
2.38991816517767
4.53568139559456
6.22795634269579
2.65182126187752
3.24143496811493
4.55344279441093
2.90497311201407
5.34327459735429
4.01480809160697
1.94883258167042
2.38603756205984
3.50371447469784
5.90199722330937
2.27993881796185
2.3517319463731
4.81371625830944
5.91285021040825
2.50986512527265
1.83993034445829
3.3637510304418
3.78830632585311
3.10821479989392
3.39976456780566
7.22021664116773
5.7226182776409
3.84294235465051
6.19351934265548
4.90129903441483
3.81083941860482
2.27934741418876
4.63135325259918
2.30098251970251
1.14618165294481
3.24139754757266
9.54327946863488
3.00645267743408
2.93807331328617
4.88970069524759
3.74869756923599
2.68027811376246
7.21311110502866
2.25127009113018
6.33127871887988
5.4166943058795
2.57936127942717
7.08490530039815
5.44340970178247
7.47604516569059
8.36225538722172
2.92350425095187
4.79662926937178
5.48690813711607
5.67339368845691
6.80104499835232
4.84732394220253
6.21713636410818
5.60431867900846
5.13414556831674
3.80909232541008
4.72984997358603
3.59581697967144
3.45342981535284
3.84133288743651
5.14004692409369
7.27895674711335
2.49758519848023
3.72203853978401
5.38291090497892
5.69476108882465
1.77826359167454
3.10608294067583
3.31642413996547
3.52733328274407
3.0151838361565
5.26219417659789
2.38008463124993
3.74367230149118
4.09564370838675
4.35070189244684
6.24478493337063
3.55763007499129
2.40608091321076
3.34415733649729
2.70825429273088
6.63754939950901
3.15595757816495
3.66651271361018
2.55050816454757
2.22054552934115
4.50718857776245
1.97636462475226
1.51038220828486
4.0908611053648
1.20161107660137
2.46235407791891
2.8227609758882
1.23630459098006
2.63254677286834
0.88041173323705
3.06516083922853
2.41812829184211
3.48809479029561
4.78881220605944
3.82095807073952
3.17676142389918
4.91640274674364
4.79859474808987
4.53398398597905
3.7959610518664
4.92427227631016
5.86373171421975
4.87218131649939
5.4172072417936
4.73986520527061
2.87722569854154
2.21764265648148
9.39650975936032
5.89739527173702
1.86545911956822
5.28504064912325
4.39567915611064
5.11222232533619
4.64296405948861
4.35282720893903
2.42054840875585
4.70667601729801
2.28043382160821
3.14252836054467
2.69680685272528
4.96700722208322
1.39569526246777
1.73562001609102
3.37223765468632
3.28126347409786
2.65300765146734
2.92789735988264
4.94120430523082
3.84216461492742
4.25329836134312
2.77949841369706
3.11408641339347
6.73201311178191
2.33148377857504
6.66787557035787
3.62462042121662
3.63335253881015
3.29149831250235
3.36396181333568
3.40550734234151
1.95041077982068
5.37790824319906
4.72460779445052
3.18866991900148
4.28010267312399
5.78480428299022
3.5395377413619
4.73692636638747
3.98737222191234
1.95888089707771
3.18309638147288
4.90624963522836
2.28075751639146
2.48435469809563
2.78007992886633
4.60236497608004
2.31763472136087
4.46106291514179
4.14178795166283
4.37955935528146
3.3621532896362
4.59492858925749
4.94951499750801
4.19205000781222
6.2748470249139
5.53671439763811
6.98709043495799
3.03386777224346
4.88530975674459
6.23603648827294
4.41227107923513
2.68841462634373
3.16810603830521
4.32375050928947
1.95261136552886
4.32637977422516
3.10482004688234
4.30849848383551
4.40945907942682
8.69925058779707
2.21849068609443
7.88602001595121
5.59980417906529
4.05149074491196
4.73528125594611
4.42553640950422
5.52123227553886
2.69791246326432
1.82207914319727
6.0832836999104
2.67378146959228
4.31155629297073
2.89688604707291
5.03719899520512
7.65427125152152
1.66946053068963
4.28251560281248
1.41218871311053
3.54422208527264
4.95494633850844
4.56596730865882
1.20827811649891
5.30387208906855
5.16427406120577
3.56747093770605
1.98861029757438
2.66471668315681
5.86432117846687
5.09432133734458
4.09061556008856
2.95843413030497
4.66795295913469
2.3307822588214
2.37367421689192
3.19331754980741
2.75604771750554
5.72209657121161
2.59940603439373
3.0921824072906
1.75716039936514
5.2402207538301
5.19740486328346
7.36036600331975
3.53359021427171
3.48177130060581
2.00623834382272
6.25407025540105
5.48807725871097
4.88211611021507
2.65685180487144
3.73293600502609
3.86439922861641
3.8605557016054
3.42326675596667
3.75426940027452
3.0504829445542
5.3578141740363
6.35383383877642
4.63683803287564
3.66953568372933
2.34354100809632
4.52306839717659
2.87304822907572
8.06698517788901
4.5970165067009
4.56050228003986
2.46485167378278
2.31084561583408
1.65426287020249
2.90135890416972
1.34677691056882
4.84574754794033
2.71464910278777
4.37815326292819
4.2315593498694
2.90608035390759
4.58013973797876
5.49023071687919
9.06409606970657
7.97895549726118
2.01519653172018
2.13481583746525
3.5246789146117
3.32755254309238
2.54719444178753
3.08467014805761
3.95398780510745
2.79471819763072
3.11675601255085
8.19735732257147
1.88838713097734
4.41294059155649
2.82403027844477
2.45412238405152
4.83347822168709
3.05350586854314
3.11882039033823
5.86317888041899
2.76429255754648
4.63949092503942
4.65078853636166
2.49090031135537
4.59355321390174
2.77357263917058
2.45732985528848
3.30248818349394
3.59778493427936
3.40645242732514
3.88423619559281
2.26698669693538
6.86418060372401
7.40325668377139
2.32910594619314
2.8813550370929
3.53780443417477
3.63034346912916
6.18164535942365
2.98547930309184
3.07421892543004
1.71314189968341
4.28407882424125
2.16791008827855
2.96329518584635
2.29550238821616
0.447405465405969
0.447405465405969
2.7652726751116
1.33715176198734
3.71815107545904
3.01710805087122
4.32320087930853
1.84321562536302
4.84421958782122
2.75424639994561
3.02403220594827
1.8897266346362
4.5410307806468
3.81517732050156
6.50873117825251
4.62409732761273
6.89924734415889
3.44785779676154
2.7535910721897
6.61920771390479
1.08367004100127
5.54462902402434
3.55750438255513
4.15655612455068
4.50531975178611
3.95775720316813
6.7236626234134
4.77294954249535
2.8523950981663
4.67830037765712
5.75757866664531
3.43146957747617
6.02734469004502
1.46171792612077
3.23921152307965
4.12989495024585
7.38029157009487
2.88241398820278
4.56228699597832
5.09593735185779
6.71363904574344
5.51261580317994
2.89498453506092
4.84870515245866
5.66364429767779
7.10166319350189
10.2217945415509
7.44044597013749
7.05020284740387
10.7804692558663
5.46304825401022
6.93468035296905
3.60549056200774
7.07513024789507
4.00840541932635
2.65827935197192
4.37213034812955
4.84383709387303
5.54609748301253
5.46704804774368
5.82608705058242
2.98637028958926
4.63823610901575
2.83711844677653
1.98172739941967
2.83603518750889
3.32976854375696
1.37608732780076
8.53912347742027
4.02184279173798
5.33618222395329
2.7710150696069
3.20540636342621
2.50291647245278
3.81765818328117
1.83307282627256
3.12168990303811
5.95166439712827
5.79006258137778
1.9336723952444
5.38829472114399
4.84912550877138
2.51003657526822
2.91350848052301
2.94404908285884
6.73809453916098
4.02129173792196
3.54580185529371
2.39304448661825
4.00129747777135
5.4188146159008
1.99250632191785
2.58962103125403
3.99143946008201
3.03575087506107
3.96186775610032
4.67229021561656
1.9596540117496
3.69339543911528
3.39850169546307
3.99358898914061
3.78336013927967
4.03817617053641
3.81459341556274
3.40992813660903
4.31608362390552
4.06936902109211
2.78414877090627
3.48647844472573
6.36317941681792
5.16382587497694
4.84062327517799
7.49825572840675
3.82244505515494
2.5602133895905
2.99399435686532
3.91551969120992
2.66028930549536
5.58575257570778
4.82243903584266
3.85849628775299
8.7735492199857
6.00739081040288
5.50112711441702
4.54906046447805
2.35346996287737
4.47023632149085
5.62047416687786
3.21210108990814
4.14048140073479
3.65642045894295
7.41990633636304
3.54622137376929
2.69111648530095
6.77733413380051
3.99157502535585
7.17380673843815
5.90932259387692
3.62020849863139
5.32894905281931
7.23220599046043
3.18357724591485
8.17708384068054
4.26046650091308
2.73164526447125
2.29859531366075
3.32173555871524
6.53720551800749
4.62559911249181
2.87334764876867
5.48076079365482
1.48702498635977
3.54718302323051
2.77294256253357
3.59274534032608
3.0943831600533
4.37319716100961
5.38244529201691
6.73447225243849
3.16450123823458
1.74125761363678
6.86762265498948
4.63098270897782
6.29077877362087
1.82559036720256
3.61395293734167
6.03691309535896
6.44346339723584
6.85859998532441
3.73249150840794
3.57639319174224
4.20727711993341
3.23119253449098
4.52324508907268
2.86271548828804
3.89251366899885
4.34802016727031
6.71577703357927
4.59758841795999
1.58773330275205
6.08145011115177
4.71232284538122
2.30933026294509
1.32575047570603
3.54551003722211
2.49267034391039
7.17305090656118
3.28874358944828
6.62384875667506
7.71923224430285
4.10997152474843
3.9203011446541
7.52814872719775
3.18082299926125
4.28042436337481
5.80030630264029
2.26142859909256
1.48384728020126
3.02481368591065
3.60555360646782
4.55650113230257
4.29389715556131
3.8671556343821
4.13495180830006
3.23659620550774
1.8751306189775
2.8779059193728
2.96022939229047
2.3872037962716
3.98502226793113
3.46538514267838
7.10887429920675
2.98288883172245
3.53859256042055
3.12770042078802
3.2226671276425
3.07127939235466
5.36466655362492
4.46102937303796
4.02797941097865
4.57808379709859
7.51075792068158
1.34044868939991
6.10099699978604
3.01869401170397
2.70081113494969
1.57914641946577
2.82751068046273
3.92028213905626
4.58815258627142
6.02756279750149
5.76273957213139
2.850650117511
3.61387854217284
3.43294163066888
6.10061517269039
3.6844272936449
2.42382449941631
3.12750360002059
4.0188175377532
4.41879876044342
6.13308521997024
1.95852637486282
2.82827217150734
3.47857310790051
3.49617825215764
2.57546395421942
5.44530921029066
2.24219918693594
5.10337093842852
5.42870088662124
4.5151707821199
2.4870519000717
2.49372067112467
2.30348237246862
6.80823689586542
6.24816886612337
6.97657111778167
5.44698071541133
1.61937358217106
6.20875294461584
3.52679845870261
2.86470670583601
4.01239982034951
5.03227041170898
4.12984055281455
3.13797739802994
7.75679369199428
4.77257756903961
1.79781937761247
1.80531684439247
3.35521388303143
6.89141118753847
5.07331116047484
2.84728598629271
3.59792070377968
3.17567136585734
5.02907703198205
3.0079769066118
2.97345431506126
1.84725621519045
4.07393182515612
3.86606674101297
3.24860992383014
2.64188270800372
6.05421880575658
5.39115300195871
1.49807969412803
3.04626281885731
5.11971162166736
5.30857965025106
3.69549392122011
4.14902313707653
5.09823965256338
3.18067060165676
3.20373595103453
4.07777387318245
4.95066125483027
4.67335220894962
2.94115236271738
5.791354502582
3.80729150195006
2.73447050475637
3.6753184281287
6.28210194862313
3.3679105737037
3.37086341312702
3.94511803032067
1.7554394079711
4.24009863594481
2.74520014193411
3.94087046473782
4.51116604256258
2.93262830330802
2.49378606658341
1.24442487718925
3.05990953052654
10.5388436864999
4.35098165737799
2.24438585980806
6.25160905843333
4.9559127405895
5.80904476514246
6.43324428726797
9.25615311576259
6.0683037362892
5.9444604288715
3.90897226233679
1.56262088139746
4.95150327845856
6.75398177054007
4.78768528152114
5.24455370478234
5.62481042064404
1.57427449792894
3.59454439280398
1.96141136713235
4.56476552996729
2.48160987387995
5.15175522633339
6.15238415428926
9.22657167187669
4.78069430457169
3.94751404076742
5.03515912412557
1.71560168745374
2.93883393790769
6.31675895209234
3.82344280336324
2.87510319174222
4.3072703536396
4.04481462552855
2.24520650296467
3.45645407964856
2.5397104274972
5.20264141308259
4.31440148299327
3.98940421967969
3.89822566316749
2.91395766232556
4.63710692642447
4.11344238410342
6.31726240988922
5.87868853903864
10.4239346195144
4.69943237492091
7.06765919509606
3.23730846019747
3.18648719194407
3.76122577445113
3.2862082788509
2.80624351716972
7.60240884716044
3.19355497203385
3.95801056016474
4.86778364496919
4.23968738790594
1.33093733744766
3.11333170624752
2.72649117439413
6.88486358949176
4.54168773567465
1.88124383267548
2.36080907993435
1.51144023063351
1.24639921724615
1.08805688833897
1.3048465191753
3.05906989317531
3.24392300855272
3.75828638816568
3.49308872182464
4.5836216345663
4.35979693298338
5.90932666192948
3.72459788987814
6.20123490919857
5.26374521816687
5.6140258773003
4.32013353728408
2.54399578552873
4.6793115510935
4.24933078863085
1.12959784110146
1.55584590883358
2.83073453350595
4.45201348749647
4.58991684619284
5.98747894333273
5.41492922627262
4.309406636644
2.6248138658451
6.01108330033256
2.23612367547611
2.76542552890349
4.21446571070084
5.21401435030128
3.21518366733353
4.32230447993547
2.92740506862405
2.25488697506404
3.21451734449585
4.10318768009487
2.45337044353723
4.01327937381029
5.90739951995117
2.31716647250347
3.56749041938015
7.05438283782103
5.39209723734769
3.96159994072357
7.67546980981144
2.54180811910985
4.54005905031946
4.38644696570242
3.65514240368033
2.02173241989326
5.47175130289166
1.36719441380503
2.37678233962114
4.71695980073614
4.5939887062412
0.447405465405969
3.56302421164382
3.38987727207167
3.34068952825267
3.64000385782836
3.80539310159443
0.177462287962359
0.300811335031507
1.5797399818931
3.94330908687292
3.00069523684709
3.29765596640634
2.33982013592814
5.99305771267798
3.48511333688802
4.0023738325545
4.85712192261285
2.94806948593429
5.19384259437351
3.31798891923755
2.68539072701501
1.82687440607911
4.16783858888707
2.65676498264426
3.67865729327166
2.69472718877461
6.74719777154761
2.07165454182654
8.19149712298696
4.38532484086143
4.37290155967928
5.26888038494443
3.65151765015018
4.58987491116847
3.07206498513864
3.4047428184104
3.12880935953667
7.32287679125407
4.18214797383663
7.04340410379907
1.53190107210679
4.0107326933677
5.83790371962372
9.33425544352378
4.58984932040131
1.64051799426874
2.24974854266427
7.57850952799146
2.70357422019572
3.59238131234699
6.87178949398557
10.225228556913
5.28832808280041
5.33251872391586
1.82386942521816
2.55744124052085
4.90025367765681
3.79341108503553
3.09343730626334
4.8381132137902
1.36642962236627
7.60761457005986
7.4230316515968
6.64734282869919
2.86043012382804
9.51095104056709
4.57385391330387
3.66995926767461
4.2689582227502
2.53481026054684
2.3912674220417
5.96673371939461
5.20557888399586
7.27885290679631
4.9406565388367
1.89254599748095
5.52848170418139
3.60669619916715
4.47842154493443
6.60697356765854
4.22105255302078
2.63702010511888
5.08837750910427
2.4212050413681
4.82717110185879
4.57927960990001
4.49656818727223
1.23360187996481
2.31334142273935
3.58155941581282
3.46848266513838
4.49392950092972
4.38503036554538
7.46549684624576
4.15668016332815
2.47874820882636
4.3459963619213
5.02504548582696
4.45544532353153
3.75227812262088
4.62251354468463
3.1692820643679
4.32042422258314
5.19703955841022
2.74480718697037
2.54740642025657
3.49734799688033
4.019722999707
4.9365950487539
2.75965033251739
4.71394526570803
2.0883615485301
2.95138417471027
2.66583768752144
4.648152964401
5.41505399679196
1.80708142839199
4.46296453381467
5.46726247727832
5.3130073726008
3.97938666538498
3.12386040679954
5.03842848692257
5.62246316695641
3.65328311071553
5.09107668303773
4.24877352007002
5.43264538019424
2.19394039606371
2.39529751241872
2.01460813252838
3.9407108725069
4.10361210260846
3.5814144886587
2.9309075730934
3.88227138562343
1.9441563169833
2.55214929150999
9.02787624445875
4.89410629603168
9.23750889492009
4.01505572730689
4.18972656882902
3.84027270144683
3.60708159416785
1.79203335402876
6.43579393304594
4.78577714931381
4.20154181698233
5.10854922874061
3.55436589549774
2.90203328449637
4.282499499098
4.22288415589056
4.90846883349119
3.43453262507242
5.11236087463826
2.69533939543238
1.43766330653525
2.06877566362643
2.92700278451765
4.708927716195
3.08819108192858
2.13020192003078
4.98180267709635
3.34063765638817
7.38561656082967
8.91771282313749
5.05774890024986
3.22869462203905
3.68072862309648
6.7418146253572
3.06775729107536
6.10562075483569
4.36816528121193
2.20846819200738
1.92241064446935
4.77049236200098
6.23395452532609
8.01867205174298
6.57838490846785
9.49266510336064
6.9151740517509
4.31774519685572
2.98057737557617
2.1100157808367
3.32987523922467
5.98356986594969
7.68312931644726
2.10245805335351
5.02680218486959
2.65614649861542
3.89876867521208
4.09789850169776
4.18966212971042
2.93969402828743
2.76468298928622
1.97070742664606
4.96931475603741
5.962412400052
7.61040283775221
3.93703641862166
2.94015839731699
4.53465224740286
4.0728384022225
5.11428348731589
3.47153495325307
7.36236978690389
5.34335657552806
3.89967834345143
2.6177484861668
4.37227916741669
6.49055874520354
3.74075093329535
5.49816279560857
5.14702091052168
7.21985530325674
3.55620858229138
2.66909123193998
4.07708142355819
4.59479118398199
2.56646036390133
1.85253837526987
2.65956616773986
3.00732859014023
0.447405465405969
6.05642044495642
4.43363934009462
3.71345565276571
1.49889874246956
2.51425712626297
3.16498474085711
4.44622174395055
3.74095077135232
4.68066383910616
3.40613596640882
3.11921513459947
4.71975512216033
3.72014785773916
2.84545141551926
4.01130336993509
5.10309853654153
4.13265209373594
3.25661390160795
3.85238333841386
3.34645361120832
3.34714786448634
1.9255331471964
9.91512985040626
1.43948062169676
6.20783944881186
2.72535142917411
1.96996118686503
5.3811087893686
5.64371948922552
2.88652318445209
4.67456053454239
5.2290305289603
2.28444490672146
3.40006524601759
4.8101023368055
2.94567787280622
2.6353391075263
5.7963678150932
2.94048759115659
2.76157770468606
3.72193604786998
6.1038707316383
5.28694043084101
2.01906666968624
4.41345858711904
4.53045769752774
5.31354502584529
2.99237701416286
1.32770184713012
3.38166697517456
5.40617211657945
9.15148690517224
5.63637942308546
1.58546720962815
2.69625764644955
3.37035059738926
6.67168594968077
1.88001418238653
4.20342772142584
6.81922761043672
2.22582282340427
10.2692085145281
6.10458489499057
6.05063585507695
2.5577884679108
5.67708564170999
3.66041079757399
2.66263081371017
4.63128620689616
3.40056254635519
4.61590458708417
2.47076349663439
3.53619070214841
2.89106094885521
3.69837008707225
4.82933154112417
2.26216705834159
4.67713205332507
4.13183337218126
2.74708853514284
4.01140749958667
2.10936568116237
1.45148366487315
2.44912044133471
2.47547481934189
3.10665053730763
3.39163308067409
5.05103609000912
6.16184013353655
5.33689581261796
3.49392295327357
3.62335010474506
4.2399121681594
5.46145565232571
2.47037742776713
2.42706586822777
4.73430947082095
3.17557676555757
3.20950953598434
3.99367153223674
5.53675404833055
3.24653180012927
4.60341027381327
4.1440679876671
4.5700511630957
3.1465570236319
3.03060872413383
5.74032894154547
2.74515423862239
6.43279630709055
2.47714267458929
4.47705892421031
5.25411769121536
3.30800562961448
3.01209890514903
3.81013614332173
4.60350204519761
2.83159633661067
2.66467780377511
7.48608412683432
6.11188689891864
4.04665847303355
3.72751130016567
4.32800436426529
1.79459364440107
4.49136431748334
5.57660402293075
3.74354049105357
3.12382845937214
10.7189442093285
5.58307677828453
2.87546347048391
1.87957983681952
3.58414005911066
2.16120043856782
1.92613847741002
2.10993261230995
1.85661358841171
3.39389684994881
5.89043741991237
4.18220814729473
5.1075519148669
1.54974056001661
2.86217340884795
4.60525342368713
4.37807727721143
3.35772709320464
3.18662924301573
3.99662717990677
5.61469471254915
3.42711065686471
2.00680497001392
2.67330367039771
4.33415062581294
3.90429740209096
4.05358364474929
2.3484074617838
2.97126259268834
3.44434757259141
2.95327395082288
6.36675373055824
6.35095968337742
4.08690987838738
4.54304350621581
0.475713650813249
2.55032522246733
7.0229238786166
4.66924934803818
4.81060208985327
3.05987565172705
1.10741192054845
3.65855798287686
5.20070519665898
2.82905023051919
5.81934410547009
4.26575334835563
4.2513769265779
5.74665422629813
3.2336395031288
3.5744614789955
3.0597143980147
2.32653238248832
3.72330046483064
4.2927500430202
3.10301385731616
1.60964955301807
3.80421575180881
2.85302539400934
4.73988557142288
3.2024391795625
4.94553131348133
3.04588107714916
4.68633341200137
4.49794528631381
3.09932863994542
4.99189324077871
3.62066159596754
3.40925037714701
5.79529704936662
3.83737462345779
1.89259426582449
4.9993360330979
3.38560130052258
4.75365577741317
1.69356162566691
7.3052910846721
3.31104357514347
0.648681443556751
7.38250842833316
4.11353638627631
2.52263833804899
4.18845238473237
4.425665335269
5.48666626613455
4.5921792196679
1.41150270731794
4.39722534509528
2.88609907721309
5.34771546708572
4.18246133092713
3.04579707204935
6.83722203255053
2.78417247278426
6.40347015043734
1.45600862197964
2.72304778738437
2.42358144926722
5.08508129759628
1.80201861619466
1.91837156820489
6.96523289304718
6.91722521232658
0.00316402987268325
5.17892859006615
2.73093566148806
5.22000102537177
5.54847630705166
11.2072853840429
5.98091925204734
3.16467914190188
5.28279645733278
1.20136528236893
4.88524409656283
4.88915808184962
3.23666100218433
5.07791874420082
2.30504189988334
6.54997480973006
4.13779227534838
4.78868225812448
3.76934210968102
3.10753586952909
5.05135839017704
5.99970880566826
3.53821358979937
3.37374617775121
4.18982353441838
7.00778287044234
7.2716758064598
8.50144592807929
4.48293468580563
4.24626564373596
1.17141462633249
2.16140754291409
6.00226467710897
7.05412655988953
1.77849299092202
3.00417734031012
2.67327464397935
2.87974693255126
4.43872903299342
3.35347213457622
3.91607907818396
4.94397534518962
1.57471007858259
2.39812531478432
5.78541369111849
0.00316402987268325
0.704405587577329
0.372812199571173
3.36217443278654
1.94194042447593
6.34291853350633
3.35134343747464
6.56189813729076
2.35987134671663
3.01502553987619
9.88549392700902
2.8055742133746
7.60442203916861
2.97936691111182
2.69314550547027
2.7110965100276
2.85025691177212
2.7020042495199
2.73234502631757
5.73525676433109
4.72347154440465
5.35139277786272
4.85958335736298
1.54234845052041
4.2310815649547
4.17577858396225
3.25694077699121
1.37591051621028
3.62171108190483
5.29016320810324
3.2237966363349
2.53473234412412
5.3294112772057
4.81206386932493
5.32080372604721
8.07061386549626
1.04554250628804
5.70899055929214
2.87293984177904
4.5845824397619
2.70941778923819
5.75338899305662
5.58036632010052
1.3654039390522
3.80837579368479
1.11965646657884
0.841720229470548
4.26738062818083
4.19870457553259
4.20053970815123
1.52941966777216
2.52943634573169
3.59427499484051
3.99499060114544
5.79778297440251
4.90220435460905
2.86838653395317
4.98458021032394
0.63813407601632
0.723483972757118
1.90152183918135
0.945149759373647
0.946182843322709
1.18022442075496
5.09854926183429
1.93781217016749
5.5011775212525
3.11579542220446
2.99954868016951
3.29772651366222
5.19621868033097
2.19626394717273
4.89895662123999
4.27524507559309
5.61964997535365
3.91817848679554
3.34768508149283
1.65093226288532
1.09719064269052
7.05782707643278
3.5228945558094
3.22947820151063
6.7878839634496
3.59620936975508
3.57096613255188
6.92654919883177
4.51272980127284
3.24253978961131
4.00725225508389
3.77324810519255
2.67923239849277
2.2814055131733
2.53226960175803
4.60518907174134
3.59179806139949
4.362503212342
4.75678056937209
1.82311815466329
4.88675902804132
6.70145632601859
3.22768950533026
2.56395873437525
5.15838011735237
3.51892595919153
5.25680847512445
3.87782435436231
6.9179171107641
6.71328594168055
8.37844335270497
3.51511558484459
1.58013892809846
2.23986104751791
7.77929995033043
2.98851465193938
5.11723249791946
2.83330463642845
3.84019837551245
3.07598079670809
3.87844140977329
1.51821188390072
3.76184998977921
5.50861949662233
4.63597177149244
0.00316402987268325
3.88139570352315
3.75526244889094
4.58141155966928
4.16027309479926
3.6993773497087
4.60873503790949
3.91550331749227
3.83749860316208
3.02362183253752
4.21724230064125
7.28792108815051
1.01879712068921
7.0726390383074
9.88773805758559
3.6285463817739
8.08918555659489
3.10867156725073
2.93105372450527
3.44241631281461
2.67141952149572
2.25855730294684
3.20700726617387
7.407583797789
4.33097904344765
7.25879704264005
4.07770446288514
3.68517125638435
4.6057754574082
4.83228179335797
2.09008827876653
3.03991213039949
5.03313832920581
2.79147214848434
3.60790570948709
3.7001656706494
6.48455578392961
3.4347074799433
4.92950893757198
2.32357161592342
1.69984067281748
5.71035993661545
2.51457887546779
4.54007597563043
3.67685381551495
4.23404112357598
7.36679904245465
1.4307542844128
2.73237097238008
2.09657497040405
4.28462359117699
3.92500104959612
3.8112381641864
4.2089626681344
5.17867048024603
5.4953649533544
2.60623401281839
4.8489003900706
4.93517555212506
10.3924709933021
4.02224883476848
2.82974643851792
2.59669020357181
3.23286819956467
4.28989195521559
3.77911963808876
9.14710982952593
5.89504879442239
6.73457080517479
4.8100902025376
4.28859235922467
2.63395907873252
4.10880924069238
6.06588019182973
4.51744417894145
8.53322483628843
4.3533565180956
6.84097855806452
8.41771958787688
3.11799065572433
2.84701281905668
2.89230179293832
3.0111829583371
2.79009068188198
5.09122240706839
4.54001914301405
2.4617497272426
5.30656233557755
5.44170447097724
4.64643986490631
1.87087444101939
1.67985258566197
5.22685581601845
1.30075650896436
5.23794181170728
5.34757274761602
5.22451923386575
4.13254220033237
2.70397106379041
3.27594004878705
6.79083316946102
1.04579092835117
5.40777028806307
2.77052685476322
3.4828758217674
3.05108872379693
2.34347476287903
1.73312347541767
5.31992102921945
3.28087868355857
0.918348825886952
6.79824827154992
7.10939564731529
4.54841560130392
3.68817185853213
2.99282650702929
5.19693155446362
4.06589018851598
1.86348561281926
3.97254856237253
6.6396248757101
4.46312705190374
4.83505527276886
3.0557751992601
9.16190533127206
3.06431535063952
4.82937250772711
1.66686055079235
2.09476399203092
4.836085139207
2.96759786793987
1.49559086605852
7.54196944360568
4.55176056342606
0.754738251713532
4.17181867262971
1.63035575278908
2.99230777945478
2.78511082016649
5.86650940575706
3.56751261888575
5.09590824948867
4.83594381104962
1.12801070522551
2.34215294553417
2.67186799959541
5.76801531264594
2.03262172426336
3.88522311080178
1.63444515143949
3.89154141918746
4.46863674979908
2.61407227892106
7.27687424731163
7.35317386223254
5.32423270117382
3.20989886020045
2.0724676970976
6.44268661014693
5.12002967197922
4.50785019296734
2.61795413241897
3.79338153036721
5.05559933704122
2.44494389371075
4.18140328033363
5.52299005373992
3.36102633726043
3.24423558361721
1.77790045458344
1.36071542995007
3.13004315290722
8.90389294218066
4.11261512488196
2.55320942916839
2.74341203216015
0.00316402987268325
5.85056997861767
1.82722478617299
2.72833575139378
3.00414335150377
3.12548423131599
5.83884809957103
3.37596876415489
2.43872728994943
4.38312218806238
3.78179834660607
3.92083413288735
3.18755015445744
4.20858566127708
3.62216144479688
4.55938456656739
3.76925402009405
3.21562383719807
2.11329532264041
5.97851115782415
3.59958830419982
3.37104124535593
3.00678141589809
1.13976865347537
5.64605426986835
5.4717422697909
3.15686112918195
3.44464640764985
4.38063034059965
3.88773069347243
4.58433335528926
3.82443179948155
4.04879279929113
4.31336248120319
3.21276500030177
2.73444866096318
2.99983193680662
3.86058350204937
3.06273824953583
3.3225791386255
0.546294674449226
6.54111360639468
4.75619613730991
4.57103281647292
3.85288459593318
0.529049090425906
3.55027186152997
2.25379748557329
4.89639156482929
8.82922291523075
2.57620878174852
2.34578848767146
7.75782897183596
5.03087877813251
4.17255551853411
7.96401230237082
3.66452818330383
6.14099421091372
4.09933195650341
5.04553351881483
3.64208884391386
5.26212844618624
5.81471888713816
5.11333357675292
5.62300272075911
2.07942482161428
3.03088844071196
7.54853159518269
5.25189835110932
3.29261580492708
2.76546607398154
6.56858158728662
4.67880169394971
3.16765245275743
1.73680434636935
2.00743876902071
4.71768536905727
2.4509031182607
2.57993492047139
3.22163720678919
4.442437963559
3.85837894594463
3.66381767089218
2.84987331743702
2.96011305408672
1.0356209231344
2.49792633995454
8.93513868203298
6.31168632861241
5.77303743999057
10.0789308533425
2.79566591098245
3.08759036898552
3.4219140417772
2.69964684274996
3.05785856714275
1.70627043280596
0.885262026443351
2.23202812014736
5.04281218763596
5.9986079743715
2.87169229167993
3.9044035675369
3.1446194006962
3.38733730331993
2.05204072593266
5.05529341170845
4.69331049839565
4.66185912948461
2.53653574758495
5.07392580697735
4.50762997304059
4.26593749065698
2.57203496380839
7.32912023629158
5.05481007318027
4.17087022774116
2.81631623982427
3.1479113884188
3.60448904132488
2.93242753291549
3.34829118797078
4.52623414286048
2.77709816382064
8.35665920868363
1.8334644804792
0.65120166559919
0.681356708637462
0.45064962637685
1.42309288587798
7.34545175626153
4.56063365859927
2.36759469130457
2.72174879831182
4.61952235693719
4.25410799755442
1.5102973218735
0.447405465405969
4.41611197211623
6.06798703684409
7.01570032361651
8.10651017473964
7.98368943793738
3.63236014452845
4.55383286044463
3.71917389203263
2.7787565360651
4.39063695322375
3.83183742346913
5.73398914441811
7.07707153443568
4.51339932331499
4.65637123892741
3.65920593699634
3.41469110205992
2.71897220118517
0.612243706111826
0.00316402987268325
0.415181027812286
0.558543923067703
4.01091642207556
2.8425684424845
0.346109730252377
0.311837677930058
0.397729718569178
2.01380513606134
0.548531450862677
1.27566520816004
1.17726634356897
1.63053099553882
2.39962310513424
3.31261106207032
2.26376732542307
1.47451016652657
5.0322461152281
4.16536640843676
4.87982634039268
2.37209429179306
7.2353534896493
9.49411476805722
7.56621945879568
3.51086097463419
3.7131169531015
1.8785967704767
1.53656672087512
0.504905405249496
0.434239663818016
0.960110474992766
0.382944673624067
1.28089577578982
2.36454539881291
1.14808909999322
4.20728052257655
2.41671735134056
3.39646533778496
2.42894350569543
3.61986639118896
3.2705787439919
2.04354354693001
5.53094114803848
5.79083319055192
6.25181168692933
4.90829641246272
5.95837274970855
4.25589602029246
3.38202469988138
3.16553374565083
3.60962526872472
8.13806504732595
8.49324052949498
6.9476118484999
4.40393511751101
3.49868357970837
5.80670265203514
5.44037212716755
2.19885219106234
1.15031647888997
3.46008408649832
5.17324507000166
4.88540035789906
1.20307857154185
3.57395792518749
5.77070317928793
5.07981970714897
3.06922600042646
4.01443552267713
6.85360878473469
3.44176818411619
4.07077674188439
3.11025677088553
3.73218903723807
2.09448552924939
4.06994052232631
5.69437043021424
5.14531457004195
8.74160006994821
3.87357523396914
0.857626759197176
6.77034360979577
6.16405477203504
5.39759104231962
2.01839520480932
6.09356025621944
2.49932816870364
5.89534140135101
4.24983360987351
2.57484876704974
6.27467857952314
2.29166740574612
2.91446789839368
5.14315663259387
4.35647199613933
5.90446012920912
4.49407921135801
0.457028683683707
3.94220077519879
4.17185194124714
1.73903145586956
3.14947507626862
2.66920471895249
6.40705518131894
4.12524852337561
4.94124206579714
3.46911771712865
8.58116199151234
3.20462672002014
2.2994863571331
1.76507841109331
3.35372757524079
5.17280055780483
2.71377507040542
5.880210268111
3.81045830649968
6.73187114403526
2.75755501881012
7.08061827258296
7.8969751279982
6.69985776275138
9.99719796951167
2.55001481674684
3.64362735086171
3.85298775245967
5.57716291700672
4.10447974539049
2.15158210322185
4.10291204309359
4.17093473384046
4.22186544340647
2.11757390954313
4.133690842875
2.38265986230356
3.78593799265412
4.95042218994276
9.23434746277207
2.75241970974473
6.47248102974256
2.18885813976278
3.83063859167286
3.90643520562166
5.54237552690451
2.85187158199479
7.60464751274024
2.24110580007003
2.60102613256371
2.64117283612048
3.52371645433851
1.44451649809797
4.15639549075553
6.01765097199212
3.1504351376718
4.42685583830622
5.79948163698256
4.09183867027964
2.87997252090211
3.80880884757073
2.79590505099138
4.95526789591485
3.60523555973716
3.24665629709816
4.13018577122079
3.8971872790869
2.62719043434391
5.30273927270769
2.66703211251746
2.81072441535713
1.99637290896898
6.40989197092562
1.38490630914255
3.83792254371752
3.16836674872876
1.18910023064533
0.695525568263628
2.61648705523449
8.32126929729463
4.00268104550371
5.2989417185911
2.6839012022433
8.73299390538731
2.65416407666797
3.79236169415843
3.3882975359179
5.66159902094646
4.95181059943739
8.80507245314484
4.18800168117393
4.34164732134361
2.80498614714781
3.05929063140179
3.8036636232915
2.45064002261652
2.20840317106586
3.08853733180914
3.63294845507345
4.44638660318429
1.78285156826959
1.8557669453647
1.92851588993128
3.90809981673786
2.88319932854562
5.35429545397572
4.18361466486331
5.60132620796882
2.50261767704533
3.98238709545675
2.35569262889524
2.24548877020547
4.8968805553567
4.99657468195943
7.38163394095971
5.54264898698143
3.90916859763878
6.05854170168231
4.51515532649593
3.55354818997465
3.93217872949274
3.60413512073618
2.2769559323449
3.46084345015734
3.25817711687484
1.60579273119015
3.00228886968659
7.32583703497191
3.60101838039833
4.31037142447537
4.07004280433533
5.77380798970102
4.56648025155024
3.04574776357983
8.49931205096687
1.62128790143283
4.19048965043275
3.34858057942389
4.22326668421042
4.89144528802586
2.70162383500329
3.76431316255607
4.03878116347309
3.22495293638105
5.3377225039593
5.93044726870216
3.45371211047783
2.78145558069763
3.47110009408012
3.57903999824647
2.46598707069514
2.91758985929833
2.91703554647407
3.02824341775858
1.85791481258697
3.40674269396886
2.6061132032189
6.26316991467434
3.83834811242101
3.86934801140557
1.6972006611134
2.84168390557158
4.37430281823125
3.20108244092883
5.96360487314466
2.68572174732159
1.48954886959651
4.39623677346224
3.51354069005917
5.57416936315394
5.78307960434532
3.62898179739553
1.81278371919506
5.75846044203219
2.49487878538629
2.81388899471792
2.2796846275139
4.64828387774774
4.42835809359058
5.2438686584418
5.50276224630235
2.83476296952714
3.54261326923357
3.0626397027289
4.03791561702059
2.87320775518829
5.50691082174663
6.38468700246744
5.72933765846186
3.52481851572883
3.96307327401485
5.96686562113904
0.818561785534259
4.73119302207601
4.67474175975183
2.10543423502333
1.52048291136088
3.18969095100318
3.14750859021353
4.51061861651663
5.09227117824578
4.38867098967794
2.85632018870045
4.82102549247216
4.46764656285165
4.70702462561047
7.18946553158222
4.42364998410812
3.98385078499956
3.3747579092136
2.34623091484668
5.88011482969858
2.04657323362301
6.32583241334137
1.72519502126269
3.84979493012156
3.48725570392421
7.44129016906157
2.78294035081673
4.76077338926921
7.0097884112028
1.41652392864666
2.19671468692779
3.43302399695146
2.64660985110865
4.13189219202253
3.65403213702316
1.48776973870023
4.38701657917616
3.22271002899824
2.73777362969114
5.12882382916727
3.23303314781629
5.11727677055422
3.1850461376459
4.23540197749864
1.62782337948514
2.8831921928989
2.6007252568767
5.33494691872791
6.57679584825109
6.17692682912171
4.38200121118656
5.22191250463385
4.48778215570094
2.89849871215289
2.30069511807548
3.91872315654063
3.37613507741158
3.32608169871979
4.52061885234357
6.86544201241862
5.51622362597247
5.85243178287511
4.41909679926898
4.98913287268891
1.94338509933357
5.0628598149684
3.67366418082328
1.87830517973289
3.24146432902803
2.08898811144932
4.23227278160575
5.71825802719268
2.50815537052391
3.26720494721633
2.66206349938148
4.00993459896007
3.76008479155507
3.10113296144289
3.71116887076643
3.29453836776185
6.72730011319419
3.742657214005
2.26944178131516
2.31337555824295
2.601962879183
4.47741313912192
3.51073510096192
3.57720783339023
3.51347011463801
1.63136217758496
2.59556231504771
5.33430184464456
2.90292565496472
1.95506144522836
3.41949159009026
3.20522708557553
2.78284154785127
3.27438240447242
2.59644174670947
4.06348638141532
3.4692296229486
4.7006236656515
1.53809090803981
4.44340633098249
3.93150000834152
3.51008876881448
3.09313613001472
2.39278692497224
2.42119071694291
2.23129184062915
3.50976323111012
2.23869567240051
2.91770942647165
2.15040744682491
4.32980115656949
6.27929161069524
2.50630782494673
5.00130856233956
4.44309412174928
8.17069543702178
4.34442205188502
6.0457975328561
4.12613141854921
2.56863807493663
4.68664168372989
2.68346595064504
5.32318853236277
3.75338315399805
5.50268114596847
5.6742866757667
2.44528403197054
1.62267748564357
4.55268996092414
5.06276180476769
1.17398277564556
1.35150407368255
4.27525295542125
4.01483945734443
3.36177731217808
6.88069873227051
2.52555532376611
3.12842858308318
4.36776763801143
2.50125524444665
4.02401235334846
3.53943932385971
8.0221681453936
3.49205569594284
4.68657985196824
7.11938214433999
4.12419031895541
3.09804375063065
2.69018541543144
3.54206551056656
3.15179911555535
2.69762521486129
8.85338532520137
2.73141321542578
3.02495132403334
3.90896394434724
5.53549045006633
8.77667352841711
7.64497602331459
4.76229674570767
2.18068397947245
3.30892904286297
4.80135359648524
5.69590718960809
4.57357527865857
4.67470711967028
8.47074513000216
2.97974279581102
9.70860250251669
0.00316402987268325
0.00316402987268325
0.864686725479295
3.34090895906579
5.01978550787727
4.38143843012171
3.39725076195393
3.09847759639486
1.76266193202241
6.21668327433627
5.91441084298328
4.94618354645888
3.92835129667017
4.31940805707287
4.69195866436735
5.46658878241164
3.76635295100318
1.14541129765855
1.03172308000481
4.05287998974355
2.21714221713108
4.93554311629571
4.17056218419902
1.81142339845634
3.25879443410359
1.35206552182362
4.30423930601627
3.86476117313247
4.07052495924842
2.10873306803124
4.31186119638436
2.26639228878774
5.02628262217093
0.447405465405969
5.38376462564107
3.00084370140614
4.79101174240801
3.54753904026371
7.7462085384812
8.36527944420973
2.42691032417559
4.64561722568911
5.55669711944833
2.19269126955168
6.3231656695826
3.50251474703082
5.57555595099657
1.35477337701211
1.95659725458055
2.1390205130047
4.30591650847779
4.79867491674964
5.26482146099671
3.37228040645463
4.33198788930159
3.31440038527066
6.96308940620803
7.59708769241827
3.69232744735851
4.21492002563848
6.01420822121777
6.9517598542749
3.14347925157571
3.00676777894837
5.96510431406022
6.05455151433983
2.57949947046739
3.41465987771948
6.4721931804556
5.45473718333716
4.24985475063853
2.08969049867814
2.92280297303711
3.38036206096062
6.36816475747259
1.91940174699274
4.01059167757266
3.01955871623399
4.19746023482052
5.54304985436312
6.94311579696374
3.57889798242496
2.67309136631773
5.01111203649377
8.93114892741869
5.22540498418663
2.44152401929006
4.35739234490079
4.63052894377264
2.77561939019496
4.1937719746706
2.55358316602115
6.13175165775503
3.2171070824175
2.68369906935701
6.33788856896315
6.10322904295038
1.15696779645229
3.57770308112687
5.03961509212786
2.79154000979537
4.22033879528851
1.81109977913704
4.04045657268704
5.01631907824042
4.27510839188111
3.8799323960895
5.94664964449402
2.66254413971224
4.90854933262229
3.65154250341744
4.62614301572579
3.7631136391409
3.67389583765645
3.66140012437477
3.69757304060914
3.8884914073653
0.715170065957361
0.647146167721428
2.5792452760745
1.99186969543042
5.83999884669286
1.79395005439038
2.76365566544582
1.87136013901305
4.87550812669414
2.23184715731073
3.17834046954738
6.258710853112
2.58379508261856
3.41833418614213
4.2737950881396
3.87825098936833
3.08945039440065
2.05395334675622
4.98396861550998
6.13688863073505
4.07116463933738
3.91468135653567
5.06776835982652
5.58135076954658
4.91391804443575
6.62684944230578
3.52501319900419
4.32749943431842
6.56742446871891
3.60360598945332
4.32928550375819
4.58218828857715
2.25495720229984
5.36130386219327
5.87767389693102
5.97167059324257
2.9387132190067
6.51080555387867
1.88721849047928
2.02495944031534
4.66440733315639
1.12956838153794
3.29992919674589
6.49510937470505
7.45487468651262
2.92298376541975
3.00911810518498
0.00316402987268325
0.68041306836866
0.717758181961471
0.14694718158567
6.93474924056094
8.49522942348235
2.24990211487489
1.71151610395854
3.15899083508752
4.21036666068647
2.75205631023434
6.59979932853793
4.18367244485391
3.1569982007713
8.2352638399729
5.0383615437398
3.52472182600485
4.63184091516039
3.23017124167694
3.84251757729559
2.40400529676205
3.4175974043518
6.75208708718732
3.11702363398048
4.09898542934568
6.46247460251494
1.66392129220988
2.43109240021067
3.29433517630018
4.93666879489354
5.56727569972484
4.8380826029165
1.3015265155897
6.69633791635421
5.05690468746129
2.18727233829508
5.51274962461631
4.54173586164104
2.01978986444517
3.16957554021839
1.97924663776109
1.75204160538259
4.9322676060625
3.63566978895266
3.68174822477542
3.40269560149629
6.90811855845821
7.23904098727086
2.56766614821883
1.68901120999683
4.02691050969136
2.30641525918226
6.35407427606127
7.31655219957528
6.57045203087065
6.1261281196262
4.36468463408386
3.35785232550908
3.44434209932653
3.81444815130395
5.07132784758987
4.57818049360833
5.04533899121515
2.47867631148334
4.7833995311037
5.34192474151146
4.06427965148455
4.31675522119598
1.68802507744424
3.28644258257841
3.17286578002332
2.54539423526427
3.64751107867247
4.56603354244835
2.72888784545397
2.68877373456343
2.49983543930483
6.79147558728552
2.55153011614892
4.00894395236874
4.61596714771059
3.86804618392225
3.36818413711955
3.71600638143822
2.22926806536738
2.03110149954351
3.82879786836113
4.62032147337358
4.0946482571038
3.14230197222528
4.36680029731071
4.1150474709626
3.32874996135255
1.54728013581197
4.5910989072708
4.28589653932049
3.41437477494453
4.16880747263679
6.17526016142358
4.33566389024628
4.17034964838446
1.56536027339297
5.91971269381869
4.03185143956199
4.92401228903122
1.9872293868651
1.20602532443622
1.28047970387931
5.30257915009018
3.33775973837439
2.92135664456376
2.20886438830271
5.37304549712601
6.41681101869995
3.08925829175213
2.77764710487766
5.61799893103803
2.58532770705755
1.94254053374011
4.27209680845504
6.98229325441418
3.32288694686732
5.96359681332294
5.59553284842335
6.25400513326511
2.45288342945459
2.25679966302265
6.52706662977175
2.9730323895383
3.56257060148414
8.04167453828346
3.13023676946757
2.27864178363031
1.74267428423751
3.91486669409036
2.55892881180733
5.25077155251673
7.65105815039136
8.78510188727616
4.29850268102979
6.49597797687008
2.45320062380015
5.32679519034441
3.86589845526352
5.28635816018959
4.56502181511376
3.40847632225528
4.68728866530178
1.35562010167738
2.93564223870214
6.23603227070203
2.56603163134246
4.40720319063643
3.61704732831756
8.2082560895291
2.10822882639985
4.33398523642275
6.12994618088963
6.29298526315699
3.42099475421012
4.02756883131613
1.37220768855072
3.54170537858199
3.32363835126323
2.92334782263926
5.74774781213669
3.97713197626851
1.83592324629039
2.80991975424601
3.49744974447394
4.80808502729566
4.21988214332955
3.38348274530279
3.19962069683959
3.72099024260974
3.14815663388473
3.51272286335216
5.0583922446821
2.35443728333474
4.59957203201073
3.418276010704
4.42936340607805
6.41076806958396
3.82649582491075
4.63995219235945
2.05638516722504
3.9776573956198
3.98587301907899
4.80833735935607
2.28049236144856
6.99370099756146
4.35167378604989
2.13611138888204
4.23652579427908
1.62451976316918
2.89456235589571
5.12954335711226
4.73972469574998
3.9758093900933
2.67060790369145
7.65430983610847
2.57002386585369
8.35880964816459
2.28882647568678
5.02134657836425
3.54321290517382
5.12272426760833
4.31161365889762
7.39565413515952
3.0871458479534
4.17931342220069
2.55426283024335
1.72221536172585
4.30922184557962
4.21798333732039
2.58377573987635
4.92938310825993
3.84808291918278
4.06379685373494
4.98181678817152
3.79405211903
2.45944766280007
4.16334172869584
1.93339365334081
3.70607807252815
4.76618262395406
2.35187390053069
2.98331009450484
1.51347592538813
2.80245765962012
4.20795111859946
4.05610335607378
8.02290374605023
4.27691653070672
3.49724444846024
5.07963134418934
4.64153614231016
3.76501545061843
6.51631567378591
6.28308410256464
5.71934630102576
5.71117086341425
3.68797194678505
3.61116788912754
6.63363483775717
3.97634005590783
2.29354795160104
5.44615600454022
1.44631640496745
2.74717122515785
3.43569061111155
2.88656820036693
3.71337562785997
5.61782736286106
6.8295987977247
4.02727682313764
3.41745819612362
2.77565729056135
2.76764207331312
3.84784861995689
1.1189435672226
3.18646306810449
4.97043765960725
4.51567511870458
4.05238284027289
3.50481413014554
3.16142512188199
3.48835940863288
4.50523183847504
2.07404393471072
7.24757192157211
5.00737360858148
4.57734353424771
2.65699401719811
5.16039886370869
4.34330062404918
4.45223336429872
2.30625191559905
5.00851033757255
4.928808803986
2.25457618207981
1.56807962149292
2.86154148379506
2.09916080434653
2.73240704030324
4.72358057348913
2.15757410620597
6.7664029119143
3.41926244213026
4.63886576702529
4.81674536040781
3.8150284706472
8.85825690369893
8.26926661046273
3.09017975502172
5.80642033564466
6.40889161968511
6.84040102380155
2.10032056908158
7.89255507807034
3.89880458978873
3.17014631932159
5.40535325781804
5.68792764000341
6.39896646740039
3.69592774552369
3.10270318063323
1.04015690304073
3.10003914704563
6.37795198299039
4.10407953427033
2.95727451898422
3.10007004398698
4.07705289606389
6.29611031953359
5.89398930748722
5.36649331553387
4.69788687715943
1.71638279398507
4.50027125852904
3.24804084192456
3.85064225225646
6.75612202667634
2.75095467208625
2.80218450914932
4.46639642656615
2.5558644765695
3.79094924172193
4.39256675425689
3.93289006674286
2.19189830606357
6.34856894748855
5.40050692787885
3.28825130100507
5.41754035913935
3.57370560765779
4.39939153738839
5.80068729713001
3.82925074454288
2.59321497311796
4.23035697741122
8.46417763443125
2.50136895996836
3.54797498675876
3.6689354542242
5.93280360812249
4.08932319683641
2.05674109685419
5.12883979913172
5.46812534735514
5.40152996557265
7.76679043130047
2.24108179818179
4.40654292275402
2.58891601183885
7.04127902086468
4.97909638703115
4.55543583698453
4.6534892761203
1.68584960279352
1.89894255969937
2.49117151120781
3.13355367017276
2.25058563866392
2.18962057128963
3.14298806477947
10.4773299076566
0.897951950094487
4.35814946174343
5.17133072376554
3.16474196646848
2.7595261577153
5.24405420944942
4.59841978749937
7.59156630541874
3.5296902747836
3.79449227718535
5.94066136688998
4.13864955583342
4.55076040360449
3.52067316786878
2.6031979716926
3.29264748442613
1.33773985599265
1.3060560492504
2.4118903611517
4.77028895861157
5.32330899544845
3.86592619489935
3.66875200563433
3.39663949809219
5.08704759749329
5.93271420678153
7.09844126356159
9.50839200533779
7.89464753949153
4.82348639818735
6.89200620017462
2.55519755607231
2.08457345985841
4.20900115729108
3.04040370681468
1.49654815796941
4.48731217608428
8.35517014940059
8.1535218610857
3.52814106880243
4.0237702209424
1.48303090937294
8.94053083030885
2.17984500004131
3.99778458174496
2.72609006327472
2.94014620022357
3.79376844154976
8.86257017824096
6.36236868194448
3.72871109261317
2.00739301756632
4.05834468436782
2.10392386477681
0.670439935380415
2.3358011811529
3.3396291964126
3.04882121442044
4.61885597887022
4.41457271060759
4.80922816703659
2.80001937984609
2.61302130342625
3.21593599304832
4.21426836953977
2.88774592425574
6.28108977199552
3.25945701790743
2.63109303105289
2.269177062156
5.44147460912741
3.58095680752881
2.8949622645104
9.37504508906711
2.91474945741995
6.37649956060959
3.68103840075865
6.63611981341951
4.5834167222333
0.926559078761323
3.10082737720685
2.35563417596882
3.363975968443
4.57653853519664
2.61219322227586
5.32456479607805
5.65716415346699
1.87064208705015
3.78540967690723
2.53357309397143
5.50362981137125
2.77563831040551
3.52494840284648
3.49157428601121
5.29910113650582
4.68235587432334
2.45151545401076
5.81881895412524
4.13131848067628
3.95019739492743
2.60149996826343
4.27041412992697
2.44830140222605
0.447405465405969
2.3283645039828
1.81942296966882
2.75980230333315
4.7280498724257
6.55236224620638
5.33308787351576
3.69603081783742
5.53087503621498
3.22389132187501
4.1711390129187
3.92379294754862
5.54463790026552
4.15990791692827
3.17499549887946
3.19648337482442
6.57807877610084
2.60001431940755
4.31625781611121
3.15471791999053
4.3187812985976
3.94938956377275
6.52169599697543
2.96797465036573
3.22097443182001
3.95621101490739
5.16830851900054
6.8058886666815
5.7001974624124
4.14730618118709
2.6352596013734
3.38190735481992
3.1115552470961
5.19943818756798
6.70567679725486
3.69809347105746
4.98289871697656
2.02854280573602
3.0782294804783
1.89272904107176
4.69332956682714
0.831177207545353
6.46439660151338
1.91177259671391
6.31363729049819
8.51487526821461
2.61540299037847
4.49529332598166
3.13358612862064
3.30632523616856
1.75724064426388
2.75057580140148
5.48680961861218
4.01103589575373
3.88184481719941
1.14217474703837
5.39917119153942
3.68869737169092
5.40673796504685
4.09922630933847
1.80681321179785
4.55518669890131
5.42754995060548
7.23761242067168
3.49719656020185
3.88907680042048
5.77379877503579
3.73585187144954
3.79003797277762
3.47491765011652
5.46262978585049
5.36105598698386
2.97260787776626
2.3394949746421
5.57318565588331
6.14779714647531
5.84838141739355
4.85757601581074
7.09853438708812
2.03851882326423
3.73461533375097
5.30942712675846
4.40646070984263
4.0249882664758
2.26254076154557
7.77140438149658
6.44339717368356
6.08520420441449
3.7044288736101
7.38484043454344
6.06931750238345
3.7639710134572
5.74495061607896
3.61526642910368
3.08170423081527
8.83959335584208
2.18173591450398
4.20866172276868
1.91207545092901
4.23098600878539
2.22384222921485
2.38962656459564
5.39451556248909
5.13973410187283
3.71634879537046
3.96856286341372
0.743045690170733
1.68884176646842
5.37453913999037
3.63468986282063
2.60632355987324
4.25213872492057
9.02025374081023
4.04492363849702
2.09254467258848
9.85290031543235
5.690554448844
5.20150349700657
5.01011389480249
4.23346083117647
6.20376785222214
4.49431443816112
1.52834109174394
3.3046096660603
4.54722884536055
2.2574156193345
1.31302946964914
5.62997029189627
3.36139051415657
3.19910145645001
5.97215633947286
4.62674520178358
1.89208276021015
2.75861592669494
1.26470056307678
3.26048384444761
2.93210302509186
2.92680322067463
3.39000368516711
4.9185576964722
5.45027188325984
3.75153258746395
4.7386421599624
4.38193223791888
6.13113528224229
3.00731395052078
4.87116016494672
3.06377647556928
5.14528431844636
5.37350169343531
2.84622578232677
2.03171423648243
3.98992969348889
4.77003466149419
3.58104829134248
3.46630193910962
4.87868255415415
4.66983581817354
6.01190137091224
4.95068512581447
3.49123178017169
4.57141972499236
6.78131217727155
4.72103680454248
2.64879104692951
3.45975728130749
7.72165590687649
7.27928412448282
1.60535021963228
7.58565009816332
3.81829092989274
2.30367563267078
2.30837783908884
5.10131494808983
6.79609233150862
2.31474205347745
1.99102514199942
7.03549866814013
3.95659663782522
4.38229825505006
5.30302896540922
3.72373807204418
4.61486201172355
6.30507367072083
3.9757081265642
9.34198431611718
6.39644279341395
7.64031252255946
3.79874055724873
6.38498178785334
7.75703172818072
2.20646496185939
8.43310721602223
1.52410005323832
3.82538785652947
8.02205691668519
2.86201675259049
4.34914700213204
4.77291529873516
1.74699715007043
3.06649457293753
3.91891023238339
4.81697908192064
4.62358602522223
2.10809614819712
8.00289233151044
5.01341466778045
3.90227073192347
3.09272130741124
2.90064721878214
1.9126383480759
3.32313379356454
5.04827753328902
3.94612615943527
2.94386884278852
1.10649408710011
4.85139277434567
4.32729091176086
1.96780900194434
1.10073152193876
5.09117731048121
7.52978261738329
4.60168663095012
4.09890076517304
1.83688492614795
3.48143476329545
4.53590205787904
4.17781416478732
3.88941203137995
1.6137183334132
3.87716504492815
7.69800044173042
5.16912306504072
4.94927793388668
3.46239359116061
4.09400283386085
3.15976664634488
5.47857740586303
3.49980493746359
5.38294283562677
3.29591746552187
3.98274925349634
9.80808673327161
2.78970338883687
5.08290604288944
4.46295302845991
4.25125139865683
2.92066446030631
3.9752260487574
5.01876701034448
3.18259713031478
5.23382529706508
3.6413961513383
4.49900301680024
2.56471952227288
2.59255941766311
0.447405465405969
5.14361682904524
3.6932174133664
6.5183616304731
1.51654389376423
3.26021635758104
5.04531142967598
4.18055042732625
1.59348979720569
2.91973283779544
2.90283461707089
1.12955791661636
3.1322252077216
4.24126886695631
4.92287412941311
4.96979449214506
3.8057884826483
2.35177434761248
7.98106067371674
5.91728099256389
2.49495962964967
5.20365013840446
4.40109355696453
6.96259021469549
5.67833914831129
6.17395288011537
7.52305817362655
3.793869006936
3.90945941685425
10.4888983772538
2.78308985728355
4.04570463348609
0.563357321532062
4.89962043059079
4.56317149934023
2.44957500041769
3.17480521038318
5.05543110559452
4.17671762599526
3.36061000331189
4.41474833686916
4.44175068490548
3.37392469233686
8.07231058507519
5.98571643433335
4.16467470262935
5.05921099567512
4.23122829760851
3.72106694711983
4.46539248708581
7.09571362557954
3.65677267181881
1.56447653300843
3.04758093155412
2.28155796585201
3.34948158115869
4.58331870354569
5.48058379773439
6.54720004414691
6.81831011242686
3.43001279265024
2.08045732755475
2.41048402939672
3.01734774824013
4.7716181494304
4.6735295863594
6.30683055383645
3.83992552451498
3.54006581766627
4.70473303524929
5.00106831219356
5.28574929370694
2.26889987489006
2.504776605278
4.67555118816118
2.04154324716953
2.9358712756854
2.90795478058993
1.20511804708006
2.01429188601583
3.23111844228617
3.83543519211682
4.27881521203536
4.60109113511337
4.60960137021658
5.11818623498903
3.56825250960165
8.40702719720196
2.06727650400276
6.20739377515755
4.25048962128425
0.877544450196261
4.21257546533396
4.6806733263161
2.73232184823179
4.17207204195543
2.97759377291343
4.9368721995609
5.22164671256335
2.64028564932455
2.84999626791291
9.34564261529164
3.66613896211542
6.63123297591657
5.25735181671947
5.24793713372852
3.18796647606362
4.30901291422414
2.44290604674349
5.46882508407126
4.75853140097601
3.15805552114244
5.40899642735648
4.25486429328159
5.81234187874331
6.31422344572946
3.5669459371484
3.68488402516414
6.64060490393561
6.23774996253501
1.54504763739583
6.19665201191882
3.92671737055636
2.93010514479631
2.30468897846626
6.56671693472079
4.02857660272419
4.23206406096168
6.70159162851609
1.8014514818556
4.59609870641468
3.49973855547934
5.48145462235981
3.57958068955475
6.53140498535912
2.76771109862658
1.78505927684963
4.5374234350426
5.58862868961721
3.62410259693206
5.53175927578616
4.08505738369224
3.12316842168975
6.98122407064288
2.722168493267
5.33602458664412
5.21470771481984
2.82144967419899
7.73514350075371
2.6517092889404
5.81906712440608
5.1256975028255
3.80227549840531
2.68152296953352
1.41625197637363
2.79730217918026
2.69285623729465
5.40557910344631
1.93505995004893
5.26650478104778
4.12161475967813
3.51249686650661
1.97199611838239
3.93763820774176
2.33123840664723
4.2692406786048
1.97285066631611
2.14712808828159
5.30794049243248
6.84347372792685
4.05436495286481
4.00426562315504
2.75705495339689
3.28796972914007
4.57697637665072
2.3025866903549
8.62477672124967
1.3064701580321
1.77772399671206
3.96811579660903
4.5092592126443
2.39647297049962
4.76249552834728
4.41734038406106
5.45343889227627
1.9743241384862
8.62019143953822
4.58936984103704
2.96469246870882
3.63912417460288
4.25113850798789
4.95615995328755
2.40109498831116
5.09458303554688
4.19847649987988
6.66073430012667
6.23297921589722
3.18504354907766
2.72697127862378
3.88198180097754
2.76729651583965
5.98710601094553
4.22889841048232
4.34609693643222
1.27067877421844
4.46208662188693
2.27858689265429
6.16494397226931
6.87683223380037
4.13538919213562
2.60288051942726
2.45234137371343
5.16750069345166
5.37031801100088
3.46698811184605
2.50921549709498
5.26389757310184
7.13894644513401
5.93825858004382
1.97580271649348
6.40273350941474
1.24014508797829
4.7735181749997
3.38305828732923
1.78821693152271
3.09224100810719
4.62457309414372
2.12285698702694
3.73671715393271
3.63631734918243
3.52469898086007
4.11612813998055
2.62772351493634
2.45221929467289
2.06054710274696
4.19820044508643
4.50311147181483
4.13900891986921
2.90737506296485
3.53542771174782
3.94383351525336
2.995192565074
2.55431354815566
2.47837252629702
4.72626997170073
2.02171908743315
2.34086579438709
4.21036120161699
5.78269870421744
4.2977919268473
5.7113964454879
2.61991915547515
4.79902910933342
3.26112451603928
4.86732228484611
3.32470615934767
2.67867682916922
2.64144977146478
2.29994035501307
3.99487643858119
3.65345624467127
6.20329174203382
4.87000402276434
3.21906306483244
4.00456898621965
3.53402616045642
5.72151971091913
3.89762092381918
3.21350224210681
3.02702284049096
4.37135993838794
4.84260908559031
5.37139471190286
4.64265969026529
3.89282490228092
4.7633463200337
5.47409501331623
3.81915298265841
7.109695477856
3.39382365202438
1.26102616815489
3.11939425698026
5.74690980242969
6.15672080927131
3.63878400756562
3.53766915128018
4.06818915892285
3.26522212490063
4.12814690775988
3.51936308025782
3.04119117828977
7.42115912911795
1.63391052969059
3.60906795615957
3.12621517283879
3.65633221568498
3.13543286953141
2.70690834181972
3.16076905141664
4.94604989234912
2.141766100275
2.76151278896653
4.05417400133851
5.10272482721352
3.19307830553452
2.68485522229292
3.04102026241697
3.61211298893202
5.42969936947541
4.63752937074982
2.72256561807989
2.09241817765623
3.98962233743201
3.42558118746536
5.60647495756519
2.80872395722977
5.98886659878659
4.21608719244916
2.23083031041765
2.78086968326889
1.63653630395475
1.99482649789305
3.30067523345313
1.85057819326829
7.855004790292
1.70927924276191
5.30933086074138
3.9033441925527
2.25358615916317
4.7146771536241
7.38528712037897
2.05426999908779
5.53770421179807
6.5968262604763
4.89299535878172
3.95006717390637
1.9753514828343
3.10283318001266
2.81476866181408
4.79690337404788
3.56185432595653
5.65152590239428
3.15555247389702
3.75928630389685
3.21164480838948
4.46277177475999
4.20219751832295
2.78582970607507
4.82458497654072
4.52695002225594
4.30807395144644
1.79831201876523
3.82852131990376
1.88459011309427
4.450006256339
3.28174026580729
3.62464345784122
3.43637472852358
5.11242219790087
3.54748795761813
2.83752823289673
3.4829504852358
0.439082551871023
2.12743414580274
4.2797014840887
4.67030995495642
2.73871864861319
4.61054599569228
3.52721873453575
3.86174502669857
5.89647994949156
1.73523866809203
1.15739309296439
2.45899411506077
3.37048763365683
2.22801593495711
2.62273288271332
3.56237960506188
3.06304853730096
3.94658391393611
5.05583151903287
3.87633080329858
4.77626464610225
7.85192197189571
3.39703784044622
4.83500356812871
3.54856796695863
3.31781326944922
3.81857463294692
2.82812997487201
2.90932320736543
3.02227636224097
4.11653731640377
4.1981752691865
5.35487188546784
5.44526991489359
4.62626608582463
4.85848752850758
3.99269157746228
4.82226412456042
4.5423925781651
5.82917739959279
2.5460281771984
3.13302772671666
5.4333993366413
7.03918739874547
5.11470039326043
4.49492912547824
3.73518260260196
1.87486758330993
5.22188484478352
3.57323736066179
5.44614811459492
5.91501141495353
1.96604301572902
6.87975853954697
2.63839186940556
5.62631293585489
2.56342553700483
2.8582939094947
3.29185576918319
4.62732674863969
2.65754576037814
3.57475641788887
3.67452988533354
3.86067426707369
3.72785496673152
5.1414449774353
5.22656511269584
2.94251614260004
4.76442043237451
4.40629913463828
0.447405465405969
4.29937497273377
3.95079008915285
4.81954910459895
5.84502753349502
2.478309831403
5.66306430301462
3.65691709995198
6.46989816952127
1.9450100419152
2.85891230029468
6.90955192434397
4.03105197430912
6.26365821818915
2.27563151963748
6.51529442058292
2.14164001606807
3.46612035810819
4.80696264670325
5.29605300980064
5.38969224045428
3.65482583045848
3.89601893793906
1.4299509864418
3.50117040824314
3.78300801061142
3.66911452849187
4.82946263025246
1.40148987343545
4.88164050435723
5.31432532560817
3.47026966810421
4.9190466826806
4.8669870399006
5.66287323051019
3.97397064116444
1.89546330501105
9.94355231851658
5.424556396199
6.3693928016152
7.17120427637434
4.60697169144827
3.76619856588352
3.17161740914527
6.46320515677765
8.53653665747153
2.24122218533635
4.97437885393283
5.69846622255569
7.38952752264086
8.89376842581599
6.32589619767332
4.48808990485208
6.0575256649376
6.25215321859346
4.31968824769654
7.05483702348839
6.99248213816522
4.18861757003935
2.94041366232996
2.94449369299053
6.12325866059637
8.22311537321426
4.79387181540333
3.10766959659192
6.01045091833245
4.22162366272424
4.24998488922627
3.85788969025711
4.1234796785838
5.38737910597816
5.68658204647493
4.05841401504349
4.12400342603834
3.30044649013947
2.06054986124026
5.31999425832368
2.33494337803956
2.76706597181863
6.7109161272677
5.23277254604456
4.61693395651215
2.61188538971978
3.09753153887231
5.50139038815558
3.39713634078844
3.23657710336604
2.2807102430089
1.07100960162529
3.94328504813323
3.72344867114747
3.06257103870443
6.49656176622407
5.2841377312039
6.39879518533952
7.93497651521237
5.92949010502229
2.82687192708327
0.447405465405969
1.43879759588539
1.88616098222504
4.43848030687222
9.55185099375232
1.79821101013024
3.57927267054658
4.43824019258976
1.27465235997409
5.73499905918584
6.163904634518
4.33152844048785
5.564820801516
7.89337998557719
2.12867234556125
5.44577232073551
5.32021152139469
4.65312840413445
5.86887873432432
5.64663394552765
1.68871494497612
5.05179850549169
3.43483782976073
2.63577174532333
4.55027052202441
5.59237466716141
4.74159595195101
5.42488728808189
7.13021524337061
3.46057253696385
5.94809444007307
2.5584366452783
3.83902672863526
1.96451307090533
1.88223357044521
4.65232682152247
2.40226708114406
3.74577691945787
4.3306044312884
4.739009126223
3.97118278863707
5.77919720428678
4.56503910215152
3.85340344725155
7.85926421397737
1.3197640724772
4.17747697672903
5.94283468363377
7.30532070165804
10.7308102155285
4.16838162329923
4.70065079979967
7.82896682511564
4.92336311554907
3.03132551938998
5.76406434391603
2.0977084456867
2.02175243438646
4.68976447712313
2.73663249938754
5.30791763135245
2.68019975274498
2.64706658416073
3.58778941520818
2.15811831356889
4.52498627299924
4.53701614139699
2.08503847918671
3.7989390611601
3.29477877036178
5.26465015795041
3.71405150157607
4.94150114937579
1.78138464179101
3.94362240751903
3.93108405015788
4.12585950691756
2.04256068173151
5.64311733887689
1.42550191566187
2.94753307450942
3.68631712215027
3.02833913060416
5.07651552289049
3.03715457693348
3.84191890519169
3.8264312586004
5.61388171552735
1.82641824873957
2.63115499723514
1.69923312950742
4.10083827573069
3.44082887776335
4.86497737363468
3.18092285554655
2.32240613865786
5.09524006810837
2.300387092143
5.7256284958933
3.45408289259761
2.59072866983169
3.08182894787175
4.35503779365849
4.26461343717751
5.09201369722704
5.11040660148653
4.03387844129624
3.76333569362584
3.46850282757848
4.01819871360376
3.09111062355204
5.44605211235142
5.93377952591701
4.12163106132231
1.68874394763758
3.16422242739445
4.7522524201442
4.42492887439284
4.21215712253859
2.6497012864444
5.1931689026978
3.76369897807288
2.49638911337468
3.9818805957483
2.7463880213202
3.17408567154974
2.91779602550096
3.88593923202735
3.18818470146649
3.27228044676733
0.447405465405969
2.57386996225902
2.22265671166864
3.62287770558893
4.88677027556238
2.75375576229465
3.39772339668067
4.84379610553143
4.06822694622209
1.92415373187016
3.08950302813781
1.69184310304392
3.24557556946195
5.87100405680569
2.18133979032886
3.60297588307407
4.66451816281585
2.40153443709221
4.07553169379295
2.30210195141764
3.79741419237075
3.23441190146973
4.56704014313201
5.04870553470225
3.12185183156281
0.974740493621478
2.54235595201243
3.08592828684858
3.90167200062328
1.20971536671124
3.38092337164416
3.38570055465573
2.55597202688576
1.95114558023565
1.51620667019252
3.99543241574895
6.69688016159124
3.52057935215213
3.12296463079078
2.99032108751183
3.54046323556368
4.57210483067861
1.70885237805863
0.768031395188757
4.80584313133411
2.52866894943562
2.64752949999293
6.54925494783148
1.26561736539749
5.24983397078789
1.51947737308603
6.67002642357709
3.60508724321353
4.59386214009915
4.1293799351415
4.22767905319791
3.44442700225431
3.57118157326142
3.9166334587085
3.43855859920559
1.05224098737312
3.15969983047552
3.32636923348039
4.3029424382458
3.63146797102378
2.49193135178097
6.04829922541239
5.18994819753072
4.77549159268709
5.272666767933
4.81808502833746
3.89370446817236
3.4166154129737
4.37376907697499
3.11946366580646
2.27412923575682
4.58796065604102
3.33157702558275
4.83614320825824
5.38158224046292
2.558014016299
4.66602263413064
3.86642229277049
1.8460884876352
5.2416738465779
2.43045911001959
4.32834904180876
1.20964390884947
6.70817645484924
4.57831868837239
3.66899885701372
4.1398654254544
3.02115402046226
2.68973835594982
2.68068549165797
3.15479200811038
5.55223703347829
3.06268027034708
2.81165340128944
2.43214174420743
7.41067646269656
5.83341013466203
4.1101936723289
2.83082005593065
1.25555998509028
3.83344225916578
2.82929833079149
3.79607169911037
3.59379516781054
4.41872812530629
5.27979575472112
5.43570187228132
1.1248666722952
1.94016528054266
2.55283184349983
5.26292155566313
6.29744601663807
3.74126468395074
3.41031291369144
4.7522768266509
3.64499455888079
3.12603750300934
2.58038099708297
3.20509260099528
5.7079941660074
2.45570637758962
4.56882511585018
3.78014241972116
2.49642952940032
1.58423135002436
2.10732082458326
6.17964101557211
1.67620546326728
3.31557854319331
3.34938475444324
2.40061525781414
3.45265233729367
1.50226776590903
4.12279305302606
4.42257297010661
3.50514398292829
6.72967637940469
2.50483022865792
2.52195516465562
6.03396006420832
3.43076415458206
6.10331136207215
2.88896649713188
4.40023939436645
2.84173203060499
4.33341314094622
6.15956518793296
5.34240249472909
2.32493409998969
3.60446771851993
3.41097079564269
5.89488946605866
1.24606598433383
2.89842694292028
3.03027193148713
2.88145770722518
3.04246259975101
2.57257095466871
3.38970807378148
2.45020974756807
1.84692138645563
3.53029382454866
3.54902213354436
0.735801261834861
1.93238809998828
4.35212424528534
1.29725403862632
3.90523051555157
4.67443417503352
2.01567207367761
4.3314198073927
5.58923536299666
3.1026563136446
3.92819118612636
2.86308667518474
5.35400802614152
4.93673069211652
4.69537473885228
5.04390268128589
4.99248999146941
2.82862930676176
1.70393055163256
5.5042093945775
4.04782009048317
4.5810458930916
2.11966722430058
1.66541287522589
6.94277550491443
4.30663222392323
3.17435383767944
5.36363358319989
7.7839689769747
2.81713775345253
3.80967502986153
2.36266055213498
3.55145268953989
5.93163997194078
5.87164810599016
2.692072570734
3.22074069395821
2.73548759103994
7.49925680982835
4.32452075279425
9.57399462725261
7.23047480951559
1.49865845049138
1.24721478852729
7.96175507853366
1.18801640038652
3.42422672452144
3.17853225830472
5.38345275790744
3.65891945653683
1.16569336543567
5.11687120463478
6.20555708448302
3.48031056957096
2.71404247032261
1.30419922762031
1.86517313244158
1.09893002391695
3.69618280614007
3.85964981194326
2.81526780152479
4.58072946448091
3.80320290880917
2.16803039980199
1.47061207953255
2.33001264650619
6.01707901109266
3.25050151833438
5.96216845941534
3.52130614036722
5.00938396569736
1.82501331475501
1.65863078778522
1.93893212127968
2.95862725461694
2.11672704446025
2.28455882710653
4.14621123500417
3.95229006518947
2.60864487150749
3.02192782621567
5.42348068779179
4.53260507504426
5.45773858298632
4.07325317406034
2.3568894136554
3.53887964311025
